178.079
122.234
120.257
120.987
121.263
121.474
121.69
122.224
122.063
122.12
122.287
122.196
122.308
122.407
122.416
122.272
122.388
122.497
122.412
122.568
122.425
122.289
122.397
122.342
122.29
122.586
122.713
122.461
122.663
122.528
122.241
122.304
122.41
122.317
122.397
122.335
122.434
122.443
122.489
122.452
122.372
122.437
122.328
122.208
122.033
122.16
122.492
122.093
122.111
121.947
121.972
121.909
121.85
121.774
121.754
121.924
121.943
122.208
122.037
122.187
121.962
121.825
121.798
122.017
122.165
121.743
121.68
121.738
121.57
121.68
121.674
121.616
121.494
121.642
121.88
121.915
121.602
121.667
121.727
121.57
121.548
121.7
121.575
121.57
121.574
121.414
121.688
121.535
121.441
121.556
121.578
121.785
121.795
121.492
121.465
121.503
121.492
121.619
121.568
121.438
121.33
121.251
121.457
121.355
121.322
121.333
121.282
121.309
121.361
121.227
121.09
121.439
121.194
121.512
121.556
121.101
121.209
121.228
121.042
121.267
121.489
121.123
121.194
121.124
121.406
121.112
121.531
121.148
121.443
121.247
121.137
121.101
121.34
121.382
121.249
121.132
121.305
121.237
120.842
120.993
121.237
121.249
121.027
120.986
121.177
121.052
120.968
120.899
120.801
120.853
120.608
120.693
120.736
120.789
120.819
120.844
120.856
120.561
120.74
120.777
120.629
120.846
120.773
120.538
120.667
120.462
120.639
120.844
120.447
120.447
120.461
120.474
120.56
120.485
120.256
120.549
120.604
120.363
120.634
120.702
120.421
120.182
120.265
120.192
120.377
120.558
120.483
120.533
120.505
120.516
120.461
120.223
120.164
120.405
120.344
120.35
120.275
120.17
119.859
119.89
119.7
119.785
120.08
119.991
119.926
119.776
119.737
119.893
119.845
119.861
119.834
119.8
119.79
119.682
119.592
119.682
119.512
119.334
119.35
119.581
119.656
119.682
119.785
119.632
119.704
119.676
119.62
119.38
119.733
119.635
119.465
119.942
119.61
119.678
119.726
119.551
119.756
119.63
119.287
119.442
119.461
119.257
119.259
119.39
119.444
119.678
119.392
119.451
119.308
119.388
119.383
119.484
119.692
119.152
119.127
119.315
119.299
119.648
119.324
119.287
119.536
119.321
119.419
119.156
119.242
119.067
119.379
119.271
119.107
119.038
119.331
119.013
119.071
119.164
119.33
119.212
119.465
119.119
119.145
119.18
119.117
119.196
119.131
119.181
118.989
119.165
119.174
118.954
119.063
119.049
119.166
119.196
119.162
119.248
119.093
119.171
119.162
119.218
119.248
119.191
119.252
119.363
119.111
119.229
119.032
119.026
118.975
119.077
119.01
118.983
119.182
119.127
119.221
119.324
119.331
119.175
119.049
119.273
119.201
119.116
118.994
119.089
119.12
119.046
119.173
119.173
119.289
118.909
118.963
119.03
119.147
118.926
119.151
119.026
118.982
118.916
118.836
119.192
119.114
118.988
118.991
119.072
119.177
118.857
119.174
118.959
119.026
118.907
118.819
119.007
118.828
118.874
118.954
118.873
118.848
118.821
118.98
119.027
118.794
118.894
118.832
118.858
118.791
118.738
118.869
118.822
118.712
118.59
118.543
118.797
118.842
118.792
118.713
118.591
118.542
118.736
118.782
118.774
118.778
118.853
118.575
118.554
118.674
118.712
118.437
118.401
118.693
118.655
118.669
118.707
118.455
118.48
118.345
118.432
118.362
118.561
118.749
118.693
118.697
118.523
118.512
118.746
118.604
118.652
118.638
118.682
118.56
118.533
118.703
118.702
118.591
118.708
118.422
118.324
118.462
118.603
118.491
118.466
118.535
118.445
118.42
118.398
118.442
118.483
118.287
118.336
118.424
118.397
118.484
118.573
118.448
118.543
118.528
118.524
118.526
118.571
118.519
118.455
118.41
118.708
118.756
118.533
118.352
118.529
118.604
118.678
118.448
118.49
118.56
118.373
118.334
118.271
118.435
118.427
118.422
118.521
118.678
118.493
118.463
118.595
118.573
118.472
118.49
118.432
118.577
118.227
118.285
118.451
118.65
118.688
118.706
118.575
118.645
118.627
118.482
118.44
118.363
118.701
118.604
118.452
118.657
118.724
118.64
118.652
118.613
118.566
118.583
118.361
118.377
118.396
118.47
118.571
118.602
118.456
118.259
118.192
118.502
118.575
118.428
118.48
118.47
118.517
118.422
118.632
118.676
118.644
118.564
118.427
118.339
118.232
118.359
118.323
118.356
118.39
118.35
118.366
118.334
118.384
118.347
118.516
118.152
118.337
118.274
118.338
118.362
118.37
118.243
118.275
118.351
118.377
118.346
118.303
118.396
118.457
118.417
118.323
118.243
118.261
118.305
118.325
118.386
118.526
118.42
118.366
118.206
118.128
118.197
118.094
118.192
117.997
118.16
118.249
118.276
118.201
118.213
118.246
118.354
118.275
118.199
118.302
118.22
118.312
118.025
118.156
117.995
118.099
118.106
118.12
117.909
118.112
118.097
118.23
118.09
118.168
118.101
118.156
118.055
117.946
117.903
118.064
118.269
118.123
117.996
118.205
117.879
117.883
117.984
117.905
118.125
117.764
117.921
118.122
118.164
118.111
117.917
118
117.936
117.981
117.76
117.758
117.989
117.898
117.905
117.993
117.8
117.925
117.767
117.869
117.937
117.889
117.726
118.044
117.951
117.959
117.808
117.798
117.662
117.747
117.739
117.815
117.855
118.028
117.861
117.826
117.686
117.467
117.627
117.766
117.677
117.979
117.646
117.603
117.817
117.893
117.633
117.641
117.807
117.662
117.81
117.819
117.703
117.736
117.671
117.802
117.526
117.633
117.736
117.725
117.772
117.673
117.698
117.49
117.657
117.844
117.679
117.593
117.655
117.715
117.551
117.543
117.727
117.418
117.319
117.66
117.689
117.388
117.454
117.416
117.657
117.596
117.576
117.455
117.48
117.416
117.432
117.403
117.463
117.489
117.328
117.42
117.349
117.523
117.594
117.527
117.462
117.46
117.502
117.524
117.403
117.614
117.599
117.391
117.532
117.5
117.33
117.509
117.42
117.364
117.425
117.347
117.184
117.318
117.275
117.362
117.579
117.324
117.323
117.343
117.226
117.288
117.305
117.349
117.2
117.302
117.406
117.212
117.104
117.353
117.315
117.328
117.118
117.491
117.318
117.41
117.397
117.224
117.171
117.348
117.203
117.279
117.357
117.119
117.066
117.05
117.102
117.33
117.009
117.02
117.35
117.114
116.957
117.131
117.049
116.963
116.996
117.142
117.239
117.184
117.137
117.158
117.19
116.871
116.998
117.342
116.995
117.139
117.136
117.077
117.149
117.083
116.971
116.932
117.024
117.152
117.114
117.017
116.974
116.953
116.959
116.979
116.935
116.983
116.996
116.927
117.058
116.935
117.177
116.913
117.013
117.243
116.946
116.921
116.937
116.881
116.998
116.778
116.895
117.14
116.999
117.006
116.985
117.067
117.176
116.919
116.902
116.852
116.829
116.684
116.874
116.846
116.746
116.814
116.856
116.934
116.718
117.024
116.999
117.01
116.991
116.702
116.834
116.759
116.918
117.014
117.009
116.873
116.764
116.774
116.863
116.911
116.672
116.796
116.778
116.607
116.68
116.639
116.628
116.542
116.655
116.531
116.629
116.861
116.863
116.657
116.591
116.719
116.522
116.615
116.66
116.741
116.71
116.615
116.584
116.63
116.436
116.655
116.599
116.746
116.651
116.607
116.601
116.646
116.743
116.775
116.737
116.657
116.541
116.644
116.554
116.5
116.494
116.544
116.51
116.369
116.626
116.436
116.368
116.447
116.33
116.458
116.719
116.501
116.528
116.348
116.505
116.505
116.702
116.628
116.443
116.482
116.624
116.442
116.464
116.225
116.334
116.405
116.367
116.382
116.499
116.489
116.457
116.237
116.318
116.486
116.564
116.457
116.457
116.495
116.308
116.398
116.332
116.277
116.294
116.241
116.225
116.23
116.384
116.3
116.225
116.225
116.197
116.141
116.191
116.223
116.198
116.217
116.286
116.234
116.396
116.147
116.145
116.141
116.321
116.228
116.409
116.231
116.207
115.975
116.117
116.27
116.159
116.25
116.111
116.031
116.03
116.168
116.186
116.254
116.26
116.229
116.119
116.177
116.168
116.194
116.208
116.197
116.233
116.218
116.232
116.176
116.069
116.229
116.22
116.178
116.167
116.211
116.152
116.069
115.951
116.153
116.264
115.986
116.088
116.15
116.118
116.086
116.135
116.237
116.09
116.18
115.964
116.202
116.139
115.931
116.148
116.236
116.012
116.062
116.176
116.035
115.872
116.153
116.183
115.967
116.076
115.917
115.965
116.476
116.022
115.93
116.097
116.056
116.027
115.968
115.993
115.937
116.134
116.118
116.064
115.897
115.851
115.932
116.038
115.996
115.895
115.885
116.048
115.793
115.794
116.011
115.936
115.694
116.128
115.747
115.646
115.746
115.991
115.869
115.809
115.682
115.898
115.816
115.692
115.716
115.776
115.793
115.786
115.797
115.72
115.954
115.724
115.739
115.738
115.576
115.7
115.638
115.699
115.589
115.683
115.606
115.837
115.872
115.756
115.659
115.616
115.596
115.653
115.734
115.607
115.691
115.562
115.434
115.577
115.715
115.793
115.717
115.579
115.555
115.594
115.497
115.622
115.604
115.415
115.516
115.489
115.598
115.606
115.716
115.732
115.981
115.566
115.532
115.615
115.497
115.58
115.549
115.689
115.733
115.5
115.708
115.484
115.434
115.631
115.765
115.595
115.537
115.567
115.473
115.484
115.505
115.705
115.589
115.569
115.404
115.495
115.44
115.463
115.461
115.572
115.497
115.562
115.486
115.556
115.377
115.353
115.4
115.366
115.589
115.59
115.64
115.608
115.482
115.445
115.497
115.688
115.636
115.515
115.588
115.497
115.373
115.479
115.478
115.46
115.483
115.482
115.328
115.386
115.465
115.379
115.363
115.358
115.337
115.36
115.367
115.371
115.27
115.3
115.324
115.384
115.382
115.19
115.256
115.207
115.291
115.319
115.211
115.408
115.171
115.261
115.28
115.26
115.438
115.352
115.299
115.213
115.203
115.362
115.317
115.242
115.371
115.074
115.099
115.2
115.151
115.288
115.205
115.301
115.228
115.078
115.258
115.249
115.251
115.245
115.237
115.247
115.2
115.151
115.105
115.193
115.132
115.277
115.157
115.054
115.101
115.153
115.224
115.206
115.226
115.084
115.109
115.192
115.191
115.298
115.175
115.225
115.073
115.126
115.044
115.109
115.165
115.202
115.079
115.03
115.098
115.13
115.019
115.127
115.173
115.233
115.238
115.04
115.108
115.029
114.98
115.037
115.12
115.182
115.116
115.078
115.123
115.101
115.108
115.07
114.825
114.775
114.897
114.916
115.056
114.888
115.013
114.992
114.891
115.032
115.119
115.136
115.037
114.926
114.924
114.859
115.007
115.026
114.876
114.872
114.771
114.97
114.78
114.824
114.892
114.856
114.971
114.983
115
114.937
114.91
114.956
115.024
114.968
114.902
114.839
114.827
114.815
114.895
114.891
114.825
114.811
114.805
114.837
114.965
114.786
114.677
114.698
114.737
114.755
114.69
114.69
114.708
114.757
114.891
114.828
114.792
114.67
114.854
114.882
114.7
114.883
114.872
114.911
114.751
114.742
114.758
114.784
114.923
114.787
114.706
114.724
114.681
114.683
114.729
114.819
114.765
114.77
114.749
114.74
114.648
114.672
114.88
114.712
114.839
114.746
114.767
114.717
114.655
114.44
114.546
114.642
114.741
114.789
114.923
114.66
114.666
114.686
114.682
114.668
114.625
114.726
114.64
114.698
114.666
114.586
114.714
114.625
114.773
114.859
114.628
114.626
114.594
114.51
114.51
114.43
114.701
114.674
114.493
114.546
114.525
114.699
114.726
114.496
114.446
114.481
114.456
114.567
114.48
114.685
114.615
114.645
114.522
114.45
114.567
114.591
114.448
114.348
114.492
114.594
114.628
114.475
114.542
114.434
114.565
114.345
114.507
114.45
114.406
114.447
114.404
114.509
114.529
114.438
114.57
114.546
114.438
114.46
114.457
114.558
114.493
114.423
114.628
114.362
114.437
114.488
114.546
114.531
114.432
114.422
114.383
114.355
114.252
114.453
114.429
114.402
114.429
114.376
114.308
114.339
114.357
114.308
114.378
114.357
114.337
114.456
114.363
114.289
114.253
114.38
114.452
114.259
114.356
114.359
114.269
114.232
114.295
114.287
114.358
114.174
114.306
114.339
114.441
114.345
114.229
114.291
114.234
114.051
114.297
114.192
114.187
114.331
114.104
114.184
114.21
114.207
114.197
114.168
114.211
114.18
113.973
114.121
114.142
114.21
114.187
114.059
114.071
114.086
114.168
114.287
114.131
114.117
114.179
114.309
114.3
114.138
114.157
114.198
114.336
114.154
114.093
114.039
114.038
114.062
114.065
114.021
114.172
114.111
114.151
114.223
114.116
114.041
114.071
114.155
114.283
114.077
114.248
114.078
114.166
114.05
114.208
114.006
114.053
114.045
113.871
114.005
114.059
114.144
114.152
114.005
114.01
114.035
114.001
114.001
114.038
113.944
114.033
114.059
114.112
113.993
114.218
114.137
114.145
114.128
114.111
114.064
114.035
114.079
114.091
114.191
114.002
113.963
114.058
114.217
114.063
114.082
114.091
114.086
114.161
113.972
114.155
114.058
113.906
113.808
113.908
113.945
113.928
113.907
113.935
113.894
114.021
113.957
113.87
114.126
113.803
113.863
113.767
113.926
113.828
113.986
113.903
113.936
113.947
113.953
113.919
113.961
113.937
113.984
113.96
113.998
113.919
114.037
114.006
114.058
113.913
113.817
113.763
113.79
113.899
113.778
113.81
113.84
113.826
113.825
113.734
113.994
113.858
113.826
113.889
113.787
113.824
113.875
113.861
113.829
113.847
113.761
113.88
113.843
113.731
113.629
113.879
113.9
113.798
113.743
113.784
113.57
113.656
113.755
113.577
113.749
113.636
113.637
113.658
113.716
113.693
113.636
113.627
113.672
113.663
113.721
113.59
113.72
113.71
113.789
113.779
113.782
113.639
113.785
113.774
113.613
113.687
113.716
113.778
113.77
113.585
113.648
113.689
113.655
113.629
113.641
113.42
113.518
113.698
113.587
113.669
113.678
113.799
113.598
113.631
113.629
113.589
113.623
113.653
113.519
113.643
113.567
113.683
113.504
113.582
113.571
113.735
113.642
113.672
113.637
113.596
113.625
113.701
113.551
113.445
113.493
113.521
113.589
113.679
113.572
113.565
113.578
113.559
113.66
113.683
113.748
113.711
113.744
113.628
113.527
113.751
113.511
113.631
113.46
113.587
113.559
113.5
113.559
113.463
113.557
113.459
113.377
113.447
113.565
113.589
113.64
113.731
113.487
113.538
113.465
113.492
113.458
113.658
113.595
113.523
113.374
113.482
113.522
113.362
113.54
113.608
113.386
113.34
113.461
113.481
113.469
113.526
113.466
113.305
113.349
113.439
113.386
113.425
113.496
113.434
113.416
113.437
113.487
113.419
113.241
113.363
113.32
113.32
113.283
113.337
113.356
113.301
113.399
113.455
113.533
113.441
113.382
113.347
113.432
113.409
113.507
113.482
113.546
113.482
113.299
113.388
113.44
113.368
113.266
113.227
113.314
113.419
113.514
113.487
113.514
113.491
113.463
113.437
113.35
113.316
113.593
113.514
113.56
113.429
113.516
113.403
113.246
113.356
113.272
113.312
113.263
113.243
113.22
113.381
113.243
113.28
113.261
113.289
113.34
113.302
113.35
113.286
113.368
113.527
113.449
113.234
113.263
113.342
113.288
113.315
113.222
113.318
113.187
113.281
113.158
113.185
113.23
113.285
113.157
113.059
113.188
113.248
113.088
113.168
113.105
113.153
113.283
113.16
113.306
113.302
113.228
113.355
113.21
113.218
113.122
113.105
113.221
113.072
113.187
113.255
113.173
113.144
113.213
113.334
113.202
113.14
113.231
113.216
113.32
113.121
113.126
113.152
113.182
113.183
113.289
113.171
113.153
113.239
113.079
113.043
112.992
113.181
113.173
113.106
113.12
113.132
113.079
113.044
113.098
113.089
113.122
113.266
113.035
113.087
113.163
113.056
113.195
113.133
113.118
113.063
113.018
113.317
113.063
112.99
113.078
113.133
112.902
113
113.026
112.981
113.169
113.12
113.036
113.002
112.937
112.974
112.993
112.984
113.122
112.949
112.998
113.022
112.9
113.005
113.105
112.937
112.895
112.985
113.016
112.984
112.996
112.813
113.05
112.867
112.957
113.076
113.074
112.909
112.683
112.795
112.94
113.135
112.933
112.946
112.936
112.869
112.866
112.919
112.893
112.986
113.022
112.933
113.095
112.847
112.789
112.861
112.945
113.003
113.118
113.041
112.935
112.915
112.944
112.857
112.737
112.855
112.88
112.756
112.819
112.884
112.838
112.696
112.87
112.711
112.766
112.753
112.733
112.866
112.936
112.895
112.681
112.844
112.902
112.798
112.744
112.75
112.877
112.84
112.847
112.809
112.741
112.783
112.744
112.766
112.653
112.854
112.815
112.867
112.826
112.723
112.834
112.821
112.723
112.731
112.684
112.699
112.814
112.816
112.735
112.805
112.811
112.847
112.812
112.864
112.781
112.898
112.842
112.776
112.978
112.837
112.814
112.804
112.717
112.615
112.792
112.852
112.839
112.914
112.858
112.794
112.727
112.825
112.943
112.771
112.766
112.719
112.693
112.677
112.765
112.876
112.674
112.786
112.738
112.668
112.685
112.793
112.69
112.733
112.772
112.561
112.751
112.778
112.654
112.856
112.76
112.792
112.68
112.821
112.7
112.729
112.675
112.705
112.606
112.719
112.667
112.536
112.704
112.559
112.713
112.563
112.579
112.597
112.758
112.581
112.586
112.665
112.694
112.733
112.656
112.534
112.548
112.615
112.711
112.673
112.708
112.523
112.471
112.675
112.755
112.626
112.496
112.656
112.63
112.676
112.519
112.532
112.551
112.621
112.765
112.651
112.615
112.562
112.54
112.527
112.486
112.584
112.547
112.636
112.693
112.632
112.479
112.539
112.557
112.5
112.476
112.518
112.484
112.511
112.489
112.504
112.59
112.531
112.54
112.524
112.602
112.595
112.406
112.45
112.422
112.413
112.491
112.504
112.503
112.414
112.485
112.464
112.488
112.572
112.381
112.393
112.426
112.414
112.626
112.472
112.52
112.618
112.428
112.489
112.403
112.449
112.535
112.497
112.448
112.541
112.548
112.53
112.308
112.462
112.403
112.372
112.503
112.562
112.49
112.363
112.443
112.465
112.525
112.546
112.536
112.305
112.492
112.57
112.519
112.578
112.427
112.299
112.379
112.503
112.474
112.401
112.418
112.376
112.379
112.323
112.371
112.43
112.345
112.439
112.4
112.363
112.38
112.397
112.429
112.376
112.336
112.341
112.25
112.261
112.328
112.385
112.377
112.447
112.285
112.375
112.282
112.344
112.486
112.362
112.278
112.311
112.221
112.391
112.23
112.417
112.396
112.33
112.277
112.324
112.272
112.289
112.291
112.366
112.216
112.328
112.431
112.361
112.402
112.372
112.24
112.254
112.164
112.328
112.411
112.315
112.324
112.344
112.258
112.371
112.275
112.375
112.417
112.234
112.237
112.315
112.163
112.195
112.315
112.156
112.179
112.233
112.289
112.358
112.182
112.281
112.266
112.164
112.175
112.202
112.238
112.283
112.31
112.39
112.253
112.29
112.272
112.132
112.326
112.228
112.181
112.06
112.132
112.332
112.248
112.244
112.224
112.193
112.248
112.22
112.255
112.095
112.281
112.223
112.317
112.286
112.097
112.153
112.207
112.029
112.209
112.194
112.346
112.209
112.224
112.282
112.369
112.166
112.348
112.241
112.181
112.18
112.095
112.217
112.203
112.224
112.126
112.074
112.331
112.199
112.126
112.205
112.169
112.201
111.96
112.05
112.025
112.024
112.208
112.226
112.178
112.096
112.057
112.067
112.137
112.031
111.97
112.083
112.168
112.077
112.256
112.139
112.15
112.077
112.152
112.145
112.045
112.012
112.144
112.122
112.053
112.007
111.813
112.034
112.117
111.999
111.967
112.051
112.098
112.056
111.941
112.182
112.14
112.145
112.196
112.219
112.104
112.2
112.2
112.073
112.115
112.051
112.235
111.993
112.125
112.129
112.046
111.987
112.048
112.122
112.115
112.052
112.025
112.147
112.057
112.146
112.107
112.075
112.143
112.125
112.109
112.076
112.039
111.91
112.077
112.038
111.833
111.782
112.067
112.131
112.019
111.986
111.942
112.059
111.961
112.038
111.911
112.047
112.035
112.002
111.958
112.047
111.999
111.972
112.026
111.966
112.051
112.005
112.006
112.071
112.035
111.926
111.91
112.039
112.232
112.006
112.131
112.032
111.872
112.006
111.943
111.839
111.933
111.908
111.972
112.06
112.066
112.087
111.978
112.03
111.933
111.963
112.023
111.95
111.93
111.934
111.975
111.909
111.907
111.932
111.94
111.853
111.877
111.889
111.908
111.93
111.914
111.796
111.797
111.973
111.927
111.908
111.978
111.872
111.926
111.831
111.914
111.98
111.947
111.959
111.809
111.96
111.816
111.836
111.897
111.887
111.93
111.902
111.88
111.916
111.773
111.88
111.964
111.96
111.884
111.927
111.892
111.962
111.891
111.854
111.935
111.889
111.898
111.832
111.985
111.828
111.839
111.916
111.919
111.812
111.776
111.814
111.782
112.002
111.856
111.829
111.789
111.776
111.803
111.917
111.843
111.984
111.897
111.837
111.887
112.024
111.898
111.876
111.711
111.906
111.945
111.86
111.991
111.908
111.798
111.806
111.742
111.685
111.776
111.826
111.842
111.771
111.657
111.697
111.828
111.705
111.606
111.803
111.686
111.899
111.686
111.696
111.902
111.761
111.828
111.845
111.835
111.779
111.772
111.744
111.713
111.656
111.885
111.728
111.879
111.973
111.949
111.757
111.806
111.797
111.718
111.664
111.648
111.815
111.69
111.655
111.732
111.81
111.785
111.746
111.647
111.74
111.842
111.865
111.672
111.717
111.735
111.679
111.738
111.676
111.753
111.756
111.556
111.616
111.725
111.796
111.698
111.762
111.697
111.701
111.716
111.766
111.741
111.626
111.667
111.657
111.731
111.693
111.572
111.691
111.569
111.647
111.719
111.624
111.562
111.586
111.575
111.686
111.655
111.609
111.647
111.579
111.678
111.634
111.688
111.739
111.701
111.669
111.605
111.657
111.658
111.702
111.655
111.77
111.65
111.624
111.558
111.634
111.613
111.599
111.555
111.678
111.602
111.614
111.513
111.583
111.532
111.644
111.714
111.536
111.636
111.682
111.623
111.62
111.787
111.726
111.614
111.695
111.73
111.577
111.532
111.576
111.711
111.456
111.613
111.715
111.704
111.693
111.779
111.74
111.627
111.701
111.717
111.693
111.6
111.751
111.707
111.766
111.609
111.731
111.662
111.552
111.615
111.639
111.623
111.577
111.662
111.554
111.496
111.533
111.723
111.582
111.487
111.492
111.53
111.574
111.484
111.484
111.612
111.481
111.563
111.522
111.697
111.614
111.619
111.535
111.535
111.612
111.552
111.643
111.569
111.57
111.506
111.542
111.782
111.602
111.991
111.629
111.475
111.534
111.694
111.59
111.551
111.659
111.482
111.496
111.635
111.491
111.553
111.629
111.577
111.455
111.544
111.5
111.585
111.42
111.438
111.524
111.585
111.646
111.524
111.612
111.692
111.476
111.539
111.458
111.461
111.627
111.495
111.411
111.504
111.471
111.552
111.599
111.523
111.443
111.539
111.528
111.606
111.596
111.567
111.55
111.565
111.614
111.579
111.453
111.595
111.456
111.433
111.389
111.58
111.505
111.428
111.51
111.556
111.428
111.561
111.29
111.441
111.464
111.397
111.45
111.386
111.456
111.456
111.541
111.536
111.583
111.417
111.311
111.467
111.499
111.358
111.435
111.422
111.374
111.463
111.427
111.42
111.469
111.451
111.415
111.273
111.451
111.402
111.466
111.439
111.423
111.572
111.493
111.527
111.416
111.541
111.411
111.411
111.395
111.472
111.421
111.419
111.467
111.502
111.447
111.432
111.469
111.359
111.549
111.394
111.526
111.446
111.388
111.385
111.423
111.373
111.427
111.535
111.579
111.528
111.355
111.428
111.392
111.519
111.348
111.455
111.256
111.421
111.398
111.591
111.397
111.37
111.331
111.498
111.498
111.552
111.453
111.44
111.436
111.481
111.388
111.393
111.493
111.406
111.489
111.523
111.424
111.511
111.592
111.52
111.366
111.383
111.432
111.349
111.394
111.364
111.308
111.337
111.314
111.349
111.27
111.284
111.359
111.343
111.34
111.422
111.469
111.286
111.371
111.391
111.495
111.366
111.352
111.276
111.301
111.184
111.341
111.306
111.282
111.282
111.409
111.422
111.442
111.431
111.577
111.282
111.264
111.322
111.408
111.467
111.385
111.294
111.263
111.37
111.439
111.287
111.464
111.362
111.233
111.219
111.224
111.284
111.209
111.256
111.33
111.362
111.459
111.278
111.453
111.33
111.243
111.321
111.3
111.309
111.263
111.274
111.28
111.409
111.257
111.33
111.357
111.298
111.297
111.292
111.238
111.317
111.358
111.252
111.378
111.327
111.33
111.353
111.256
111.294
111.473
111.414
111.401
111.318
111.395
111.242
111.336
111.177
111.224
111.219
111.126
111.263
111.239
111.161
111.279
111.307
111.326
111.247
111.26
111.237
111.184
111.275
111.2
111.231
111.309
111.102
111.244
111.372
111.339
111.209
111.299
111.255
111.256
111.296
111.343
111.347
111.419
111.222
111.232
111.145
111.227
111.113
111.179
111.247
111.291
111.083
111.19
111.238
111.074
111.16
111.211
111.102
111.168
111.328
111.232
111.132
111.178
111.321
111.262
111.183
111.179
111.137
111.156
111.098
111.217
111.267
111.23
111.155
111.326
111.152
111.205
111.233
111.164
111.293
111.313
111.21
111.229
111.061
111.26
111.142
111.069
111.288
111.327
111.174
111.217
111.213
111.189
111.064
111.151
111.185
111.291
111.271
111.24
111.197
111.213
111.152
111.206
111.188
111.163
111.168
111.033
111.18
111.038
111.005
111.119
111.096
111.165
111.13
111.117
111.012
111.158
111.2
111.18
111.16
111.149
111.178
111.142
111.265
111.141
111.189
111.329
111.251
111.149
111.192
111.192
111.116
111.301
111.146
111.223
111.159
111.083
111.184
111.19
111.047
111.019
111.005
111.061
111.247
111.204
111.02
111.09
111.186
111.081
111.053
111.025
111.228
111.037
111.098
110.943
111.169
111.119
111.044
111.017
111.202
111.226
111.182
111.101
111.071
111.094
111.036
111.111
111.178
111.033
110.969
110.947
111.092
111.184
111.006
110.942
110.989
111.047
111.07
111.086
110.927
111.063
111.182
111.108
111.118
111.042
111.207
111.181
111.101
111.086
111.069
111.123
111.098
111.026
111.064
111.04
110.924
111.029
111.124
111.121
111.107
111.073
111.171
111.074
111.126
111.164
111.199
111.141
111.053
111.02
111.006
111.175
111.22
111.101
111.12
111.133
110.996
110.994
110.869
110.899
111.124
110.942
111.013
110.998
111.154
111.098
110.973
111.018
110.931
110.955
110.966
111.128
111.016
110.955
110.888
110.992
111.038
110.994
110.941
111.116
110.914
111.069
111.219
110.987
111.167
111.184
111.104
111.122
111.068
111.055
110.959
111.021
111.011
111.015
111.05
111.015
111.064
111.071
111.002
111.165
111.09
111.142
111.114
110.982
111.102
110.942
110.871
110.943
110.92
110.914
110.984
111.069
110.886
111.001
111.045
110.971
110.944
110.886
110.941
110.948
110.945
110.927
110.919
110.96
110.954
110.737
111.001
110.898
110.828
111.021
111.001
110.997
110.917
110.997
111.057
110.951
110.794
111.054
110.957
111.101
110.925
110.904
110.93
110.935
110.93
111.116
111.029
111.008
110.965
111.025
110.847
110.894
110.956
111.05
111.139
110.981
111.129
111.024
110.949
111.037
110.855
110.932
110.864
110.96
111.038
110.981
111.023
110.951
110.936
110.956
110.973
110.925
110.902
111.012
110.932
111.013
110.917
111.032
111.014
111.029
110.885
110.995
111.115
110.861
111.013
111.019
110.876
111.047
111.028
111.011
110.995
111.046
111.091
110.916
111.069
111.039
110.976
111.079
111.123
110.98
110.929
111.006
111.053
110.885
110.925
110.904
111.002
110.933
110.881
110.87
110.933
110.945
110.923
110.808
110.983
111.023
110.982
110.944
110.907
110.967
110.899
110.914
110.825
111.018
110.965
111.119
110.904
111.023
111.047
110.951
110.955
110.919
110.982
110.961
110.833
110.82
110.86
111
110.856
110.909
110.826
110.797
110.922
111.035
110.904
111.011
110.901
110.967
110.805
110.924
110.914
110.864
110.759
110.822
110.82
110.987
111.022
110.986
110.982
110.903
110.946
110.829
110.932
110.934
110.836
110.911
110.996
110.892
110.815
110.85
110.766
111.015
110.958
111.026
110.953
110.957
110.846
110.843
110.917
110.937
110.956
110.951
110.931
110.927
110.945
110.878
110.865
110.927
110.938
110.904
110.908
110.912
110.746
110.793
110.889
110.792
110.905
110.974
110.848
110.875
110.74
110.914
110.865
110.978
111.029
110.992
110.771
110.829
110.739
110.83
110.849
110.9
110.865
110.8
110.963
110.948
110.982
110.903
110.701
110.929
110.968
110.869
111.013
110.866
111.005
110.935
110.827
110.968
110.831
110.927
110.839
110.853
110.835
110.877
110.855
110.826
110.885
110.849
110.854
110.681
110.772
110.756
110.678
110.967
110.785
110.819
110.776
110.762
110.821
110.87
110.868
110.804
110.897
110.76
110.919
110.795
110.789
110.805
110.906
110.837
110.917
110.725
110.771
110.867
110.761
110.991
110.824
110.833
110.72
110.995
110.97
110.869
110.899
110.819
110.77
110.883
110.861
110.857
110.847
110.85
110.854
110.82
110.953
110.735
110.849
110.733
110.973
110.795
110.807
110.805
110.985
110.845
110.815
110.867
110.715
110.856
110.712
110.936
110.833
110.851
111.027
110.853
110.837
110.814
110.912
110.812
110.799
110.809
110.916
110.837
110.769
110.792
110.782
110.828
110.889
110.845
110.818
110.799
110.766
110.699
110.769
110.794
110.717
110.889
110.945
110.783
110.683
110.903
110.789
110.81
110.687
110.828
110.734
110.813
110.817
110.741
110.778
110.808
110.871
110.725
110.796
110.851
110.904
110.7
110.752
110.82
110.754
110.786
110.675
110.55
110.827
110.791
110.727
110.684
110.849
110.877
110.802
110.772
110.805
110.777
110.693
110.676
110.778
110.751
110.851
110.707
110.789
110.89
110.839
110.824
110.665
110.839
110.92
110.819
110.893
110.871
110.874
110.874
110.743
110.786
110.755
110.763
110.726
110.836
110.816
110.77
110.669
110.745
110.729
110.799
110.808
110.913
110.885
110.832
110.837
110.685
110.906
110.816
110.73
110.847
110.801
110.765
110.747
110.927
110.865
110.826
110.761
110.702
110.672
110.782
110.699
110.927
110.803
110.858
110.881
110.774
110.849
110.875
110.914
110.794
110.842
110.846
110.689
110.764
110.85
110.701
110.726
110.908
110.731
110.821
110.805
110.82
110.764
110.724
110.821
110.654
110.805
110.767
110.72
110.711
110.745
110.753
110.765
110.735
110.635
110.785
110.804
110.66
110.716
110.784
110.721
110.647
110.742
110.824
110.827
110.874
110.97
110.817
110.865
110.864
110.645
110.69
110.773
110.677
110.72
110.627
110.662
110.615
110.632
110.67
110.616
110.709
110.822
110.767
110.791
110.766
110.767
110.792
110.628
110.799
110.718
110.635
110.722
110.677
110.702
110.678
110.719
110.597
110.702
110.696
110.62
110.644
110.631
110.708
110.586
110.608
110.616
110.779
110.601
110.674
110.591
110.634
110.689
110.775
110.739
110.701
110.547
110.701
110.629
110.575
110.73
110.555
110.708
110.751
110.753
110.695
110.702
110.646
110.627
110.61
110.503
110.661
110.638
110.73
110.718
110.816
110.73
110.798
110.699
110.755
110.775
110.75
110.793
110.685
110.755
110.745
110.608
110.664
110.666
110.601
110.606
110.698
110.67
110.649
110.749
110.574
110.693
110.724
110.745
110.707
110.682
110.751
110.644
110.658
110.815
110.752
110.675
110.639
110.692
110.646
110.722
110.68
110.583
110.759
110.891
110.696
110.764
110.741
110.716
110.826
110.732
110.66
110.573
110.65
110.747
110.726
110.721
110.764
110.786
110.707
110.748
110.619
110.596
110.748
110.759
110.644
110.724
110.681
110.825
110.795
110.719
110.714
110.708
110.691
110.63
110.635
110.665
110.639
110.608
110.732
110.621
110.55
110.714
110.658
110.731
110.839
110.601
110.607
110.736
110.627
110.611
110.628
110.707
110.764
110.776
110.686
110.724
110.617
110.667
110.778
110.634
110.807
110.768
110.697
110.632
110.578
110.772
110.556
110.643
110.688
110.731
110.704
110.632
110.784
110.552
110.658
110.671
110.742
110.669
110.679
110.581
110.584
110.702
110.586
110.752
110.698
110.611
110.721
110.717
110.623
110.643
110.661
110.584
110.638
110.687
110.59
110.757
110.665
110.664
110.657
110.721
110.547
110.632
110.6
110.795
110.743
110.733
110.749
110.783
110.817
110.605
110.587
110.552
110.562
110.69
110.693
110.682
110.505
110.572
110.614
110.757
110.781
110.643
110.64
110.602
110.665
110.696
110.636
110.652
110.682
110.622
110.619
110.663
110.69
110.792
110.775
110.718
110.729
110.775
110.752
110.766
110.658
110.623
110.602
110.711
110.664
110.498
110.498
110.609
110.668
110.703
110.795
110.816
110.603
110.67
110.612
110.762
110.802
110.672
110.646
110.655
110.639
110.629
110.63
110.774
110.635
110.62
110.624
110.537
110.665
110.687
110.579
110.58
110.689
110.608
110.569
110.487
110.37
110.527
110.604
110.66
110.618
110.632
110.44
110.618
110.42
110.591
110.577
110.569
110.543
110.772
110.657
110.626
110.485
110.584
110.581
110.71
110.706
110.581
110.535
110.614
110.603
110.502
110.634
110.605
110.633
110.681
110.549
110.615
110.528
110.566
110.633
110.625
110.643
110.686
110.595
110.691
110.653
110.55
110.691
110.648
110.541
110.734
110.681
110.532
110.478
110.507
110.541
110.559
110.548
110.481
110.58
110.571
110.602
110.515
110.656
110.554
110.616
110.704
110.612
110.737
110.543
110.599
110.717
110.473
110.672
110.641
110.539
110.599
110.581
110.435
110.503
110.576
110.581
110.543
110.53
110.578
110.341
110.525
110.528
110.422
110.513
110.587
110.581
110.512
110.559
110.652
110.523
110.41
110.407
110.436
110.682
110.522
110.431
110.519
110.51
110.558
110.61
110.554
110.422
110.505
110.544
110.458
110.496
110.537
110.528
110.384
110.546
110.557
110.459
110.55
110.556
110.496
110.548
110.576
110.506
110.454
110.69
110.488
110.674
110.631
110.559
110.501
110.613
110.546
110.629
110.447
110.535
110.552
110.63
110.61
110.465
110.613
110.721
110.611
110.575
110.571
110.543
110.48
110.606
110.653
110.505
110.566
110.576
110.361
110.536
110.581
110.709
110.702
110.587
110.63
110.525
110.702
110.566
110.628
110.665
110.658
110.662
110.502
110.588
110.476
110.527
110.472
110.579
110.447
110.552
110.518
110.556
110.565
110.486
110.539
110.692
110.685
110.539
110.58
110.412
110.506
110.519
110.452
110.384
110.519
110.567
110.463
110.668
110.454
110.527
110.378
110.535
110.63
110.561
110.63
110.49
110.458
110.469
110.527
110.422
110.508
110.585
110.465
110.473
110.579
110.601
110.463
110.434
110.567
110.758
110.749
110.485
110.475
110.414
110.535
110.578
110.452
110.543
110.522
110.395
110.459
110.494
110.632
110.599
110.456
110.49
110.561
110.354
110.633
110.513
110.556
110.473
110.468
110.599
110.579
110.63
110.427
110.445
110.466
110.498
110.397
110.46
110.536
110.555
110.545
110.54
110.352
110.396
110.542
110.605
110.556
110.505
110.579
110.506
110.462
110.447
110.501
110.455
110.483
110.528
110.561
110.681
110.614
110.566
110.555
110.59
110.501
110.545
110.481
110.551
110.358
110.47
110.438
110.584
110.708
110.532
110.593
110.548
110.642
110.553
110.62
110.561
110.605
110.436
110.52
110.453
110.502
110.519
110.571
110.57
110.514
110.557
110.559
110.442
110.535
110.526
110.67
110.558
110.456
110.466
110.373
110.449
110.482
110.559
110.445
110.556
110.557
110.465
110.472
110.543
110.449
110.589
110.545
110.518
110.581
110.479
110.506
110.617
110.502
110.562
110.504
110.635
110.486
110.529
110.561
110.449
110.51
110.42
110.496
110.43
110.505
110.534
110.507
110.569
110.588
110.541
110.417
110.43
110.441
110.473
110.447
110.522
110.438
110.645
110.62
110.595
110.607
110.636
110.64
110.589
110.537
110.475
110.448
110.414
110.593
110.457
110.389
110.356
110.386
110.62
110.467
110.427
110.426
110.452
110.536
110.455
110.565
110.428
110.571
110.494
110.451
110.487
110.484
110.364
110.44
110.608
110.503
110.479
110.538
110.44
110.591
110.553
110.391
110.406
110.56
110.416
110.412
110.372
110.455
110.525
110.441
110.329
110.414
110.485
110.441
110.4
110.44
110.547
110.448
110.513
110.358
110.379
110.344
110.362
110.635
110.39
110.346
110.319
110.349
110.331
110.406
110.441
110.294
110.363
110.554
110.36
110.575
110.609
110.458
110.494
110.557
110.454
110.402
110.39
110.399
110.52
110.391
110.248
110.38
110.413
110.485
110.377
110.432
110.38
110.508
110.635
110.426
110.45
110.52
110.497
110.486
110.486
110.481
110.517
110.477
110.451
110.558
110.462
110.443
110.506
110.358
110.382
110.42
110.423
110.472
110.483
110.362
110.379
110.284
110.473
110.399
110.397
110.392
110.456
110.43
110.412
110.448
110.383
110.385
110.386
110.392
110.492
110.44
110.403
110.306
110.332
110.283
110.438
110.375
110.513
110.316
110.414
110.373
110.396
110.449
110.383
110.443
110.531
110.446
110.467
110.528
110.367
110.396
110.461
110.535
110.314
110.373
110.433
110.397
110.317
110.363
110.412
110.369
110.365
110.411
110.311
110.384
110.358
110.396
110.287
110.426
110.383
110.228
110.374
110.317
110.43
110.423
110.47
110.454
110.452
110.295
110.307
110.283
110.408
110.409
110.388
110.441
110.385
110.34
110.277
110.34
110.42
110.392
110.374
110.253
110.321
110.271
110.211
110.407
110.409
110.419
110.413
110.215
110.287
110.334
110.412
110.553
110.489
110.445
110.344
110.397
110.352
110.326
110.329
110.364
110.414
110.437
110.375
110.404
110.408
110.361
110.386
110.325
110.444
110.397
110.46
110.405
110.361
110.325
110.428
110.426
110.429
110.373
110.402
110.25
110.347
110.366
110.355
110.398
110.44
110.336
110.434
110.435
110.292
110.407
110.298
110.403
110.41
110.343
110.238
110.363
110.536
110.39
110.419
110.385
110.361
110.354
110.602
110.464
110.317
110.395
110.464
110.444
110.443
110.485
110.479
110.388
110.331
110.464
110.488
110.518
110.405
110.369
110.365
110.322
110.357
110.299
110.326
110.345
110.321
110.341
110.462
110.263
110.386
110.361
110.328
110.45
110.449
110.438
110.356
110.45
110.418
110.592
110.442
110.432
110.372
110.358
110.383
110.338
110.26
110.316
110.397
110.37
110.359
110.317
110.305
110.302
110.386
110.366
110.558
110.382
110.411
110.359
110.457
110.307
110.422
110.356
110.354
110.376
110.265
110.306
110.365
110.322
110.138
110.209
110.43
110.257
110.302
110.198
110.244
110.323
110.204
110.314
110.248
110.367
110.36
110.281
110.224
110.23
110.228
110.321
110.382
110.291
110.301
110.506
110.421
110.398
110.292
110.367
110.362
110.4
110.364
110.204
110.362
110.501
110.352
110.29
110.423
110.278
110.357
110.369
110.333
110.306
110.306
110.225
110.289
110.302
110.449
110.396
110.373
110.295
110.205
110.375
110.263
110.298
110.296
110.363
110.273
110.222
110.182
110.27
110.27
110.327
110.33
110.372
110.302
110.308
110.329
110.4
110.269
110.185
110.28
110.184
110.305
110.362
110.213
110.174
110.235
110.298
110.374
110.168
110.352
110.349
110.233
110.337
110.386
110.345
110.365
110.456
110.327
110.283
110.453
110.242
110.29
110.324
110.208
110.433
110.357
110.392
110.446
110.36
110.346
110.235
110.379
110.433
110.383
110.293
110.409
110.268
110.26
110.401
110.382
110.377
110.383
110.374
110.358
110.314
110.198
110.278
110.326
110.371
110.328
110.375
110.276
110.314
110.299
110.348
110.276
110.251
110.278
110.421
110.245
110.237
110.409
110.257
110.275
110.199
110.362
110.252
110.333
110.367
110.337
110.249
110.306
110.444
110.386
110.299
110.305
110.241
110.247
110.422
110.243
110.32
110.309
110.298
110.35
110.382
110.415
110.452
110.292
110.415
110.354
110.308
110.326
110.323
110.398
110.266
110.34
110.279
110.379
110.315
110.267
110.284
110.248
110.372
110.303
110.316
110.249
110.314
110.241
110.306
110.408
110.372
110.342
110.235
110.283
110.302
110.357
110.443
110.389
110.435
110.356
110.331
110.381
110.239
110.41
110.235
110.288
110.392
110.327
110.229
110.386
110.358
110.411
110.359
110.423
110.377
110.327
110.368
110.425
110.34
110.48
110.409
110.443
110.292
110.325
110.325
110.244
110.236
110.315
110.284
110.262
110.244
110.317
110.439
110.327
110.398
110.443
110.282
110.376
110.327
110.421
110.404
110.398
110.4
110.302
110.319
110.373
110.275
110.229
110.342
110.345
110.382
110.309
110.304
110.292
110.231
110.48
110.25
110.348
110.39
110.343
110.302
110.345
110.399
110.386
110.21
110.395
110.385
110.317
110.301
110.32
110.414
110.292
110.398
110.329
110.426
110.353
110.333
110.287
110.431
110.417
110.458
110.382
110.274
110.368
110.316
110.337
110.246
110.435
110.409
110.366
110.366
110.36
110.403
110.363
110.314
110.252
110.221
110.295
110.336
110.304
110.383
110.326
110.269
110.33
110.321
110.297
110.355
110.184
110.264
110.316
110.321
110.307
110.471
110.281
110.402
110.336
110.34
110.25
110.32
110.268
110.349
110.348
110.386
110.356
110.332
110.251
110.316
110.229
110.244
110.368
110.31
110.227
110.313
110.356
110.437
110.338
110.227
110.334
110.538
110.167
110.209
110.179
110.199
110.329
110.2
110.241
110.363
110.371
110.322
110.297
110.253
110.208
110.36
110.367
110.268
110.366
110.39
110.272
110.378
110.399
110.329
110.411
110.273
110.317
110.282
110.274
110.263
110.271
110.264
110.279
110.227
110.254
110.277
110.304
110.324
110.294
110.239
110.327
110.305
110.19
110.419
110.218
110.345
110.291
110.371
110.303
110.368
110.192
110.301
110.215
110.265
110.432
110.385
110.304
110.441
110.291
110.361
110.433
110.348
110.312
110.477
110.405
110.427
110.197
110.226
110.254
110.316
110.303
110.333
110.316
110.298
110.274
110.152
110.282
110.279
110.189
110.245
110.252
110.404
110.302
110.253
110.359
110.204
110.236
110.362
110.189
110.225
110.281
110.256
110.359
110.254
110.248
110.292
110.318
110.272
110.322
110.314
110.299
110.35
110.454
110.221
110.34
110.294
110.38
110.256
110.397
110.444
110.452
110.331
110.186
110.157
110.291
110.419
110.314
110.292
110.336
110.236
110.278
110.261
110.372
110.402
110.393
110.353
110.318
110.33
110.376
110.309
110.331
110.379
110.087
110.375
110.277
110.367
110.24
110.194
110.355
110.289
110.351
