168.985
169.696
169.306
168.875
168.425
168.046
167.46
166.864
166.39
165.998
165.694
165.609
164.564
163.998
163.804
163.238
163.001
162.57
162.42
161.988
161.685
161.424
161.068
161.039
160.847
160.662
160.603
160.574
160.275
159.969
159.844
159.828
159.807
159.801
159.617
159.561
159.502
159.496
159.492
159.582
159.434
159.471
159.419
159.484
159.353
159.321
159.309
159.297
159.376
159.169
159.222
159.115
159.165
159.089
159.098
159.235
159.043
158.947
159.058
158.947
158.786
158.786
158.853
158.805
158.785
158.768
158.856
158.694
158.724
158.733
158.672
158.672
158.702
158.767
158.713
158.531
158.527
158.62
158.578
158.489
158.596
158.533
158.512
158.513
158.457
158.47
158.488
158.501
158.41
158.746
158.41
158.268
158.325
158.397
158.454
158.308
158.333
158.293
158.328
158.342
158.335
158.277
158.2
158.261
158.28
158.197
158.157
158.123
158.224
158.068
158.095
158.264
158.205
158.188
158.085
158.146
158.207
158.197
158.046
157.926
158.144
158.157
158.156
158.085
158.075
158.013
158.007
158.166
158.092
158.105
157.949
157.986
158.019
157.993
158.059
157.997
157.984
158.142
157.921
158.05
157.984
158.018
157.982
157.918
157.875
157.827
157.898
157.898
157.977
157.927
157.918
157.878
157.994
157.963
157.895
157.858
157.887
157.796
157.797
157.77
157.829
157.892
157.873
157.793
157.851
157.723
157.808
157.818
157.755
157.787
157.82
157.864
157.828
157.839
157.792
157.779
157.691
157.789
157.72
157.709
157.719
157.758
157.79
157.805
157.758
157.716
157.642
157.763
157.65
157.694
157.838
157.823
157.694
157.717
157.676
157.681
157.632
157.594
157.677
157.644
157.814
157.635
157.702
157.65
157.599
157.581
157.703
157.583
157.667
157.689
157.596
157.647
157.69
157.624
157.487
157.769
157.692
157.575
157.537
157.663
157.665
157.603
157.683
157.559
157.577
157.651
157.608
157.581
157.565
157.543
157.586
157.653
157.639
157.525
157.626
157.557
157.639
157.556
157.504
157.584
157.579
157.592
157.538
157.594
157.703
157.605
157.54
157.594
157.467
157.505
157.451
157.484
157.547
157.559
157.496
157.367
157.497
157.486
157.434
157.489
157.456
157.465
157.455
157.492
157.636
157.455
157.481
157.511
157.4
157.584
157.524
157.471
157.494
157.332
157.468
157.434
157.495
157.49
157.468
157.46
157.415
157.475
157.52
157.429
157.476
157.51
157.556
157.489
157.454
157.531
157.392
157.3
157.483
157.473
157.409
157.509
157.428
157.43
157.545
157.367
157.412
157.484
157.469
157.524
157.456
157.374
157.454
157.376
157.369
157.388
157.371
157.407
157.453
157.441
157.422
157.336
157.491
157.329
157.424
157.324
157.419
157.415
157.372
157.349
157.377
157.338
157.41
157.273
157.428
157.357
157.343
157.298
157.47
157.301
157.329
157.401
157.386
157.41
157.408
157.317
157.272
157.273
157.325
157.386
157.331
157.325
157.31
157.391
157.324
157.348
157.316
157.364
157.325
157.241
157.259
157.408
157.375
157.284
157.463
157.295
157.368
157.298
157.275
157.375
157.412
157.405
157.357
157.38
157.327
157.327
157.39
157.285
157.359
157.405
157.329
157.314
157.325
157.327
157.288
157.267
157.275
157.352
157.439
157.419
157.423
157.272
157.342
157.324
157.415
157.309
157.381
157.317
157.455
157.284
157.32
157.336
157.377
157.363
157.31
157.337
157.294
157.314
157.311
157.225
157.309
157.322
157.423
157.355
157.349
157.342
157.256
157.382
157.283
157.259
157.255
157.434
157.223
157.326
157.239
157.344
157.283
157.317
157.285
157.209
157.223
157.287
157.338
157.361
157.344
157.397
157.321
157.251
157.274
157.358
157.27
157.349
157.226
157.272
157.261
157.293
157.282
157.287
157.311
157.371
157.23
157.315
157.336
157.287
157.227
157.23
157.414
157.344
157.362
157.249
157.338
157.276
157.228
157.288
157.272
157.339
157.351
157.325
157.243
157.18
157.285
157.244
157.202
157.329
157.256
157.275
157.274
157.175
157.267
157.333
157.236
157.18
157.286
157.242
157.369
157.217
157.28
157.34
157.316
157.283
157.352
157.294
157.252
157.302
157.307
157.243
157.339
157.26
157.278
157.302
157.241
157.343
157.379
157.26
157.186
157.277
157.26
157.31
157.232
157.153
157.277
157.221
157.327
157.278
157.247
157.252
157.199
157.316
157.18
157.259
157.282
157.218
157.266
157.14
157.279
157.221
157.243
157.294
157.271
157.283
157.339
157.246
157.233
157.194
157.237
157.257
157.251
157.2
157.356
157.257
157.25
157.224
157.189
157.28
157.32
157.232
157.263
157.32
157.323
157.213
157.205
157.244
157.268
157.185
157.25
157.096
157.247
157.22
157.219
157.255
157.198
157.196
157.226
157.188
157.294
157.251
157.31
157.23
157.175
157.242
157.228
157.284
157.258
157.313
157.223
157.193
157.215
157.379
157.287
157.255
157.387
157.112
157.163
157.33
157.329
157.178
157.269
157.26
157.181
157.246
157.308
157.203
157.249
157.291
157.253
157.147
157.302
157.25
157.267
157.249
157.17
157.221
157.265
157.259
157.247
157.347
157.336
157.245
157.193
157.211
157.299
157.232
157.208
157.305
157.212
157.224
157.232
157.31
157.22
157.197
157.212
157.205
157.257
157.193
157.2
157.237
157.245
157.287
157.242
157.271
157.26
157.321
157.236
157.183
157.322
157.336
157.19
157.265
157.24
157.283
157.181
157.219
157.143
157.262
157.24
157.17
157.246
157.392
157.249
157.182
157.251
157.264
157.228
157.219
157.217
157.239
157.195
157.291
157.246
157.174
157.224
157.256
157.289
157.152
157.188
157.171
157.308
157.214
157.233
157.224
157.255
157.287
157.271
157.256
157.275
157.256
157.2
157.294
157.268
157.251
157.229
157.236
157.31
157.273
157.241
157.351
157.3
157.253
157.264
157.187
157.252
157.342
157.302
157.349
157.247
157.335
157.361
157.24
157.296
157.355
157.221
157.233
157.259
157.152
157.25
157.256
157.276
157.295
157.244
157.261
157.244
157.226
157.28
157.301
157.451
157.283
157.216
157.191
157.157
157.284
157.269
157.148
157.228
157.245
157.218
157.256
157.271
157.42
157.176
157.257
157.216
157.157
157.288
157.239
157.154
157.248
157.163
157.246
157.245
157.2
157.206
157.245
157.194
157.181
157.22
157.307
157.212
157.259
157.233
157.195
157.227
157.287
157.272
157.208
157.152
157.225
157.248
157.259
157.231
157.295
157.266
157.213
157.223
157.203
157.268
157.174
157.255
157.213
157.257
157.296
157.212
157.159
157.244
157.239
157.171
157.275
157.174
157.334
157.236
157.305
157.285
157.273
157.216
157.236
157.2
157.226
157.15
157.242
157.286
157.314
157.278
157.337
157.262
157.238
157.181
157.199
157.155
157.225
157.194
157.275
157.373
157.191
157.186
157.242
157.206
157.168
157.236
157.24
157.243
157.209
157.344
157.226
157.205
157.279
157.257
157.249
157.285
157.28
157.241
157.278
157.258
157.256
157.21
157.299
157.276
157.261
157.249
157.303
157.356
157.289
157.391
157.274
157.295
157.257
157.332
157.349
157.33
157.334
157.34
157.292
157.419
157.322
157.257
157.244
157.244
157.357
157.344
157.29
157.312
157.368
157.34
157.268
157.276
157.249
157.326
157.287
157.25
157.257
157.358
157.348
157.361
157.388
157.371
157.363
157.29
157.257
157.204
157.222
157.331
157.383
157.247
157.31
157.291
157.146
157.361
157.238
157.265
157.284
157.322
157.227
157.328
157.325
157.212
157.36
157.385
157.284
157.233
157.258
157.28
157.381
157.303
157.227
157.261
157.229
157.208
157.263
157.286
157.221
157.225
157.327
157.302
157.21
157.217
157.225
157.214
157.261
157.258
157.192
157.172
157.305
157.209
157.236
157.177
157.266
157.328
157.275
157.241
157.149
157.182
157.209
157.246
157.244
157.303
157.292
157.269
157.215
157.186
157.273
157.22
157.28
157.153
157.206
157.215
157.104
157.332
157.247
157.303
157.278
157.168
157.115
157.243
157.276
157.141
157.298
157.296
157.296
157.281
157.129
157.233
157.214
157.172
157.207
157.168
157.198
157.1
157.132
157.215
157.196
157.27
157.205
157.311
157.149
157.178
157.273
157.172
157.282
157.285
157.16
157.264
157.241
157.26
157.182
157.138
157.274
157.199
157.246
157.192
157.255
157.227
157.17
157.279
157.265
157.188
157.258
157.173
157.24
157.188
157.293
157.18
157.247
157.187
157.249
157.275
157.225
157.166
157.185
157.178
157.298
157.261
157.272
157.184
157.347
157.147
157.241
157.276
157.28
157.338
157.203
157.253
157.173
157.224
157.227
157.259
157.232
157.22
157.209
157.292
157.22
157.3
157.162
157.327
157.273
157.17
157.27
157.233
157.184
157.176
157.237
157.264
157.263
157.266
157.198
157.263
157.227
157.265
157.242
157.15
157.253
157.276
157.206
157.179
157.134
157.234
157.206
157.178
157.252
157.212
157.257
157.242
157.206
157.217
157.251
157.239
157.2
157.206
157.242
157.179
157.189
157.194
157.244
157.25
157.29
157.233
157.178
157.234
157.257
157.189
157.194
157.29
157.205
157.245
157.203
157.16
157.203
157.253
157.297
157.289
157.209
157.301
157.274
157.215
157.149
157.143
157.162
157.213
157.152
157.181
157.222
157.157
157.297
157.194
157.261
157.225
157.19
157.229
157.187
157.24
157.227
157.191
157.215
157.343
157.295
157.115
157.185
157.184
157.213
157.253
157.222
157.148
157.195
157.242
157.176
157.276
157.16
157.23
157.32
157.153
157.258
157.248
157.258
157.253
157.213
157.251
157.164
157.328
157.234
157.221
157.34
157.252
157.274
157.237
157.305
157.304
157.172
157.304
157.434
157.217
157.219
157.259
157.223
157.326
157.268
157.27
157.167
157.207
157.252
157.306
157.313
157.276
157.314
157.265
157.307
157.28
157.324
157.256
157.234
157.261
157.355
157.271
157.276
157.239
157.363
157.378
157.384
157.337
157.239
157.327
157.308
157.395
157.318
157.292
157.385
157.282
157.243
157.352
157.227
157.346
157.351
157.307
157.436
157.24
157.272
157.398
157.327
157.409
157.314
157.34
157.387
157.344
157.317
157.22
157.443
157.28
157.334
157.356
157.283
157.318
157.294
157.299
157.365
157.398
157.271
157.382
157.407
157.261
157.377
157.52
157.42
157.324
157.358
157.38
157.19
157.346
157.296
157.264
157.322
157.401
157.333
157.325
157.365
157.26
157.279
157.352
157.256
157.237
157.377
157.228
157.32
157.274
157.938
157.303
157.348
157.203
157.276
157.337
157.294
157.302
157.309
157.437
157.404
157.411
157.535
157.4
157.322
157.48
157.506
157.65
157.418
157.368
157.509
157.529
157.447
157.495
157.473
157.334
157.519
157.569
157.413
157.541
157.43
157.482
157.413
157.414
157.465
157.502
157.471
157.41
157.424
157.551
157.424
157.52
157.381
157.53
157.525
157.46
157.538
157.655
157.478
157.5
157.446
157.412
157.53
157.487
157.516
157.334
157.448
157.483
157.454
157.523
157.529
157.438
157.493
157.407
157.356
157.494
157.439
157.353
157.398
157.479
157.295
157.502
157.304
157.378
157.651
157.339
157.321
157.394
157.41
157.436
157.361
157.404
157.402
157.459
157.323
157.382
157.492
157.387
157.415
157.403
157.449
157.515
157.389
157.391
157.414
157.563
157.414
157.394
157.373
157.415
157.421
157.308
157.479
157.414
157.386
157.334
157.433
157.382
157.485
157.433
157.38
157.341
157.319
157.435
157.439
157.377
157.342
157.443
157.349
157.485
157.386
157.499
157.404
157.334
157.353
157.404
157.28
157.248
157.33
157.706
157.426
157.325
157.409
157.409
157.353
157.45
157.405
157.383
157.336
157.287
157.411
157.406
157.444
157.351
157.378
157.442
157.347
157.39
157.36
157.439
157.258
157.424
157.274
157.46
157.318
157.442
157.384
157.256
157.33
157.401
157.432
157.43
157.262
157.503
157.364
157.27
157.373
157.374
157.318
157.504
157.259
157.275
157.373
157.398
157.374
157.323
157.325
157.283
157.387
157.199
157.292
157.373
157.284
157.252
157.26
157.286
157.289
157.329
157.262
157.367
157.303
157.347
157.36
157.316
157.342
157.299
157.343
157.343
157.27
157.477
157.363
157.281
157.394
157.385
157.325
157.244
157.277
157.394
157.354
157.277
157.337
157.305
157.285
157.39
157.356
157.342
157.327
157.372
157.346
157.37
157.343
157.244
157.283
157.367
157.265
157.394
157.419
157.393
157.363
157.36
157.334
157.316
157.289
157.337
157.249
157.229
157.244
157.324
157.275
157.548
157.202
157.301
157.335
157.374
157.324
157.417
157.449
157.413
157.347
157.437
157.445
157.459
157.472
157.443
157.408
157.39
157.362
157.524
157.437
157.476
157.443
157.519
157.481
157.54
157.473
157.43
157.499
157.372
157.478
157.421
157.434
157.393
157.34
157.536
157.462
157.444
157.371
157.398
157.423
157.367
157.441
157.342
157.378
157.406
157.307
157.458
157.374
157.418
157.328
157.437
157.354
157.468
157.351
157.379
157.411
157.295
157.371
157.366
157.411
157.389
157.313
157.43
157.517
157.391
157.492
157.456
157.411
157.418
157.452
157.375
157.271
157.892
157.466
157.372
157.358
157.295
157.473
157.266
157.317
157.464
157.269
157.343
157.384
157.386
157.305
157.555
157.316
157.398
157.423
157.435
157.359
157.372
157.354
157.344
157.37
157.302
157.377
157.347
157.54
157.331
157.455
157.428
157.475
157.384
157.479
157.351
158.016
157.289
157.381
157.434
157.346
157.399
157.435
157.37
157.44
157.381
157.429
157.439
157.45
157.419
157.51
157.394
157.504
157.407
157.337
157.401
157.482
157.439
157.426
157.451
157.371
157.487
157.464
157.369
157.345
157.447
157.419
157.364
157.378
157.388
157.413
157.443
157.308
157.383
157.357
157.36
157.418
157.322
157.339
157.369
157.454
157.444
157.282
157.325
157.434
157.372
157.37
157.326
157.321
157.335
157.347
157.401
157.337
157.269
157.349
157.327
157.377
157.292
157.42
157.514
157.313
157.387
157.279
157.361
157.256
157.317
157.34
157.249
157.364
157.337
157.35
157.292
157.236
157.292
157.545
157.298
157.445
157.442
157.298
157.323
157.31
157.306
157.478
157.322
157.318
157.484
157.263
157.398
157.346
157.405
157.34
157.331
157.412
157.408
157.436
157.396
157.358
157.405
157.469
157.397
157.397
157.374
157.263
157.351
157.415
157.287
157.359
157.277
157.237
157.395
157.466
157.429
157.38
157.318
157.453
157.428
157.413
157.34
157.371
157.316
157.38
157.281
157.345
157.425
157.326
157.324
157.354
157.366
157.356
157.455
157.372
157.31
157.328
157.359
157.295
157.384
157.455
157.366
157.358
157.35
157.272
157.283
157.343
157.331
157.307
157.32
157.314
157.267
157.351
157.324
157.357
157.294
157.255
157.271
157.373
157.329
157.329
157.228
157.289
157.316
157.271
157.314
157.355
157.292
157.366
157.396
157.32
157.243
157.379
157.294
157.313
157.344
157.349
157.32
157.207
157.297
157.341
157.204
157.36
157.277
157.394
157.271
157.259
157.265
157.343
157.295
157.311
157.314
157.318
157.26
157.318
157.266
157.407
157.181
157.293
157.305
157.257
157.357
157.305
157.232
157.281
157.376
157.218
157.301
157.268
157.232
157.359
157.389
157.379
157.374
157.353
157.208
157.233
157.33
157.312
157.216
157.332
157.323
157.187
157.365
157.228
157.397
157.341
157.33
157.252
157.261
157.337
157.242
157.319
157.282
157.283
157.38
157.271
157.27
157.229
157.346
157.366
157.28
157.375
157.318
157.201
157.323
157.217
157.273
157.329
157.245
157.253
157.214
157.205
157.248
157.236
157.23
157.331
157.348
157.33
157.224
157.245
157.26
157.328
157.251
157.332
157.217
157.254
157.283
157.329
157.221
157.172
157.268
157.255
157.253
157.37
157.362
157.233
157.359
157.187
157.237
157.254
157.309
157.262
157.319
157.276
157.226
157.162
157.199
157.302
157.348
157.202
157.275
157.291
157.266
157.257
157.213
157.271
157.278
157.238
157.267
157.114
157.133
157.277
157.357
157.224
157.196
157.22
157.308
157.254
157.226
157.337
157.298
157.279
157.35
157.249
157.282
157.204
157.25
157.227
157.341
157.238
157.24
157.382
157.237
157.213
157.281
157.377
157.245
157.18
157.299
157.201
157.235
157.215
157.234
157.252
157.21
157.186
157.327
157.342
157.221
157.268
157.209
157.205
157.252
157.22
157.322
157.216
157.254
157.256
157.259
157.266
157.217
157.236
157.238
157.313
157.322
157.338
157.321
157.295
157.182
157.388
157.29
157.187
157.284
157.201
157.297
157.276
157.335
157.239
157.229
157.225
157.231
157.225
157.32
157.162
157.273
157.217
157.214
157.215
157.323
157.148
157.23
157.37
157.313
157.19
157.212
157.337
157.236
157.328
157.196
157.278
157.35
157.265
157.226
157.295
157.269
157.242
157.33
157.258
157.2
157.317
157.289
157.239
157.179
157.197
157.316
157.332
157.298
157.344
157.231
157.376
157.184
157.178
157.25
157.125
157.2
157.196
157.227
157.286
157.287
157.327
157.188
157.338
157.187
157.186
157.136
157.192
157.206
157.288
157.216
157.254
157.209
157.302
157.144
157.251
157.214
157.285
157.211
157.359
157.303
157.319
157.283
157.21
157.308
157.222
157.208
157.225
157.238
157.241
157.227
157.278
157.169
157.247
157.278
157.322
157.217
157.147
157.209
157.305
157.266
157.219
157.242
157.214
157.282
157.243
157.172
157.173
157.274
157.159
157.211
157.221
157.241
157.248
157.287
157.269
157.2
157.184
157.276
157.206
157.253
157.26
157.317
157.272
157.274
157.171
157.237
157.226
157.21
157.236
157.213
157.222
157.283
157.31
157.182
157.223
157.232
157.218
157.152
157.198
157.276
157.234
157.26
157.318
157.264
157.234
157.325
157.281
157.22
157.291
157.242
157.276
157.223
157.214
157.278
157.301
157.301
157.379
157.226
157.223
157.221
157.153
157.289
157.304
157.332
157.196
157.2
157.221
157.166
157.205
157.24
157.227
157.258
157.183
157.149
157.31
157.256
157.248
157.195
157.256
157.21
157.263
157.283
157.186
157.366
157.244
157.185
157.322
157.132
157.234
157.131
157.138
157.138
157.243
157.241
157.289
157.229
157.169
157.19
157.331
157.245
157.149
157.187
157.277
157.238
157.242
157.164
157.278
157.217
157.215
157.165
157.173
157.382
157.295
157.169
157.298
157.229
157.19
157.226
157.199
157.13
157.244
157.205
157.231
157.198
157.23
157.212
157.199
157.31
157.267
157.243
157.255
157.206
157.181
157.361
157.238
157.249
157.177
157.249
157.137
157.281
157.208
157.233
157.196
157.193
157.263
157.253
157.218
157.229
157.286
157.277
157.239
157.239
157.269
157.263
157.267
157.221
157.264
157.23
157.216
157.325
157.22
157.215
157.236
157.275
157.278
157.194
157.245
157.293
157.253
157.344
157.152
157.262
157.22
157.169
157.166
157.32
157.338
157.181
157.201
157.208
157.19
157.154
157.288
157.211
157.138
157.175
157.305
157.17
157.148
157.224
157.22
157.222
157.309
157.15
157.208
157.283
157.196
157.243
157.193
157.161
157.349
157.255
157.133
157.158
157.408
157.224
157.37
157.27
157.239
157.318
157.191
157.282
157.382
157.289
157.256
157.301
157.315
157.306
157.28
157.189
157.222
157.192
157.272
157.302
157.214
157.269
157.243
157.276
157.228
157.154
157.261
157.189
157.258
157.187
157.224
157.179
157.273
157.271
157.175
157.236
157.16
157.263
157.231
157.236
157.316
157.341
157.281
157.179
157.267
157.221
157.222
157.336
157.222
157.18
157.262
157.284
157.151
157.23
157.294
157.199
157.168
157.221
157.209
157.184
157.235
157.179
157.255
157.281
157.165
157.24
157.224
157.227
157.313
157.173
157.139
157.162
157.131
157.259
157.305
157.224
157.256
157.243
157.223
157.228
157.176
157.371
157.27
157.202
157.1
157.158
157.106
157.218
157.189
157.169
157.29
157.22
157.205
157.203
157.136
157.27
157.157
157.199
157.227
157.289
157.266
157.267
157.093
157.278
157.139
157.189
157.259
157.193
157.246
157.314
157.157
157.197
157.193
157.268
157.275
157.274
157.154
157.174
157.245
157.175
157.212
157.178
157.144
157.168
157.17
157.28
157.172
157.195
157.153
157.222
157.202
157.232
157.239
157.152
157.196
157.113
157.193
157.202
157.211
157.224
157.223
157.133
157.219
157.309
157.127
157.142
157.195
157.193
157.152
157.113
157.243
157.263
157.101
157.201
157.241
157.219
157.305
157.211
157.196
157.151
157.234
157.242
157.154
157.243
157.132
157.246
157.108
157.201
157.216
157.247
157.211
157.201
157.214
157.22
157.145
157.212
157.19
157.197
157.209
157.212
157.271
157.211
157.257
157.252
157.185
157.21
157.246
157.164
157.163
157.103
157.222
157.204
157.298
157.161
157.251
157.173
157.222
157.236
157.187
157.281
157.1
157.159
157.227
157.179
157.373
157.199
157.255
157.169
157.186
157.199
157.227
157.21
157.231
157.232
157.174
157.213
157.242
157.278
157.241
157.232
157.211
157.239
157.295
157.275
157.151
157.25
157.213
157.298
157.189
157.25
157.216
157.176
157.205
157.182
157.141
157.316
157.224
157.195
157.179
157.124
157.244
157.156
157.177
157.388
157.225
157.26
157.171
157.303
157.223
157.18
157.28
157.221
157.179
157.255
157.243
157.251
157.153
157.168
157.173
157.057
157.243
157.164
157.169
157.208
157.277
157.133
157.205
157.253
157.293
157.254
157.381
157.243
157.156
157.224
157.147
157.174
157.243
157.318
157.34
157.254
157.15
157.224
157.185
157.187
157.302
157.24
157.175
157.269
157.271
157.159
157.286
157.16
157.264
157.104
157.212
157.159
157.281
157.276
157.223
157.204
157.232
157.237
157.123
157.176
157.282
157.175
157.246
157.208
157.241
157.184
157.262
157.196
157.193
157.259
157.256
157.262
157.193
157.273
157.243
157.206
157.355
157.185
157.228
157.223
157.156
157.246
157.196
157.228
157.194
157.282
157.162
157.247
157.263
157.308
157.284
157.215
157.161
157.278
157.161
157.125
157.231
157.235
157.207
157.189
157.177
157.177
157.192
157.138
157.223
157.148
157.139
157.237
157.183
157.243
157.175
157.221
157.262
157.205
157.202
157.264
157.176
157.201
157.236
157.265
157.221
157.165
157.326
157.208
157.163
157.194
157.153
157.289
157.232
157.239
157.306
157.184
157.29
157.197
157.184
157.267
157.163
157.357
157.231
157.288
157.231
157.246
157.085
157.181
157.214
157.16
157.325
157.245
157.184
157.211
157.225
157.139
157.177
157.18
157.127
157.233
157.299
157.193
157.223
157.179
157.266
157.298
157.25
157.195
157.174
157.3
157.176
157.205
157.163
157.231
157.158
157.209
157.191
157.152
157.224
157.221
157.272
157.199
157.195
157.219
157.243
157.165
157.211
157.141
157.238
157.346
157.226
157.193
157.192
157.218
157.202
157.148
157.141
157.249
157.275
157.208
157.193
157.125
157.225
157.232
157.178
157.149
157.24
157.146
157.21
157.321
157.196
157.315
157.175
157.262
157.209
157.219
157.254
157.169
157.288
157.228
157.214
157.331
157.336
157.23
157.152
157.227
157.157
157.212
157.206
157.281
157.114
157.152
157.258
157.163
157.159
157.16
157.248
157.159
157.233
157.143
157.147
157.212
157.414
157.319
157.263
157.138
157.194
157.221
157.276
157.194
157.194
157.212
157.172
157.113
157.272
157.264
157.173
157.222
157.267
157.239
157.121
157.192
157.197
157.203
157.071
157.174
157.225
157.309
157.131
157.229
157.246
157.258
157.166
157.154
157.238
157.26
157.119
157.14
157.209
157.175
157.227
157.21
157.211
157.174
157.212
157.194
157.19
157.099
157.251
157.177
157.096
157.152
157.169
157.213
157.179
157.206
157.269
157.179
157.272
157.206
157.322
157.273
157.28
157.18
157.225
157.309
157.149
157.211
157.177
157.253
157.153
157.126
157.143
157.223
157.202
157.234
157.207
157.212
157.222
157.201
157.348
157.304
157.282
157.214
157.296
157.303
157.271
157.229
157.302
157.267
157.195
157.241
157.24
157.302
157.311
157.26
157.224
157.346
157.231
157.222
157.302
157.401
157.249
157.271
157.243
157.341
157.322
157.222
157.252
157.39
157.287
157.347
157.327
157.314
157.297
157.291
157.324
157.226
157.193
157.263
157.354
157.359
157.284
157.272
157.296
157.354
157.325
157.283
157.328
157.255
157.287
157.268
157.254
157.324
157.256
157.156
157.202
157.305
157.165
157.275
157.192
157.262
157.281
157.189
157.658
157.304
157.144
157.191
157.253
157.227
157.297
157.32
157.331
157.219
157.258
157.314
157.282
157.169
157.248
157.237
157.302
157.275
157.297
157.339
157.286
157.282
157.296
157.218
157.259
157.165
157.235
157.303
157.223
157.208
157.204
157.328
157.224
157.297
157.239
157.227
157.173
157.151
157.309
157.257
157.27
157.238
157.264
157.273
157.267
157.186
157.174
157.159
157.281
157.246
157.133
157.193
157.208
157.24
157.234
157.202
157.236
157.169
157.273
157.152
157.225
157.218
157.194
157.231
157.127
157.184
157.101
157.078
157.186
157.335
157.2
157.225
157.228
157.262
157.26
157.187
157.214
157.217
157.141
157.193
157.253
157.091
157.244
157.211
157.246
157.228
157.19
157.179
157.303
157.206
157.191
157.159
157.225
157.224
157.206
157.257
157.204
157.202
157.236
157.169
157.24
157.194
157.15
157.223
157.14
157.217
157.262
157.268
157.288
157.236
157.232
157.24
157.197
157.217
157.163
157.228
157.225
157.154
157.222
157.154
157.241
157.17
157.172
157.13
157.205
157.268
157.16
157.338
157.178
157.227
157.255
157.208
157.151
157.228
157.387
157.291
157.162
157.25
157.336
157.266
157.169
157.104
157.262
157.277
157.15
157.218
157.209
157.227
157.212
157.226
157.274
157.186
157.243
157.235
157.217
157.204
157.322
157.212
157.197
157.147
157.162
157.221
157.09
157.19
157.163
157.21
157.205
157.15
157.196
157.279
157.162
157.227
157.261
157.207
157.278
157.199
157.232
157.249
157.214
157.191
157.198
157.254
157.207
157.175
157.212
157.183
157.162
157.21
157.231
157.179
157.049
157.225
157.176
157.216
157.166
157.26
157.21
157.15
157.168
157.223
157.271
157.16
157.12
157.163
157.165
157.2
157.247
157.317
157.081
157.253
157.197
157.305
157.275
157.133
157.139
157.279
157.128
157.137
157.234
157.218
157.107
157.143
157.184
157.198
157.191
157.189
157.365
157.161
157.248
157.184
157.298
157.189
157.297
157.181
157.212
157.189
157.217
157.184
157.094
157.126
157.231
157.288
157.117
157.265
157.217
157.159
157.278
157.213
157.24
157.118
157.164
157.203
157.145
157.223
157.219
157.173
157.092
157.246
157.267
157.168
157.234
157.228
157.215
157.208
157.309
157.197
157.213
157.183
157.188
157.288
157.204
157.22
157.236
157.339
157.197
157.157
157.235
157.281
157.192
157.278
157.162
157.225
157.225
157.167
157.24
157.166
157.192
157.164
157.151
157.151
157.227
157.152
157.176
157.244
157.249
157.209
157.102
157.189
157.208
157.278
157.213
157.18
157.2
157.135
157.244
157.24
157.329
157.219
157.229
157.25
157.205
157.235
157.114
157.288
157.233
157.181
157.185
157.262
157.222
157.234
157.175
157.234
157.215
157.247
157.108
157.147
157.192
157.245
157.176
157.155
157.256
157.197
157.175
157.232
157.106
157.254
157.265
157.22
157.241
157.132
157.193
157.209
157.288
157.38
157.233
157.257
157.16
157.254
157.221
157.261
157.241
157.344
157.188
157.213
157.364
157.33
157.256
157.36
157.326
157.352
157.259
157.204
157.361
157.341
157.418
157.354
157.283
157.322
157.289
157.212
157.27
157.402
157.296
157.355
157.279
157.349
157.377
157.404
157.298
157.413
157.384
157.325
157.325
157.318
157.285
157.319
157.316
157.402
157.306
157.331
157.261
157.376
157.274
157.256
157.288
157.336
157.29
157.322
157.351
157.254
157.306
157.351
157.251
157.315
157.324
157.357
157.311
157.341
157.322
157.363
157.373
157.358
157.25
157.299
157.392
157.359
157.454
157.367
157.343
157.321
157.318
157.273
157.328
157.262
157.327
157.305
157.291
157.331
157.236
157.411
157.322
157.37
157.248
157.15
157.26
157.271
157.279
157.258
157.352
157.263
157.264
157.291
157.298
157.234
157.256
157.264
157.268
157.215
157.298
157.299
157.284
157.291
157.268
157.34
157.359
157.27
157.325
157.195
157.303
157.262
157.195
157.288
157.244
157.268
157.274
157.283
157.204
157.309
157.336
157.325
157.376
157.207
157.17
157.268
157.599
157.236
157.29
157.206
157.282
157.401
157.342
157.323
157.291
157.345
157.229
157.258
157.254
157.325
157.216
157.271
157.31
157.285
157.322
157.222
157.204
157.3
157.309
157.238
157.212
157.295
157.318
157.251
157.273
157.202
157.34
157.301
157.134
157.218
157.222
157.239
157.209
157.302
157.185
157.288
157.316
157.403
157.311
157.234
157.337
157.223
157.251
157.337
157.306
157.196
157.3
157.245
157.191
157.266
157.254
157.295
157.237
157.33
157.257
157.287
157.171
157.263
157.341
157.23
157.19
157.147
157.143
157.193
157.351
157.231
157.241
157.286
157.276
157.324
157.271
157.23
157.224
157.258
157.142
157.28
157.296
157.185
157.247
157.214
157.244
157.167
157.213
157.204
157.316
157.212
157.202
157.215
157.206
157.247
157.284
157.187
157.291
158.05
157.215
157.187
157.291
157.298
157.279
157.214
157.362
157.293
157.338
157.369
157.334
157.332
157.305
157.279
157.363
157.335
157.356
157.277
157.3
157.277
157.358
157.231
157.316
157.224
157.32
157.188
157.254
157.35
157.26
157.197
157.245
157.251
157.253
157.277
157.345
157.304
157.294
157.192
157.292
157.161
157.203
157.225
157.332
157.313
157.266
157.199
157.168
157.204
157.276
157.22
157.272
157.261
157.297
157.236
157.225
157.286
157.265
157.294
157.264
157.198
157.215
157.196
157.207
157.159
157.303
157.198
157.185
157.259
157.298
157.305
157.287
157.226
157.25
157.174
157.22
157.305
157.251
157.25
157.195
157.219
157.22
157.27
157.222
157.146
157.257
157.218
157.258
157.175
157.301
157.21
157.273
157.159
157.164
157.241
157.165
157.239
157.276
157.154
157.276
157.363
157.31
157.205
157.216
157.23
157.205
157.158
157.157
157.271
157.27
157.289
157.204
157.285
157.2
157.339
157.198
157.216
157.182
157.229
157.146
157.23
157.22
157.367
157.128
157.221
157.276
157.163
157.296
157.104
157.272
157.232
157.309
157.194
157.312
157.236
157.128
157.251
157.246
157.229
157.333
157.31
157.234
157.256
157.123
157.255
157.242
157.279
157.265
157.201
157.132
157.175
157.24
157.283
157.287
157.173
157.215
157.277
157.248
157.191
157.257
157.147
157.255
157.225
157.299
157.265
157.242
157.214
157.283
157.2
157.302
157.311
157.235
157.248
157.301
157.268
157.229
157.217
157.238
157.205
157.202
157.222
157.258
157.207
157.216
157.238
157.175
157.3
157.251
157.255
157.207
157.205
157.185
157.279
157.156
157.262
157.21
157.255
157.31
157.205
157.29
157.266
157.23
157.262
157.282
157.209
157.197
157.242
157.212
157.192
157.182
157.187
157.174
157.253
157.262
157.292
157.235
157.225
157.25
157.236
157.235
157.243
157.27
157.312
157.214
157.171
157.262
157.209
157.253
157.272
157.26
157.251
157.183
157.284
157.153
157.226
157.338
157.235
157.167
157.265
157.192
157.217
157.183
157.225
157.214
157.196
157.221
157.282
157.272
157.217
157.211
157.195
157.135
157.163
157.242
157.194
157.24
157.107
157.171
157.136
157.12
157.206
157.146
157.224
157.133
157.32
157.128
157.199
157.374
157.204
157.189
157.177
157.17
157.204
157.139
157.174
157.162
157.271
157.241
157.216
157.117
157.22
157.22
157.192
157.17
157.254
157.165
157.178
157.261
157.233
157.155
157.239
157.134
157.234
157.21
157.195
157.181
157.157
157.143
157.14
157.301
157.237
157.256
157.287
157.188
157.283
157.111
157.155
157.249
157.191
157.229
157.232
157.189
157.211
157.308
157.279
157.102
157.22
157.166
157.255
157.342
157.191
157.297
157.279
157.164
157.198
157.213
157.189
157.209
157.217
157.198
157.278
157.194
157.155
157.228
157.266
157.234
157.283
157.177
157.241
157.193
157.138
157.199
157.242
157.205
157.156
157.169
157.18
157.273
157.175
157.229
157.206
157.245
157.265
157.214
157.207
157.164
157.123
157.205
157.185
157.203
157.212
157.273
157.208
157.229
157.185
157.173
157.184
157.148
157.195
157.273
157.187
157.186
157.121
157.251
157.212
157.25
157.27
157.222
157.284
157.181
157.227
157.16
157.214
157.263
157.207
157.278
157.159
157.07
157.135
157.305
157.193
157.094
157.211
157.2
157.238
157.228
157.188
157.216
157.283
157.182
157.181
157.177
157.195
157.224
157.206
157.176
157.179
157.328
157.187
157.229
157.139
157.28
157.18
157.285
157.142
157.232
157.245
157.277
157.201
157.132
157.177
157.173
157.277
157.205
157.325
157.161
157.269
157.273
157.263
157.165
157.175
157.35
157.239
157.173
157.184
157.147
157.19
157.21
157.186
157.274
157.226
157.197
157.208
157.268
157.29
157.147
157.224
157.134
157.226
157.287
157.243
157.174
157.273
157.202
157.291
157.183
157.226
157.196
158.389
157.252
157.288
157.181
157.315
157.199
157.257
157.241
157.294
157.281
157.269
157.287
157.347
157.315
157.324
157.357
157.308
157.321
157.345
157.346
157.303
157.28
157.286
157.333
157.416
157.371
157.414
157.351
157.407
157.399
157.298
157.363
157.317
157.207
157.296
157.269
157.219
157.415
157.366
157.334
157.366
157.351
157.247
157.392
157.302
157.333
157.175
157.209
157.277
157.401
157.177
157.173
157.214
157.351
157.285
157.311
157.253
157.34
157.258
157.314
157.231
157.21
157.273
157.242
157.302
157.176
157.256
157.253
157.229
157.26
157.261
157.312
157.184
157.212
157.217
157.148
157.157
157.241
157.244
157.265
157.207
157.21
157.119
157.213
157.235
157.144
157.26
157.216
157.2
157.228
157.162
157.186
157.205
157.149
157.107
157.068
157.264
157.25
157.174
157.274
157.169
157.233
157.237
157.162
157.233
157.203
157.224
157.369
157.157
157.199
157.242
157.302
157.26
157.228
157.236
157.217
157.244
157.234
157.172
157.288
157.263
157.242
157.266
157.178
157.339
157.234
157.204
157.167
157.252
157.218
157.207
157.187
157.238
157.079
157.234
157.192
157.209
157.216
157.155
157.144
157.23
157.192
157.194
157.168
157.265
157.261
157.378
157.217
157.273
157.425
157.167
157.197
157.156
157.328
157.18
157.242
157.236
157.369
157.269
157.167
157.161
157.253
157.262
157.315
157.368
157.266
157.311
157.345
157.323
157.218
157.279
157.326
157.268
157.2
157.331
157.292
157.261
157.347
157.313
157.266
157.241
157.178
157.206
157.222
157.215
157.202
157.251
157.215
157.324
157.225
157.23
157.172
157.177
157.355
157.239
157.228
157.274
157.279
157.293
157.363
157.244
157.349
157.255
157.367
157.292
157.33
157.199
157.359
157.201
157.228
157.354
157.236
157.31
157.241
157.235
157.299
157.258
157.191
157.208
157.196
157.374
157.298
157.198
157.252
157.173
157.204
157.308
157.177
157.216
157.308
157.223
157.224
157.329
157.106
157.29
157.215
157.174
157.304
157.164
157.191
157.15
157.275
157.225
157.179
157.221
157.171
157.18
157.184
157.192
157.168
157.187
157.152
157.282
157.255
157.265
157.166
157.244
157.213
157.233
157.187
157.278
157.198
157.305
157.214
157.172
157.162
157.189
157.173
157.189
157.158
157.125
157.279
157.262
157.173
157.064
157.206
157.231
157.142
157.195
157.225
157.12
157.241
157.206
157.221
157.2
157.208
157.22
157.164
157.187
157.216
157.247
157.205
157.231
157.317
157.336
157.229
157.919
157.284
157.221
157.224
157.259
157.329
157.383
157.258
157.249
157.345
157.3
157.335
157.28
157.32
157.333
157.19
157.291
157.262
157.198
157.265
157.239
157.341
157.284
157.238
157.356
157.271
157.248
157.211
157.296
157.286
157.35
157.301
157.383
157.304
157.248
157.24
157.275
157.119
157.269
157.262
157.345
157.274
157.11
157.248
157.214
157.233
157.235
157.166
157.251
157.313
157.27
157.246
157.243
157.31
157.197
157.284
157.305
157.284
157.141
157.208
157.26
157.179
157.249
157.336
157.224
157.192
157.303
157.258
157.305
157.29
157.153
157.195
157.275
157.169
157.203
157.148
157.192
157.141
157.181
157.248
157.225
157.276
157.153
157.301
157.198
157.22
157.158
157.181
157.17
157.169
157.199
157.153
157.203
157.237
157.3
157.282
157.209
157.323
157.153
157.287
157.214
157.16
157.148
157.191
157.093
157.415
157.194
157.212
157.257
157.234
157.191
157.187
157.17
157.168
157.245
157.125
157.121
157.219
157.127
157.149
157.206
157.249
157.151
157.21
157.131
157.177
157.27
157.274
157.156
157.458
157.204
157.259
157.255
157.19
157.161
157.191
157.177
157.142
157.24
157.139
157.255
157.209
157.273
157.203
157.245
157.086
157.108
157.147
157.192
157.28
157.218
157.192
157.241
157.202
157.183
157.206
157.185
157.186
157.138
157.247
157.209
157.232
157.146
157.213
157.197
157.239
157.224
157.346
157.129
157.236
157.217
157.219
157.228
157.273
157.225
157.147
157.284
157.195
157.161
157.165
157.299
157.232
157.279
157.236
157.23
157.253
157.224
157.3
157.208
157.295
157.286
157.262
157.209
157.204
157.178
157.082
157.129
157.277
157.239
157.238
157.334
157.176
157.302
157.228
157.335
157.149
157.145
157.193
157.253
157.217
157.142
157.214
157.245
157.14
157.18
157.103
157.196
157.234
157.232
157.097
157.174
157.206
157.172
157.145
157.145
157.187
157.173
157.213
157.173
157.119
157.18
157.287
157.158
157.244
157.247
157.223
157.156
157.21
157.197
157.104
157.169
157.223
157.103
157.23
157.227
157.194
157.241
157.168
157.225
157.272
157.205
157.167
157.259
157.115
157.127
157.206
157.179
157.136
157.192
157.187
157.265
157.131
157.169
157.227
157.273
157.313
157.157
157.181
157.119
157.088
157.149
157.199
157.123
157.269
157.304
157.213
157.231
157.22
157.255
157.183
157.186
157.072
157.248
157.197
157.216
157.182
157.213
157.072
157.184
157.192
157.229
157.179
157.203
157.098
157.238
157.101
157.256
157.219
157.233
157.281
157.205
157.305
157.228
157.112
157.224
157.143
157.158
157.222
157.108
157.33
157.21
157.233
157.204
157.151
157.278
157.152
157.284
157.266
157.246
157.168
157.221
157.31
157.149
157.172
157.209
157.19
157.302
157.236
157.286
157.347
157.297
157.185
157.255
157.321
157.231
157.241
157.286
157.295
157.197
157.233
157.193
157.197
157.304
157.195
157.26
157.254
157.334
157.262
157.243
157.192
157.288
157.285
157.146
157.225
157.335
157.199
157.333
157.288
157.193
157.237
157.225
157.172
157.189
157.172
157.17
157.27
157.278
157.271
157.389
157.186
157.335
157.298
157.189
157.201
157.229
157.234
157.21
157.329
157.274
157.217
157.294
157.281
157.311
157.203
157.193
157.212
157.163
157.295
157.227
157.225
157.396
157.36
157.349
157.179
157.331
157.266
157.323
157.267
157.299
157.255
157.451
157.278
157.284
157.209
157.227
157.255
157.287
157.305
157.194
157.223
157.143
157.337
157.233
157.261
157.241
157.273
157.352
157.319
157.315
157.2
157.262
157.185
157.196
157.246
157.232
157.221
157.257
157.265
157.107
157.244
157.187
157.247
157.179
157.292
157.305
157.551
157.195
157.277
157.268
157.254
157.258
157.182
157.261
157.267
157.301
157.389
157.324
157.302
157.204
157.294
157.298
157.275
157.336
157.318
157.273
157.361
157.273
157.294
157.305
157.36
157.407
157.405
157.362
157.344
157.357
157.352
157.304
157.284
157.296
157.372
157.313
157.396
157.306
157.365
157.326
157.28
157.284
157.25
157.381
157.293
157.304
157.211
157.298
157.257
157.293
157.399
157.318
157.359
157.237
157.326
157.328
157.389
157.27
157.436
157.187
157.314
157.331
157.258
157.237
157.301
157.31
157.221
157.374
157.365
157.32
157.208
157.265
157.231
157.207
157.399
157.255
157.252
157.2
157.307
157.293
157.316
157.23
157.198
157.331
157.134
157.281
157.24
157.238
157.273
157.2
157.146
157.186
157.354
157.194
157.24
157.142
157.283
157.147
157.202
157.229
157.295
157.326
157.225
157.253
157.241
157.186
157.254
157.121
157.223
157.271
157.322
157.265
157.205
157.245
157.297
157.204
157.182
157.201
157.151
157.209
157.219
157.166
157.211
157.276
157.255
157.211
157.209
157.245
157.26
157.226
157.171
157.394
157.283
157.176
157.286
157.263
157.255
157.325
157.327
157.336
157.287
157.312
157.357
157.316
157.269
157.464
157.273
157.279
157.434
157.303
157.308
157.356
157.363
157.263
157.408
157.517
157.366
157.45
157.402
157.307
157.304
157.314
157.421
157.268
157.32
157.258
157.376
157.224
157.358
157.293
157.318
157.221
157.342
157.344
157.433
157.343
157.312
157.288
157.204
157.234
157.373
157.331
157.277
157.326
157.237
157.37
157.257
157.27
157.245
157.274
157.38
157.277
157.258
157.298
157.25
157.245
157.222
157.34
157.236
157.197
157.322
157.271
157.188
157.267
157.33
157.248
157.256
157.325
157.204
157.264
157.221
157.308
157.26
157.28
157.265
157.283
157.327
157.252
157.274
157.227
157.174
157.3
157.275
157.337
157.283
157.241
157.236
157.187
157.233
157.221
157.281
157.229
157.237
157.306
157.314
157.208
157.217
157.314
157.219
157.193
157.213
157.317
157.236
157.125
157.189
157.216
157.272
157.176
157.153
157.255
157.16
157.229
157.117
157.229
157.156
157.201
157.179
157.203
157.202
157.311
157.225
157.249
157.288
157.188
157.108
157.234
157.199
157.224
157.117
157.248
157.217
157.286
157.254
157.133
157.22
157.232
157.22
157.323
157.119
157.212
157.186
157.21
157.181
157.199
157.245
157.13
157.338
157.26
157.228
157.264
157.156
157.208
157.211
157.303
157.197
157.347
157.205
157.247
157.287
157.276
157.156
157.225
157.187
157.264
157.216
157.174
157.23
157.345
157.306
157.263
157.209
157.203
157.156
157.166
157.208
157.267
157.231
157.378
157.23
157.258
157.2
157.148
157.17
157.279
157.21
157.231
157.235
157.209
157.167
157.225
157.162
157.269
157.134
157.167
157.195
157.135
157.183
157.185
157.295
157.162
157.231
157.317
157.23
157.232
157.101
157.136
157.262
157.175
157.228
157.287
157.089
157.207
157.18
157.283
157.167
157.231
157.143
157.179
157.159
157.207
157.154
157.164
157.161
157.281
157.17
157.239
157.161
157.192
157.156
157.178
157.199
157.295
157.211
157.206
157.182
157.222
157.221
157.208
157.221
157.207
157.207
157.197
157.209
