   1230
   4731
   8171
  12631
  14468
  18133
  21236
  25130
  28808
  32529
  35801
  38565
  41295
  45426
  46556
  50561
  55274
  58401
  61319
  65107
  69910
  72682
  77863
  79450
  80097
  85721
  90483
  92315
  94697
 100215
 105951
 106660
 110250
 113627
 114919
 119830
 125827
 130940
 132642
 136975
 135843
 141652
 146404
 147017
 151044
 154189
 157089
 164561
 164022
 168281
 169633
 175120
 182140
 182312
 189778
 191853
 194262
 198871
 198082
 204031
 210309
 209072
 209711
 218026
 218785
 223312
 228537
 235651
 232891
 237703
 243635
 245614
 249421
 250612
 257020
 256557
 264556
 262251
 270829
 275578
 270318
 281742
 281525
 285314
 294302
 295901
 294105
 301478
 302242
 305867
 319630
 314269
 316964
 324220
 325177
 327214
 327907
 331759
 339339
 343214
 342774
 346012
 356440
 360528
 360057
 363924
 369186
 378986
 373889
 380582
 376918
 387191
 397224
 394575
 402395
 395935
 404382
 406259
 410524
 414578
 419470
 430025
 427586
 429654
 429613
 433452
 435704
 443437
 449782
 448818
 448945
 459290
 461261
 460128
 470540
 473773
 463792
 482282
 480374
 486008
 484804
 492666
 494440
 495295
 497795
 507372
 504352
 519106
 510916
 516705
 521700
 527532
 524753
 535356
 535629
 532277
 539435
 541378
 547565
 552548
 548974
 565003
 560934
 555155
 570431
 571210
 576344
 587193
 581625
 585460
 591074
 594774
 599682
 601359
 610921
 601759
 610218
 618382
 618340
 625815
 630426
 638061
 634048
 638451
 643176
 646630
 645450
 648904
 653044
 655154
 657585
 667259
 666546
 667421
 678421
 684511
 677107
 682297
 679510
 694813
 684544
 700893
 704234
 706037
 707188
 713165
 711530
 722702
 724719
 731238
 729642
 734131
 733043
 736658
 734647
 741247
 740541
 748880
 762672
 755696
 756654
 760896
 763471
 763810
 767942
 784551
 776473
 771713
 786265
 787480
 792036
 799635
 798830
 805251
 797821
 804171
 808671
 810436
 815503
 817718
 828611
 819444
 822337
 828907
 839085
 840711
 843186
 846685
 854344
 853627
 859058
 861846
 864716
 858249
 875615
 867585
 874644
 885451
 882211
 889585
 891755
 892291
 898759
 895591
 908816
 917651
 917924
 913037
 932310
 921200
 927942
 929418
 934801
 934631
 936348
 939931
 947512
 947128
 951794
 949594
 959448
 953759
 963471
 965608
 962553
 970488
 964538
 981063
 985574
 983878
 993212
 994462
 995365
 999278
1008992
1002344
1011412
1005508
1014358
1023363
1032625
1022520
1032971
1032894
1033333
1036869
1045777
1042488
1052266
1056726
1058039
1062942
1064024
1060847
1067805
1073309
1069569
1080921
1076980
1088214
1087395
1089172
1090308
1097275
1096014
1101337
1100951
1108978
1111852
1117507
1119817
1125340
1129916
1128704
1136998
1142068
1136710
1132126
1142071
1157274
1150039
1152218
1156523
1164112
1162728
1170153
1171379
1166874
1186262
1174924
1177542
1193694
1201422
1200232
1201203
1207239
1211522
1218330
1209213
1223043
1216070
1222042
1222651
1233282
1234222
1232777
1239369
1246929
1249402
1252865
1259733
1266843
1259211
1264417
1270676
1270772
1272846
1278315
1292778
1285309
1297824
1305893
1311844
1294633
1304249
1300173
1322283
1314634
1314494
1332165
1316863
1321635
1329009
1339571
1344313
1338552
1351632
1338875
1342512
1351027
1354498
1349306
1357106
1358086
1359819
1365105
1369768
1368801
1375464
1375569
1382871
1377953
1386766
1385294
1395033
1390458
1399711
1401003
1405714
1397200
1400527
1416021
1419676
1408405
1425184
1411279
1419542
1427120
1426446
1429881
1432601
1435215
1434581
1435980
1449783
1462585
1463503
1466657
1473281
1471176
1477370
1471449
1479548
1475686
1494881
1490810
1495246
1501027
1503081
1511338
1511836
1512379
1516896
1527907
1515969
1533907
1523607
1534486
1537435
1539380
1543929
1543579
1546614
1550504
1551278
1540463
1563612
1566504
1576518
1568750
1571415
1576976
1578318
1587730
1574789
1589943
1591564
1592450
1588454
1601343
1611808
1618332
1605692
1613375
1626790
1619790
1612444
1626899
1637914
1632249
1633514
1630421
1648921
1636144
1649790
1647744
1647814
1667744
1662796
1665111
1685020
1678591
1684152
1689514
1692877
1687415
1698827
1706301
1709705
1704864
1701503
1705210
1716424
1713110
1712019
1721269
1732884
1744292
1732364
1748248
1749835
1747789
1739518
1749240
1753098
1766937
1766577
1760852
1768208
1779655
1772652
1773929
1782320
1787618
1786208
1804856
1787843
1812508
1797212
1806074
1808302
1807591
1805728
1815352
1817333
1831293
1821178
1834777
1830736
1829195
1840181
1843198
1841013
1853944
1859308
1855651
1860105
1852563
1875104
1862281
1859910
1877713
1878045
1885080
1887388
1878076
1890124
1883524
1894084
1900053
1896623
1899135
1894022
1914784
1909112
1911369
1913584
1916189
1933371
1914447
1929941
1908558
1922881
1940173
1932370
1935515
1952238
1948865
1949762
1938040
1963341
1959867
1967890
1975632
1967559
1972904
1980213
1969712
1979549
1985142
1996018
1999279
2003855
1996208
1992257
2000768
2007601
2009477
1999003
2028750
2029112
2022944
2025915
2040771
2040601
2037781
2024621
2032745
2055400
2060974
2057719
2053723
2053328
2067480
2070488
2062483
2087007
2071165
2088980
2088162
2093992
2103788
2082881
2102515
2095578
2097060
2102458
2114361
2113835
2125990
2123887
2123430
2126040
2123612
2121937
2132028
2135056
2145722
2154571
2152363
2147117
2145760
2166176
2154873
2155995
2162945
2163151
2160672
2170151
2163329
2159842
2180701
2180605
2187049
2187128
2197641
2222845
2205608
2211921
2217796
2215671
2223915
2222698
2222366
2241209
2243515
2246965
2242609
2253778
2246792
2262965
2267342
2261168
2260724
2259738
2265474
2263368
2262901
2276933
2284129
2286863
2297542
2296706
2298919
2298210
2307169
2303659
2311661
2315978
2293000
2319930
2317058
2319321
2318753
2319334
2328246
2323383
2325439
2349359
2337001
2345250
2356847
2360579
2356492
2358846
2359083
2361220
2357787
2372634
2371868
2374606
2373442
2390410
2384740
2396809
2379644
2375619
2395795
2394264
2384628
2406655
2414307
2414480
2400574
2412656
2415011
2431244
2415983
2416012
2413792
2418955
2423940
2452268
2445842
2453009
2444763
2450728
2471583
2473941
2461264
2459071
2466040
2465671
2456485
2459075
2475652
2485679
2482523
2473561
2498611
2496054
2504932
2507373
2495207
2507952
2513652
2509549
2507454
2513984
2488101
2515579
2515076
2526215
2529194
2508506
2537686
2535022
2533850
2543445
2541824
2535231
2537779
2538377
2544598
2547477
2535761
2562111
2542953
2564607
2580546
2571819
2573608
2570623
2586471
2572631
2583991
2586696
2593201
2597152
2581849
2611197
2592860
2603561
2601157
2597334
2602842
2609762
2619568
2622838
2618271
2607329
2627067
2632783
2630504
2646381
2642785
2652450
2647264
2640465
2642023
2645346
2658416
2643824
2660495
2673273
2676494
2670850
2665577
2666689
2687028
2682933
2670634
2668722
2674317
2689449
2690825
2704625
2698979
2694501
2705748
2712735
2709279
2699704
2715293
2723470
2719422
2733044
2723139
2738235
2728694
2702970
2749359
2739768
2748572
2740229
2752126
2751599
2748430
2787100
2765682
2780177
2754158
2773588
2776375
2783692
2781181
2782930
2810622
2797887
2786468
2798299
2811765
2812622
2825724
2808126
2802146
2802456
2824035
2825638
2836751
2841118
2813197
2844516
2820486
2851956
2840616
2855015
2867369
2867198
2849955
2845481
2864257
2854626
2858044
2862548
2874661
2844290
2852052
2872003
2868658
2870172
2870129
2880290
2894150
2870560
2897897
2888989
2901121
2889618
2909855
2900992
2897861
2908205
2897947
2899272
2902335
2899617
2917022
2925799
2929422
2920125
2930868
2926753
2934667
2933107
2931041
2939326
2934942
2942199
2945825
2965224
2950689
2962122
2959830
2948252
2976799
2978332
2976487
2994646
2976147
2991129
2983574
2971774
2996497
2985770
3002949
2989839
2994796
3011095
2986687
2985031
2994625
3008090
3001793
3009397
3012563
3011758
3008994
3018453
3014577
3019782
3015420
3004721
3029851
3041191
3034263
3045456
3029145
3041354
3035157
3038277
3054043
3052542
3050332
3048353
3084103
3070143
3073453
3073744
3079622
3064883
3063041
3062711
3070086
3073719
3093680
3070223
3078627
3082766
3080462
3091917
3110739
3085903
3094507
3103613
3106708
3103985
3104091
3117283
3116747
3117738
3104684
3102863
3112235
3110058
3116888
3095928
3115044
3135282
3108364
3116537
3107457
3117937
3114941
3115527
3115923
3119114
3125442
3120749
3134384
3113523
3146085
3122948
3146591
3131789
3138864
3145619
3132048
3134551
3124073
3118534
3143958
3131395
3149592
3132556
3151633
3126601
3143224
3148739
3139374
3152371
3145922
3134241
3143929
3143240
3146834
3142927
3153625
3150385
3155158
3155142
3141806
3162487
3160532
3155687
3167311
3148948
3169223
3156880
3159598
3155521
3157041
3179847
3151920
3153835
3165843
3170737
3153486
3152584
3170976
3177338
3166709
3169736
3159532
3162220
3156844
3166011
3178978
3171323
3176594
3187311
3158986
3160964
3178921
3178388
3185714
3164058
3162246
3179561
3189235
3176942
3176912
3183331
3183630
3171152
3165759
3174388
3188123
3174729
3171034
3185470
3166038
3198493
3177389
3177745
3184715
3178520
3186144
3186472
3174205
3179091
3183599
3178567
3173657
3183114
3159353
3173812
3166376
3164023
3175567
3153809
3168954
3190594
3175314
3168165
3173913
3167934
3168450
3163608
3173496
3178289
3167245
3138362
3150792
3158356
3155710
3155194
3155533
3158020
3163971
3153506
3160447
3149566
3171885
3162800
3162567
3153724
3162637
3161829
3152414
3143895
3157521
3144567
3148129
3157276
3153458
3141391
3155231
3142085
3141054
3146200
3136521
3129140
3149970
3132004
3128869
3116699
3121741
3116684
3122636
3120949
3114254
3116051
3112093
3115121
3116395
3097716
3109897
3092374
3102558
3106691
3089331
3094049
3099533
3089245
3084108
3070391
3079503
3076225
3068337
3073830
3080306
3077956
3073419
3082386
3054600
3077626
3066927
3056125
3056904
3048311
3039560
3049702
3038509
3047019
3054934
3034274
3015039
3051626
3036707
3021862
3026739
3009514
3020434
3002852
2998108
2992868
2994330
2994547
3008068
2978032
3009443
2992972
2979239
2973471
2969223
2969697
2975963
2957657
2971437
2970048
2960241
2950615
2955706
2947089
2948186
2932397
2933049
2921638
2924109
2928940
2913178
2914223
2907420
2905365
2903010
2888807
2888581
2881056
2882192
2862353
2874106
2869295
2868632
2861855
2850570
2866370
2856549
2856679
2841272
2846740
2840153
2825459
2822404
2824043
2831723
2825886
2801151
2794689
2808050
2804668
2804948
2791831
2786823
2789426
2785256
2790017
2770479
2767788
2751670
2754105
2756249
2743979
2750989
2736104
2723362
2733304
2715509
2709057
2713975
2717568
2719196
2707739
2703668
2700980
2691767
2682032
2682305
2680445
2660904
2666682
2661862
2657855
2653455
2648882
2644464
2629875
2632427
2620899
2615657
2613994
2610473
2599269
2606428
2586507
2576490
2591902
2598148
2569452
2551606
2562131
2561953
2557598
2559780
2552109
2551542
2528963
2518046
2519577
2507440
2493982
2508372
2493991
2486099
2480730
2474196
2470123
2463355
2458798
2457116
2458175
2438113
2439808
2423755
2434482
2417683
2416937
2408438
2414707
2422715
2397437
2392404
2397469
2387729
2379676
2373478
2363315
2358463
2352995
2343604
2338458
2331274
2334884
2315466
2298203
2302122
2282987
2294199
2297848
2286172
2285672
2282747
2274985
2274812
2260082
2259905
2251291
2249220
2239301
2223897
2212171
2224378
2207572
2215187
2207941
2202365
2186951
2183290
2169484
2176993
2180580
2152476
2169285
2149503
2141507
2154091
2132105
2122026
2118073
2108558
2124531
2107914
2094612
2092692
2092265
2068743
2070296
2070709
2056361
2046180
2033399
2034092
2018794
2028558
2025775
1996373
1994791
1999651
1998059
1979897
1972997
1968401
1966737
1965177
1955902
1944208
1938883
1940059
1938250
1917790
1913974
1893802
1901229
1901133
1894803
1885584
1890932
1876440
1860422
1877097
1860038
1846238
1859724
1841462
1836179
1826760
1811516
1812734
1805132
1802891
1812698
1787513
1776145
1778270
1787361
1772903
1762117
1747626
1740847
1736195
1739156
1721600
1727913
1710095
1699915
1694475
1693376
1691600
1679198
1667149
1662634
1657181
1657131
1659000
1653442
1625871
1628319
1609617
1611844
1611442
1600597
1592886
1586722
1581099
1577369
1573499
1554090
1552739
1552922
1552902
1547503
1547748
1522412
1525760
1512227
1517927
1513889
1495187
1502138
1482472
1473238
1468470
1463201
1462008
1447272
1445365
1441745
1428833
1435562
1417175
1404952
1398752
1389378
1386040
1388519
1376406
1372372
1364286
1360006
1355137
1357317
1337026
1323946
1333559
1315278
1316178
1317723
1301498
1288661
1287498
1287452
1276056
1274754
1260234
1258877
1248984
1256435
1240154
1234968
1237792
1230511
1221499
1206878
1214753
1199687
1196048
1187148
1187312
1182563
1177328
1166822
1149951
1162260
1159137
1152460
1158816
1138163
1130252
1131378
1127233
1124304
1123189
1106833
1098037
1095929
1091025
1080169
1080941
1078634
1065057
1058832
1047470
1046447
1045784
1036387
1034454
1025361
1024767
1014548
1003652
1006309
1002752
 991662
 991093
 981642
 974354
 973852
 973511
 964010
 963757
 951644
 937696
 944462
 934546
 923562
 921323
 927612
 925832
 913924
 896746
 917414
 905194
 896844
 882413
 886132
 882842
 877346
 872276
 871556
 860439
 853610
 844900
 854150
 836641
 833478
 824036
 825045
 817953
 811195
 810639
 792952
 806548
 795111
 793342
 794757
 782538
 776567
 769113
 771185
 762886
 762225
 756672
 751327
 747682
 741172
 739742
 728100
 733572
 731106
 715728
 722261
 713560
 712792
 705934
 703210
 689170
 690831
 680417
 679815
 672419
 672336
 668088
 659977
 653649
 657572
 649261
 650389
 635850
 637626
 636043
 630608
 625562
 620038
 623451
 616598
 612665
 601454
 605437
 599374
 591600
 592015
 586590
 583262
 580657
 578086
 572483
 575278
 568484
 564506
 558116
 559688
 554903
 546356
 542664
 538682
 536460
 534245
 540116
 519281
 527449
 515816
 517849
 514612
 506084
 508819
 496476
 505146
 501307
 496079
 491313
 487661
 483318
 475620
 478949
 470454
 464495
 463837
 463789
 460787
 460035
 454198
 447487
 446339
 445090
 448810
 441423
 433564
 433948
 421716
 422030
 421134
 416483
 414762
 411088
 408383
 409590
 402011
 401766
 399736
 389500
 396172
 390709
 382540
 387341
 376023
 380380
 372426
 372327
 368817
 367242
 363398
 355761
 358819
 357302
 352985
 352004
 348418
 347039
 342551
 340401
 336660
 330458
 326439
 329345
 326437
 322504
 318640
 317692
 307180
 312813
 309110
 306811
 307339
 301409
 297129
 294534
 294486
 292590
 291836
 289047
 283397
 283075
 281166
 278320
 275633
 267267
 268785
 273480
 265430
 261143
 263813
 256778
 259665
 251834
 254734
 254712
 249480
 249946
 239699
 244358
 242730
 242805
 239583
 239926
 233556
 231027
 229617
 228814
 223781
 225671
 225886
 221156
 217846
 215718
 217579
 213750
 212776
 212064
 209346
 202974
 200393
 199579
 196932
 198386
 195704
 202850
 195878
 192817
 192044
 192768
 185410
 187751
 187489
 181853
 183619
 176350
 179401
 175052
 174264
 176127
 171677
 171943
 169148
 169549
 162954
 167155
 160868
 163929
 160051
 156121
 152567
 159226
 151981
 153550
 151073
 149046
 152243
 148641
 147545
 144823
 142719
 143750
 141613
 139909
 140641
 134566
 137755
 135045
 135301
 134416
 132359
 130982
 132209
 127589
 126656
 121469
 126400
 125168
 122918
 122759
 122736
 120946
 116737
 118306
 117518
 114171
 114852
 113852
 114351
 113230
 111835
 110170
 112897
 104475
 106634
 107612
 103392
 104414
 103107
 104512
 101210
  97710
  96371
  98531
  94669
  96160
  94609
  93046
  90340
  90733
  92694
  91532
  89509
  85628
  86352
  86543
  86329
  83583
  84318
  81326
  83102
  81869
  83053
  81406
  80565
  77705
  78354
  77258
  78430
  79167
  74895
  75534
  77335
  74560
  69826
  75540
  68500
  70590
  70254
  68401
  66878
  64347
  65794
  65787
  65422
  63733
  62515
  63329
  61609
  60183
  63787
  62133
  58517
  58634
  57734
  58455
  57928
  56958
  54402
  55504
  55881
  54421
  53038
  53355
  53530
  53011
  48823
  52190
  52453
  48860
  50814
  48923
  50742
  48114
  45883
  46990
  47469
  47186
  44300
  46097
  46613
  43280
  45527
  43184
  41761
  42386
  43982
  41781
  43874
  41129
  41535
  41674
  41268
  41862
  40487
  39068
  39615
  38157
  37462
  36533
  36793
  36786
  35836
  36791
  35486
  34613
  35255
  33438
  33153
  33880
  33166
  31479
  30614
  32004
  30699
  31876
  30271
  30034
  29414
  30165
  28816
  28811
  27183
  27884
  27888
  29849
  26100
  27979
  27340
  26117
  26606
  27176
  25476
  25543
  25770
  24543
  25538
  24411
  24513
  24167
  25476
  22669
  22740
  24297
  22881
  22215
  23855
  24628
  22570
  21591
  21884
  21325
  21794
  22245
  20724
  21316
  19422
  20938
  20436
  19794
  20068
  19950
  19304
  20396
  20018
  18190
  17753
  18447
  17904
  17163
  18999
  17828
  17349
  17007
  16642
  16785
  16000
  16615
  15990
  16645
  16233
  15240
  15792
  14487
  15558
  14480
  15291
  13581
  13878
  13304
  13336
  12926
  13239
  12492
  12311
  13383
  11557
  12101
  13065
  12921
  12494
  11273
  11609
  11344
  11537
  11450
  11657
  11409
  10785
  11648
  11101
  10096
  10440
  10467
  11646
   9726
  10760
   9981
   9835
   9747
   8975
   9209
   9085
   8490
   8131
   9725
   8981
   9029
   8491
   8561
   9056
   8568
   8436
   7867
   8073
   7771
   7760
   7786
   8370
   7481
   7777
   7721
   7956
   7575
   6652
   6825
   6707
   6702
   5738
   5760
   7592
   6116
   5927
   6382
   6244
   6377
   6230
   5907
   6633
   5662
   6137
   5153
   5735
   4909
   5367
   4933
   4930
   5384
   4520
   5191
   5449
   4834
   5439
   4494
   5271
   5127
   4596
   4431
   4233
   4351
   4450
   4404
   4394
   4312
   4336
   4706
   4322
   4374
   4062
   4530
   4139
   4346
   3695
   3104
   4073
   4116
   3576
   3673
   4194
   3533
   3934
   3784
   3414
   4164
   3818
   3153
   3096
   3037
   3393
   3418
   2990
   3486
   2932
   2905
   2957
   2829
   3544
   2732
   3039
   3119
   2443
   2739
   2656
   3205
   2737
   2409
   2627
   1964
   2681
   2752
   2137
   2349
   2457
   2214
   2613
   2314
   1873
   2522
   1829
   2500
   2231
   2140
   1844
   2590
   2070
   2151
   2017
   2062
   1554
   2287
   2011
   2057
   1981
   1707
   1779
   1862
   1481
   1524
   1744
   1757
   1251
   1948
   1789
   1944
   1524
   1078
   1807
   1400
   1557
   1359
   1261
    998
   1225
    960
    936
   1354
   1135
   1059
   1012
   1067
   1047
   1092
    789
    821
   1170
   1306
   1148
   1330
   1141
    938
   1025
    809
    812
    843
    792
    867
   1103
    890
    842
    765
    764
    663
    761
    746
    834
   1143
    810
    510
    843
    645
    789
    438
    673
    909
    728
    714
    533
    485
    489
    696
    589
    591
    500
    572
    535
    573
    706
    470
    484
    410
    646
    562
    362
    439
    602
    528
    319
    247
    492
    469
    451
    432
    542
    418
    421
    409
    397
    442
    417
    511
    481
    592
    544
    432
    380
    354
    346
    611
    338
    385
    255
    372
    310
    468
    471
    314
    475
    251
    327
    313
    379
    235
    633
    288
    171
    319
    453
    461
    332
    459
    334
    347
    264
    246
    373
    294
    219
    240
    199
    329
    180
    269
    172
    351
    337
    241
    312
    255
    236
    266
    271
    110
    109
    102
    152
     88
    169
     90
     55
    182
    100
     60
    186
    162
     60
    156
    160
     91
    275
    149
    102
     89
     29
    100
    154
     29
    116
     20
    219
    128
    136
     70
    140
     31
     56
    250
    128
     88
     67
     92
    145
     10
    121
     21
    110
     51
    107
    112
     91
    174
    135
     55
    105
     55
    154
     71
     51
    118
    149
     98
     94
     22
     78
     69
     63
     92
     32
     48
     29
     20
     33
     96
     82
     89
     28
    103
     89
     90
      9
     20
     23
     36
     65
    164
     49
     35
     65
     47
     74
     43
    105
    196
     63
      1
     18
     27
     53
     43
     35
    151
     61
     39
     51
     84
     12
     98
      6
     36
     57
     12
     51
    123
     12
     33
     12
     45
     46
     24
      0
     44
      3
      2
      0
      5
      0
     12
      0
      4
      0
      0
      0
      0
      0
      0
      0
      0
      0
      0
      0
      0
      0
      0
      0
      0
      0
      0
      0
      0
      0
      0
      0
      0
      0
      0
      0
      0
      0
      0
      0
      0
      0
      0
      0
      0
      0
      0
      0
      0
      0
      0
      0
      0
      0
      0
      0
      0
      0
      0
      0
      0
      0
      0
      0
      0
      0
      0
      0
      0
      0
      0
      0
      0
      0
      0
      0
      0
      0
      0
      0
      0
      0
      0
      0
      0
      0
      0
      0
      0
      0
      0
      0
      0
      0
      0
      0
      0
      0
      0
      0
      0
      0
      0
      0
      0
      0
      0
      0
      0
      0
      0
      0
      0
      0
      0
      0
      0
      0
      0
      0
      0
      0
      0
      0
      0
      0
      0
      0
      0
      0
      0
      0
      0
      0
      0
      0
      0
      0
      0
      0
      0
      0
      0
      0
      0
      0
      0
      0
      0
      0
      0
      0
      0
      0
      0
      0
      0
      0
      0
      0
      0
      0
      0
      0
      0
      0
      0
      0
      0
      0
      0
      0
      0
      0
      0
      0
      0
      0
      0
      0
      0
      0
      0
      0
      0
      0
      0
      0
      0
      0
      0
      0
      0
      0
      0
      0
      0
      0
      0
      0
      0
      0
      0
      0
      0
      0
      0
      0
      0
      0
      0
      0
      0
      0
      0
      0
      0
      0
      0
      0
      0
      0
      0
      0
      0
      0
      0
      0
      0
      0
      0
      0
      0
      0
      0
      0
      0
      0
      0
      0
      0
      0
      0
      0
      0
      0
      0
      0
      0
      0
      0
      0
      0
      0
      0
      0
      0
      0
      0
      0
      0
      0
      0
      0
      0
      0
      0
      0
      0
      0
      0
      0
      0
      0
      0
      0
      0
      0
      0
      0
      0
      0
      0
      0
      0
      0
      0
      0
      0
      0
      0
      0
      0
      0
      0
      0
      0
      0
      0
      0
      0
      0
      0
      0
      0
      0
      0
      0
      0
      0
      0
      0
      0
      0
      0
      0
      0
      0
      0
      0
      0
      0
      0
      0
      0
      0
      0
      0
      0
      0
      0
      0
      0
      0
      0
      0
      0
      0
      0
      0
      0
      0
      0
      0
      0
      0
      0
      0
      0
      0
      0
      0
      0
      0
      0
      0
      0
      0
      0
      0
      0
      0
      0
      0
      0
      0
      0
      0
      0
      0
      0
      0
      0
      0
      0
      0
      0
      0
      0
      0
      0
      0
      0
      0
      0
      0
      0
      0
      0
      0
      0
      0
      0
      0
      0
      0
      0
      0
      0
      0
      0
      0
      0
      0
      0
      0
      0
      0
      0
      0
      0
      0
      0
      0
      0
      0
      0
      0
      0
      0
      0
      0
      0
      0
      0
      0
      0
      0
      0
      0
      0
      0
      0
      0
      0
      0
      0
      0
      0
      0
      0
      0
      0
      0
      0
      0
      0
      0
      0
      0
      0
      0
      0
      0
      0
      0
      0
      0
      0
      0
      0
      0
      0
      0
      0
      0
      0
      0
      0
      0
      0
      0
      0
      0
      0
      0
      0
      0
      0
      0
      0
      0
      0
      0
      0
      0
      0
      0
      0
      0
      0
