13.6591
13.2451
13.3921
13.7443
13.5591
13.0234
12.7411
12.5869
12.4939
12.4155
12.3839
12.3611
12.4038
12.4603
12.536
12.5291
12.5425
12.4715
12.4389
12.3892
12.3466
12.3414
12.3206
12.3125
12.3081
12.2942
12.2954
12.3027
12.2873
12.2965
12.3015
12.2872
12.2988
12.3093
12.2839
12.2877
12.2848
12.2864
12.293
12.2868
12.2837
12.2788
12.2812
12.2784
12.276
12.2628
12.2732
12.2665
12.2585
12.2636
12.2742
12.271
12.2678
12.2615
12.257
12.2552
12.2688
12.2633
12.2681
12.2665
12.2602
12.2638
12.2632
12.2733
12.2615
12.2663
12.2592
12.2412
12.2654
12.2621
12.2574
12.2583
12.2584
12.2683
12.2592
12.255
12.2543
12.26
12.2607
12.2634
12.2529
12.2639
12.2567
12.2525
12.2542
12.2651
12.2682
12.2597
12.257
12.2564
12.2522
12.2618
12.2535
12.2567
12.2626
12.2668
12.2609
12.2606
12.2485
12.252
12.2449
12.2576
12.2603
12.2478
12.2629
12.2494
12.2608
12.2657
12.2577
12.2547
12.2557
12.2527
12.2564
12.2511
12.2524
12.2538
12.2639
12.2532
12.2571
12.2634
12.2618
12.2481
12.2553
12.2665
12.2468
12.2583
12.2555
12.256
12.2513
12.2536
12.2448
12.2532
12.2563
12.2501
12.2513
12.2546
12.2588
12.2472
12.2468
12.253
12.2543
12.2536
12.2577
12.2549
12.2482
12.2553
12.2545
12.2417
12.2524
12.2486
12.2544
12.2492
12.2505
12.2435
12.259
12.2501
12.2551
12.2668
12.2367
12.2468
12.2538
12.2435
12.244
12.2552
12.2443
12.2679
12.2388
12.2413
12.253
12.2463
12.2578
12.2419
12.2559
12.2508
12.2583
12.2409
12.2481
12.2442
12.2476
12.2588
12.2555
12.253
12.2636
12.248
12.259
12.2525
12.2505
12.2531
12.2578
12.241
12.2596
12.2511
12.2447
12.2511
12.2539
12.2497
12.2689
12.2495
12.2563
12.2401
12.2488
12.25
12.2505
12.2521
12.2476
12.2521
12.2499
12.2459
12.2582
12.2469
12.2505
12.2469
12.2471
12.2589
12.2505
12.2506
12.2526
12.2459
12.2621
12.2545
12.246
12.2525
12.2492
12.2439
12.245
12.2532
12.2435
12.237
12.2477
12.2602
12.2427
12.2497
12.2358
12.2295
12.2462
12.2464
12.2496
12.2356
12.242
12.2447
12.2355
12.2403
12.2421
12.2494
12.2487
12.2505
12.2553
12.2483
12.2481
12.2507
12.2437
12.2547
12.2491
12.2452
12.2394
12.2478
12.25
12.2546
12.2441
12.2513
12.2525
12.2492
12.2472
12.2435
12.2473
12.2489
12.2565
12.2467
12.2496
12.2399
12.2517
12.251
12.2623
12.2466
12.2425
12.2387
12.2471
12.2583
12.2489
12.2467
12.2487
12.2468
12.2499
12.2478
12.2448
12.2495
12.246
12.251
12.2548
12.2525
12.2605
12.2461
12.2595
12.2539
12.2436
12.2534
12.2518
12.2643
12.2477
12.2508
12.2517
12.2463
12.2493
12.2589
12.2513
12.2472
12.2514
12.2517
12.253
12.2552
12.256
12.2543
12.25
12.2413
12.2534
12.2586
12.2565
12.2476
12.2444
12.2394
12.2529
12.2536
12.2537
12.2471
12.2641
12.2492
12.2503
12.2618
12.2495
12.2522
12.2459
12.2504
12.2575
12.2547
12.2435
12.2365
12.251
12.2469
12.2494
12.2534
12.2558
12.2484
12.2411
12.2446
12.2486
12.2511
12.2526
12.246
12.2436
12.2527
12.2646
12.2434
12.2673
12.2397
12.2598
12.2615
12.2424
12.2605
12.2681
12.2582
12.2526
12.2539
12.2458
12.2461
12.2423
12.2467
12.2622
12.2451
12.2462
12.2578
12.2517
12.2522
12.2371
12.246
12.2505
12.2514
12.2523
12.2508
12.2474
12.2447
12.263
12.2568
12.2617
12.2507
12.259
12.2561
12.2548
12.2515
12.2374
12.2423
12.2458
12.2553
12.245
12.2534
12.2487
12.2515
12.2531
12.2459
12.2657
12.2496
12.2492
12.2562
12.2544
12.248
12.2453
12.2383
12.249
12.2592
12.256
12.2483
12.2605
12.2379
12.2583
12.2501
12.2557
12.2512
12.2465
12.2662
12.261
12.2658
12.2491
12.259
12.2508
12.2636
12.2495
12.2561
12.2477
12.2509
12.247
12.2502
12.252
12.2617
12.2599
12.2622
12.2478
12.2708
12.2622
12.2618
12.2658
12.2615
12.2667
12.2613
12.2535
12.2492
12.2623
12.247
12.2661
12.2667
12.2567
12.2544
12.241
12.2585
12.2574
12.2675
12.2522
12.2484
12.2529
12.2541
12.2515
12.257
12.2609
12.2506
12.2502
12.2688
12.2615
12.2626
12.2586
12.2464
12.2637
12.2528
12.2618
12.2604
12.2581
12.2733
12.2587
12.2718
12.2746
12.2484
12.2572
12.2743
12.2557
12.2567
12.252
12.2586
12.2693
12.2527
12.2611
12.2713
12.2665
12.2627
12.2643
12.2474
12.2514
12.2677
12.2546
12.2546
12.2594
12.2587
12.256
12.2783
12.247
12.2564
12.265
12.2731
12.254
12.2623
12.2541
12.2659
12.262
12.2549
12.2633
12.2474
12.263
12.2569
12.2582
12.2409
12.2525
12.2533
12.2491
12.2518
12.2534
12.248
12.2658
12.2618
12.2574
12.2518
12.2419
12.2535
12.2666
12.2627
12.2487
12.2602
12.254
12.2562
12.2468
12.2547
12.2447
12.2662
12.2435
12.2525
12.2651
12.2595
12.2644
12.2641
12.2407
12.2655
12.2586
12.2586
12.2612
12.2578
12.2534
12.2517
12.2456
12.2608
12.25
12.2454
12.2524
12.2676
12.2562
12.252
12.2652
12.2479
12.2446
12.2638
12.2565
12.2401
12.2585
12.2494
12.2542
12.2369
12.2509
12.2422
12.2453
12.2571
12.2559
12.2459
12.2389
12.2483
12.2377
12.2378
12.2526
12.2494
12.2493
12.2476
12.2545
12.2485
12.2585
12.2562
12.2605
12.2625
12.2686
12.2524
12.2571
12.2661
12.2519
12.2495
12.2488
12.2513
12.2484
12.2621
12.2482
12.2377
12.2463
12.2367
12.2563
12.2627
12.2452
12.2523
12.2534
12.2436
12.2571
12.2519
12.2589
12.2513
12.2554
12.2516
12.2479
12.2606
12.2648
12.2623
12.2481
12.2621
12.2506
12.2551
12.2466
12.26
12.2578
12.2677
12.2485
12.2565
12.2465
12.2365
12.2562
12.2377
12.2553
12.2402
12.2501
12.2468
12.2547
12.2595
12.248
12.2531
12.2464
12.2523
12.2503
12.2729
12.2519
12.2518
12.26
12.2565
12.2517
12.2597
12.2507
12.2592
12.2586
12.2681
12.2477
12.2475
12.2462
12.2374
12.264
12.2595
12.2558
12.2537
12.2497
12.2494
12.2657
12.2627
12.2617
12.2527
12.2546
12.2482
12.2537
12.2559
12.2424
12.2608
12.2708
12.2526
12.2553
12.2659
12.2681
12.2665
12.2534
12.2594
12.2644
12.2521
12.2479
12.2588
12.2515
12.2553
12.2492
12.2507
12.2566
12.2468
12.2459
12.2642
12.2504
12.2696
12.2549
12.2601
12.2402
12.2542
12.2508
12.2592
12.2394
12.2536
12.2536
12.2797
12.2771
12.2778
12.2533
12.2552
12.2548
12.2604
12.2736
12.2648
12.2619
12.2536
12.2509
12.248
12.2629
12.259
12.2595
12.2743
12.2577
12.2662
12.2548
12.2494
12.267
12.2544
12.2436
12.2566
12.2703
12.245
12.2685
12.2603
12.246
12.2743
12.2583
12.2721
12.259
12.2655
12.27
12.2592
12.255
12.2589
12.2552
12.2509
12.2604
12.2614
12.2553
12.2506
12.2553
12.2541
12.2497
12.2497
12.2628
12.2609
12.2512
12.2585
12.2528
12.2497
12.254
12.2658
12.2566
12.2437
12.2557
12.2479
12.2579
12.2765
12.2577
12.2584
12.2595
12.2633
12.2547
12.2623
12.2555
12.2463
12.2429
12.2455
12.2436
12.2551
12.267
12.2482
12.2528
12.2543
12.2587
12.2559
12.2493
12.2536
12.2533
12.2669
12.2583
12.2522
12.2596
12.2653
12.2601
12.2468
12.2589
12.268
12.256
12.2496
12.2693
12.2643
12.2416
12.2535
12.2548
12.2571
12.2407
12.2633
12.2699
12.2663
12.2706
12.2644
12.2658
12.2432
12.2529
12.2546
12.2499
12.2592
12.2681
12.2613
12.2596
12.2687
12.2603
12.2623
12.2695
12.2638
12.274
12.2753
12.2588
12.2432
12.2757
12.2535
12.2727
12.2629
12.2587
12.2476
12.2519
12.2394
12.2528
12.2728
12.2617
12.2531
12.2567
12.2472
12.2614
12.265
12.2687
12.2517
12.2613
12.2617
12.2514
12.2592
12.2511
12.2489
12.258
12.2568
12.2558
12.2542
12.2545
12.2496
12.2509
12.2582
12.2648
12.2493
12.2548
12.255
12.265
12.2625
12.2603
12.2574
12.2477
12.2566
12.2709
12.2563
12.2485
12.2608
12.2404
12.2625
12.2527
12.2566
12.2558
12.2608
12.2509
12.2522
12.2603
12.2624
12.2528
12.2377
12.2691
12.257
12.2494
12.2482
12.263
12.2496
12.2623
12.2647
12.262
12.255
12.2646
12.2502
12.2662
12.2545
12.2516
12.2568
12.2547
12.2643
12.2885
12.2703
12.2508
12.2534
12.263
12.2604
12.2542
12.2566
12.2571
12.2761
12.2543
12.2769
12.2688
12.2466
12.2647
12.2849
12.2517
12.2833
12.2856
12.2707
12.2769
12.2625
12.249
12.2852
12.2609
12.2703
12.2816
12.2469
12.2916
12.2704
12.2664
12.2647
12.2565
12.2627
12.2669
12.2484
12.2463
12.2604
12.2618
12.2503
12.2612
12.2609
12.2755
12.2495
12.2631
12.2705
12.2625
12.2603
12.2568
12.2621
12.2688
12.2659
12.2577
12.2509
12.2505
12.2649
12.2513
12.2483
12.2719
12.2597
12.257
12.2627
12.2522
12.247
12.2445
12.265
12.2621
12.2504
12.245
12.2464
12.2541
12.2586
12.2631
12.2625
12.2476
12.2574
12.2436
12.2567
12.2577
12.2552
12.2564
12.2582
12.2628
12.2487
12.2476
12.249
12.2562
12.2508
12.2528
12.248
12.2548
12.2675
12.2583
12.2696
12.2561
12.2691
12.2772
12.2708
12.2578
12.2926
12.2669
12.2633
12.2609
12.259
12.2787
12.2684
12.2405
12.2693
12.2643
12.2602
12.2958
12.2632
12.2492
12.2649
12.2521
12.2521
12.2678
12.2552
12.2527
12.2453
12.2661
12.2469
12.2538
12.261
12.2643
12.2516
12.2515
12.2493
12.2719
12.2715
12.2747
12.2717
12.2602
12.2613
12.258
12.2638
12.2674
12.2643
12.2862
12.2615
12.2475
12.2701
12.2664
12.2517
12.2658
12.2619
12.2666
12.2637
12.2466
12.2596
12.2513
12.2586
12.2575
12.2748
12.2571
12.2695
12.2616
12.273
12.282
12.2551
12.257
12.2563
12.2476
12.2586
12.2565
12.2403
12.2559
12.2517
12.2495
12.2634
12.2678
12.2681
12.2529
12.2494
12.2491
12.2578
12.2378
12.2452
12.255
12.2669
12.2571
12.2447
12.25
12.257
12.2578
12.2618
12.2646
12.2446
12.2449
12.2601
12.2522
12.2464
12.255
12.2506
12.2537
12.2682
12.2527
12.2534
12.2622
12.259
12.2594
12.2557
12.2577
12.2689
12.2461
12.254
12.2602
12.2504
12.2505
12.263
12.2662
12.2509
12.2682
12.2684
12.2448
12.2775
12.2444
12.2658
12.2755
12.2505
12.274
12.2689
12.2638
12.2683
12.2596
12.2597
12.2593
12.2705
12.2611
12.2588
12.2527
12.258
12.2606
12.2599
12.2656
12.2567
12.258
12.2603
12.2463
12.262
12.2539
12.245
12.2543
12.2553
12.2539
12.26
12.2403
12.2427
12.2558
12.2529
12.2619
12.2635
12.2717
12.2564
12.2507
12.2512
12.2543
12.2655
12.2582
12.2687
12.2574
12.2532
12.2397
12.2555
12.2492
12.2469
12.2574
12.2533
12.2488
12.2635
12.2436
12.2639
12.2484
12.2514
12.2585
12.2507
12.2542
12.2535
12.2555
12.2509
12.2547
12.2506
12.265
12.249
12.2548
12.2604
12.2528
12.2578
12.2648
12.2555
12.2388
12.2544
12.2489
12.2546
12.2524
12.2606
12.2533
12.2481
12.2498
12.2401
12.2487
12.2481
12.2568
12.2637
12.2626
12.2694
12.2781
12.2578
12.262
12.2622
12.2681
12.2565
12.2634
12.2688
12.258
12.2615
12.2634
12.2666
12.2785
12.271
12.2573
12.2634
12.2573
12.2651
12.2648
12.2622
12.2642
12.2513
12.2533
12.2511
12.2658
12.2585
12.2492
12.2603
12.2662
12.2614
12.274
12.2476
12.2641
12.2606
12.2603
12.2582
12.256
12.2675
12.2633
12.259
12.2525
12.2627
12.2602
12.2737
12.254
12.2691
12.2529
12.2449
12.2473
12.252
12.2504
12.2608
12.2643
12.2641
12.2712
12.2462
12.2542
12.2634
12.268
12.2478
12.2615
12.2534
12.2633
12.2519
12.2417
12.2559
12.2667
12.2589
12.2443
12.2563
12.2463
12.2551
12.262
12.2412
12.2511
12.2691
12.2649
12.2609
12.2602
12.2642
12.2638
12.248
12.2597
12.2553
12.2549
12.262
12.2529
12.2497
12.2668
12.2514
12.2738
12.2758
12.2582
12.2523
12.257
12.2599
12.253
12.2627
12.2601
12.2662
12.2526
12.2616
12.2551
12.2742
12.2555
12.2618
12.2554
12.2588
12.2607
12.2496
12.2553
12.2583
12.2599
12.2658
12.2518
12.2511
12.2532
12.2519
12.2527
12.2621
12.2477
12.266
12.2642
12.24
12.2492
12.2495
12.2508
12.2485
12.251
12.2547
12.2641
12.2642
12.2614
12.2526
12.2677
12.2639
12.2463
12.2563
12.257
12.2653
12.2545
12.2972
12.2552
12.2594
12.2771
12.2558
12.2733
12.2607
12.251
12.2513
12.2575
12.2543
12.2704
12.2532
12.2553
12.2523
12.2595
12.2639
12.2416
12.2431
12.2523
12.2503
12.2543
12.2581
12.2537
12.2514
12.261
12.2539
12.2507
12.2584
12.2533
12.2395
12.25
12.2569
12.2529
12.2526
12.267
12.2522
12.2512
12.2577
12.2539
12.2395
12.2516
12.2523
12.2593
12.2592
12.2349
12.2556
12.2453
12.2547
12.2534
12.2565
12.2673
12.2517
12.26
12.2535
12.2635
12.2586
12.2539
12.2608
12.2525
12.2452
12.2601
12.2498
12.2566
12.2646
12.2445
12.262
12.2631
12.2474
12.2681
12.2653
12.2591
12.2681
12.2667
12.2491
12.2747
12.2697
12.2498
12.2643
12.2494
12.261
12.2692
12.2567
12.2589
12.2718
12.2682
12.2623
12.2553
12.2509
12.2561
12.262
12.2565
12.2679
12.2546
12.2521
12.2443
12.2497
12.2605
12.2473
12.2574
12.2585
12.2547
12.2489
12.2585
12.2546
12.249
12.2543
12.2477
12.2567
12.261
12.2456
12.2539
12.2612
12.2575
12.2527
12.2472
12.2412
12.249
12.2472
12.2598
12.2456
12.255
12.2546
12.2585
12.2591
12.247
12.2589
12.2465
12.2595
12.257
12.2787
12.2569
12.2629
12.2474
12.2473
12.2618
12.2593
12.2553
12.2451
12.2543
12.2457
12.2576
12.2529
12.2658
12.2621
12.2604
12.2461
12.2629
12.2577
12.2633
12.2499
12.2584
12.2701
12.2577
12.2568
12.2602
12.2467
12.2732
12.2751
12.2679
12.255
12.2496
12.2591
12.256
12.2531
12.2598
12.2673
12.2565
12.2615
12.262
12.26
12.2689
12.2654
12.2953
12.2725
12.2675
12.2601
12.2512
12.2715
12.2638
12.2531
12.2615
12.2573
12.2773
12.2621
12.2536
12.2584
12.2608
12.2529
12.2795
12.249
12.2612
12.2565
12.2626
12.2556
12.2533
12.241
12.2571
12.2387
12.2591
12.2543
12.2498
12.2573
12.2428
12.2511
12.2522
12.2557
12.2614
12.2479
12.2751
12.2575
12.2497
12.2673
12.2566
12.2583
12.2541
12.2694
12.2667
12.2619
12.259
12.2478
12.254
12.2545
12.2503
12.257
12.2757
12.2471
12.2561
12.2546
12.2504
12.2491
12.2392
12.2597
12.2426
12.2527
12.2407
12.2542
12.2531
12.2595
12.2677
12.2615
12.2706
12.2694
12.2618
12.2819
12.2584
12.2589
12.2356
12.2593
12.2442
12.2531
12.2557
12.2522
12.2531
12.2335
12.256
12.2485
12.2571
12.264
12.2721
12.2471
12.2465
12.2581
12.2543
12.2515
12.2379
12.2558
12.27
12.2545
12.2601
12.2588
12.2534
12.266
12.2518
12.2576
12.263
12.2574
12.27
12.2634
12.2553
12.2581
12.2525
12.2748
12.2629
12.2608
12.2801
12.2665
12.3188
12.2618
12.257
12.2707
12.2357
12.2543
12.2669
12.2642
12.2649
12.2584
12.2556
12.2625
12.2569
12.2486
12.2521
12.2793
12.2629
12.2518
12.2574
12.2556
12.2571
12.2575
12.2559
12.2624
12.2548
12.2447
12.254
12.2588
12.254
12.262
12.2709
12.2598
12.2706
12.2427
12.2722
12.2713
12.248
12.2438
12.2374
12.2483
12.2607
12.2523
12.2605
12.2576
12.2411
12.2503
12.2528
12.2452
12.2514
12.2758
12.2503
12.2566
12.2525
12.2615
12.2557
12.2515
12.2502
12.2506
12.2497
12.2492
12.271
12.2587
12.2707
12.2578
12.2528
12.262
12.2592
12.2559
12.2654
12.2588
12.2482
12.26
12.254
12.2536
12.2611
12.2453
12.2485
12.2483
12.2434
12.2538
12.2461
12.2569
12.2632
12.2672
12.2596
12.2554
12.2582
12.2443
12.241
12.2496
12.2547
12.2597
12.2651
12.2571
12.2582
12.2533
12.254
12.2627
12.2564
12.2546
12.2503
12.2533
12.2683
12.2467
12.246
12.2505
12.2526
12.2691
12.2692
12.2636
12.2508
12.2649
12.2744
12.2597
12.2548
12.262
12.2615
12.2702
12.2681
12.2552
12.2671
12.256
12.2515
12.2483
12.2611
12.2635
12.2484
12.2685
12.2421
12.2476
12.2504
12.2574
12.2647
12.2461
12.2765
12.2512
12.2475
12.2595
12.2657
12.2476
12.2542
12.261
12.2489
12.2496
12.2622
12.2515
12.2555
12.2541
12.2625
12.2634
12.2633
12.2494
12.2456
12.2571
12.2522
12.2497
12.2511
12.2618
12.2553
12.2517
12.2551
12.263
12.2533
12.2476
12.2483
12.2577
12.2569
12.2562
12.2544
12.2645
12.2687
12.2515
12.2673
12.2511
12.258
12.2693
12.2479
12.25
12.2554
12.2502
12.2522
12.2395
12.2546
12.2578
12.2548
12.2524
12.2434
12.2465
12.2659
12.2581
12.2714
12.2481
12.2622
12.2762
12.2511
12.2566
12.2566
12.2548
12.2635
12.2502
12.2667
12.2704
12.2592
12.2459
12.258
12.2452
12.2382
12.2586
12.2549
12.2449
12.2533
12.2479
12.2648
12.2526
12.2641
12.2556
12.2427
12.2583
12.2443
12.2643
12.2631
12.2629
12.257
12.2606
12.2479
12.2435
12.2504
12.2475
12.2498
12.2514
12.2588
12.2666
12.253
12.2546
12.2531
12.2565
12.2481
12.2554
12.2503
12.2475
12.2539
12.2598
12.272
12.2481
12.2576
12.272
12.2419
12.2572
12.264
12.2722
12.2521
12.2641
12.2646
12.2643
12.265
12.2559
12.2558
12.2535
12.2529
12.2545
12.2533
12.26
12.2646
12.2596
12.2514
12.2939
12.2664
12.2757
12.3047
12.2564
12.2955
12.2509
12.2738
12.2467
12.2605
12.263
12.2582
12.2727
12.2565
12.26
12.2893
12.2475
12.2466
12.2642
12.2575
12.255
12.2679
12.2626
12.2633
12.2775
12.2573
12.28
12.2828
12.2616
12.2895
12.2509
12.2654
12.279
12.2712
12.2846
12.2619
12.2721
12.2674
12.2502
12.2846
12.2525
12.2614
12.2676
12.2683
12.2679
12.2458
12.2718
12.2512
12.2526
12.2541
12.2562
12.2507
12.2576
12.2478
12.2598
12.2562
12.2485
12.2431
12.2495
12.2475
12.253
12.2474
12.2499
12.2574
12.2491
12.2621
12.259
12.2566
12.2633
12.2564
12.2544
12.2694
12.2735
12.2647
12.2784
12.2579
12.2617
12.2634
12.2594
12.2647
12.2576
12.2746
12.2549
12.2517
12.2578
12.2454
12.2586
12.2622
12.2525
12.2575
12.257
12.262
12.2536
12.2599
12.2556
12.2618
12.26
12.2444
12.2602
12.2784
12.2456
12.2641
12.2597
12.2533
12.2821
12.2512
12.2604
12.2637
12.2615
12.2681
12.246
12.2619
12.2744
12.257
12.2682
12.2587
12.2489
12.2567
12.2478
12.2682
12.2604
12.2499
12.2456
12.2584
12.2429
12.2491
12.2585
12.2578
12.2617
12.2715
12.257
12.2757
12.2509
12.2465
12.2538
12.2479
12.2707
12.2469
12.2939
12.261
12.2439
12.2662
12.2698
12.2744
12.2695
12.2566
12.2594
12.2468
12.2543
12.2755
12.2555
12.2596
12.2545
12.2427
12.2647
12.2533
12.245
12.2573
12.2519
12.2468
12.2595
12.2646
12.2605
12.2539
12.2515
12.2644
12.2572
12.2621
12.2421
12.2618
12.2474
12.2622
12.2585
12.2654
12.2508
12.259
12.2596
12.2591
12.2569
12.275
12.2566
12.2685
12.2534
12.2726
12.259
12.2528
12.2507
12.2446
12.2737
12.2473
12.2547
12.2592
12.2586
12.2802
12.251
12.2877
12.2581
12.2459
12.2691
12.246
12.2543
12.2644
12.249
12.2547
12.2444
12.2596
12.2525
12.251
12.2437
12.2719
12.2603
12.247
12.2608
12.2468
12.2581
12.2511
12.2546
12.2626
12.2595
12.2551
12.254
12.2313
12.2558
12.2588
12.2578
12.2578
12.2572
12.2494
12.2549
12.2558
12.2525
12.2446
12.2602
12.2511
12.2507
12.2507
12.2716
12.2428
12.2457
12.2451
12.2523
12.2567
12.2536
12.2637
12.2382
12.2507
12.2723
12.2432
12.2466
12.2562
12.2455
12.2654
12.2633
12.2606
12.2424
12.2669
12.2516
12.2543
12.261
12.2601
12.261
12.2535
12.2652
12.2706
12.244
12.2545
12.2559
12.2674
12.2516
12.2544
12.2598
12.268
12.2484
12.2488
12.2519
12.2454
12.2673
12.2517
12.2579
12.2657
12.2652
12.27
12.2521
12.2689
12.2694
12.2587
12.2719
12.2663
12.2567
12.2512
12.2519
12.2788
12.2725
12.2491
12.2591
12.2445
12.2633
12.266
12.2663
12.2771
12.2585
12.2768
12.2672
12.2643
12.266
12.2452
12.2683
12.2764
12.2715
12.267
12.2482
12.2617
12.2652
12.2616
12.264
12.2529
12.2563
12.2575
12.2595
12.258
12.2647
12.272
12.2571
12.2539
12.2564
12.2681
12.263
12.2597
12.2495
12.2494
12.276
12.2553
12.2592
12.2664
12.272
12.2634
12.2558
12.2619
12.2603
12.2642
12.2655
12.2718
12.2498
12.2541
12.2607
12.2477
12.2493
12.2603
12.2517
12.2581
12.254
12.2515
12.2491
12.2596
12.2611
12.2538
12.2677
12.243
12.2547
12.2646
12.2612
12.2507
12.2491
12.2582
12.2564
12.2712
12.2518
12.2646
12.2562
12.2536
12.2506
12.2516
12.2605
12.2533
12.2596
12.2526
12.2746
12.2659
12.2709
12.2897
12.2599
12.2577
12.2669
12.2597
12.2716
12.2527
12.2689
12.2548
12.2593
12.2589
12.2578
12.2633
12.2471
12.2616
12.2604
12.2534
12.264
12.2584
12.2573
12.2627
12.2597
12.2558
12.2493
12.2597
12.2607
12.266
12.257
12.2532
12.2575
12.2521
12.2561
12.2607
12.2485
12.2595
12.2581
12.2596
12.2483
12.2524
12.2644
12.2592
12.256
12.2482
12.2551
12.2638
12.2607
12.2573
12.2523
12.2629
12.2657
12.2653
12.2593
12.2626
12.2495
12.2624
12.2459
12.2637
12.2631
12.2585
12.2663
12.2651
12.2515
12.254
12.2468
12.2581
12.2543
12.2506
12.2546
12.261
12.2554
12.2599
12.2561
12.2429
12.2556
12.2563
12.2576
12.2618
12.2496
12.2451
12.2589
12.2696
12.2548
12.2528
12.2562
12.2459
12.2576
12.2588
12.263
12.2603
12.2534
12.2491
12.2522
12.2509
12.2545
12.2632
12.2561
12.2565
12.2602
12.2611
12.2473
12.2501
12.2451
12.2568
12.2452
12.246
12.2448
12.2586
12.2523
12.255
12.255
12.2665
12.2557
12.2604
12.2576
12.2539
12.2607
12.2584
12.2679
12.252
12.2492
12.257
12.2512
12.2545
12.2512
12.2472
12.2399
12.2545
12.2479
12.247
12.2602
12.2498
12.2687
12.2445
12.2708
12.2829
12.2485
12.2626
12.2546
12.2662
12.2658
12.2576
12.252
12.2523
12.2545
12.2615
12.2604
12.2553
12.2588
12.2567
12.2578
12.2557
12.2573
12.2766
12.2607
12.2644
12.2575
12.265
12.2712
12.251
12.2686
12.2511
12.2741
12.2762
12.2548
12.2695
12.2638
12.2554
12.2629
12.2663
12.2643
12.2547
12.257
12.2751
12.2523
12.2662
12.2448
12.2481
12.2481
12.2574
12.2576
12.2624
12.2671
12.2504
12.2613
12.264
12.2559
12.2633
12.2551
12.2611
12.2657
12.271
12.2838
12.2597
12.3005
12.2531
12.2822
12.283
12.2737
12.3076
12.2549
12.3024
12.2701
12.261
12.2823
12.2636
12.287
12.2641
12.276
12.2895
12.2548
12.3184
12.2677
12.2855
12.2698
12.2538
12.2883
12.2559
12.2895
12.2992
12.2659
12.2972
12.2694
12.3004
12.2985
12.2764
12.3038
12.2542
12.2885
12.2709
12.2801
12.2833
12.2589
12.3176
12.2666
12.3061
12.3021
12.2773
12.2909
12.2698
12.3122
12.293
12.2618
12.3321
12.257
12.3142
12.2859
12.2703
12.3264
12.2653
12.319
12.2663
12.2828
12.2799
12.2574
12.289
12.2546
12.2846
12.2811
12.2626
12.279
12.2704
12.2704
12.2709
12.274
12.2726
12.2736
12.2499
12.2491
12.2465
12.2669
12.251
12.2539
12.2382
12.2392
12.2539
12.2432
12.2548
12.249
12.2612
12.2598
12.2535
12.2511
12.2573
12.243
12.2589
12.255
12.2669
12.2475
12.2589
12.2596
12.2522
12.2562
12.2628
12.2661
12.2553
12.2581
12.2558
12.2492
12.2567
12.2584
12.2528
12.2715
12.2584
12.2615
12.257
12.258
12.2541
12.2832
12.2728
12.2554
12.2752
12.2445
12.2774
12.249
12.2634
12.269
12.2609
12.2589
12.2652
12.2574
12.2714
12.2808
12.2588
12.2622
12.2549
12.2515
12.2574
12.2588
12.2689
12.2574
12.2591
12.2642
12.2502
12.2552
12.251
12.2447
12.2444
12.253
12.2498
12.2635
12.259
12.2438
12.2607
12.2497
12.2694
12.2525
12.2654
12.2683
12.2679
12.2554
12.2707
12.2562
12.2546
12.2627
12.2715
12.2723
12.2432
12.2691
12.2633
12.2546
12.2767
12.245
12.2646
12.252
12.2537
12.2666
12.2569
12.2641
12.2527
12.2542
12.256
12.2547
12.2478
12.2574
12.2628
12.2536
12.25
12.248
12.2626
12.2481
12.2509
12.2476
12.2517
12.2531
12.256
12.2455
12.2547
12.2787
12.2675
12.2632
12.2593
12.2587
12.2538
12.2542
12.2615
12.2598
12.2531
12.2591
12.2615
12.2486
12.2593
12.2449
12.252
12.2457
12.256
12.2506
12.2534
12.2577
12.2517
12.2477
12.2487
12.2564
12.2555
12.2485
12.2484
12.2474
12.2481
12.2451
12.2484
12.2554
12.2596
12.2567
12.2361
12.255
12.2588
12.2608
12.2426
12.2536
12.2613
12.2637
12.2587
12.2701
12.2595
12.2536
12.2627
12.2418
12.2522
12.2613
12.2555
12.2517
12.2536
12.242
12.2545
12.2415
12.2451
12.2669
12.2463
12.2628
12.254
12.2644
12.2634
12.2607
12.2578
12.2583
12.2487
12.2482
12.246
12.2613
12.2496
12.2499
12.2436
12.2572
12.2501
12.2678
12.2631
12.2624
12.2617
12.2484
12.2718
12.2626
12.2482
12.2438
12.2503
12.2661
12.25
12.2567
12.2511
12.2414
12.2464
12.2431
12.2519
12.2591
12.2436
12.2632
12.2544
12.2677
12.2614
12.252
12.2581
12.278
12.2432
12.3039
12.2754
12.2598
12.2862
12.2498
12.2873
12.2757
12.2582
12.2859
12.259
12.2525
12.2766
12.2522
12.2661
12.2552
12.2731
12.2665
12.2606
12.2748
12.259
12.2779
12.2516
12.2576
12.2618
12.2668
12.2603
12.2537
12.2577
12.2606
12.2513
12.2788
12.2403
12.2704
12.2727
12.2702
12.2827
12.2636
12.2789
12.2714
12.2697
12.2969
12.2539
12.2689
12.2509
12.2685
12.269
12.2569
12.2698
12.2534
12.2475
12.2642
12.2529
12.2679
12.2617
12.2453
12.2546
12.2588
12.2586
12.2614
12.2662
12.2506
12.2693
12.2489
12.2486
12.2551
12.2631
12.2579
12.2422
12.2574
12.2608
12.2804
12.2699
12.2616
12.2569
12.2558
12.2591
12.252
12.2591
12.254
12.2593
12.2595
12.2568
12.2571
12.2532
12.2689
12.2428
12.2542
12.2589
12.2508
12.2612
12.2443
12.2506
12.2518
12.2437
12.2465
12.2492
12.2591
12.2577
12.2567
12.2537
12.2433
12.2614
12.2419
12.2586
12.2563
12.2665
12.2419
12.255
12.2487
12.2552
12.2508
12.2479
12.2676
12.2612
12.2526
12.2638
12.256
12.2508
12.2625
12.2392
12.2647
12.2578
12.2679
12.2658
12.2516
12.2556
12.2465
12.2601
12.2557
12.2465
12.2613
12.2519
12.2628
12.255
12.2657
12.2407
12.257
12.2728
12.2548
12.2529
12.2447
12.2649
12.2539
12.2455
12.2522
12.2518
12.2515
12.2488
12.251
12.2627
12.2475
12.2554
12.2582
12.2438
12.2597
12.2483
12.2465
12.2634
12.2481
12.2514
12.2593
12.2483
12.2529
12.2419
12.2548
12.2628
12.2614
12.2535
12.2632
12.2642
12.2548
12.2641
12.2471
12.2484
12.2627
12.2582
12.2538
12.2581
12.2681
12.2561
12.2566
12.2607
12.2676
12.2566
12.2625
12.2567
12.2505
12.2533
12.2601
12.2559
12.2649
12.2612
12.243
12.2658
12.258
12.2563
12.2548
12.2533
12.2637
12.2545
12.25
12.267
12.263
12.2541
12.2536
12.257
12.2838
12.2381
12.261
12.2646
12.2644
12.2539
12.2595
12.2603
12.2569
12.2495
12.259
12.2552
12.2522
12.2541
12.2531
12.2521
12.2492
