1.13156
1.22902
1.23791
1.19969
1.15212
1.12336
1.10373
1.09006
1.08598
1.0814
1.08125
1.08018
1.08178
1.08429
1.08254
1.08752
1.0885
1.08388
1.08977
1.0946
1.09425
1.09217
1.09472
1.09435
1.09074
1.09293
1.09052
1.0928
1.09102
1.09053
1.08622
1.08363
1.08599
1.07987
1.07707
1.07697
1.07654
1.07279
1.06909
1.07109
1.06969
1.0646
1.06363
1.06345
1.06206
1.05998
1.05913
1.05831
1.05412
1.0576
1.05428
1.05305
1.04816
1.04697
1.04903
1.04915
1.04496
1.04786
1.04268
1.04434
1.04238
1.04263
1.04023
1.04192
1.03775
1.03855
1.03771
1.03752
1.03734
1.03607
1.03416
1.03375
1.03501
1.03259
1.03383
1.03257
1.03261
1.03258
1.03161
1.03034
1.03202
1.03167
1.02936
1.03078
1.02944
1.02924
1.02803
1.0291
1.02779
1.02924
1.0273
1.02697
1.02732
1.02778
1.02743
1.02613
1.02668
1.0262
1.02623
1.02634
1.02569
1.02596
1.02605
1.02536
1.02516
1.02529
1.02448
1.0256
1.02396
1.02405
1.0245
1.02439
1.02442
1.02388
1.0241
1.02355
1.02427
1.0234
1.02409
1.02349
1.02346
1.02325
1.02292
1.02359
1.02283
1.02272
1.02288
1.02317
1.02284
1.02255
1.02273
1.02266
1.02273
1.02285
1.02298
1.02246
1.02284
1.02239
1.02278
1.02195
1.02246
1.02222
1.02235
1.02247
1.02299
1.02216
1.02227
1.02213
1.02206
1.02222
1.02224
1.02214
1.02233
1.02198
1.02294
1.02178
1.02184
1.02214
1.02159
1.02197
1.0223
1.02226
1.02201
1.02218
1.02164
1.02235
1.02212
1.02234
1.02206
1.02249
1.02219
1.0224
1.02215
1.02193
1.02208
1.02192
1.02226
1.02231
1.0219
1.02207
1.02208
1.02182
1.02184
1.02156
1.02175
1.02211
1.02196
1.02202
1.02208
1.02245
1.02226
1.02223
1.02225
1.02177
1.02147
1.02195
1.02171
1.02225
1.02201
1.02184
1.02178
1.02216
1.02202
1.02208
1.02222
1.02215
1.02162
1.02188
1.02204
1.02155
1.02194
1.02192
1.02202
1.02183
1.0223
1.02204
1.02174
1.02196
1.02151
1.02188
1.02201
1.02185
1.02209
1.02195
1.02177
1.02204
1.02202
1.02188
1.02212
1.02193
1.02176
1.02217
1.02206
1.02181
1.02176
1.02228
1.02185
1.02206
1.02171
1.02186
1.02215
1.02139
1.02204
1.02182
1.02185
1.02193
1.02151
1.0217
1.0223
1.02172
1.02174
1.02132
1.02178
1.02234
1.02189
1.02219
1.02221
1.02164
1.02208
1.02223
1.02175
1.02173
1.02172
1.02188
1.02204
1.0222
1.02168
1.02201
1.02214
1.02209
1.02162
1.02231
1.02205
1.02201
1.02198
1.02155
1.02149
1.02156
1.02197
1.02194
1.02184
1.02238
1.02239
1.0222
1.02175
1.02212
1.02145
1.0222
1.02178
1.02179
1.02191
1.02176
1.02199
1.0215
1.02177
1.02173
1.02141
1.02239
1.02232
1.02206
1.02222
1.02185
1.02206
1.02196
1.022
1.02193
1.02201
1.02199
1.0221
1.02164
1.02191
1.02172
1.02195
1.02191
1.0221
1.02196
1.02152
1.0218
1.0217
1.02198
1.02216
1.02195
1.02197
1.02145
1.02193
1.02207
1.02215
1.0221
1.02182
1.02191
1.02228
1.02187
1.02176
1.0217
1.02199
1.02188
1.02188
1.02209
1.02201
1.02199
1.02185
1.02166
1.02216
1.02217
1.0218
1.02153
1.02144
1.02163
1.02217
1.02208
1.02211
1.02189
1.02236
1.0221
1.02179
1.02128
1.02196
1.02224
1.02214
1.02166
1.02187
1.02198
1.02186
1.02182
1.02194
1.02164
1.02186
1.02146
1.02184
1.02183
1.02147
1.0216
1.02196
1.02164
1.02193
1.02195
1.02178
1.02199
1.02198
1.02213
1.02176
1.02173
1.0221
1.02171
1.02196
1.0218
1.02166
1.0216
1.02189
1.02196
1.0217
1.02163
1.0216
1.02171
1.02184
1.02161
1.02206
1.02229
1.02168
1.02209
1.02182
1.02209
1.02161
1.02168
1.02206
1.02173
1.0215
1.02198
1.02222
1.02191
1.02159
1.02183
1.02194
1.02185
1.02202
1.02193
1.02223
1.02195
1.02191
1.02161
1.02222
1.02177
1.02205
1.02214
1.02198
1.02208
1.02161
1.02217
1.02228
1.02198
1.02212
1.02195
1.02202
1.02214
1.02166
1.02222
1.02163
1.0218
1.02196
1.02212
1.02163
1.02211
1.02171
1.02175
1.02204
1.02182
1.02201
1.02138
1.02172
1.02175
1.02149
1.02214
1.02192
1.02176
1.02201
1.02197
1.02188
1.022
1.02222
1.0219
1.0221
1.02185
1.02171
1.0223
1.02186
1.02208
1.02227
1.02178
1.02175
1.02161
1.02158
1.02197
1.02188
1.02188
1.02181
1.02186
1.02202
1.02182
1.02168
1.02206
1.02192
1.02193
1.0221
1.02209
1.02174
1.0217
1.02209
1.02193
1.02156
1.02172
1.02176
1.02183
1.02226
1.02205
1.02175
1.02169
1.02153
1.02188
1.02212
1.02178
1.02177
1.02203
1.02189
1.02175
1.02161
1.02213
1.02206
1.02171
1.02184
1.02182
1.02183
1.02174
1.02187
1.02153
1.02179
1.0219
1.02234
1.02202
1.02153
1.02216
1.02195
1.02202
1.02152
1.02203
1.02207
1.02217
1.02173
1.02204
1.02212
1.02158
1.02206
1.02204
1.02196
1.02154
1.0215
1.02209
1.02162
1.02203
1.02213
1.02175
1.02153
1.02191
1.02191
1.02157
1.02176
1.02199
1.0219
1.02161
1.02195
1.02194
1.02185
1.02159
1.0218
1.02162
1.02185
1.02181
1.0217
1.02195
1.02169
1.02185
1.02226
1.02171
1.02195
1.02182
1.02204
1.02195
1.02153
1.02155
1.02195
1.0217
1.02196
1.02183
1.02189
1.02264
1.02162
1.02208
1.02192
1.02197
1.02215
1.02183
1.02165
1.02195
1.02177
1.02214
1.02215
1.02211
1.02165
1.02193
1.02158
1.0221
1.02219
1.02155
1.0217
1.02171
1.02212
1.02175
1.02217
1.02213
1.02168
1.02201
1.02194
1.02157
1.02189
1.0217
1.02181
1.02166
1.02205
1.02177
1.0219
1.02193
1.02163
1.02165
1.02171
1.02209
1.02167
1.02211
1.02166
1.02224
1.02184
1.022
1.02183
1.02162
1.02173
1.02177
1.02163
1.02175
1.02152
1.02201
1.02233
1.02192
1.02196
1.02196
1.02175
1.02204
1.02214
1.0219
1.02168
1.02162
1.02164
1.0218
1.02172
1.02193
1.02181
1.02197
1.02182
1.0218
1.02185
1.02211
1.02183
1.02201
1.0221
1.02238
1.02158
1.02176
1.02209
1.02187
1.02205
1.02192
1.02177
1.02144
1.02161
1.02196
1.0219
1.02205
1.02199
1.02247
1.02197
1.02192
1.0219
1.02207
1.02211
1.02187
1.02163
1.02184
1.02214
1.02137
1.0221
1.02179
1.02201
1.02198
1.02177
1.02192
1.02178
1.0219
1.02215
1.02189
1.02194
1.02241
1.0219
1.02205
1.02237
1.02193
1.02165
1.0219
1.02192
1.02191
1.02142
1.02216
1.02149
1.02155
1.02155
1.02179
1.02157
1.02144
1.02174
1.02207
1.02205
1.02189
1.02194
1.02193
1.02172
1.02169
1.02186
1.022
1.02179
1.02197
1.02213
1.02174
1.02195
1.02218
1.02167
1.02184
1.02209
1.0217
1.02206
1.02178
1.02179
1.02187
1.02224
1.0218
1.02153
1.022
1.02193
1.02177
1.02179
1.02186
1.02218
1.02163
1.02185
1.02215
1.02159
1.02183
1.02192
1.02175
1.02172
1.02198
1.02217
1.02199
1.02171
1.0218
1.02167
1.02205
1.02183
1.02191
1.02228
1.02193
1.02182
1.02196
1.02196
1.02188
1.0222
1.02152
1.02208
1.02169
1.02171
1.02211
1.02219
1.02228
1.02228
1.02193
1.02162
1.02193
1.02151
1.02216
1.02171
1.02178
1.02189
1.02177
1.02171
1.02152
1.02161
1.02162
1.0219
1.02201
1.02214
1.02204
1.02188
1.02177
1.02193
1.02198
1.02206
1.02186
1.0217
1.02209
1.0217
1.02196
1.02225
1.02135
1.0214
1.02221
1.02212
1.02144
1.02187
1.02184
1.02179
1.02177
1.02168
1.02195
1.02154
1.02171
1.02183
1.02168
1.02176
1.02193
1.02163
1.02185
1.02215
1.022
1.02194
1.022
1.02193
1.02169
1.02218
1.02189
1.02203
1.02203
1.0216
1.0218
1.02191
1.02181
1.02178
1.02206
1.02194
1.02162
1.02206
1.02179
1.02186
1.02152
1.02217
1.02192
1.02181
1.02171
1.02197
1.02193
1.02202
1.02153
1.02209
1.02173
1.02167
1.02189
1.0217
1.02189
1.0218
1.02192
1.02209
1.02191
1.0216
1.02186
1.022
1.02206
1.02179
1.02176
1.02193
1.02171
1.02186
1.02164
1.02179
1.02145
1.02171
1.02189
1.02191
1.02172
1.02228
1.02182
1.02173
1.02179
1.0219
1.02169
1.02155
1.02181
1.02205
1.02194
1.02185
1.02186
1.02163
1.02184
1.02187
1.02178
1.02188
1.02207
1.02185
1.02178
1.02167
1.02156
1.02196
1.02184
1.02196
1.02196
1.02178
1.02194
1.02186
1.02189
1.02189
1.022
1.02229
1.02171
1.0218
1.02181
1.02166
1.02206
1.02197
1.02175
1.02183
1.02215
1.02184
1.02182
1.02207
1.02179
1.02189
1.02194
1.02188
1.02147
1.02187
1.02197
1.02222
1.02199
1.02204
1.02211
1.02177
1.02197
1.02189
1.02208
1.02199
1.02177
1.02213
1.02197
1.02191
1.02193
1.02214
1.02194
1.02204
1.02205
1.0219
1.02175
1.02189
1.02206
1.02144
1.02202
1.02195
1.02187
1.02175
1.02185
1.02215
1.02186
1.02198
1.02177
1.02159
1.02184
1.02177
1.02172
1.022
1.02139
1.02184
1.02202
1.02188
1.0218
1.02229
1.02208
1.02193
1.02177
1.02187
1.02166
1.02195
1.02201
1.02219
1.02166
1.02177
1.02167
1.02203
1.02154
1.02189
1.02194
1.02161
1.02215
1.02174
1.0217
1.02151
1.02173
1.02181
1.02186
1.02186
1.02173
1.02194
1.02186
1.02191
1.02189
1.02197
1.02194
1.02189
1.02189
