24.5429
8.92219
7.24124
6.78476
6.83441
7.08009
7.34315
7.62853
7.86612
8.05599
8.22635
8.32994
8.52447
8.58106
8.6907
8.7682
8.84035
8.87569
8.92745
8.95797
8.9723
8.96515
8.99425
8.9558
9.00083
9.01221
8.9895
9.02377
9.01874
9.04371
9.01817
9.06449
9.07045
9.11415
9.06395
9.0392
9.05473
9.03837
9.02801
9.04489
9.11656
9.10744
9.08355
9.10715
9.04219
9.0027
9.07962
9.0342
9.0628
9.04853
9.05566
9.03449
9.02681
9.06976
8.97693
8.99661
9.02615
8.96537
8.98514
8.95254
8.98025
8.9744
8.97505
8.95558
8.97034
9.00365
9.02042
8.96564
8.94421
8.90756
8.90529
8.95133
8.97801
8.95992
8.97297
8.97388
8.92023
8.9417
8.93338
8.93053
8.92623
8.90872
8.92957
8.90966
8.97686
8.95229
8.98502
8.97105
9.0339
9.04007
9.01296
9.03027
8.98677
8.98907
8.99585
9.00256
8.97549
8.99561
8.99045
9.01235
9.027
8.94002
8.94378
8.9967
8.98251
8.99122
9.02034
8.96211
9.01227
9.01446
8.99159
8.98324
9.00769
9.0432
9.02884
9.06055
9.06148
9.06418
9.05494
9.03175
9.06388
9.03937
9.02395
9.05892
9.06002
9.06654
9.04344
9.05049
9.0646
9.11935
9.05332
9.04309
9.07496
9.09503
9.07513
9.05063
9.02777
9.06088
9.01787
9.06323
9.04519
9.05246
9.08757
9.09261
9.06447
9.04853
9.06861
9.10293
9.06902
9.05877
9.10073
9.11938
9.06103
9.06216
9.05139
9.09419
9.085
9.08901
9.08041
9.04611
9.09662
9.0962
9.06829
9.05764
9.07455
9.04805
9.00957
9.0365
9.04338
9.08233
9.08124
9.12673
9.08902
9.09077
9.06217
9.03783
9.0604
9.08965
9.05992
9.07371
9.0691
9.06597
9.04332
9.07074
9.05646
9.02677
9.05587
9.06511
9.07241
9.05062
9.01013
9.06695
9.08567
9.0479
9.01989
9.00774
8.99157
9.01535
9.06887
9.0117
8.98346
9.02011
9.03324
9.0588
9.07055
9.03523
9.04577
9.05717
9.06943
9.03191
9.07874
9.00848
9.02411
9.03125
8.98345
9.01804
8.99293
9.00224
9.0318
9.03583
8.94368
8.96863
8.99309
8.98823
8.99505
8.99869
9.02959
9.01629
9.02512
9.01619
8.98008
9.03009
9.06449
9.03544
9.01723
9.05738
9.04437
9.06194
9.00399
9.03614
9.00158
9.02972
9.05948
9.01436
8.9745
8.93501
8.95045
8.96438
8.99347
8.96744
8.92538
8.99061
8.98921
9.00954
8.96709
8.96912
8.96677
9.01011
9.05041
8.98952
8.98431
8.9885
8.9807
8.97228
8.96817
8.99021
8.97348
8.88396
8.92324
8.88568
8.91752
8.87459
8.89407
8.91272
8.94739
8.90513
8.88665
8.90884
8.89077
8.92224
8.87555
8.87455
8.92132
8.91193
8.94019
8.92173
8.87755
8.89616
8.87121
8.88676
8.8899
8.90874
8.86958
8.86207
8.85629
8.88107
8.89999
8.89816
8.91254
8.88459
8.88375
8.9124
8.88961
8.91042
8.92761
8.92456
8.9288
8.93103
8.90982
8.91627
8.90633
8.85406
8.85927
8.92199
8.91192
8.92742
8.91951
8.8927
8.9427
8.89109
8.89943
8.88002
8.87601
8.8364
8.84835
8.86072
8.8768
8.83749
8.83393
8.84061
8.8036
8.78283
8.79331
8.79684
8.78197
8.81129
8.80383
8.80693
8.81005
8.77841
8.76823
8.78313
8.77577
8.79278
8.78018
8.83626
8.81839
8.7992
8.82737
8.84348
8.84344
8.83771
8.81059
8.83425
8.82432
8.80949
8.79741
8.81999
8.84212
8.86986
8.84601
8.84863
8.86689
8.87855
8.85311
8.88213
8.82796
8.82388
8.86622
8.82674
8.8861
8.88053
8.89618
8.91746
8.89076
8.87607
8.85284
8.86623
8.85817
8.8787
8.8726
8.9252
8.88709
8.85721
8.84944
8.89908
8.92248
8.92758
8.96724
8.91021
8.88868
8.91427
8.88125
8.85251
8.86835
8.83877
8.83535
8.82166
8.86319
8.84873
8.82814
8.8391
8.84141
8.86917
8.8859
8.87081
8.85439
8.83143
8.82869
8.84586
8.86717
8.83935
8.82265
8.8425
8.82959
8.81883
8.84674
8.8435
8.86424
8.83696
8.82583
8.81028
8.80039
8.84043
8.78516
8.81662
8.86497
8.83994
8.8334
8.84697
8.78785
8.80972
8.81259
8.7943
8.82254
8.82413
8.85108
8.81448
8.78168
8.82219
8.85006
8.81534
8.83655
8.83762
8.79875
8.80185
8.77329
8.77795
8.77971
8.81507
8.76897
8.79828
8.7748
8.78237
8.79024
8.77993
8.76733
8.78471
8.84326
8.81472
8.81446
8.80801
8.79806
8.79749
8.81908
8.83402
8.81385
8.76587
8.76406
8.79341
8.81063
8.80633
8.81627
8.79385
8.77555
8.75697
8.7593
8.73879
8.71512
8.78149
8.78484
8.79807
8.74376
8.70282
8.70965
8.74239
8.72581
8.71658
8.73564
8.70162
8.68646
8.719
8.73166
8.73584
8.71865
8.69832
8.69631
8.67974
8.67592
8.70756
8.70039
8.65367
8.66961
8.67851
8.67393
8.66638
8.65418
8.66548
8.67359
8.64807
8.66077
8.6762
8.67535
8.65413
8.66019
8.65161
8.66272
8.72188
8.65514
8.68103
8.69803
8.69574
8.70221
8.64935
8.64109
8.63329
8.58659
8.5659
8.58799
8.61944
8.58473
8.58511
8.64972
8.63608
8.59187
8.59022
8.60862
8.67126
8.69015
8.64234
8.62485
8.65284
8.66775
8.65537
8.67988
8.65944
8.68932
8.67528
8.69686
8.66238
8.66096
8.64463
8.66428
8.67606
8.6436
8.65491
8.69414
8.64004
8.66332
8.65514
8.66383
8.67153
8.63405
8.6579
8.65978
8.68997
8.63916
8.59707
8.63423
8.5976
8.61897
8.60023
8.56319
8.55886
8.59329
8.57543
8.56209
8.56753
8.58492
8.59704
8.59453
8.60986
8.58661
8.53719
8.48129
8.49718
8.49022
8.50328
8.49336
8.4832
8.45557
8.47822
8.44573
8.44739
8.45286
8.44318
8.44953
8.4034
8.41785
8.43182
8.42763
8.43541
8.4513
8.42015
8.41395
8.41422
8.4125
8.41834
8.4099
8.38517
8.39433
8.37141
8.39156
8.37813
8.37352
8.37067
8.39548
8.42352
8.44199
8.43419
8.44013
8.40527
8.39844
8.44041
8.42179
8.41499
8.41226
8.42217
8.40329
8.42319
8.43358
8.47812
8.46678
8.4963
8.4893
8.44135
8.4678
8.47541
8.5113
8.47272
8.46855
8.45243
8.43536
8.46945
8.46513
8.50306
8.49143
8.49017
8.4411
8.45872
8.45666
8.47634
8.47958
8.44751
8.44346
8.42707
8.41605
8.42039
8.47054
8.44037
8.42425
8.43415
8.43525
8.41078
8.43313
8.43112
8.42781
8.43856
8.45541
8.44338
8.41772
8.4055
8.42431
8.42545
8.4283
8.43969
8.43782
8.45838
8.41154
8.44353
8.46989
8.45791
8.45729
8.45379
8.46857
8.44894
8.45718
8.42994
8.43687
8.41934
8.42358
8.39325
8.40335
8.41427
8.41498
8.37569
8.38623
8.3892
8.41116
8.40873
8.42092
8.42753
8.42828
8.43969
8.41083
8.39249
8.39583
8.40443
8.41719
8.43887
8.45625
8.43883
8.45086
8.46331
8.46979
8.42321
8.45985
8.4448
8.43319
8.43218
8.44098
8.44667
8.44432
8.43537
8.43844
8.43863
8.42713
8.42111
8.43639
8.45009
8.43387
8.43277
8.42987
8.4379
8.41648
8.41762
8.40297
8.4406
8.43197
8.43826
8.43725
8.43432
8.46303
8.47618
8.43145
8.42601
8.43336
8.41122
8.42728
8.46133
8.44128
8.47044
8.46517
8.45539
8.46079
8.4492
8.442
8.45697
8.45009
8.46325
8.46865
8.44046
8.44775
8.43256
8.42058
8.43719
8.42519
8.43546
8.40458
8.41898
8.43792
8.43427
8.41473
8.43403
8.43863
8.41299
8.40828
8.38605
8.39059
8.38839
8.41992
8.39878
8.41095
8.41479
8.4194
8.44233
8.42143
8.39572
8.40131
8.37265
8.41277
8.43257
8.41803
8.40645
8.42144
8.42229
8.41152
8.40558
8.41471
8.41423
8.43666
8.43425
8.44325
8.43156
8.41928
8.40751
8.38533
8.40392
8.37549
8.36094
8.37639
8.39039
8.37955
8.37542
8.37348
8.38388
8.38219
8.37685
8.38472
8.39192
8.36574
8.38476
8.37978
8.37138
8.38988
8.39504
8.35249
8.3669
8.3627
8.34054
8.34501
8.33863
8.36
8.38511
8.38855
8.36736
8.36344
8.34433
8.37328
8.36843
8.38216
8.3633
8.37943
8.36847
8.35231
8.37836
8.37863
8.36442
8.36216
8.3443
8.35876
8.35717
8.35068
8.32612
8.3231
8.32921
8.315
8.33364
8.30504
8.33724
8.31068
8.3155
8.28543
8.27757
8.27706
8.28039
8.30673
8.28539
8.28245
8.30331
8.29474
8.29329
8.29242
8.26387
8.29684
8.28387
8.28777
8.27986
8.27253
8.25882
8.24575
8.26068
8.25998
8.26179
8.26605
8.24688
8.26311
8.2205
8.23534
8.23697
8.214
8.23974
8.24052
8.20779
8.22648
8.26433
8.27059
8.26826
8.2717
8.25058
8.23471
8.24377
8.25696
8.25005
8.23834
8.22028
8.24446
8.23098
8.22116
8.24578
8.22991
8.22437
8.2326
8.24061
8.22417
8.21995
8.21862
8.2172
8.22624
8.23455
8.23155
8.204
8.1797
8.18479
8.17205
8.18501
8.16568
8.14446
8.14195
8.15216
8.1644
8.16321
8.18053
8.1463
8.15249
8.14987
8.17198
8.18528
8.14317
8.11649
8.12875
8.14198
8.1529
8.16607
8.16731
8.16769
8.16578
8.15596
8.15665
8.16906
8.16935
8.16607
8.17017
8.1598
8.16574
8.15293
8.14497
8.13647
8.13097
8.156
8.17286
8.13185
8.14919
8.13586
8.13435
8.12291
8.12196
8.13333
8.12836
8.13967
8.13896
8.14032
8.11595
8.1249
8.13593
8.13142
8.12572
8.11659
8.11793
8.12513
8.11166
8.11139
8.14535
8.11639
8.12406
8.13015
8.1262
8.1213
8.10316
8.1063
8.10605
8.11578
8.12387
8.12198
8.12365
8.11873
8.13593
8.12167
8.11392
8.14449
8.13057
8.12074
8.13199
8.12693
8.12579
8.13044
8.11161
8.11117
8.12594
8.14561
8.12403
8.12212
8.11843
8.12541
8.11827
8.11766
8.09663
8.11671
8.09728
8.07086
8.07258
8.06552
8.06251
8.07007
8.06785
8.11366
8.09668
8.10492
8.11786
8.12063
8.09679
8.10493
8.11811
8.13576
8.13079
8.13375
8.13611
8.15352
8.15697
8.16544
8.12826
8.13328
8.10683
8.12895
8.11223
8.10139
8.10107
8.11219
8.11245
8.1122
8.10755
8.08527
8.09226
8.09418
8.10571
8.10249
8.10733
8.09505
8.05173
8.06927
8.09023
8.0636
8.04568
8.05509
8.03474
8.03731
8.08736
8.06171
8.05596
8.06589
8.08926
8.07947
8.05388
8.0892
8.0768
8.05203
8.02028
8.03446
8.0431
8.04661
8.057
8.0542
8.06227
8.06921
8.04662
8.04422
8.07582
8.08434
8.06719
8.0457
8.03886
8.04135
8.03391
8.04967
8.06018
8.04038
8.04451
8.06985
8.03805
8.04111
8.02647
8.0174
8.02961
8.0476
8.02773
8.02935
8.01906
8.01696
8.02715
8.01662
8.02133
8.03267
8.02248
8.03152
8.03844
8.0262
8.01531
8.01994
8.04742
8.04691
8.0523
8.05145
8.06117
8.06927
8.07277
8.04038
8.05162
8.04019
8.04192
8.05181
8.052
8.03918
8.05758
8.05949
8.06295
8.07196
8.09518
8.05351
8.07029
8.06267
8.05665
8.0598
8.06095
8.03761
8.0458
8.04521
8.02851
8.03171
8.04422
8.02098
8.03168
8.01996
8.00552
8.00351
8.0385
8.01567
8.00422
7.99808
8.01334
7.99625
7.9573
7.9306
7.93177
7.95339
7.94829
7.94512
7.93996
7.96885
7.99576
7.96743
7.94135
7.94648
7.97328
7.9531
7.96242
7.96092
7.96482
8.00715
8.00053
8.02104
8.02016
8.02194
8.01911
7.98468
7.97273
7.98444
7.99189
7.99889
7.98033
7.98804
8.01494
7.9937
8.00513
7.99316
7.97335
7.99219
7.96405
7.9846
8.01727
8.01001
8.00052
7.97934
8.0017
8.02265
8.01485
8.01136
8.01706
7.99152
8.00892
8.0234
8.04094
8.0194
8.01607
8.0119
8.01962
8.01097
8.01472
8.04009
8.02126
8.00698
7.99329
8.01115
8.02077
8.0259
8.02526
8.00619
7.99287
7.98788
7.99593
7.99345
7.98409
7.97659
7.96773
7.99102
7.98294
7.97421
7.98851
7.99442
7.96343
7.96793
7.95502
7.95882
7.96301
7.93134
7.93832
7.95927
7.94467
7.94358
7.93972
7.95315
7.94977
7.95716
7.96813
7.95788
7.97135
7.97695
7.96818
7.96667
7.91334
7.91608
7.92872
7.92361
7.93747
7.90995
7.90267
7.91992
7.9227
7.91217
7.90096
7.91177
7.91198
7.92072
7.91189
7.91153
7.92927
7.92923
7.91349
7.90852
7.9237
7.91734
7.92735
7.90327
7.8806
7.87567
7.86726
7.86427
7.85629
7.87665
7.90738
7.89528
7.89132
7.88758
7.85447
7.84952
7.85869
7.85197
7.87142
7.85482
7.86674
7.89721
7.8936
7.90235
7.87672
7.88964
7.88
7.88203
7.8858
7.88496
7.87696
7.85163
7.85083
7.82557
7.83411
7.82376
7.82765
7.82655
7.83644
7.83039
7.84413
7.83364
7.82126
7.83152
7.85791
7.85818
7.86066
7.84356
7.85577
7.86012
7.86224
7.86448
7.85376
7.84918
7.84752
7.82605
7.82164
7.82385
7.8291
7.83439
7.83229
7.82768
7.8162
7.82813
7.84856
7.87056
7.8382
7.83633
7.8251
7.83059
7.8094
7.79338
7.80223
7.79785
7.79003
7.80719
7.81098
7.81015
7.79761
7.79048
7.79547
7.78865
7.7784
7.76886
7.76912
7.78658
7.78177
7.80184
7.77791
7.751
7.75223
7.73813
7.73544
7.73264
7.73175
7.7273
7.70653
7.71251
7.70436
7.69888
7.69505
7.69637
7.68824
7.69917
7.67016
7.68782
7.66329
7.65494
7.6552
7.66852
7.66543
7.67052
7.67909
7.69026
7.67672
7.66777
7.65887
7.6501
7.6476
7.66069
7.65255
7.65668
7.6567
7.65691
7.66403
7.68307
7.6673
7.65391
7.64484
7.66323
7.64662
7.64632
7.62161
7.63161
7.62661
7.63523
7.60518
7.62361
7.62085
7.61001
7.59674
7.59456
7.59841
7.59515
7.58324
7.59778
7.58578
7.598
7.5951
7.57513
7.55879
7.57913
7.56335
7.55643
7.55799
7.55732
7.55984
7.56953
7.57007
7.544
7.56126
7.55237
7.55229
7.55053
7.55894
7.56902
7.54951
7.54087
7.52816
7.52058
7.51556
7.52914
7.54826
7.53956
7.52902
7.51633
7.5356
7.52058
7.51774
7.53893
7.53699
7.51556
7.5144
7.52553
7.51713
7.51536
7.50363
7.4877
7.49931
7.50059
7.52313
7.50458
7.48728
7.48518
7.48016
7.49588
7.50006
7.48974
7.48118
7.46741
7.48621
7.49202
7.49314
7.48702
7.48599
7.46309
7.46389
7.479
7.46046
7.44196
7.43942
7.44058
7.42491
7.41633
7.41351
7.42936
7.40826
7.41262
7.40898
7.41244
7.39932
7.4048
7.39805
7.40576
7.39697
7.40896
7.38556
7.37284
7.37039
7.36392
7.37458
7.3795
7.38845
7.39488
7.40007
7.39578
7.4057
7.3993
7.39244
7.39859
7.40664
7.39807
7.38925
7.38784
7.36793
7.36592
7.35004
7.35343
7.35758
7.3463
7.35316
7.35475
7.35425
7.34809
7.36543
7.38654
7.38897
7.38096
7.38656
7.37536
7.40408
7.40211
7.38248
7.38275
7.38071
7.38981
7.37442
7.37834
7.38552
7.37428
7.37848
7.37043
7.36874
7.35424
7.36047
7.3672
7.374
7.36301
7.34853
7.34231
7.34899
7.3586
7.33693
7.33686
7.35294
7.32767
7.3474
7.33567
7.3338
7.33999
7.3171
7.31837
7.32455
7.31907
7.31293
7.32255
7.30888
7.30485
7.30303
7.29598
7.29392
7.30096
7.28412
7.27772
7.27905
7.2786
7.28303
7.29156
7.27094
7.25389
7.25676
7.24985
7.25088
7.23098
7.2424
7.23475
7.24759
7.24071
7.23231
7.24593
7.23075
7.22061
7.21508
7.21849
7.22599
7.22326
7.21829
7.20159
7.21664
7.20617
7.19802
7.20899
7.20396
7.20605
7.19189
7.18148
7.20219
7.21087
7.20146
7.19837
7.20339
7.2101
7.20175
7.20513
7.21236
7.20491
7.19179
7.19477
7.20514
7.20889
7.19987
7.17469
7.18981
7.19326
7.20531
7.18855
7.17575
7.18172
7.18851
7.18212
7.18461
7.17116
7.16696
7.16425
7.15756
7.15488
7.16909
7.15599
7.15053
7.15459
7.14667
7.16206
7.15862
7.15892
7.15962
7.16529
7.16628
7.16475
7.14343
7.14482
7.14345
7.144
7.13904
7.13271
7.13225
7.12777
7.12021
7.12364
7.11225
7.12981
7.12714
7.14268
7.12963
7.14201
7.13362
7.12014
7.12
7.11499
7.12684
7.11888
7.11631
7.11335
7.12069
7.12152
7.11149
7.11524
7.13326
7.11821
7.12688
7.11993
7.11312
7.10472
7.10848
7.11166
7.10383
7.10443
7.09967
7.12063
7.11333
7.10623
7.11253
7.11365
7.1118
7.09425
7.0844
7.10241
7.10667
7.09715
7.11926
7.11423
7.10123
7.11036
7.12946
7.14484
7.15929
7.13394
7.10059
7.08912
7.09193
7.12763
7.12506
7.11777
7.12167
7.11612
7.11476
7.10189
7.09818
7.1063
7.11869
7.13505
7.09693
7.09661
7.09557
7.08984
7.09572
7.08805
7.08761
7.09273
7.0856
7.08009
7.08366
7.0655
7.07482
7.07672
7.0825
7.09143
7.07847
7.08191
7.09587
7.08473
7.07957
7.07513
7.06985
7.06185
7.05683
7.05958
7.05627
7.06209
7.05822
7.05464
7.04719
7.02491
7.01958
7.01889
7.01264
7.01934
7.00326
6.99758
6.98183
6.99018
6.99712
6.99401
7.00331
6.99616
6.99227
7.00152
6.98876
7.00574
6.99945
7.00576
6.99762
7.01529
7.01786
7.01025
7.00173
7.00361
7.00543
7.0133
7.00963
6.9999
7.01482
7.01117
7.02341
7.01945
7.01439
7.01885
7.02601
7.02325
7.03178
7.03062
7.04041
7.02698
7.00126
7.00459
6.99458
6.99751
7.00069
7.00649
7.00699
7.0074
7.01264
7.0168
7.00996
6.99715
7.01742
7.00375
6.98717
6.99514
6.98205
6.97297
6.98123
7.00472
6.99332
6.99435
6.99301
6.983
6.99474
7.00172
6.99743
6.98423
6.97932
6.9783
6.98154
6.98265
6.98776
6.99159
6.97065
6.98086
6.9708
6.96069
6.98505
6.96812
6.96431
6.99675
7.01001
6.99873
7.00652
6.9997
6.99147
6.97632
6.99435
6.98977
6.97992
6.98226
6.9776
6.96571
6.9547
6.96851
6.98192
6.99245
7.00385
6.98501
6.97993
6.98185
6.98741
6.99445
6.9761
6.98127
6.95664
6.95831
6.96562
6.92714
6.94676
6.94298
6.95566
6.97798
6.97634
6.98697
6.9794
6.95553
6.95638
6.95908
6.95569
6.9674
6.92905
6.93407
6.94091
6.9407
6.93586
6.93126
6.93575
6.92809
6.92812
6.93483
6.94
6.94753
6.95961
6.95427
6.94588
6.93999
6.93613
6.94302
6.95489
6.94643
6.94116
6.96295
6.96179
6.942
6.94533
6.94482
6.94397
6.94076
6.95426
6.94922
6.9523
6.93657
6.95413
6.94848
6.94617
6.93091
6.93478
6.9281
6.93021
6.93472
6.93697
6.93994
6.93581
6.92209
6.92795
6.9233
6.92573
6.93127
6.92472
6.90472
6.92254
6.92224
6.91783
6.92865
6.93563
6.92602
6.92545
6.90511
6.91009
6.91041
6.92165
6.91517
6.89984
6.89913
6.90466
6.90032
6.90685
6.88926
6.88888
6.88962
6.87889
6.88905
6.8938
6.88563
6.89044
6.87699
6.87904
6.88247
6.87746
6.88137
6.8847
6.87157
6.86564
6.85568
6.85683
6.86973
6.84724
6.87816
6.88151
6.87718
6.87358
6.85959
6.85818
6.85253
6.85731
6.85834
6.85629
6.87396
6.86217
6.87399
6.86477
6.86074
6.86884
6.86441
6.86099
6.86505
6.85943
6.85574
6.85963
6.86112
6.85101
6.85048
6.85066
6.85033
6.83233
6.84247
6.83457
6.84986
6.85025
6.84869
6.84044
6.84457
6.84057
6.84682
6.83944
6.82846
6.83766
6.82938
6.83115
6.83671
6.83663
6.83477
6.84208
6.8536
6.83994
6.85176
6.84916
6.84618
6.85475
6.82308
6.82636
6.82321
6.82339
6.82099
6.81761
6.8274
6.83871
6.81344
6.81745
6.81604
6.82518
6.81565
6.81647
6.80703
6.8113
6.82174
6.80794
6.82274
6.81116
6.80561
6.8183
6.81477
6.81053
6.79946
6.80473
6.81134
6.82002
6.81521
6.79506
6.79821
6.82582
6.81727
6.81219
6.80788
6.79177
6.79275
6.80111
6.80493
6.81416
6.79542
6.78921
6.79654
6.78938
6.7779
6.79009
6.7808
6.78617
6.78023
6.79006
6.79671
6.7942
6.79752
6.79002
6.76755
6.76932
6.77921
6.76855
6.78181
6.76598
6.77016
6.77526
6.76425
6.76604
6.76547
6.73888
6.74202
6.73656
6.73772
6.74366
6.73699
6.74122
6.73924
6.74033
6.74714
6.74837
6.74387
6.79459
6.78977
6.77074
6.77819
6.76379
6.76135
6.74794
6.75362
6.76212
6.74811
6.74533
6.74931
6.7397
6.74242
6.74874
6.75451
6.7571
6.75817
6.76243
6.76581
6.7534
6.76345
6.77094
6.77697
6.77802
6.7423
6.74763
6.75264
6.75528
6.74297
6.7499
6.75906
6.75611
6.75005
6.75522
6.74633
6.77023
6.76934
6.76705
6.7574
6.74569
6.74065
6.76338
6.76902
6.76038
6.74223
6.75328
6.74428
6.75666
6.76933
6.75815
6.75883
6.7502
6.73384
6.73837
6.73662
6.73024
6.74548
6.7251
6.71007
6.70622
6.71175
6.70846
6.70588
6.70028
6.70222
6.72348
6.72652
6.72416
6.69553
6.70817
6.71413
6.72636
6.69858
6.69258
6.70571
6.7209
6.70133
6.70828
6.71054
6.73016
6.72078
6.72104
6.72225
6.70819
6.7145
6.69992
6.70221
6.70622
6.69076
6.70476
6.72005
6.7179
6.71838
6.72274
6.71983
6.72874
6.7276
6.70883
6.71874
6.70259
6.7169
6.72676
6.70238
6.69353
6.72015
6.7132
6.70136
6.69971
6.70062
6.70525
6.70052
6.69793
6.68318
6.67463
6.67364
6.67633
6.69064
6.67474
6.66481
6.6718
6.67842
6.66953
6.69241
6.68434
6.68459
6.69418
6.68565
6.67288
6.66375
6.64806
6.66446
6.66394
6.66733
6.67424
6.66497
6.66736
6.65897
6.6471
6.64327
6.65225
6.63818
6.64236
6.63366
6.6347
6.66152
6.64343
6.67078
6.65863
6.64567
6.65208
6.6517
6.6421
6.63989
6.65126
6.63241
6.63165
6.63666
6.63296
6.65446
6.63513
6.62675
6.62606
6.63604
6.66224
6.64011
6.66077
6.65254
6.6229
6.61998
6.64934
6.63205
6.63498
6.62376
6.63124
6.6358
6.63728
6.62024
6.6206
6.61938
6.62435
6.62896
6.63119
6.62068
6.65201
6.63069
6.61603
6.61858
6.61075
6.61354
6.59502
6.62046
6.61449
6.60682
6.60963
6.60374
6.62228
6.61543
6.61369
6.60985
6.61242
6.61337
6.63427
6.62065
6.6229
6.61841
6.5992
6.59213
6.59181
6.59888
6.59224
6.60266
6.61416
6.59794
6.59437
6.57999
6.58402
6.5895
6.59641
6.59545
6.6077
6.61964
6.63191
6.62196
6.61442
6.61286
6.61017
6.6365
6.60541
6.60499
6.60314
6.61238
6.594
6.60926
6.60738
6.60813
6.60289
6.59361
6.60547
6.61107
6.60242
6.59232
6.59681
6.61187
6.58525
6.57236
6.58196
6.58313
6.58705
6.58571
6.57633
6.58398
6.58355
6.58036
6.58854
6.58128
6.59251
6.59314
6.58793
6.58416
6.59476
6.59375
6.59598
6.58104
6.58219
6.59509
6.58562
6.58369
6.56844
6.57644
6.59587
6.60122
6.58718
6.5972
6.57787
6.57886
6.59844
6.59616
6.59663
6.60266
6.57989
6.58055
6.59072
6.57952
6.57658
6.56739
6.55561
6.57059
6.58568
6.5886
6.58401
6.58231
6.58576
6.59312
6.59154
6.58335
6.59404
6.58225
6.58687
6.59808
6.57923
6.58623
6.58899
6.58291
6.5731
6.57972
6.57528
6.56649
6.5801
6.57569
6.59045
6.59481
6.60331
6.61123
6.59648
6.58496
6.57797
6.58115
6.57209
6.57839
6.59075
6.58391
6.57743
6.57445
6.56931
6.56701
6.56336
6.59
6.58413
6.58481
6.57828
6.60141
6.56756
6.56405
6.54982
6.55358
6.56683
6.57493
6.56563
6.56761
6.5651
6.56221
6.55484
6.55819
6.55783
6.55769
6.56785
6.54305
6.54458
6.54488
6.5601
6.56113
6.56805
6.5714
6.56994
6.55876
6.55064
6.5539
6.56009
6.55691
6.53599
6.53681
6.5545
6.55873
6.55703
6.55175
6.5529
6.55062
6.55592
6.54268
6.54417
6.53558
6.5364
6.54522
6.56449
6.57305
6.55958
6.54285
6.56144
6.55813
6.54381
6.54881
6.54812
6.54424
6.55436
6.54673
6.52552
6.52251
6.52227
6.52478
6.53452
6.53829
6.53599
6.53429
6.54561
6.54108
6.52326
6.53864
6.53939
6.53545
6.54378
6.53769
6.52804
6.54085
6.542
6.53251
6.53993
6.53165
6.53046
6.54092
6.5421
6.54583
6.52771
6.52659
6.52774
6.53738
6.54934
6.52791
6.53863
6.52355
6.50659
6.51929
6.5353
6.53881
6.55079
6.53986
6.53245
6.5362
6.53142
6.51659
6.51026
6.51152
6.51009
6.50985
6.52568
6.53263
6.54771
6.53166
6.51825
6.52007
6.52729
6.53493
6.5208
6.53104
6.5526
6.52874
6.52092
6.53091
6.54317
6.53738
6.5365
6.5351
6.51984
6.50555
6.49093
6.50057
6.50999
6.51299
6.5048
6.50149
6.50097
6.50763
6.48826
6.49552
6.50501
6.50375
6.50358
6.49945
6.51454
6.51272
6.50952
6.50463
6.52415
6.51432
6.50379
6.49228
6.49994
6.49804
6.5021
6.49989
6.50369
6.51266
6.49721
6.48803
6.4831
6.48685
6.49462
6.49847
6.50074
6.49376
6.49137
6.48859
6.4904
6.47955
6.48473
6.4952
6.49339
6.50347
6.50244
6.50698
6.49575
6.48936
6.50163
6.49414
6.49216
6.49512
6.50007
6.50428
6.506
6.49411
6.47851
6.49029
6.48618
6.49269
6.49305
6.51351
6.49618
6.49976
6.49602
6.48565
6.48375
6.49192
6.4802
6.47238
6.47382
6.48028
6.49299
6.47938
6.4952
6.48608
6.4934
6.48627
6.4894
6.48093
6.48157
6.48372
6.47444
6.47451
6.46938
6.47975
6.4938
6.48256
6.47595
6.47082
6.48171
6.4951
6.50047
6.48477
6.49137
6.49015
6.48346
6.4932
6.47289
6.49805
6.48816
6.47711
6.49095
6.4798
6.48383
6.487
6.47578
6.49048
6.49049
6.49017
6.49338
6.49251
6.49043
6.48897
6.49098
6.48399
6.47744
6.49145
6.50498
6.48152
6.48135
6.47762
6.467
6.47479
6.47081
6.46351
6.45753
6.46626
6.46958
6.47407
6.48228
6.47146
6.4761
6.46358
6.45853
6.47501
6.47195
6.47059
6.47563
6.48067
6.47758
6.49053
6.4965
6.48349
6.49006
6.49328
6.48906
6.49958
6.51198
6.48171
6.49383
6.48017
6.48851
6.50966
6.49676
6.49849
6.50508
6.49588
6.48319
6.47989
6.49138
6.4773
6.49037
6.49012
6.49234
6.49512
6.50252
6.48393
6.4825
6.49103
6.49586
6.49375
6.50026
6.50321
6.49414
6.49666
6.49974
6.49171
6.4815
6.47433
6.48304
6.48327
6.48148
6.49461
6.48151
6.48387
6.47795
6.48506
6.47542
6.469
6.47339
6.47074
6.47178
6.47959
6.48236
6.47685
6.48248
6.48989
6.48951
6.48975
6.47844
6.48129
6.47378
6.48694
6.48763
6.49267
6.48184
6.47776
6.48392
6.4741
6.46679
6.47768
6.46994
6.46561
6.47459
6.48039
6.47946
6.47655
6.47006
6.47128
6.47299
6.47514
6.46884
6.46481
6.46645
6.46387
6.46354
6.47219
6.4739
6.47517
6.48139
6.46999
6.47187
6.47078
6.45966
6.46774
6.4554
6.444
6.45228
6.44624
6.44219
6.43788
6.44301
6.43683
6.45488
6.45729
6.45771
6.45945
6.47088
6.45274
6.46353
6.46055
6.453
6.44983
6.44287
6.45152
6.46168
6.45705
6.46041
6.46663
6.44946
6.44342
6.4385
6.43653
6.42938
6.43949
6.43758
6.42213
6.43356
6.44783
6.43471
6.44194
6.42877
6.44166
6.44688
6.44861
6.45099
6.43949
6.43899
6.44411
6.43029
6.42636
6.42072
6.42658
6.43832
6.42902
6.43984
6.42931
6.4166
6.42158
6.43182
6.43174
6.43519
6.4257
6.42054
6.42354
6.4218
6.42254
6.43214
6.43822
6.44523
6.43413
6.42923
6.44351
6.42565
6.43228
6.42595
6.43377
6.43955
6.43579
6.42648
6.4311
6.41563
6.40603
6.41301
6.42613
6.43283
6.42401
6.427
6.42191
6.42105
6.41308
6.41549
6.41785
6.40746
6.40412
6.42306
6.42511
6.42068
6.42207
6.41442
6.41783
6.40998
6.40954
6.42418
6.42163
6.42049
6.4199
6.41075
6.40679
6.42071
6.42291
6.43719
6.43414
6.43553
6.43631
6.41849
6.4216
6.42243
6.42277
6.43247
6.43054
6.42618
6.42036
6.41841
6.41407
6.41897
6.42211
6.41754
6.41763
6.41702
6.40425
6.40391
6.41247
6.41692
6.41707
6.42398
6.4216
6.41537
6.40642
6.40418
6.41112
6.40634
6.40995
6.4053
6.40425
6.40379
6.39719
6.40341
6.40165
6.40131
6.40985
6.4163
6.40606
6.41578
6.41232
6.41634
6.4035
6.41149
6.42435
6.4126
6.41366
6.41157
6.41107
6.41152
6.41114
6.41335
6.41934
6.41109
6.39553
6.39102
6.3846
6.38711
6.3893
6.38641
6.38919
6.39749
6.40721
6.39427
6.40009
6.40592
6.39974
6.39257
6.38894
6.39538
6.401
6.39308
6.39295
6.39518
6.3969
6.40737
6.39394
6.37998
6.3912
6.39269
6.39548
6.38231
6.39497
6.39036
6.39923
6.4039
6.40138
6.39771
6.40096
6.406
6.4079
6.39518
6.39397
6.38794
6.3906
6.38517
6.38216
6.3906
6.38154
6.38387
6.38128
6.38899
6.39983
