      0
      2
     20
    132
    315
    353
    623
    841
    880
   1378
   1691
   2092
   2445
   2809
   3489
   4172
   4854
   5114
   5233
   6522
   7216
   7650
   8825
   9162
   9959
  11654
  11800
  13448
  14525
  15101
  15751
  16769
  18321
  20286
  20382
  22510
  24038
  25756
  26462
  28325
  28349
  30173
  33124
  34346
  34929
  37582
  38409
  40477
  43700
  44902
  48085
  49303
  50641
  51560
  55618
  57139
  60272
  60445
  63253
  68098
  67604
  69778
  73950
  77272
  78171
  82447
  83669
  84023
  88869
  90643
  93152
  97020
  99997
 102351
 107690
 106753
 112466
 113709
 116444
 121839
 125754
 126652
 133119
 134214
 139917
 143589
 148115
 148655
 153202
 153242
 161325
 163608
 165817
 169343
 175162
 179183
 181808
 184649
 192843
 195119
 200370
 203684
 209117
 216348
 219465
 224687
 229164
 233278
 235918
 246636
 248008
 251331
 258064
 262471
 270119
 273271
 276517
 280244
 289314
 295300
 304359
 305660
 309918
 317324
 320277
 328522
 339679
 341421
 347874
 350542
 359470
 361962
 369473
 377349
 379293
 389855
 396686
 400203
 409750
 417524
 421739
 430043
 437324
 443202
 449925
 460650
 468790
 473227
 481555
 485899
 493887
 503122
 510560
 518616
 527726
 529534
 537770
 543965
 556479
 565395
 570642
 580287
 589647
 600757
 609649
 615720
 623579
 628408
 642354
 647887
 659564
 666837
 680056
 689760
 690568
 704236
 716265
 719447
 727668
 741483
 750628
 759138
 775120
 783403
 791173
 798450
 810559
 818902
 831504
 845999
 853495
 856016
 874175
 879696
 896338
 901572
 910540
 931448
 944329
 949285
 956980
 969254
 986727
 995937
1011576
1015336
1025143
1041741
1051951
1059411
1076218
1084325
1101721
1117576
1120125
1138545
1153784
1161922
1172986
1192807
1196123
1209950
1228054
1230121
1250718
1272669
1279573
1297389
1301825
1320952
1335688
1342730
1357443
1370633
1380293
1399378
1410772
1422828
1441018
1454043
1461385
1482188
1497500
1515329
1526048
1537465
1550673
1561859
1588204
1598098
1612738
1630449
1644167
1653758
1668285
1681459
1701560
1721260
1723879
1750954
1776407
1773963
1780840
1809879
1825701
1837167
1864047
1868512
1881684
1897182
1905613
1939315
1945386
1961685
1989673
1999367
2016144
2034053
2041142
2053238
2075819
2099940
2105900
2130968
2151549
2147335
2180378
2189546
2199417
2212346
2235724
2259747
2268250
2292887
2310646
2333017
2340653
2355894
2377662
2396356
2411944
2434530
2437551
2458665
2481509
2491437
2508371
2531661
2551516
2558881
2598597
2597738
2629377
2647753
2642713
2683835
2681332
2703897
2720188
2744149
2751950
2779557
2795192
2818260
2838393
2858110
2868715
2891815
2902398
2921311
2931165
2960749
2969734
2991054
2998687
3010776
3035444
3051390
3077919
3090641
3093844
3115810
3135270
3164067
3173069
3197657
3206677
3236171
3237017
3255877
3283293
3301793
3312965
3329697
3340636
3375020
3391025
3409559
3418855
3433398
3460630
3464852
3482206
3512890
3517307
3531630
3562159
3570551
3578266
3601344
3616773
3631190
3659341
3662728
3691895
3708485
3719440
3726376
3750929
3762318
3790592
3795912
3814833
3806665
3851508
3857849
3882714
3887123
3914619
3920094
3935057
3946938
3979340
3981798
3999374
4021114
4025125
4044290
4049051
4086124
4093992
4118150
4115934
4138047
4145325
4159207
4183166
4193803
4204405
4229754
4225289
4247481
4249010
4271667
4280097
4303111
4316990
4318591
4321781
4351583
4359785
4387973
4385977
4388164
4395481
4432091
4441778
4433543
4457034
4477174
4465465
4485757
4504099
4509372
4533961
4544745
4546408
4556449
4568301
4589443
4587291
4606857
4604379
4607027
4637624
4641468
4655571
4672250
4680049
4673743
4683393
4708500
4703056
4717615
4724583
4720178
4727097
4746964
4754824
4750541
4768738
4780549
4778258
4783572
4798045
4802383
4817409
4815016
4830337
4828598
4838724
4841798
4859880
4855956
4874994
4870138
4881084
4866000
4880138
4891222
4893286
4890664
4897422
4884149
4919707
4934884
4927789
4933959
4938382
4926464
4923732
4935399
4930276
4939894
4929187
4934849
4930653
4952097
4931621
4946563
4966195
4950075
4961335
4983075
4951398
4969439
4969933
4973374
4947068
4958263
4974159
4954014
4962257
4959551
4965340
4953922
4952933
4953269
4942726
4954309
4949059
4940602
4968050
4952810
4953698
4923619
4943240
4912651
4926261
4922987
4916213
4910055
4900529
4917881
4908049
4905188
4899640
4894554
4887034
4881791
4881266
4872840
4868538
4853491
4861326
4852515
4856318
4854570
4830347
4825699
4821976
4812305
4824995
4802950
4776981
4782236
4795523
4780016
4769556
4766489
4748899
4741309
4725560
4728848
4735249
4706297
4712075
4701998
4697014
4693668
4681466
4655550
4651416
4632541
4613021
4622469
4600578
4598972
4589179
4561989
4567425
4554495
4552296
4519339
4516439
4522995
4491169
4488166
4477981
4470494
4454391
4438756
4428692
4410054
4410527
4395937
4386233
4367898
4347528
4338326
4336163
4313764
4300232
4286141
4270483
4275992
4256814
4244253
4227513
4215595
4196136
4188364
4179587
4156808
4145818
4133542
4099090
4092984
4097241
4070918
4059514
4047520
4031141
3998471
3993979
3983145
3976045
3956215
3946589
3908005
3899769
3914724
3878431
3850120
3839772
3817522
3826903
3802672
3778300
3780301
3746722
3736420
3722810
3697387
3692870
3681971
3664696
3641550
3633147
3610689
3592137
3577837
3569740
3551189
3521979
3505700
3492263
3480168
3454351
3448062
3413986
3408370
3391195
3372122
3345910
3333660
3330770
3303598
3290268
3278499
3255843
3225303
3215971
3193935
3191654
3167447
3163811
3130842
3116743
3097336
3092882
3070996
3047797
3026208
3019229
3005529
2978393
2959270
2952348
2926264
2905471
2893262
2889149
2857170
2843820
2814555
2807549
2799343
2776309
2754433
2738864
2723666
2714880
2684496
2664049
2654218
2638043
2609213
2604205
2588495
2577831
2548545
2533200
2514103
2497250
2483707
2467049
2443050
2424333
2416064
2404291
2384720
2366579
2349767
2333697
2318668
2303747
2280142
2262375
2253979
2235755
2229703
2202020
2191322
2173707
2156174
2140813
2124180
2110431
2094803
2079792
2063493
2045053
2029169
2017489
1993669
1987767
1968609
1952411
1941142
1930290
1916141
1896415
1877417
1864300
1850220
1840136
1810187
1811640
1803967
1782054
1765652
1754142
1740114
1721187
1706866
1691342
1670959
1665555
1654042
1638198
1628883
1611748
1600828
1574404
1568360
1556527
1545283
1526351
1516256
1499938
1480212
1480422
1460814
1451102
1435325
1416525
1406220
1392336
1386596
1370999
1359008
1353421
1331973
1312403
1315986
1293583
1282830
1270968
1255641
1246457
1239728
1233446
1217165
1207165
1196139
1193995
1174193
1162962
1142725
1141193
1132877
1117176
1113720
1098419
1082232
1069890
1055906
1057436
1040132
1026301
1017689
1008021
1001158
 983227
 974930
 970973
 958013
 948841
 946839
 930000
 916144
 910843
 904281
 887600
 877440
 877280
 867259
 859203
 836632
 837992
 827555
 819144
 812239
 801902
 787294
 783571
 775340
 762884
 761037
 745374
 738826
 728964
 732113
 717034
 717582
 705375
 693030
 687238
 680608
 670203
 660708
 654320
 650348
 638414
 628716
 628001
 618351
 617361
 606843
 596320
 589998
 584705
 573058
 569574
 566121
 557729
 549609
 542870
 540187
 533185
 526593
 516579
 513442
 507106
 499339
 497914
 484911
 481219
 477850
 468304
 461932
 461893
 451103
 448177
 441221
 436882
 432221
 428824
 418703
 412816
 409665
 406051
 402340
 393616
 389927
 384473
 379864
 376063
 371105
 365054
 358842
 355282
 351792
 348673
 340116
 337437
 338720
 334108
 323857
 323434
 316244
 313591
 307787
 301996
 301789
 293043
 294506
 290699
 283517
 280407
 276035
 272447
 270362
 264321
 260160
 261154
 252930
 250521
 247922
 245455
 239823
 238919
 236659
 232926
 229192
 222960
 223994
 218915
 213998
 213477
 214340
 208084
 204056
 200378
 196786
 196929
 194053
 187799
 188835
 184905
 180624
 180832
 175798
 175070
 171770
 169349
 167670
 163843
 158496
 156338
 156901
 155066
 152790
 147999
 148634
 144991
 145698
 138398
 139884
 136703
 132760
 134187
 130027
 132935
 129000
 126836
 122498
 122556
 118548
 116167
 117765
 114483
 112791
 109795
 108334
 106281
 105633
 105768
 102592
  98763
  99158
  99069
  96755
  95272
  92040
  92073
  87912
  87977
  87436
  84841
  81442
  81621
  81181
  81119
  80016
  77286
  76005
  74261
  73991
  70860
  70522
  69121
  68425
  67721
  67165
  66307
  65862
  64765
  61935
  62422
  59593
  58773
  58963
  59195
  55221
  53918
  53417
  54078
  53534
  51054
  51015
  50502
  49102
  47328
  47774
  46066
  45586
  44695
  44099
  43563
  44562
  42150
  40592
  40752
  39927
  38865
  38652
  39038
  37295
  37949
  36375
  36554
  33971
  34253
  32558
  33845
  32043
  30986
  31242
  31070
  30767
  30120
  28333
  28048
  27803
  27441
  25834
  26860
  26672
  25887
  25747
  25361
  24433
  24561
  23917
  22677
  23409
  22421
  21787
  20957
  20589
  20524
  20584
  19746
  18884
  18564
  17468
  17754
  17371
  17437
  18250
  17615
  17277
  16498
  15292
  16874
  15169
  15363
  14524
  14400
  14237
  14254
  14083
  13455
  13497
  12856
  13956
  12470
  11975
  11893
  11712
  12200
  10895
  10573
  10898
  10456
  10731
  10556
  10580
   9893
   9737
   9565
   9191
   9105
   8981
   9006
   8246
   8767
   8164
   8353
   8091
   7842
   7487
   7089
   7593
   7176
   6837
   6834
   6639
   6617
   6232
   6309
   6108
   5974
   5933
   5950
   5688
   6227
   5630
   5614
   5154
   4979
   5194
   4827
   5156
   5446
   4789
   4278
   4770
   4182
   4489
   3940
   3935
   3532
   4115
   3591
   3741
   4133
   3649
   3154
   3683
   3467
   3044
   3246
   3364
   3219
   3118
   2804
   2756
   3119
   2386
   2887
   2908
   2416
   2526
   2106
   2542
   2427
   2322
   2499
   2157
   2144
   1994
   1895
   1938
   2106
   1934
   2048
   1855
   1736
   1682
   1812
   1840
   1672
   1735
   1770
   1511
   1567
   1512
   1417
   1476
   1405
   1556
   1546
   1424
   1160
   1169
   1156
   1191
   1245
   1219
    945
    982
   1006
   1150
    871
   1239
   1230
   1115
   1020
    894
    911
   1105
    730
    888
    945
    936
    729
    668
    676
    651
    717
    960
    574
    812
    608
    620
    603
    637
    679
    443
    716
    492
    531
    511
    536
    479
    549
    801
    484
    561
    455
    441
    598
    288
    255
    370
    293
    324
    390
    386
    341
    353
    175
    308
    242
    268
    271
    328
    293
    239
    152
    259
    293
    317
    320
    253
    283
    167
    392
    190
    341
    232
    151
    125
    193
    173
    159
    179
     64
    188
    126
    199
    163
    191
     89
    161
    229
     98
     63
    149
    187
     77
    195
    135
     77
    126
    143
     96
     62
    161
     81
     81
     41
    128
    104
     81
     11
     78
    102
     87
    117
     62
    108
     67
     94
     90
     30
     79
    110
    117
    106
     44
     74
     67
     64
     52
    129
     71
     73
     82
     64
     66
     44
     58
     57
     72
     77
     67
     59
     33
     37
     64
     22
     47
     36
     13
     54
     13
     46
     16
     45
     48
     37
     11
     44
     61
     18
     50
     18
     66
     64
     10
     15
      5
     17
      8
     34
     20
     59
     23
     34
     61
      8
     28
      9
     48
    103
     37
     13
      1
     78
     10
      0
     58
     40
     42
      0
     47
     52
     34
     39
      6
     13
     64
      0
      0
      0
     27
      7
     44
      1
      6
     17
     30
     54
     46
     13
     36
      0
     32
     12
     25
      0
     17
     24
      0
      0
      4
      3
     13
     15
      0
      1
      0
     18
      0
     11
     19
      4
      0
     16
     23
      0
      0
      0
     22
     34
      0
      0
     38
     10
      6
     43
     19
     41
     13
     18
     20
     82
      0
      4
     17
     29
     33
     45
     51
      0
     14
     39
      1
      0
      1
      0
      1
      7
     45
     22
      1
      0
     46
      0
      0
     45
      7
     12
     18
      7
      1
      4
      0
      0
      5
      0
      3
     10
     22
      0
     17
     15
     22
      0
      0
      0
      0
     19
      0
      0
      0
      2
      0
      5
     20
      1
      0
      0
      1
      3
      0
      0
      0
      0
      0
      0
      4
      0
      0
      0
      0
     17
     37
     39
      0
      0
      2
     16
      2
      0
      0
      0
      7
      9
      0
      5
      0
      0
      0
      4
      2
      0
      6
      0
      4
     12
      0
      7
     29
      0
      1
     26
     15
      8
      0
      0
      0
      0
      0
      0
      0
      0
      0
      2
      0
      0
      0
      0
      0
      3
      0
      2
      2
     29
      0
     10
      2
      0
      0
      2
      0
      0
      5
     15
      0
      0
      0
      0
      0
      0
      0
      0
      0
      0
      0
      0
      0
      2
      0
      0
      2
      0
      3
      0
      0
      4
      0
      4
      2
     10
      0
      0
      0
      0
      0
      0
      1
      0
     21
      4
      0
      0
      0
      0
     28
      0
      2
      3
      5
      0
      0
      0
      0
      1
      0
      0
      0
     17
     10
      0
      0
      0
      2
      2
      0
      0
      0
      8
      7
      0
      0
      0
     34
      0
      0
      0
      0
      0
      7
      0
      0
      2
      0
      5
      0
      0
      0
      0
      0
     23
      0
      0
      0
      0
      0
      0
      0
      0
      0
      0
      0
      0
      0
      0
      7
      0
      0
      0
      0
      0
      0
      0
      0
      0
      0
      1
      0
      0
      0
      0
      4
      0
      0
      0
      0
      9
      4
      0
      0
     12
     21
      4
      0
      0
     12
      0
      0
      6
      0
     15
      9
      0
     17
      6
      0
      9
      0
     12
      0
      0
      0
      0
      0
      0
      0
      0
      2
      0
      0
      0
     21
      0
      7
      0
      0
      0
      9
      3
      0
      5
      3
      3
      0
      3
      0
      0
      0
      0
     18
     43
      0
      0
      6
      0
      0
      0
      2
      0
      0
      0
      0
      0
      0
      0
     15
      0
      0
      0
      0
      0
     27
      0
      0
      0
      0
      0
      0
      0
     18
      0
      0
      0
     17
      0
      0
      0
      6
      0
      5
      0
      0
      0
      0
      0
      0
      0
      0
     18
      0
      0
      0
      0
      0
      0
      0
      0
      0
      0
      0
      0
      0
      0
      0
      0
      0
      0
      0
      0
      0
     17
      0
     11
      0
      0
      0
      0
      0
      0
      0
      0
      0
      0
      0
      0
      0
      2
     20
      0
      0
     15
     16
      0
     21
      7
      0
      0
      0
      0
      0
      0
      0
      0
      0
      0
      0
      0
      0
      0
      0
      0
      0
      0
      0
      0
      0
      0
      0
      0
      0
      0
      0
      0
      0
      0
      0
      0
      0
      0
      0
      0
      0
      0
      0
      0
      5
      0
      0
      2
      0
      0
      0
      0
      0
      0
      0
      0
      0
      0
      0
      0
      0
      0
      0
      0
      0
      0
      0
      0
      0
      0
      0
      0
      0
      0
      0
      0
      0
      0
      0
      0
      0
      0
      0
      0
      0
      0
      0
      0
     46
     10
      8
      0
      2
      0
      0
      0
      0
      0
      0
      0
      0
      0
      7
      0
      0
      0
      0
      8
      0
      0
      0
      0
      9
      0
      0
      0
      0
      0
      0
      0
      0
      0
      0
      0
      0
      0
      0
      0
      0
      0
      0
      0
      0
      0
      0
      0
      0
      0
      0
      0
      0
      0
      0
      0
      0
      0
      0
      3
      0
      5
      0
      0
     21
     27
      0
      0
      3
      0
      0
      0
      0
      0
      0
      0
     42
     14
      0
      1
      0
      5
     20
     14
      0
      0
     12
      0
      0
      0
      0
      0
      0
      0
      0
      0
      0
      0
      0
      0
      0
      0
      0
      0
      0
      0
      0
      0
      0
      0
      0
      0
      0
      0
      0
      0
      0
      0
      0
      0
      0
      0
      0
      0
      0
      0
      0
      0
      0
      0
      8
      0
      0
      0
      0
      0
      8
      0
      0
      0
      0
      0
      0
      0
      0
      0
     33
      0
      0
      0
      0
      0
      5
      0
      0
      0
      0
      6
      0
      0
      0
     10
      0
      0
      0
     11
      3
      0
      0
      0
      0
      0
      0
      4
      0
      0
      0
      0
      0
      3
      0
      4
      0
      0
      0
      2
      0
      0
      0
      0
      0
      0
      0
      0
      0
      0
      0
      0
      0
      0
      0
      0
      0
      0
      0
      0
      0
      0
      0
      0
      0
      0
      0
      0
      0
      0
      0
      0
      0
      0
      0
      0
      0
      0
      0
      0
      0
      0
      0
      0
      0
      0
      0
      0
      0
      0
      0
      0
      0
      0
      0
      0
      0
      0
      0
      0
      0
      0
      0
      0
      0
      0
      0
      0
      0
      0
      0
      0
      0
      0
      0
      0
      0
      4
      0
      0
      0
      0
      0
      0
      0
      0
      0
      0
      0
     13
      0
      0
      0
      0
      0
      0
      0
      0
      0
      0
      0
      0
      0
      0
      0
      0
      0
      0
      0
      0
      0
     18
      0
      3
      0
      0
      0
      0
      0
      0
      0
      0
      0
      0
      0
      0
      0
      0
      0
      0
      0
      0
     11
      0
      0
      0
      0
      0
      0
      0
      0
      3
      0
      0
      0
      0
      0
      0
      0
      0
      0
      0
      0
      0
      0
      0
      0
      0
      0
      0
      0
      0
      0
      0
      0
      0
      0
      3
      0
      0
     30
      0
      0
      0
      0
      0
      0
      0
      0
      0
      0
      0
      0
      0
      0
      0
      0
      0
      4
      0
      0
      0
      0
      0
      0
      0
      0
      0
      0
      0
      0
      0
      0
      0
      0
      0
      0
      0
      0
      0
      0
      0
      0
      0
      0
      0
      0
      0
      0
      0
      0
      0
      0
      0
      0
      0
      0
      0
      0
      0
      0
      0
     17
      0
      0
      3
      2
      0
      0
      0
      0
      0
      0
      3
      0
      8
      0
      0
      0
      0
      0
      0
      0
      0
      1
     18
      0
      0
      0
     29
      0
      0
      0
      0
      0
      0
      0
      0
      0
      0
      0
      0
      0
      0
      0
      0
      0
      0
      0
      0
      0
      0
      0
      0
      0
      0
      0
      0
      0
      0
      0
      0
      0
      0
      0
      0
      0
      0
      0
      0
      0
      0
      0
      0
      0
      0
      0
      0
      0
      0
      0
      0
      0
      0
      0
      0
      0
      0
      0
      0
     12
      1
     14
      0
     12
      0
      0
      0
      0
      0
      0
      0
      0
      0
      0
      0
      0
      0
      0
      0
      0
      0
      0
      0
      0
      0
      0
      0
      0
      0
      0
      0
      0
      0
      0
      0
      0
      0
      0
      0
      0
      0
      0
      0
      0
      0
      0
      0
      0
      0
      0
      0
      0
      0
      0
      0
      0
      0
      0
      0
      0
      0
      0
      0
      0
      0
      0
      0
      0
      0
      0
      0
      0
      0
      0
      0
      0
      0
      0
      0
      0
      0
      0
      0
      0
      0
      0
      0
      0
      0
      0
      0
      0
      0
      0
      0
      0
      0
      0
      0
      0
      0
      0
      0
      0
      0
      0
      0
      0
      0
      0
      0
      0
      0
      0
      0
      0
      0
      0
      0
      0
      0
      0
      0
      0
      0
      0
      0
      0
      0
      0
      0
      0
      0
      0
      0
      0
      0
     34
      0
      0
      0
      0
      0
      0
      0
      0
      0
      0
      0
      0
      0
      0
      0
      0
      0
      0
      0
      0
      0
      0
      0
      0
      0
      0
      0
      0
      0
      0
      0
      0
      0
      0
      0
      0
      0
      0
      0
      0
      0
      0
      0
      0
      0
      0
      0
      0
      0
      0
      0
      0
      0
      0
      0
      0
      0
      0
      0
      0
      0
      0
      0
      0
      0
      0
      0
      0
      0
      0
      0
      0
      0
      0
      0
      0
      0
      0
      0
      0
      0
      0
      0
      0
      0
      0
      0
      0
      0
      0
      0
      0
      0
      0
      0
      0
      0
      0
      0
      0
      0
      0
      0
      0
      0
      0
      0
      0
      0
      0
      0
      0
      0
      0
      0
      0
      0
      0
      0
      0
      0
      0
      0
      0
      0
      0
      0
      0
      0
      0
      0
      0
      0
      0
      0
      0
      0
      0
      0
      0
      0
      0
      0
      0
      0
      0
      0
      0
      0
      0
      0
      0
      0
      0
      0
      0
      0
      0
      0
      0
      0
      0
      0
      0
      0
      0
      0
      0
      0
      0
      0
      0
      0
      0
      0
      0
      0
      0
      0
      0
      0
      0
      0
      0
      0
      0
      0
      0
      0
      0
      0
      0
      0
      0
      0
      0
      0
      0
      0
      0
      0
      0
      0
      0
      0
      0
     10
      0
      0
      0
      6
      0
      4
      0
      0
      0
      0
      0
      0
      0
      0
      0
      0
      0
      0
      0
      0
      0
      0
      0
      0
      0
      0
      0
      0
      0
      0
      0
      0
      0
      0
      0
      0
      0
      0
      0
      0
      0
      0
      0
      0
      0
      0
      0
      0
      0
      0
      0
      0
      0
      0
      0
      0
      0
      0
      0
      0
      0
      0
      0
      0
      0
      0
      0
      0
      0
      0
      0
      0
      0
      0
      0
      0
      0
      0
      0
      0
      0
      0
      0
      0
      0
      0
      0
     16
      0
     33
      0
      0
      3
      0
      0
      0
      0
      0
      0
      0
      0
      0
      0
      0
      0
      0
      0
      0
      0
      0
      0
      0
      0
      0
      0
      0
      0
      0
      0
      0
      0
      0
      0
      0
      0
      0
      0
      0
      0
      0
      0
      0
      0
      0
      0
      0
      0
      0
      0
      0
      0
      0
      0
      0
      0
      0
      0
      0
      0
      0
      0
      0
      0
      0
      0
      0
      0
      0
      0
      0
      0
      0
      0
      0
      0
      0
      0
      0
      0
      0
      0
      0
      0
      0
      0
      0
      0
      0
      0
      0
      0
