       0
  199327
  601242
  996065
 1376999
 1790108
 2169619
 2537965
 2959607
 3327395
 3779349
 4122187
 4488186
 4925090
 5299860
 5653206
 5998325
 6419692
 6754110
 7213337
 7520827
 7863856
 8279217
 8621160
 8956838
 9322861
 9661206
10060558
10390048
10723873
11013185
11453178
11757999
12096623
12518623
12822962
13112622
13469010
13777683
14151538
14487366
14764753
15138893
15402323
15816448
16168445
16497213
16886659
17223083
17636619
17882200
18322098
18590668
18992670
19354947
19752127
20185354
20484827
20740918
21172529
21473614
21927669
22335625
22665636
22984317
23481582
23781530
24223994
24645977
24941060
25373207
25730093
26132747
26427857
26999947
27360947
27662510
28142313
28496456
28899763
29269843
29640038
30071852
30376000
30781233
31022420
31548711
31943292
32273561
32625308
33094079
33407093
33708802
34088337
34424228
34690543
35019871
35480872
35688016
35982404
36285866
36705338
36807681
37141314
37656138
37764223
38102227
38278981
38677257
38987741
39103812
39359343
39792632
39967806
40210121
40508134
40724359
41027148
41165538
41360808
41608233
41913488
42158065
42440767
42519789
42777915
43011520
43313939
43467289
43722135
44088007
44380523
44531078
44829529
45088245
45198311
45575031
45873982
46102275
46229299
46678187
46941994
47293820
47410519
47820005
48072551
48455881
48673602
48938295
49166895
49555197
49877266
50171538
50452600
50770249
51037475
51480433
51662844
52046548
52424956
52687611
52901659
53197093
53465114
53744477
54196185
54479876
54865967
55091652
55386991
55661726
56035067
56397824
56529432
56711790
57062873
57167094
57445309
57729306
57811814
58160507
58380560
58633450
58738243
58948964
58951914
59218245
59465508
59539311
59708038
59728707
59959399
60077361
60171918
60367889
60342790
60451451
60546640
60549445
60608705
60696883
60569094
60786463
60786644
60885677
60987619
60796344
60887789
60863985
60909211
61046003
60794275
61072127
60837478
60906350
61026826
61020453
61036328
60988822
61022868
60966735
60950979
60982038
61064819
61094685
61161644
61108900
61178804
61378359
61310072
61335178
61435413
61456362
61712865
61808443
61818362
61862187
62054843
62377132
62270314
62369214
62444362
62450114
62623334
62811261
62850315
63042573
63202361
63451852
63614409
63825243
63777282
63944002
63957041
64183408
64442015
64465625
64311344
64617371
64577583
64602895
64706348
64856518
64864862
64834877
64855947
64948085
64953259
64772705
64626617
64696574
64495515
64508268
64596379
64328941
64139951
63850211
63655135
63642039
63275689
63192266
62950008
62576000
62248871
61712713
61474005
61108257
60691329
60328772
59805218
59397754
58910207
58332163
57862505
57315136
56773519
56110579
55592482
54822915
54263307
53592707
53007071
52219964
51557613
50846048
50219594
49366628
48437414
47705153
47051004
46326425
45540833
44755440
44043907
43084144
42192309
41355466
40695007
39773965
39010377
37985227
37242051
36372655
35588412
34782009
33844319
33015014
32189485
31354570
30607302
29776813
28890897
28198220
27285008
26521244
25818722
25137984
24279286
23687426
22836427
22129989
21452974
20817950
20058477
19429881
18743685
18121792
17485478
16814799
16238722
15669813
15123274
14559603
13955518
13506710
12983894
12480682
11948102
11433298
11051288
10660173
10078202
 9699712
 9268258
 8889418
 8539589
 8126231
 7795909
 7429366
 7094421
 6787627
 6443535
 6198052
 5892368
 5595329
 5339342
 5052853
 4836252
 4590623
 4460096
 4181868
 3997783
 3771229
 3546236
 3390354
 3193357
 3067234
 2866886
 2727467
 2586197
 2462879
 2321064
 2218460
 2058338
 1974631
 1860950
 1774598
 1662132
 1569351
 1495524
 1384275
 1329182
 1258551
 1188241
 1097249
 1056326
  980447
  941723
  866110
  828933
  773758
  729368
  697909
  654434
  624397
  572520
  559417
  534601
  493446
  463285
  430811
  417759
  390638
  362927
  339024
  325124
  328746
  300070
  278454
  272295
  255588
  245883
  225383
  216691
  217854
  204685
  196801
  189674
  170678
  158192
  152840
  149460
  145522
  136755
  130226
  120704
  125080
  114804
  107744
  109118
   94452
   99755
  101899
   93827
   94648
   89929
   85092
   83371
   76854
   76450
   78060
   80308
   71649
   65997
   67926
   67191
   65564
   62433
   64225
   62777
   63091
   61510
   58060
   57220
   55164
   52752
   58026
   48409
   51946
   55607
   50400
   51105
   48023
   45712
   48843
   50525
   44871
   45300
   45067
   50258
   43720
   43504
   42054
   42032
   42893
   37560
   40575
   36556
   37737
   44084
   39202
   36435
   37213
   38070
   37604
   36235
   36469
   36701
   38767
   32384
   33102
   36883
   38779
   35075
   32982
   33274
   33686
   31585
   33010
   33239
   30150
   28092
   30527
   28157
   31486
   28873
   30476
   31003
   30006
   29841
   29599
   26478
   29793
   27813
   27334
   25195
   25750
   24282
   25550
   27538
   24853
   22106
   24880
   25483
   21248
   24295
   22454
   22252
   23588
   23472
   24816
   23705
   21296
   22538
   25907
   24607
   22747
   24040
   22238
   24538
   19968
   21379
   22332
   23084
   21373
   21449
   20473
   19977
   21085
   18253
   20478
   19726
   22021
   17002
   19463
   21511
   18222
   20158
   21318
   18323
   17888
   16505
   18782
   15229
   16672
   16301
   17408
   18238
   18816
   15112
   17435
   15263
   15532
   16979
   17681
   17301
   18007
   17641
   16623
   15700
   16152
   15543
   15186
   15829
   14533
   13884
   13664
   17604
   14738
   15417
   14194
   15574
   13395
   13553
   13231
   10605
   14151
   13200
   12829
   11838
   13867
   13559
   15005
   13605
   13222
   13021
   10521
   11934
   12054
   11911
   11791
   13606
   14072
   14176
   13211
   10360
   13702
   10636
    9364
   13501
   12653
   13023
   12475
   12887
   12885
   11801
   11461
   11474
   13422
   13377
   11477
   12231
   11451
   10580
    9435
   11053
    8985
   13081
   12108
    9900
   13118
   11959
    9705
    8720
   10951
    9023
   11822
    9912
   10095
    9347
    8435
   10258
    8163
    9630
    8915
    9283
    9012
    8025
    9646
    9741
    9424
    9995
    9478
    7535
    8204
   10153
   11111
    8466
    8477
    6413
    8311
    7275
    9663
    9672
    8776
    9574
    9255
    8381
    8855
    8831
    8132
    8848
    5628
    6562
    9639
    7370
    8656
    7284
    7671
    9448
    6675
    6419
    8007
    7094
    4145
    5933
    6025
    5366
    7416
    8430
    5622
    6485
    8457
    7692
    7083
    8183
    7017
    6973
    7361
    6375
    6250
    7632
    7231
    6926
    5814
    6286
    7408
    5394
    6135
    6538
    8623
    7405
    8064
    6053
    6936
    6585
    5696
    7629
    6586
    6225
    6600
    4877
    6015
    5289
    5492
    6152
    7077
    4343
    7271
    4960
    6353
    5477
    5061
    5053
    4630
    5286
    5064
    5422
    4717
    7148
    5572
    5304
    5735
    7303
    4482
    3828
    6180
    4976
    4822
    5610
    6240
    5018
    4692
    4918
    5811
    5310
    6384
    5149
    5847
    6303
    4153
    5696
    4846
    4832
    4688
    4786
    5248
    5686
    5727
    3809
    4922
    4880
    4844
    3819
    4365
    3775
    5432
    6054
    5436
    4362
    3812
    4492
    6126
    4378
    4728
    5184
    4896
    3843
    5302
    5049
    5939
    4563
    3761
    3794
    4702
    2534
    3230
    4487
    3781
    3100
    3376
    5150
    3684
    4764
    4383
    4060
    4197
    3841
    4557
    4236
    3480
    3642
    3358
    4271
    3284
    4309
    3815
    3895
    2703
    3586
    3861
    3634
    3096
    4307
    3257
    5434
    4434
    3928
    3521
    3608
    3175
    3210
    2965
    3466
    3891
    3411
    4369
    2719
    2665
    2429
    2369
    3449
    2915
    3256
    2487
    3665
    3160
    3682
    3477
    4293
    4078
    3410
    2750
    4548
    3415
    3480
    2600
    2898
    2139
    2414
    2210
    2977
    2852
    3957
    4476
    4932
    2365
    3248
    3598
    3909
    3608
    2650
    2782
    3528
    2077
    2813
    3043
    3143
    2461
    3093
    3867
    2899
    2459
    2853
    3148
    2469
    2971
    2950
    3209
    2804
    1855
    3103
    2389
    3254
    2248
    2751
    2986
    2807
    2723
    3335
    2629
    3494
    3634
    2493
    2108
    1841
    2997
    2798
    3461
    2390
    3240
    2457
    2197
    2403
    1418
    2009
    3366
    3140
    1868
    3719
    2389
    2765
    2250
    2436
    2378
    3706
    2452
    3011
    3619
    3952
    3783
    2912
    3197
    2014
    2940
    3168
    2604
    1754
    1658
    2017
    3089
    1995
    2980
    2281
    2399
    2801
    2748
    1589
    2098
    1325
    2229
    3249
    2351
    1914
    2862
    1976
    1204
    1168
    2667
    2224
    1078
    2467
    3306
    2457
    2600
    2837
    2544
    1697
    2166
    2423
    1299
    1735
    1626
    2428
    2132
    1738
    1405
    1511
    1829
    1255
    2373
    2064
    2547
    1683
    2463
    1558
    2326
    1759
    2108
    1832
    1581
    1493
    1782
    1997
    1791
    1936
    1236
    1346
    1601
    1902
    1301
    2178
    2237
    2454
    1515
    2317
    2407
    1719
    2984
    2158
    1862
    1673
    2031
    2335
    1637
    2759
    2001
    1637
    2530
    1868
    1520
    2228
    2074
    2423
    1326
    2350
    1367
    1876
    1694
    1990
    2389
    1658
    2967
    1805
    1659
    2096
    2189
    1575
    1669
    1573
    2008
    1950
    1510
    1047
    1161
    1194
    1776
    1450
    2082
    1767
    1560
    2267
    1291
    1121
    1471
    1902
     995
    1167
    2194
    2112
    1658
    1623
    1893
    2040
    1711
    1135
    1704
     416
    1068
    1110
    1517
    1760
    2012
    2084
    1024
    1416
    1270
    1169
    1806
    2355
    1666
    1795
    1534
    1421
    1543
    1490
    1897
    1985
     999
    2249
    2460
     643
    1556
    1683
    1818
     619
    1444
    1622
    1108
    1305
    2064
     415
     952
    1285
    1382
    1204
    2415
    1060
    1079
    1843
    1422
     989
     921
     974
    1080
    1438
    1145
     982
    1033
    1189
     887
    1069
    2048
    1043
     994
    1332
     744
    1369
    1464
    1366
    2448
    1069
    1847
    1685
    1735
     722
    2170
    1423
    1660
    1799
    1353
    1837
     800
    1295
    1591
    1483
    2186
    1894
    1344
    1338
    1240
     750
     924
     768
    1358
    1458
     635
    1645
    1802
    1477
    2183
    1044
    1125
     716
    1311
    1052
     689
     674
    1339
     889
    1148
    1197
     863
    1592
    1365
    1108
     463
     873
    1419
    1185
    1212
    1601
     897
     521
    1183
    1152
    1704
     842
     777
    1192
     469
     655
     668
    1024
     656
     780
    1143
    1577
    1804
    1564
    1736
    1206
    1711
    1395
    1090
    1479
     828
    1306
    1254
    1078
    1083
    1539
     677
     603
     762
     841
     939
     838
     766
     917
    2016
    1273
    1537
     505
    1326
    1020
    1178
    1141
     926
     803
    1030
    1216
    1396
     926
    1086
    1364
     670
    1065
    1563
    1395
     357
     651
     985
    1096
     426
    1269
     983
     545
     834
     788
     800
     577
    1708
     979
     802
    1314
     945
     842
     703
    1420
     609
     855
     312
     874
    1348
     709
    1320
     664
    1044
     737
     908
     721
     342
     917
     868
     555
     419
     991
     714
     481
     716
    1210
     957
     782
     787
     392
     403
     596
     694
    1016
    1505
    1189
    1548
    1176
    1021
     521
     503
     958
     822
     865
     357
     947
     429
     884
     572
     964
    1234
     983
     504
     191
     572
     693
     839
     708
     641
     831
    1152
    1767
     722
     624
     560
     871
    1220
     988
     582
     547
     994
    1341
     886
     633
    1032
     396
     758
     285
    1213
     676
     558
     668
     795
     512
     344
     994
    1571
     741
     863
     973
     348
    1023
     652
    1244
     280
    1225
     482
     645
    1140
    1462
     446
     930
     338
     227
     436
     713
     649
     657
     293
    1107
     381
    1281
     914
     596
    1254
    1475
    1083
     954
     890
     747
     851
    1207
    1185
     380
     714
     905
     851
     414
     901
     277
     314
     154
     416
     600
     808
     331
     864
     622
     770
     265
    1097
     719
     390
     342
     325
     193
     186
     980
     390
     820
     537
     838
     405
     365
     628
     534
     261
    1005
     934
     714
     570
      43
     628
     350
    1074
     321
    1112
    1022
     691
     523
    1182
     640
     262
     577
     517
     135
     343
     354
     546
     243
     802
     353
     465
     859
     581
     447
     831
     487
     571
     897
    1046
     808
     767
     471
     677
     785
     930
     606
     429
     600
     792
     365
     459
     642
    1154
     737
     143
     737
     656
     652
     410
     827
     779
     656
    1153
     751
     653
     325
     256
    1139
     463
     446
     769
     635
     598
     632
     585
     636
     302
     605
     881
     946
     331
     206
    1176
    1049
    1240
    1808
     517
     930
     509
     628
     346
     204
     152
     389
     291
     717
    1273
     644
     336
     184
     469
     237
     836
     176
    1141
     239
     337
     463
     784
     230
     587
    1376
     862
     482
     461
    1255
     353
     100
    1075
      82
     316
     214
     387
     287
     472
     155
     400
     172
     313
      26
     205
     640
     195
     791
    1210
     479
     758
     563
     620
     514
      58
     303
     400
     363
     295
     486
     119
     411
     229
     246
     507
     409
     421
     627
     808
     507
     200
     552
     256
     382
     158
     273
     708
     195
     413
     512
     177
     200
     395
     135
     628
     557
    1209
     945
     287
     284
     468
     109
     202
     216
     321
     484
      80
     255
     179
     259
     292
     555
     294
      72
     468
       0
     405
     104
     500
     652
     808
     398
     198
     444
     511
     842
    1092
     484
    1320
     446
     395
     344
     600
     293
      99
     740
     426
     612
    1210
     386
    1361
     462
     320
     302
     352
     478
     511
     347
     269
     417
     496
     353
     481
     646
     838
      97
     200
     261
     171
     101
     130
     309
     628
     896
     584
     777
     427
     599
     369
     131
     227
     389
     402
     666
     307
     843
     413
     119
     349
     599
     604
     337
     763
     611
     367
     361
     518
     604
     194
     211
     376
     308
     408
     327
     542
       0
      34
     607
      30
     597
    1227
     315
     245
     359
     281
     231
      83
     358
     340
     267
      90
     200
     781
     376
     367
     242
     126
     304
      74
      97
     185
     377
     596
     272
     169
     140
      88
     109
      83
     341
     185
     157
     357
     398
     464
     170
     293
     462
     817
      50
     283
     269
     242
     365
      82
     283
      77
      99
     337
     147
      95
     162
     160
     385
      75
     360
     478
     362
     283
     164
     177
     348
     402
    1007
     981
     239
       0
     362
     353
     503
     538
     471
     546
     369
    1068
     484
     236
     405
     311
     380
      40
     455
     269
     751
     345
     494
    1056
     163
     173
     750
     247
      28
     463
     284
     720
     940
     479
     593
     665
     307
     172
     125
     164
     238
     247
     115
     429
     247
     259
     215
     127
     302
     637
     174
     193
     141
       9
      31
     158
     218
     136
     731
     582
     729
     535
     171
     162
     345
      62
     506
     684
     620
     152
     513
     165
     245
      83
     518
     919
     719
     135
     146
      51
     358
     442
     116
     231
     338
     131
      74
     148
     440
     168
     440
     345
     480
      73
      72
     645
     164
     289
     434
    1170
     862
     326
     136
     816
      66
     128
      46
     649
      96
       0
      89
     388
     223
     927
     547
     325
       0
     278
     486
       0
     504
     227
     365
     284
     210
      13
       0
       0
      44
     374
     310
     187
     365
      93
     590
     541
     842
     290
     183
     156
      47
     197
     697
     310
     479
      48
       1
     308
     202
     186
     387
     126
     131
      24
     149
     154
     421
     116
     346
      48
      27
     240
     517
     767
     497
     338
     162
     122
     122
       3
     505
     424
      90
     354
     526
       0
     256
     343
      85
     242
     438
     234
      24
       4
     100
     165
      94
     242
     649
     280
     307
     521
     386
     278
     338
     318
      55
     201
     287
     279
     334
     234
     166
      95
     652
      25
     970
     311
     332
      44
     495
     160
     102
     264
     422
     335
     382
     237
     278
     253
     175
      83
     398
       0
     526
      80
     365
     479
     459
     645
     362
     377
     929
     676
     302
      82
     163
     316
       6
      59
     303
      70
       0
     182
       0
      66
      43
      49
      47
      66
     508
     170
     433
      67
     327
     249
     638
     505
     266
     242
     342
      64
      88
     337
     463
     141
     106
     548
     220
     632
     218
     116
       0
     301
       0
     670
     224
     350
       0
     183
       0
      49
     330
      19
      14
     331
     249
     329
     167
      37
     166
     534
       0
      34
     388
     128
     578
     227
     201
     146
     817
     122
     117
     386
     163
      50
     163
     227
     161
      73
      11
      61
       5
     519
     250
     109
     152
     145
       0
     210
     144
     395
      71
     341
     245
      25
      69
     618
     253
     494
     174
     345
       0
     116
      25
      75
      72
      25
      29
     303
     202
     116
     598
      45
     328
     116
     208
     259
      45
       0
     322
     232
     420
     336
     258
      99
       5
     598
     503
      42
     137
      63
     220
       6
     590
     343
     250
      65
     290
     371
     169
      36
     255
       0
     273
     167
      19
     496
     325
     328
     111
      12
      53
     492
     393
     171
     120
     248
       0
     252
       0
      38
      47
     121
     239
     161
     282
     367
      19
     159
     734
     116
     176
      17
      17
      54
      32
     145
     203
      30
     460
     357
     607
      71
     139
      23
      20
     216
     200
     214
       0
       0
      52
      54
      10
     143
      52
       1
      70
     415
     190
     551
      26
     128
      14
     176
     166
     260
     105
     284
     401
     608
     206
      97
       0
     394
      32
     278
      72
     130
     336
     289
     346
     694
      34
     664
     435
      59
      41
      65
     249
     116
      28
     101
      89
     113
      10
       0
       2
       0
       9
      25
       0
     521
      66
     158
      83
     111
      40
      79
       0
      32
      28
     117
     146
     180
      52
     275
      35
       0
     196
     266
     427
     120
     298
     390
      63
       6
     206
     341
     243
       0
     234
       0
      18
       0
       0
     205
     183
     194
     569
      59
     382
      99
      56
     462
      98
       0
     140
      26
       9
     412
      47
      44
       0
      44
     221
     217
      77
       0
     117
     502
     375
     284
      39
       0
      44
      37
     378
     174
     514
       0
     157
     414
     554
     198
     108
      24
     329
      86
      81
      27
     151
      37
      76
     136
      46
     240
      24
     349
      10
      66
     456
     108
     113
     611
     370
     299
      77
       0
     291
     106
     210
       0
       0
       0
      30
     345
     103
     142
     148
      52
     369
     333
      39
       0
     149
     320
     114
     537
      56
      14
     115
     147
     427
     379
     415
      15
       4
       0
      18
      55
     151
      24
      43
      66
      54
     270
       0
     204
     176
     204
     322
     507
     429
     823
     358
     210
     438
     174
      92
      45
     248
     415
     799
     130
     227
     170
     168
     321
     332
      56
      96
      67
     169
     190
     339
     150
       0
     204
     139
      32
      91
       0
       0
      31
       8
      11
     209
     258
      78
     214
       8
       0
      59
     386
      78
     115
       0
      56
      57
      17
       0
      69
     191
      34
      76
       0
       0
     118
     148
      76
       0
       0
       0
      89
     130
       0
       0
      68
     267
      10
     279
       0
      34
       0
     435
      84
     123
     109
      35
     290
     544
      78
       0
       0
       0
      27
       0
      63
      82
     322
     235
     108
     100
     156
     700
      56
       0
     208
     341
      31
       0
       0
       0
      78
      30
      29
      95
       0
     156
     202
      92
      76
       0
      51
     120
     203
       0
      53
       5
      39
       0
       0
       0
     244
       1
       0
     171
     279
     483
      91
       0
     135
     109
     199
     117
     312
     113
     148
      91
     175
     200
     309
      58
       0
      84
     145
     567
      32
       0
     262
     115
     112
     166
       0
      48
       0
     146
     313
     269
      20
      64
     192
     448
       0
      19
     242
     142
     158
      33
       0
      37
       0
     135
     108
       0
       0
     166
     367
       3
     227
       0
       0
       0
      62
      19
       1
       0
      59
       0
      36
     102
       2
     205
     172
     126
     266
      77
      69
       0
       0
      62
     191
       0
      10
     159
       0
      78
      32
     231
      86
      28
       0
       0
       0
     257
      11
       8
      10
       0
       0
       0
       0
     166
     216
      99
     374
      72
       0
     576
     147
      91
      50
      55
      29
     288
     193
      92
     130
       0
       0
      40
      36
     113
     118
      34
     273
     191
      75
     207
     173
     577
       0
      99
      33
       0
       0
      20
       0
     208
     123
       0
       7
      38
       9
       0
     247
       0
      91
      42
     245
     208
      70
      11
     120
     106
     148
       0
      26
       0
     231
      72
      53
     205
       0
     149
       0
     105
      26
     123
       9
       1
       1
      86
     157
      18
       0
     225
      65
      63
     216
       0
      62
     187
     222
      68
       0
     288
      25
       0
       0
       0
      40
     145
       3
       0
       0
       0
       0
      84
     305
       0
     149
     277
     198
      52
     112
      26
      19
     114
     161
     116
     204
       0
     143
      24
      11
       0
       0
      61
     111
     222
      92
     313
     195
       0
      96
      96
      51
       0
       0
      34
       0
     127
     221
      63
       6
      26
     374
     103
     263
      15
      43
     209
     116
      11
      80
     295
       5
       0
      93
      48
       0
     139
     108
      99
      17
      95
       0
     192
      29
      54
     103
     158
       0
     128
      22
      14
      14
       0
       0
       0
     168
       0
       0
     131
       0
       0
       0
       0
       0
     529
     325
     245
     599
     277
     361
       0
      52
     193
       0
      24
       0
      32
       0
      17
       0
     105
     227
       0
       0
       0
     290
     160
       0
       0
      19
     312
     334
     459
     376
     181
      63
      65
      12
       0
     352
      75
       0
       0
       0
       0
      10
       0
       0
      15
       0
      34
     161
       0
       0
     454
     147
      88
     132
       0
       0
     184
       0
     106
       6
     311
       0
       0
      17
       0
      80
      91
       0
       0
     694
      30
     178
       0
       0
     244
       0
      61
       0
      39
       0
      69
       0
       0
      33
       0
      69
       0
       0
     114
      38
       0
     119
     155
     397
       0
       0
       0
       0
      37
     153
       0
      76
       0
      38
       0
       0
       0
       0
       0
      34
      11
      19
     113
       2
       0
       0
      53
      33
     126
       0
      95
      24
     288
       0
       0
       0
     291
       0
     389
       0
       0
       0
     320
      36
     402
     173
     185
     130
       0
       0
       0
       0
     238
       0
     251
       0
      40
     122
     111
      97
       0
       0
       0
     473
       0
       0
     222
     247
     272
      52
      66
       7
      82
     101
      57
     191
      87
     129
       0
      54
      65
     267
      43
     197
      61
     108
      77
     364
      62
     444
     375
      29
       0
       0
      19
     150
      38
     175
       0
      30
       0
       0
     102
     395
      71
     100
      49
       0
       0
       0
       0
      27
       0
      96
      74
      13
     171
       0
      34
       0
       0
