1.73598
1.73067
1.75779
1.74439
1.73362
1.73244
1.74323
1.72704
1.73222
1.7294
1.73599
1.73407
1.73649
1.72681
1.73294
1.72452
1.74456
1.73626
1.72284
1.74041
1.70122
1.73883
1.74628
1.73438
1.74312
1.72441
1.72926
1.74693
1.72567
1.72885
1.74113
1.75234
1.73013
1.72873
1.74058
1.72235
1.7385
1.72502
1.72813
1.72104
1.74245
1.74072
1.75311
1.72801
1.7392
1.73637
1.72436
1.73249
1.73779
1.73284
1.74269
1.72896
1.70758
1.72607
1.73287
1.73541
1.70575
1.73043
1.73988
1.73531
1.73101
1.74252
1.72307
1.73271
1.73044
1.73582
1.72337
1.71459
1.70439
1.73114
1.72528
1.74023
1.7308
1.7326
1.71489
1.72764
1.72844
1.72489
1.73108
1.74126
1.72399
1.72042
1.73251
1.73151
1.7235
1.71685
1.7202
1.73084
1.73471
1.72294
1.7222
1.71255
1.71727
1.72827
1.72286
1.73317
1.73723
1.72187
1.73454
1.73357
1.72351
1.73793
1.73718
1.72808
1.74643
1.74022
1.737
1.72715
1.73444
1.73085
1.72943
1.7164
1.7153
1.72884
1.73959
1.74768
1.72923
1.7506
1.72933
1.71742
1.72972
