1.7295
1.69425
1.71261
1.74177
1.73999
1.70962
1.68174
1.66791
1.66263
1.6633
1.66686
1.66648
1.66682
1.66773
1.67143
1.67655
1.67554
1.67152
1.67091
1.67053
1.66869
1.6673
1.66443
1.66129
1.66043
1.66127
1.66245
1.66301
1.6631
1.66189
1.66081
1.66219
1.66282
1.66375
1.66331
1.66321
1.66282
1.66236
1.66247
1.6615
1.66222
1.66093
1.66061
1.66089
1.65997
1.65955
1.65957
1.65942
1.65953
1.66039
1.65954
1.66015
1.65982
1.65987
1.65996
1.65991
1.65955
1.65972
1.65927
1.6595
1.66015
1.65993
1.65987
1.65972
1.66008
1.66046
1.66016
1.66036
1.66007
1.66
1.66
1.65979
1.65973
1.65998
1.65985
1.65939
1.65944
1.65981
1.65985
1.65945
1.65952
1.65964
1.65954
1.65997
1.65981
1.65999
1.6598
1.66008
1.65954
1.65953
1.65974
1.65969
1.66016
1.65984
1.65993
1.65997
1.65961
1.65969
1.65962
1.65995
1.65994
1.66015
1.65958
1.65975
1.65983
1.6598
1.65976
1.65967
1.65959
1.65969
1.65982
1.65957
1.65988
1.65984
1.6595
1.65949
1.65999
1.65986
1.65973
1.65966
1.65978
1.65997
1.65961
1.65989
1.65995
1.65966
1.6597
1.65977
1.65957
1.65965
1.65963
1.65973
1.65956
1.66007
1.65965
1.65964
1.66007
1.66008
1.65962
1.65984
1.65999
1.65963
1.65963
1.65964
1.65933
1.65946
1.65976
1.66
1.66003
1.65991
1.65948
1.65962
1.65969
1.65981
1.65965
1.6597
1.65976
1.65993
1.66015
1.65953
1.65951
1.65947
1.65994
1.6598
1.65963
1.65988
1.65979
1.6601
1.65945
1.65946
1.65935
1.65976
1.66009
1.65952
1.65946
1.65971
1.65959
1.65988
1.65969
1.65982
1.65986
1.65988
1.65961
1.65974
1.6596
1.65962
1.65966
1.65946
1.65972
1.66015
1.65975
1.65964
1.65928
1.65977
1.65956
1.6596
1.65961
1.65968
1.65967
1.65975
1.66019
1.65996
1.65984
1.65985
1.65983
1.6595
1.6596
1.65987
1.65961
1.65986
1.65964
1.65983
1.65999
1.65984
1.65981
1.65975
1.6599
1.65974
1.65963
1.65973
1.65953
1.65999
1.65981
1.65992
1.65964
1.6595
1.65948
1.65975
1.65974
1.65978
1.65994
1.65969
1.65923
1.65959
1.65949
1.6595
1.65968
1.65974
1.66004
1.65966
1.65998
1.65959
1.65978
1.65977
1.65979
1.65989
1.65974
1.65976
1.65959
1.65979
1.65964
1.6592
1.65984
1.65984
1.65984
1.65964
1.65971
1.65967
1.65966
1.6597
1.65998
1.66001
1.65987
1.65963
1.65957
1.65943
1.65997
1.65987
1.65964
1.65985
1.65959
1.65983
1.65976
1.6599
1.65964
1.65973
1.6596
1.65937
1.65986
1.66
1.65956
1.65988
1.65975
1.65986
1.66002
1.65958
1.65965
1.6599
1.65947
1.65978
1.65988
1.65932
1.65965
1.65964
1.65963
1.6596
1.65999
1.65973
1.66008
1.65977
1.65963
1.66007
1.65939
1.65982
1.65989
1.65987
1.65975
1.65974
1.65942
1.65985
1.65968
1.65987
1.6596
1.65983
1.65985
1.65979
1.65968
1.65957
1.65945
1.6597
1.65982
1.66002
1.65982
1.65981
1.65987
1.65982
1.66003
1.65946
1.66001
1.65967
1.65975
1.65945
1.65981
1.65968
1.65958
1.6598
1.6596
1.6598
1.66007
1.65971
1.66013
1.65967
1.65957
1.65972
1.66001
1.66002
1.65988
1.6596
1.65973
1.65988
1.65932
1.65976
1.6599
1.65965
1.65952
1.65992
1.65973
1.65991
1.65998
1.65993
1.65953
1.65964
1.65965
1.65964
1.65949
1.6599
1.65955
1.6597
1.65949
1.65982
1.65954
1.65989
1.6594
1.65947
1.65933
1.65967
1.65991
1.65972
1.65968
1.65982
1.65984
1.65979
1.65979
1.65969
1.65997
1.65956
1.65946
1.65968
1.65936
1.65961
1.65955
1.65967
1.65972
1.65958
1.65954
1.65984
1.66007
1.65924
1.65973
1.65932
1.65947
1.65949
1.65948
1.65965
1.65914
1.65993
1.65976
1.65995
1.66015
1.6598
1.65998
1.65962
1.65968
1.65992
1.65978
1.65963
1.65965
1.66
1.65966
1.65992
1.65973
1.65964
1.65955
1.65988
1.65943
1.66005
1.66004
1.65978
1.65961
1.65942
1.65967
1.65944
1.65951
1.65976
1.65971
1.65955
1.65983
1.65935
1.65945
1.65966
1.66015
1.66005
1.65941
1.65935
1.65963
1.65963
1.65951
1.65964
1.65957
1.65994
1.65942
1.6599
1.65947
1.65958
1.65959
1.65941
1.66024
1.65942
1.65976
1.65953
1.65972
1.65983
1.65929
1.65958
1.66007
1.65996
1.65995
1.65986
1.66002
1.65973
1.65979
1.65969
1.65955
1.65957
1.65996
1.65988
1.65982
1.65944
1.65991
1.66024
1.65976
1.65983
1.65948
1.65995
1.66017
1.65958
1.65957
1.65997
1.6596
1.65998
1.65959
1.65972
1.65947
1.65987
1.65994
1.6596
1.65965
1.65972
1.65973
1.65967
1.65967
1.65973
1.65979
1.65996
1.65987
1.65993
1.65967
1.65951
1.65969
1.6597
1.6599
1.65975
1.65984
1.65936
1.65986
1.65945
1.65971
1.65965
1.65994
1.65986
1.66016
1.65979
1.6596
1.65968
1.65996
1.65979
1.65997
1.65987
1.65982
1.6599
1.65957
1.65952
1.65972
1.6602
1.65985
1.65976
1.65947
1.65975
1.65972
1.66003
1.65968
1.65995
1.66002
1.6598
1.65991
1.65994
1.66015
1.65954
1.65961
1.65969
1.65983
1.65984
1.65979
1.65969
1.65999
1.65984
1.65951
1.65989
1.65991
1.65974
1.65982
1.65983
1.65989
1.65963
1.65974
1.65965
1.65959
1.65947
1.65964
1.65957
1.65955
1.65947
1.65955
1.6598
1.65971
1.65979
1.65992
1.65952
1.65952
1.65992
1.65979
1.65975
1.65984
1.65988
1.65984
1.65988
1.65993
1.65983
1.66014
1.65976
1.66001
1.65983
1.66006
1.65984
1.65988
1.65978
1.65974
1.65977
1.66004
1.65981
1.65988
1.65958
1.65943
1.65987
1.65947
1.65964
1.65979
1.65948
1.65958
1.65947
1.65964
1.65966
1.65993
1.65977
1.6595
1.65975
1.65973
1.6596
1.66001
1.6596
1.65979
1.65971
1.66
1.65953
1.6596
1.65959
1.65975
1.65972
1.65932
1.65959
1.65947
1.66003
1.65973
1.65953
1.65951
1.65973
1.65992
1.65952
1.65914
1.65938
1.65971
1.65927
1.6597
1.65997
1.65966
1.65964
1.65974
1.65972
1.65994
1.6597
1.65961
1.65981
1.6596
1.66005
1.65973
1.65975
1.65937
1.65999
1.65982
1.65958
1.65947
1.65949
1.66002
1.65968
1.65974
1.65989
1.65981
1.65987
1.65965
1.6597
1.65983
1.65982
1.65985
1.66003
1.6601
1.65961
1.65973
1.66014
1.65975
1.65968
1.65999
1.66005
1.65955
1.65957
1.65952
1.66009
1.65971
1.65983
1.65961
1.65976
1.65969
1.65962
1.65989
1.65979
1.65958
1.65956
1.65964
1.6597
1.65946
1.65964
1.6599
1.66005
1.65977
1.65944
1.65963
1.65984
1.65973
1.66019
1.65989
1.65988
1.65977
1.65982
1.65998
1.65979
1.65978
1.65999
1.6596
1.65967
1.65958
1.65974
1.65978
1.65944
1.65971
1.65965
1.6599
1.65947
1.65986
1.65975
1.65964
1.6597
1.65962
1.65928
1.65993
1.65971
1.65971
1.65953
1.65969
1.6599
1.65988
1.65969
1.6601
1.65971
1.65966
1.65999
1.65992
1.65983
1.65986
1.65992
1.65989
1.65956
1.6597
1.65974
1.65964
1.65959
1.65996
1.65941
1.65991
1.65968
1.65961
1.65979
1.65977
1.66002
1.65999
1.65991
1.65978
1.65934
1.65974
1.66009
1.65977
1.65972
1.65988
1.65973
1.65981
1.65985
1.65973
1.65972
1.65973
1.65998
1.65972
1.65988
1.65984
1.65952
1.65962
1.65964
1.65974
1.65948
1.65981
1.65985
1.65967
1.6599
1.65983
1.66005
1.65991
1.6597
1.6598
1.65981
1.65965
1.65957
1.65949
1.65959
1.66015
1.65946
1.65935
1.65969
1.65995
1.65973
1.65998
1.65973
1.65981
1.65969
1.65947
1.65974
1.65976
1.6597
1.65958
1.65962
1.65997
1.65982
1.65977
1.65934
1.65939
1.66
1.65962
1.65974
1.65959
1.65966
1.65963
1.65982
1.65991
1.66006
1.65973
1.65987
1.65997
1.66001
1.66001
1.65984
1.65999
1.65946
1.65982
1.65974
1.65966
1.65954
1.65961
1.65957
1.65965
1.65919
1.65977
1.66007
1.65975
1.65989
1.65952
1.65955
1.65955
1.65998
1.65985
1.65979
1.65947
1.65987
1.65984
1.65939
1.65974
1.65975
1.65977
1.65986
1.65976
1.65969
1.6594
1.65971
1.65983
1.65933
1.65989
1.65958
1.65979
1.65973
1.6597
1.65991
1.65964
1.66003
1.6597
1.65986
1.65962
1.65964
1.65988
1.65965
1.65974
1.65981
1.65965
1.6597
1.6598
1.6598
1.65981
1.65964
1.65965
1.65963
1.65963
1.65958
1.65973
1.65967
1.65989
1.6598
1.65954
1.65987
1.65992
1.65978
1.65924
1.65994
1.65988
1.65967
1.65992
1.65983
1.65979
1.66014
1.65974
1.65979
1.6598
1.6595
1.66008
1.65941
1.65972
1.65973
1.65989
1.66012
1.65997
1.65945
1.66028
1.65968
1.65954
1.65948
1.65964
1.66006
1.65974
1.65948
1.65985
1.65991
1.65961
1.65974
1.65983
1.66001
1.66006
1.65952
1.65973
1.65977
1.66007
1.65982
1.65974
1.65963
1.65969
1.66025
1.6598
1.65935
1.65981
1.6599
1.65978
1.6595
1.65988
1.65974
1.65979
1.66001
1.65972
1.65975
1.65977
1.65984
1.65946
1.65961
1.6596
1.65971
1.6595
1.65982
1.65974
1.66005
1.65984
1.6598
1.65988
1.65972
1.65988
1.65972
1.65993
1.65951
1.6596
1.65961
1.66001
1.65964
1.65952
1.65953
1.65983
1.65961
1.65983
1.65984
1.65967
1.65976
1.65971
1.65972
1.65975
1.65979
1.65972
1.65984
1.65965
1.65969
1.65967
1.65974
