10.2836
11.2807
10.505
10.4597
10.8475
10.485
10.3504
10.6655
10.5762
10.3251
10.4764
10.5428
10.3789
10.3442
10.4763
10.443
10.3208
10.3548
10.4138
10.3498
10.3076
10.3535
10.3842
10.3303
10.3033
10.3353
10.3452
10.3077
10.2966
10.3286
10.3243
10.2932
10.2992
10.3185
10.3007
10.2848
10.3016
10.3038
10.2955
10.2896
10.2965
10.293
10.2856
10.2884
10.2966
10.2933
10.2822
10.2911
10.2888
10.2817
10.2828
10.2886
10.286
10.2849
10.2909
10.2863
10.2866
10.2877
10.288
10.2831
10.2856
10.2866
10.2794
10.286
10.2868
10.2834
10.2823
10.2845
10.2838
10.2838
10.2882
10.2871
10.2776
10.2805
10.2821
10.285
10.2829
10.2842
10.2796
10.2856
10.2846
10.2807
10.2886
10.284
10.2867
10.2853
10.2801
10.2824
10.2855
10.2825
10.2801
10.2885
10.2838
10.2898
10.2795
10.2829
10.2822
10.2849
10.285
10.288
10.285
10.288
10.2838
10.2789
10.2818
10.2871
10.2864
10.2839
10.2847
10.2867
10.2843
10.2847
10.2815
10.2883
10.2851
10.2864
10.2848
10.2849
10.2831
10.2827
10.2824
10.2833
10.2856
10.2832
10.2884
10.2803
10.2812
10.2839
10.2812
10.292
10.287
10.2848
10.2841
10.2801
10.282
10.2905
10.2833
10.286
10.2767
10.2789
10.2853
10.2851
10.2796
10.2885
10.2832
10.2803
10.2824
10.2827
10.2859
10.2869
10.2828
10.2857
10.2832
10.2851
10.2859
10.2856
10.2868
10.2821
10.283
10.2854
10.2821
10.2839
10.2862
10.2855
10.283
10.2852
10.2791
10.2851
10.2861
10.2856
10.2879
10.2855
10.2867
10.2858
10.2846
10.2865
10.284
10.2864
10.2832
10.2877
10.2866
10.2867
10.2851
10.284
10.2917
10.2898
10.2895
10.2915
10.2866
10.29
10.2891
10.2912
10.2969
10.2933
10.2987
10.2897
10.2956
10.3013
10.3014
10.2936
10.2974
10.3005
10.3037
10.3016
10.3032
10.299
10.3023
10.3033
10.2983
10.2988
10.304
10.2976
10.2999
10.301
10.2963
10.3019
10.2992
10.2946
10.297
10.2969
10.2999
10.2944
10.2966
10.297
10.2997
10.2964
10.2962
10.2951
10.2949
10.2972
10.2982
10.2955
10.2951
10.2962
10.2963
10.3021
10.2891
10.2962
10.3025
10.2959
10.293
10.2923
10.2971
10.299
10.2959
10.2973
10.2982
10.3006
10.2998
10.2975
10.3009
10.2968
10.296
10.2997
10.2937
10.3009
10.2949
10.2958
10.2998
10.2987
10.296
10.299
10.2987
10.2979
10.3032
10.2977
10.2976
10.2969
10.2913
10.2975
10.3005
10.3
10.3008
10.3003
10.2951
10.2934
10.3041
10.2962
10.2952
10.2943
10.2994
10.3004
10.2977
10.2985
10.296
10.2958
10.2965
10.3003
10.2985
10.2975
10.2939
10.2981
10.2948
10.2979
10.2957
10.2998
10.301
10.2955
10.3011
10.2994
10.2952
10.2985
10.2951
10.2973
10.2999
10.2958
10.2965
10.2951
10.2978
10.2977
10.2954
10.2948
10.3028
10.2988
10.2973
10.294
10.2981
10.2996
10.2971
10.3003
10.2979
10.2979
10.2959
10.2989
10.2979
10.3002
10.2976
10.2998
10.297
10.2965
10.2938
10.2978
10.299
10.2928
10.3024
10.2995
10.2923
10.2987
10.301
10.2951
10.3013
10.2979
10.2969
10.2965
10.2953
10.2975
10.2971
10.2997
10.2993
10.2991
10.3019
10.2987
10.2989
10.2956
10.2962
10.2978
10.2999
10.2966
10.2954
10.2964
10.3032
10.2919
10.2994
10.2972
10.2958
10.2982
10.2988
10.3004
10.2965
10.2978
10.2965
10.2994
10.2979
10.2946
10.2968
10.2974
10.2959
10.2962
10.2955
10.3041
10.3005
10.2983
10.2965
10.2919
10.2945
10.3003
10.2958
10.3016
10.2956
10.2987
10.2969
10.2938
10.2971
10.2992
10.2949
10.3026
10.2993
10.2973
10.2952
10.3009
10.2987
10.2946
10.2975
10.2993
10.2983
10.2978
10.2967
10.2974
10.3018
10.2973
10.3022
10.2972
10.2984
10.2963
10.2997
10.2939
10.2973
10.2958
10.2926
10.2946
10.2975
10.2992
10.2964
10.2967
10.2979
10.2954
10.2964
10.2985
10.3013
10.2977
10.2979
10.2973
10.2996
10.2968
10.297
10.3007
10.2952
10.3007
10.2998
10.2988
10.298
10.3008
10.2965
10.2958
10.3008
10.2954
10.3009
10.2955
10.2995
10.2993
10.2944
10.2965
10.2962
10.2952
10.2974
10.2913
10.2977
10.2969
10.2971
10.2983
10.3007
10.2973
10.2976
10.2935
10.2955
10.2951
10.299
10.2977
10.2971
10.2951
10.2944
10.302
10.3001
10.2941
10.2993
10.3008
10.2982
10.2957
10.2982
10.3011
10.2962
10.2948
10.2984
10.2971
10.295
10.3015
10.2981
10.2984
10.2977
10.2992
10.2976
10.3014
10.2976
10.2946
10.3018
10.2979
10.2994
10.2935
10.2949
10.2977
10.2974
10.3002
10.2978
10.2972
10.2975
10.3013
10.2977
10.2924
10.2959
10.2976
10.2983
10.3013
10.2957
10.2973
10.3036
10.2956
10.2986
10.296
10.2953
10.2982
10.2952
10.2955
10.2962
10.3007
10.2937
10.2946
10.2982
10.2976
10.2985
10.3043
10.2997
10.2966
10.294
10.2958
10.2987
10.2957
10.2968
10.2942
10.2951
10.2995
10.2961
10.2984
10.2981
10.2992
10.2985
10.3002
10.2946
10.3013
10.2971
10.2972
10.2976
10.3
10.2984
10.2944
10.2982
10.2954
10.2949
10.2978
10.3
10.2927
10.2976
10.3009
10.3002
10.2985
10.2975
10.3008
10.2944
10.296
10.301
10.2974
10.2942
10.2989
10.2984
10.2929
10.2995
10.2997
10.2938
10.2975
10.2997
10.2963
10.2946
10.3
10.2982
10.2986
10.3026
10.3022
10.295
10.2967
10.2961
10.2965
10.2979
10.2967
10.2956
10.298
10.2967
10.2982
10.3023
10.2966
10.2971
10.2958
10.2948
10.2978
10.2965
10.3001
10.3013
10.2979
10.2972
10.2979
10.2962
10.2976
10.2963
10.3008
10.292
10.302
10.2966
10.2949
10.2928
10.3029
10.2989
10.2971
10.2976
10.2995
10.2975
10.3021
10.2971
10.2983
10.2957
10.2961
10.2965
10.2982
10.2989
10.2997
10.2963
10.2967
10.2984
10.2992
10.2954
10.2939
10.3007
10.3001
10.2967
10.2942
10.2968
10.2999
10.3004
10.298
10.3029
10.2995
10.2954
10.3023
10.2955
10.2996
10.2967
10.2992
10.2995
10.298
10.3002
10.2956
10.297
10.2967
10.2955
10.2999
10.2976
10.2997
10.2994
10.294
10.2995
10.2977
10.2966
10.3001
10.2988
10.2996
10.3001
10.2956
10.293
10.295
10.2975
10.2979
10.3
10.2978
10.294
10.301
10.2992
10.2948
10.297
10.3014
10.3049
10.2993
10.2941
10.2954
10.3037
10.2993
10.2958
10.2996
10.2977
10.2999
10.2982
10.2996
10.297
10.3004
10.3019
10.2974
10.2974
10.2952
10.2976
10.3002
10.2981
10.2991
10.2978
10.2952
10.2999
10.2993
10.2936
10.3029
10.2995
10.3017
10.2991
10.2986
10.2971
10.299
10.2979
10.3023
10.3005
10.2943
10.299
10.2986
10.2992
10.2961
10.2971
10.2992
10.3034
10.2987
10.3005
10.2981
10.2989
10.3034
10.2946
10.2989
10.2983
10.2953
10.298
10.2971
10.2987
10.2973
10.2933
10.299
10.3004
10.2983
10.2987
10.2999
10.2951
10.2956
10.2991
10.295
10.2967
10.298
10.2948
10.3004
10.2953
10.2989
10.2996
10.2963
10.3024
10.3026
10.2951
10.296
10.2961
10.3047
10.2977
10.2939
10.301
10.2945
10.297
10.2946
10.303
10.3
10.2952
10.2979
10.2952
10.2987
10.2964
10.2952
10.2966
10.3009
10.3033
10.2988
10.2951
10.3005
10.2984
10.2972
10.2968
10.2943
10.2961
10.2994
10.3017
10.2981
10.2982
10.3014
10.3025
10.3039
10.3013
10.304
10.2982
10.3021
10.2965
10.3024
10.2998
10.2985
10.2966
10.2936
10.2975
10.2959
10.2994
10.2991
10.2956
10.2987
10.2945
10.2956
10.3041
10.2989
10.3017
10.2971
10.3005
10.2968
10.2947
10.2956
10.2969
10.2982
10.2998
10.2936
10.2941
10.2952
10.2989
10.2969
10.3006
10.3037
10.3
10.3011
10.3017
10.2998
10.3008
10.3032
10.2998
10.3055
10.3014
10.2989
10.2973
10.3001
10.3027
10.2986
10.3025
10.302
10.3122
10.3054
10.3062
10.2979
10.2973
10.2997
10.2999
10.3061
10.2999
10.2964
10.3004
10.3
10.2942
10.2957
10.2967
10.3049
10.3021
10.298
10.3039
10.2996
10.3013
10.2988
10.2995
10.2979
10.298
10.2958
10.2951
10.3007
10.2944
10.2954
10.2935
10.2985
10.3
10.2989
10.2996
10.3003
10.2954
10.3028
10.3044
10.3011
10.2997
10.3003
10.2993
10.301
10.3066
10.3054
10.305
10.3053
10.3041
10.2992
10.2955
10.3031
10.2981
10.3054
10.3024
10.3031
10.3009
10.3063
10.2964
10.3018
10.3005
10.3036
10.298
10.2951
10.2955
10.2968
10.2987
10.3018
10.3081
10.3148
10.3145
10.3175
10.3093
10.3044
10.3003
10.2989
10.3036
10.3081
10.3094
10.3114
10.3125
10.3101
10.3042
10.3027
10.3073
10.3125
10.3123
10.318
10.3058
10.3021
10.2983
10.2982
10.3032
10.3061
10.3018
10.3011
10.3023
10.3
10.3017
10.2974
10.2956
10.3055
10.2943
10.298
10.3042
10.301
10.2969
10.3
10.3036
10.3035
10.3053
10.3019
10.3013
10.2998
10.2926
10.2962
10.2992
10.2996
10.2987
10.3069
10.3097
10.301
10.2959
10.2983
10.3001
10.301
10.2987
10.3004
10.3022
10.3044
10.3048
10.2987
10.2948
10.2984
10.2981
10.2954
10.3022
10.3013
10.3045
10.2963
10.3027
10.2947
10.2982
10.2974
10.3042
10.298
10.3034
10.2982
10.3047
10.3043
10.3075
10.3063
10.3033
10.304
10.298
10.2989
10.3024
10.299
10.2995
10.3048
10.3095
10.3013
10.3107
10.3098
10.3061
10.3135
10.3096
10.3072
10.3056
10.3061
10.3084
10.3093
10.3059
10.3087
10.3051
10.3109
10.3066
10.2998
10.3008
10.3034
10.2955
10.307
10.3051
10.3069
10.3107
10.3099
10.3039
10.3033
10.3091
10.3
10.2964
10.2959
10.3001
10.3001
10.3055
10.3028
10.3012
10.3017
10.2966
10.3008
10.2989
10.2981
10.2987
10.2985
10.3004
10.3082
10.3131
10.3164
10.3088
10.3088
10.3055
10.3017
10.3018
10.2988
10.2963
10.3008
10.3036
10.3067
10.3017
10.2955
10.2973
10.2998
10.2991
10.3024
10.3014
10.2991
10.3022
10.2993
10.3029
10.3006
10.3041
10.3058
10.3054
10.3043
10.3059
10.3058
10.3018
10.3036
10.3001
10.3044
10.3015
10.3018
10.2975
10.2971
10.2975
10.2966
10.2985
10.3028
10.3008
10.3076
10.3116
10.2976
10.3105
10.3094
10.3222
10.3147
10.323
10.304
10.3095
10.3102
10.3099
10.3167
10.311
10.3058
10.3028
10.3021
10.3044
10.3013
10.311
10.307
10.3099
10.2945
10.2991
10.3035
10.3024
10.3107
10.3044
10.3032
10.2999
10.3011
10.3036
10.3055
10.3104
10.2986
10.3017
10.2966
10.2983
10.2982
10.3004
10.3035
10.3064
10.3052
10.2994
10.2979
10.3036
10.3001
10.3005
10.2973
10.2976
10.2936
10.2971
10.2993
10.2968
10.2965
10.2953
10.305
10.3014
10.3055
10.2948
10.2959
10.2991
10.3002
10.3088
10.3059
10.3118
10.306
10.3088
10.3021
10.2976
10.2996
10.2964
10.2961
10.3005
10.3013
10.3018
10.2988
10.3009
10.299
10.2944
10.2988
10.2962
10.2958
10.2998
10.2968
10.3017
10.2977
10.3006
10.2951
10.2983
10.2989
10.3008
10.3018
10.2999
10.3016
10.3045
10.3035
10.3049
10.313
10.3086
10.3065
10.3075
10.3006
10.3007
10.3067
10.3119
10.3106
10.3156
10.3139
10.3132
10.3119
10.3088
10.3066
10.3048
10.3028
10.3072
10.3071
10.3001
10.3003
10.298
10.2942
10.3012
10.3008
10.3011
10.3005
10.3016
10.3007
10.2999
10.2992
10.3024
10.2972
10.3014
10.302
10.3063
10.309
10.3006
10.3019
10.3
10.2998
10.2996
10.2939
10.2973
10.2997
10.2989
10.2953
10.2996
10.3001
10.3007
10.2975
10.2974
10.3017
10.2995
10.3012
10.2975
10.2984
10.3022
10.3034
10.3147
10.3106
10.3186
10.3256
10.3305
10.3279
10.3136
10.3042
10.3056
10.3066
10.3058
10.3092
10.3058
10.3063
10.3046
10.2972
10.2993
10.2993
10.2987
10.3023
10.2998
10.3026
10.3025
10.2992
10.3052
10.3023
10.3018
10.3009
10.3021
10.3005
10.3013
10.2995
10.3003
10.3033
10.2986
10.303
10.302
10.2975
10.2981
10.2981
10.3023
10.2967
10.3021
10.2968
10.2992
10.2979
10.2999
10.2999
10.3065
10.2978
10.2998
10.2931
10.2972
10.2962
10.3021
10.3015
10.3034
10.3017
10.3095
10.3144
10.3071
10.3029
10.3078
10.309
10.3062
10.3038
10.3032
10.3009
10.3036
10.3073
10.2998
10.304
10.3013
10.305
10.299
10.3024
10.3037
10.303
10.3001
10.3002
10.3041
10.3018
10.3004
10.3018
10.3021
10.299
10.3042
10.2989
10.2958
10.3039
10.3043
10.3006
10.3005
10.3031
10.3091
10.3105
10.3024
10.3044
10.3057
10.3029
10.2983
10.2952
10.3012
10.3076
10.3048
10.3117
10.3059
10.3071
10.3042
10.301
10.2981
10.2988
10.3039
10.3049
10.3003
10.3014
10.2991
10.3038
10.303
10.2995
10.3014
10.3045
10.313
10.3068
10.2978
10.3005
10.3003
10.3012
10.2995
10.2967
10.3022
10.2992
10.3033
10.3016
10.2989
10.3019
10.2985
10.3043
10.2988
10.2959
10.3044
10.296
10.297
10.2964
10.3
10.3052
10.2958
10.2983
10.2996
10.3018
10.2991
10.3007
10.3023
10.3106
10.3019
10.3112
10.3098
10.3074
10.3076
10.2982
10.3009
10.2962
10.2999
10.2954
10.2996
10.3009
10.2992
10.2995
10.3046
10.302
10.3073
10.3046
10.3013
10.3033
10.3005
10.299
10.2994
10.3023
10.3057
10.3045
10.302
10.3087
10.3001
10.2998
10.2945
10.3025
10.3007
10.3048
10.3065
10.3125
10.3164
10.3163
10.3183
10.3128
10.303
10.2984
10.3034
10.3013
10.3116
10.3073
10.3189
10.3028
10.3068
10.3075
10.3037
10.3066
10.3053
10.3088
10.3076
10.303
10.3065
10.3124
10.3121
10.3083
10.3046
10.3072
10.2948
10.3066
10.3037
10.3027
10.3049
10.3016
10.3033
10.3055
10.3047
10.312
10.3132
10.3087
10.3163
10.3011
10.2952
10.2992
10.2944
10.3056
10.3055
10.3035
10.3046
10.302
10.3051
10.3015
10.3
10.3001
10.3003
10.3028
10.3018
10.3056
10.3012
10.3005
10.2953
10.3058
10.3018
10.2991
10.302
10.305
10.307
10.3018
10.3033
10.2995
10.3017
10.3004
10.3009
10.3019
10.3038
10.304
10.3037
10.3044
10.3011
10.2942
10.2956
10.2995
10.3028
10.3043
10.3076
10.3099
10.3093
10.3023
10.3006
10.2983
10.2955
10.2983
10.2994
10.3066
10.3032
10.3094
10.3136
10.3136
10.3052
10.3082
10.2964
10.3015
10.3007
10.2963
10.2972
10.3015
10.3023
10.3019
10.297
10.3001
10.2956
10.3001
10.304
10.3092
10.3109
10.3156
10.3084
10.3081
10.2986
10.2931
10.2924
10.2942
10.3036
10.2969
10.2961
10.2955
10.2983
10.3031
10.3019
10.303
10.3053
10.3055
10.2984
10.3073
10.3043
10.3018
10.3013
10.3016
10.3034
10.3033
10.3017
10.3019
10.2981
10.3
10.2973
10.2966
10.2992
10.2965
10.2999
10.3032
10.3014
10.3003
10.3043
10.3093
10.3055
10.3097
10.3126
10.3069
10.3067
10.308
10.3064
10.3056
10.3
10.3004
10.2986
10.2947
10.3021
10.2994
10.301
10.3004
10.3075
10.3051
10.3036
10.3053
10.3
10.293
10.3001
10.2981
10.3013
10.3032
10.2991
10.301
10.3042
10.3102
10.3127
10.3109
10.3144
10.3161
10.3112
10.3078
10.3022
10.2973
10.2975
10.2999
10.3016
10.3041
10.3116
10.3088
10.3085
10.3051
10.3036
10.3006
10.2976
10.2991
10.3025
10.2991
10.3038
10.2987
10.3005
10.3004
10.3
10.2997
10.3042
10.3013
10.2982
10.302
10.3026
10.3118
10.2977
10.3082
10.3011
10.303
10.3022
10.306
10.3042
10.3015
10.3018
10.2991
10.298
10.2933
10.3047
10.3055
10.3123
10.3145
10.3229
10.308
10.3136
10.3047
10.2969
10.3012
10.2992
10.3024
10.3042
10.3028
10.2995
10.2962
10.3002
10.3024
10.3032
10.3015
10.3088
10.3056
10.3051
10.3048
10.3061
10.2976
10.2942
10.299
10.2986
10.2976
10.2991
10.301
10.3009
10.3006
10.3038
10.2992
10.3012
10.3002
10.3064
10.3041
10.3025
10.3054
10.3056
10.3012
10.3013
10.3046
10.3104
10.3174
10.3315
10.3355
10.3403
10.3267
10.3174
10.3013
10.2976
10.3087
10.3218
10.319
10.3102
10.2998
10.3014
10.3038
10.3122
10.3073
10.3086
10.3009
10.3013
10.2984
10.3022
10.3063
10.2971
10.2997
10.2992
10.3006
10.2939
10.2985
10.3041
10.2999
10.3084
10.3076
10.2956
10.2979
10.2946
10.2959
10.2988
10.3015
10.305
10.3037
10.3018
10.3009
10.2948
10.3027
10.3015
10.3084
10.3023
10.3024
10.304
10.3044
10.2989
10.3001
10.2991
10.3009
10.3035
10.3009
10.3016
10.2976
10.2969
10.2953
10.2934
10.3
10.2984
10.305
10.2939
10.2986
10.3024
10.3005
10.3014
10.3027
10.3001
10.2998
10.2946
10.3024
10.3023
10.2964
10.3069
10.3039
10.2995
10.3035
10.3037
10.2965
10.3008
10.3055
10.3085
10.303
10.3006
10.2929
10.2968
10.3033
10.3011
10.304
10.3015
10.2951
10.2984
10.2992
10.3031
10.2995
10.3072
10.3047
10.305
10.2974
10.3025
10.299
10.3066
10.2991
10.2984
10.2991
10.2995
10.3026
10.3083
10.3081
10.3081
10.3133
10.308
10.3016
10.299
10.3014
10.3026
10.2979
10.3106
10.311
10.3202
10.3106
10.3076
10.3031
10.3005
10.3031
10.3007
10.3056
10.3034
10.3056
10.2998
10.2972
10.3034
10.3072
10.3104
10.3068
10.3083
10.3032
10.3132
10.3104
10.3082
10.3015
10.2997
10.3014
10.301
10.3059
10.2985
10.3069
10.3014
10.3101
10.3081
10.3035
10.31
10.3011
10.3058
10.3015
10.3108
10.3055
10.3051
10.3049
10.3046
10.304
10.3013
10.3008
10.301
10.3
10.3011
10.3049
10.3074
10.2992
10.3013
10.3034
10.3017
10.3035
10.3024
10.2988
10.2973
10.2951
10.2978
10.3012
10.3014
10.2977
10.2965
10.295
10.2984
10.3043
10.3044
10.3022
10.307
10.3053
10.2967
10.3026
10.2982
10.3037
10.2977
10.301
10.3016
10.3048
10.3049
10.3029
10.2968
10.298
10.3029
10.2988
10.3003
10.3032
10.3032
10.3067
10.2982
10.3025
10.2973
10.3044
10.2946
10.2976
10.2971
10.2992
10.3039
10.3093
10.3069
10.3026
10.3004
10.3
10.3009
10.3008
10.295
10.3
10.3057
10.3075
10.3087
10.3063
10.3131
10.3056
10.3067
10.3045
10.3004
10.3032
10.3024
10.3056
10.3056
10.316
10.3115
10.3101
10.3077
10.3061
10.3036
10.3004
10.3029
10.3016
10.304
10.3037
10.3106
10.3131
10.3075
10.3074
10.3058
10.2987
10.304
10.3045
10.3042
10.3078
10.3072
10.3039
10.3042
10.3009
10.3001
10.3043
10.3022
10.3053
10.3029
10.3005
10.2982
10.297
10.2963
10.2981
