     8
    31
    82
   148
   204
   337
   432
   625
   770
  1050
  1153
  1577
  1726
  2132
  2337
  2573
  3133
  3521
  3821
  4367
  4742
  5213
  5921
  6157
  6925
  7432
  7868
  8677
  9225
  9798
 10284
 10838
 11338
 12389
 12819
 13657
 14660
 15337
 16602
 17455
 17965
 19015
 20546
 20982
 21857
 23037
 23975
 24818
 25704
 26121
 28234
 29429
 30344
 31509
 32594
 33599
 34962
 35828
 37217
 38958
 40095
 42057
 43007
 43556
 44993
 47097
 48033
 49514
 51894
 52779
 55356
 56083
 57510
 59099
 60572
 62530
 63744
 66384
 67645
 68002
 70790
 72266
 73078
 75000
 77626
 78960
 80612
 82111
 84486
 87507
 88675
 89020
 91444
 93623
 95765
 97472
100021
101046
104214
105694
107466
109559
111988
114877
115868
118758
120392
123396
125165
126950
129526
131495
134017
136137
138637
140189
143674
146350
147552
150610
151990
154631
157349
159313
162014
164016
167441
169830
170455
175890
177345
181003
180867
185444
186694
190260
192705
194610
198811
201548
202199
205642
209468
212174
214458
216887
220317
223250
223894
228461
231009
232963
237466
239434
242237
244248
248108
251823
251977
256295
259458
262406
264401
268372
271325
273560
275838
279903
283717
284566
289021
292291
295133
297726
301480
303267
307052
311438
311999
317102
318636
321930
325300
328401
330025
334727
337544
339320
344649
346743
352541
354142
357326
361190
363956
365514
369672
372714
374987
379732
382462
385633
389395
392658
393966
398426
402667
404239
407614
410467
412614
416881
420620
423083
427858
430470
432780
437022
442081
442031
444733
448883
453764
457444
461139
462590
465158
470108
473936
478187
479083
482437
485092
489385
493594
494933
500036
504231
506932
510139
511129
514100
515028
520184
526200
526669
530732
536928
537401
540145
541997
545962
550597
555346
558556
560115
564284
565794
568230
574939
577295
580209
583433
587181
589394
596162
594961
600138
600141
607680
610207
610025
614585
620235
618863
624207
629593
630958
633771
635649
640059
642921
647163
648641
651722
656520
660143
661921
664048
669053
671813
673564
675277
679895
681547
683961
686076
690677
694523
698055
701578
702499
704125
710005
710025
714212
716407
721962
722901
729104
727205
731569
731738
736723
741335
740696
747013
751191
749225
755515
756927
760089
761399
762390
767259
768444
773313
775713
778980
781229
782428
788406
790007
790387
793197
796485
798563
801519
801596
809182
806703
808381
813145
817712
815287
823448
822671
824538
827587
832433
833921
834351
839115
843592
839854
844509
847470
848935
847769
854074
858076
856777
859164
859346
865824
868982
872322
870820
871954
876566
874351
879629
880700
882815
885181
887668
892176
892862
890826
894998
897096
897656
898300
902760
901658
906465
905152
905462
911158
909098
911937
909925
914020
915580
918076
919146
920667
919712
922892
926885
926493
928456
928600
933497
934229
937605
935341
936826
938352
939539
940413
942155
943005
944289
944485
949523
948647
949927
949265
954516
950310
954664
955442
952236
958344
959625
954943
956848
961283
958430
959011
963978
963156
965509
963090
968696
966300
969492
966135
966755
967528
968983
970393
971331
971305
972016
971374
973086
971913
971109
973486
974706
977634
973215
976249
976917
976952
975953
974370
977393
976007
973742
981535
979713
975452
979926
979629
979659
977707
978829
979714
976157
980222
978255
977337
980543
981952
979399
979024
978327
978350
977845
979924
980363
979024
982504
979243
980052
977613
976777
976354
977347
976767
977067
975918
974762
974557
977402
974300
974355
972873
973415
972891
973175
972957
974868
968919
972726
969013
970369
967708
971163
969961
966926
967787
963171
961975
965167
965472
961491
962928
963012
962351
960016
961255
956899
956490
955136
952496
952665
953191
950908
952300
954733
948883
949054
946928
944935
946515
943527
941176
939310
939923
941798
940931
934637
936531
935010
933244
932947
928395
931575
928407
927852
923800
926895
925799
917993
918101
920629
919522
915689
917539
914036
914209
911903
910456
908079
906733
907104
902203
900184
900616
898809
898483
896620
894980
891222
892679
887362
890367
888381
886112
882338
880878
883139
874436
876730
875230
874233
871817
870503
864915
862743
859584
858478
857881
856949
855027
852078
850173
850098
847200
845402
841685
844590
839504
840555
837161
836863
830470
832243
829902
824283
822535
824611
817392
821487
817714
814873
819464
810524
808999
806980
806616
799842
801396
798687
797871
795375
792837
790387
789757
788675
780118
778832
780848
776089
773568
770445
770749
768989
767804
765645
759306
757937
758201
753985
754969
749229
750195
746001
745956
742340
735872
736105
736433
731925
732111
728623
725016
722147
720913
717898
716853
714112
713165
709876
707219
706148
702288
699908
699967
697689
696104
691498
687684
686702
684955
682748
680394
677206
675555
670576
670874
667649
666399
662702
661447
654748
656316
656191
651458
648267
648030
645485
641653
640173
636764
635012
631055
629526
626189
625664
623152
617353
618271
616621
611735
609290
608757
604157
603529
601231
599452
598407
594102
591027
586452
588250
584429
579587
578561
576511
574414
574085
571743
568452
567019
562710
558794
557719
557986
552564
548114
548235
547527
541712
542330
538420
535365
535810
534320
529312
528490
523616
522428
520196
515677
514731
512765
511376
507082
504389
503491
502285
501748
498714
494770
493533
491727
486699
487075
483325
479928
479526
475719
474664
468894
471034
468795
465327
463109
460835
459916
454370
454022
451074
449868
448067
443841
442784
438368
438099
434351
434285
430454
429287
427045
425250
422582
421896
419400
416406
414120
411088
409600
407497
404471
402059
400952
399131
395551
393437
393300
392268
387583
386755
384051
382109
379974
378996
375973
374501
373507
370274
368485
365709
363538
362530
360227
358032
356304
353371
352654
350358
348080
346973
343419
343466
340478
336575
336925
334389
331024
330499
327706
327825
325800
323437
322122
318565
316388
313766
313485
311251
310848
306638
304879
303249
302048
299828
298042
298157
295104
293795
292184
288807
287284
285103
284161
282767
280462
279751
278708
277104
272608
270746
271042
269321
267036
267924
264942
261674
260691
258462
258343
254127
255272
252343
250681
250172
247421
246459
244136
242464
240684
239983
237846
236996
235115
234017
232957
230263
227794
227001
224719
224799
221818
223436
219331
218373
217565
217654
212729
212334
210185
210819
208146
207262
204739
205429
204449
202955
200624
200276
197480
197010
194266
192977
193248
191306
189904
187349
186721
184781
182988
184126
183359
180760
178793
178441
178127
175931
173913
173095
172218
170825
169521
167902
168123
167481
165517
162657
162596
161344
159313
159180
157524
157083
154349
154364
152435
151893
151992
149613
148561
148172
146381
144057
144364
142720
142393
141378
139841
139426
137077
136019
134397
134809
132165
132936
130097
130227
129159
129399
126620
125996
125164
125167
123038
122429
120183
119355
119558
117437
116455
117206
115730
114775
113331
113168
110666
111004
110138
108700
107679
108143
106577
105078
104799
103943
103067
101864
100799
101811
 99880
 99262
 98443
 97515
 96305
 95600
 95305
 93768
 92393
 92662
 90915
 90576
 90483
 90104
 89782
 88068
 87850
 86925
 85898
 84156
 84217
 83859
 82985
 81874
 82091
 80445
 80244
 79882
 78815
 78463
 77391
 76924
 76555
 75652
 75236
 74143
 74789
 73493
 72408
 71842
 71934
 71042
 70815
 70218
 68503
 69481
 67898
 67152
 66033
 65372
 65206
 64326
 64057
 63602
 63238
 61859
 61612
 61774
 60914
 59748
 59995
 59038
 58023
 58285
 56808
 56918
 56240
 55415
 55794
 54915
 55453
 54043
 54228
 53338
 53114
 52271
 52293
 50761
 51884
 50937
 49310
 49320
 49140
 49010
 47731
 47415
 46448
 46628
 46232
 45600
 45448
 44759
 44509
 44248
 43969
 42557
 42729
 42297
 42432
 41985
 41019
 40919
 40403
 39659
 39567
 39216
 38630
 38377
 37939
 37532
 37273
 36984
 36369
 36175
 36516
 36060
 35740
 35050
 35322
 34295
 34200
 33730
 33497
 33110
 32351
 32128
 30789
 31481
 31019
 31235
 30686
 29588
 29783
 29347
 29447
 28853
 28989
 28343
 28316
 28434
 27493
 27486
 27139
 26236
 26288
 26217
 26312
 25848
 25609
 25213
 24828
 24718
 24374
 24499
 23791
 23488
 24017
 23533
 23172
 22935
 22937
 22401
 21992
 22118
 21247
 21192
 21433
 21245
 20850
 20614
 20226
 20222
 19721
 20083
 19605
 19266
 18832
 19003
 18950
 18089
 18414
 18216
 18531
 17659
 17469
 17256
 17009
 16840
 16867
 16226
 16471
 16388
 16221
 16102
 15645
 15668
 15372
 15302
 15455
 14937
 14843
 14477
 14440
 14220
 14529
 14250
 13967
 13469
 13477
 13604
 13352
 13033
 12564
 12478
 12558
 12582
 12022
 11919
 11737
 11677
 12029
 11502
 11384
 11428
 11393
 11310
 11138
 10661
 10832
 10515
 10335
 10618
 10237
 10339
 10098
  9748
  9899
  9461
  9477
  9450
  9306
  9058
  9280
  8901
  9143
  8748
  8758
  8714
  8884
  8501
  7972
  8317
  7842
  7803
  7949
  8033
  7775
  7448
  7266
  7557
  7285
  7250
  7388
  7243
  7136
  7082
  6924
  6797
  6907
  6737
  6602
  6495
  6307
  6138
  5971
  6260
  5928
  6065
  5967
  5762
  5822
  5736
  5811
  5341
  5528
  5661
  5316
  4980
  5233
  5028
  4947
  5144
  4823
  5100
  4663
  4874
  4784
  4378
  4513
  4638
  4509
  4532
  4233
  4385
  4246
  4267
  3985
  4188
  4174
  4113
  3978
  3970
  3943
  3840
  3739
  3763
  3543
  3439
  3526
  3407
  3472
  3522
  3373
  3444
  3286
  3097
  3113
  3087
  3051
  3036
  2900
  2937
  3026
  2937
  3058
  3000
  2945
  2667
  2663
  2686
  2839
  2651
  2500
  2718
  2451
  2559
  2494
  2524
  2242
  2444
  2290
  2408
  2261
  2118
  2249
  2218
  2176
  2309
  1949
  2030
  2125
  2021
  2081
  2077
  2052
  1807
  1955
  1897
  1929
  1851
  2012
  1806
  1732
  1696
  1772
  1646
  1570
  1595
  1609
  1659
  1544
  1582
  1414
  1481
  1638
  1526
  1450
  1319
  1331
  1322
  1440
  1525
  1409
  1287
  1339
  1226
  1167
  1244
  1209
  1257
  1207
  1158
  1335
  1114
  1096
  1139
  1124
  1028
   997
  1041
  1091
   902
   919
   968
   958
   885
   821
   981
   908
   901
   838
   902
   957
   795
   823
   838
   856
   765
   751
   827
   714
   730
   700
   691
   708
   632
   678
   590
   652
   605
   622
   653
   579
   653
   611
   562
   581
   474
   514
   501
   531
   573
   560
   463
   471
   500
   496
   593
   449
   506
   390
   462
   434
   464
   406
   459
   492
   495
   411
   449
   367
   304
   401
   342
   307
   402
   376
   348
   329
   372
   354
   274
   360
   343
   353
   357
   302
   291
   264
   336
   261
   319
   300
   226
   306
   281
   218
   279
   288
   250
   217
   220
   294
   240
   226
   208
   254
   148
   211
   164
   185
   243
   207
   220
   243
   228
   227
   194
   278
   212
   165
   175
   181
   163
   171
   148
   207
   165
   172
   123
   181
   113
   117
   160
   128
    89
   168
   155
   176
   130
   185
   130
   168
   159
   123
   114
   113
   143
   142
   134
   134
   177
   145
   186
   147
   134
    94
   123
   149
   106
   166
    84
   115
   127
   108
    89
   106
    98
   124
    64
   102
    99
    62
    89
   122
    71
   115
    62
    93
    80
    60
    79
    76
    63
    78
    90
    49
    76
    46
    85
    35
    54
    63
    69
    61
    62
    57
    66
    64
    54
    53
    42
    25
    50
    47
    43
    54
    41
    36
    50
    24
    44
    37
    32
    30
    27
    51
    39
    30
    51
    33
    32
    31
    61
    24
    29
    62
    33
    43
    40
    42
    17
    32
    42
    21
    22
    33
    33
    32
    22
    19
    14
    17
    16
     9
    16
    15
    11
    30
    23
    19
    19
    18
    26
    21
    18
    15
    13
    16
    12
    32
    12
    21
    12
    17
     8
    13
    17
     9
    22
     9
     6
     5
     5
     1
    17
    11
     8
     5
    11
     1
     3
     2
     5
     3
     8
     8
     6
     2
     2
    10
     4
    15
     1
     9
     8
    13
     3
     5
    14
     8
     2
     1
     2
     8
     2
     7
     1
     0
    10
     0
     8
     3
     2
    14
    11
     8
     0
     3
    12
     5
     2
     4
    10
     1
     5
     3
     4
     3
     0
     3
     3
     0
     0
     5
     4
     0
     7
     0
     0
     0
     1
     1
     8
     0
    13
     3
     5
    10
     3
     4
     1
     4
     0
     1
     0
     0
     3
     0
     3
    10
     0
     0
     2
     3
     4
     0
     0
     2
     0
     0
     8
     0
     5
     0
     0
     1
     2
     0
     0
     0
     3
     0
     0
     2
     0
     0
     0
     0
     0
     0
     0
     0
     0
     0
     0
     0
     0
     0
     0
     0
     0
     0
     0
     0
     0
     0
     0
     0
     0
     0
     0
     0
     0
     0
     0
     0
     0
     0
     0
     0
     0
     0
     0
     0
     0
     0
     0
     0
     0
     0
     0
     0
     0
     0
     0
     0
     0
     0
     0
     0
     0
     0
     0
     0
     0
     0
     0
     0
     0
     0
     0
     0
     0
     0
     0
     0
     0
     0
     0
     0
     0
     0
     0
     0
     0
     0
     0
     0
     0
     0
     0
     0
     0
     0
     0
     0
     0
     0
     0
     0
     0
     0
     0
     0
     0
     0
     0
     0
     0
     0
     0
     0
     0
     0
     0
     0
     0
     0
     0
     0
     0
     0
     0
     0
     0
     0
     0
     0
     0
     0
     0
     0
     0
     0
     0
     0
     0
     0
     0
     0
     0
     0
     0
     0
     0
     0
     0
     0
     0
     0
     0
     0
     0
     0
     0
     0
     0
     0
     0
     0
     0
     0
     0
     0
     0
     0
     0
     0
     0
     0
     0
     0
     0
     0
     0
     0
     0
     0
     0
     0
     0
     0
     0
     0
     0
     0
     0
     0
     0
     0
     0
     0
     0
     0
     0
     0
     0
     0
     0
     0
     0
     0
     0
     0
     0
     0
     0
     0
     0
     0
     0
     0
     0
     0
     0
     0
     0
     0
     0
     0
     0
     0
     0
     0
     0
     0
     0
     0
     0
     0
     0
     0
     0
     0
     0
     0
     0
     0
     0
     0
     0
     0
     0
     0
     0
     0
     0
     0
     0
     0
     0
     0
     0
     0
     0
     0
     0
     0
     0
     0
     0
     0
     0
     0
     0
     0
     0
     0
     0
     0
     0
     0
     0
     0
     0
     0
     0
     0
     0
     0
     0
     0
     0
     0
     0
     0
     0
     0
     0
     0
     0
     0
     0
     0
     0
     0
     0
     0
     0
     0
     0
     0
     0
     0
     0
     0
     0
     0
     0
     0
     0
     0
     0
     0
     0
     0
     0
     0
     0
     0
     0
     0
     0
     0
     0
     0
     0
     0
     0
     0
     0
     0
     0
     0
     0
     0
     0
     0
     0
     0
     0
     0
     0
     0
     0
     0
     0
     0
     0
     0
     0
     0
     0
     0
     0
     0
     0
     0
     0
     0
     0
     0
     0
     0
     0
     0
     0
     0
     0
     0
     0
     0
     0
     0
     0
     0
     0
     0
     0
     0
     0
     0
     0
     0
     0
     0
     0
     0
     0
     0
     0
     0
     0
     0
     0
     0
     0
     0
     0
     0
     0
     0
     0
     0
     0
     0
     0
     0
     0
     0
     0
     0
     0
     0
     0
     0
     0
     0
     0
     0
     0
     0
     0
     0
     0
     0
     0
     0
     0
     0
     0
     0
     0
     0
     0
     0
     0
     0
     0
     0
     0
     0
     0
     0
     0
     0
     0
     0
     0
     0
     0
     0
     0
     0
     0
     0
     0
     0
     0
     0
     0
     0
     0
     0
     0
     0
     0
     0
     0
     0
     0
     0
     0
     0
     0
     0
     0
     0
     0
     0
     0
     0
     0
     0
     0
     0
     0
     0
     0
     0
     0
     0
     0
     0
     0
     0
     0
     0
     0
     0
     0
     0
     0
     0
     0
     0
     0
     0
     0
     0
     0
     0
     0
     0
     0
     0
     0
     0
     0
     0
     0
     0
     0
     0
     0
     0
     0
     0
     0
     0
     0
     0
     0
     0
     0
     0
     0
     0
     0
     0
     0
     0
     0
     0
     0
     0
     0
     0
     0
     0
     0
     0
     0
     0
     0
     0
     0
     0
     0
     0
     0
     0
     0
     0
     0
     0
     0
     0
     0
     0
     0
     0
     0
     0
     0
     0
     0
     0
     0
     0
     0
     0
     0
     0
     0
     0
     0
     0
     0
     0
     0
     0
     0
     0
     0
     0
     0
     0
     0
     0
     0
     0
     0
     0
     0
     0
     0
     0
     0
     0
     0
     0
     0
     0
     0
     0
     0
     0
     0
     0
     0
     0
     0
     0
     0
     0
     0
     0
     0
     0
     0
     0
     0
     0
     0
     0
     0
     0
     0
     0
     0
     0
     0
     0
     0
     0
     0
     0
     0
     0
     0
     0
     0
     0
     0
     0
     0
     0
     0
     0
     0
     0
     0
     0
     0
     0
     0
     0
     0
     0
     0
     0
     0
     0
     0
     0
     0
     0
     0
     0
     0
     0
     0
     0
     0
     0
     0
     0
     0
     0
     0
     0
     0
     0
     0
     0
     0
     0
     0
     0
     0
     0
     0
     0
     0
     0
     0
     0
     0
     0
     0
     0
     0
     0
     0
     0
     0
     0
     0
     0
     0
     0
     0
     0
     0
     0
     0
     0
     0
     0
     0
     0
     0
     0
     0
     0
     0
     0
     0
     0
     0
     0
     0
     0
     0
     0
     0
     0
     0
     0
     0
     0
     0
     0
     0
     0
     0
     0
     0
     0
     0
     0
     0
     0
     0
     0
     0
     0
     0
     0
     0
     0
     0
     0
     0
     0
     0
     0
     0
     0
     0
     0
     0
     0
     0
     0
     0
     0
     0
     0
     0
     0
     0
     0
     0
     0
     0
     0
     0
     0
     0
     0
     0
     0
     0
     0
     0
     0
     0
     0
     0
     0
     0
     0
     0
     0
     0
     0
     0
     0
     0
     0
     0
     0
     0
     0
     0
     0
     0
     0
     0
     0
     0
     0
     0
     0
     0
     0
     0
     0
     0
     0
     0
     0
     0
     0
     0
     0
     0
     0
     0
     0
     0
     0
     0
     0
     0
     0
     0
     0
     0
     0
     0
     0
     0
     0
     0
     0
     0
     0
     0
     0
     0
     0
     0
     0
     0
     0
     0
     0
     0
     0
     0
     0
     0
     0
     0
     0
     0
     0
     0
     0
     0
     0
     0
     0
     0
     0
     0
     0
     0
     0
     0
     0
     0
     0
     0
     0
     0
     0
     0
     0
     0
     0
     0
     0
     0
     0
     0
     0
     0
     0
     0
     0
     0
     0
     0
     0
     0
     0
     0
     0
     0
     0
     0
     0
     0
     0
     0
     0
     0
     0
     0
     0
     0
     0
     0
     0
     0
     0
     0
     0
     0
     0
     0
     0
     0
     0
     0
     0
     0
     0
     0
     0
     0
     0
     0
     0
     0
     0
     0
     0
     0
     0
     0
     0
     0
     0
     0
     0
     0
     0
     0
     0
     0
     0
     0
     0
     0
     0
     0
     0
     0
     0
     0
     0
     0
     0
     0
     0
     0
     0
     0
     0
     0
     0
     0
     0
     0
     0
     0
     0
     0
     0
     0
     0
     0
     0
     0
     0
     0
     0
     0
     0
     0
     0
     0
     0
     0
     0
     0
     0
     0
     0
     0
     0
     0
     0
     0
     0
     0
     0
     0
     0
     0
     0
     0
     0
     0
     0
     0
     0
     0
     0
     0
     0
     0
     0
     0
     0
     0
     0
     0
     0
     0
     0
     0
     0
     0
     0
     0
     0
     0
     0
     0
     0
     0
     0
     0
     0
     0
     0
     0
     0
     0
     0
     0
     0
     0
     0
     0
     0
     0
     0
     0
     0
     0
     0
     0
     0
     0
     0
     0
     0
     0
     0
     0
     0
     0
     0
     0
     0
     0
     0
     0
     0
     0
     0
     0
     0
     0
     0
     0
     0
     0
     0
     0
     0
     0
     0
     0
     0
     0
     0
     0
     0
     0
     0
     0
     0
     0
     0
     0
     0
     0
     0
     0
     0
     0
     0
     0
     0
     0
     0
     0
     0
     0
     0
     0
     0
     0
     0
     0
     0
     0
     0
     0
     0
     0
     0
     0
     0
     0
     0
     0
     0
     0
     0
     0
     0
     0
     0
     0
     0
     0
     0
     0
     0
     0
     0
     0
     0
     0
     0
     0
     0
     0
     0
     0
     0
     0
     0
     0
     0
     0
     0
     0
     0
     0
     0
     0
     0
     0
