195.689
185.868
186.525
186.987
186.721
186.243
185.998
187.247
186.812
186.001
186.42
186.711
186.333
186.125
186.915
186.971
186.236
186.909
186.768
186.58
185.96
185.696
186.3
185.853
186.714
186.787
187.224
186.832
185.605
187.186
186.259
187.167
186.457
186.891
185.794
186.455
187.007
185.995
186.52
186.784
186.442
186.88
186.672
185.884
186.098
186.165
186.211
186.071
186.741
185.959
186.118
186.601
186.274
185.968
186.306
186.044
186.614
186.663
186.457
186.061
186.222
185.844
188.703
185.759
185.969
185.893
186.078
186.228
186.007
186.314
185.759
185.685
186.113
185.458
185.998
185.473
185.279
184.997
185.449
