       0
    1224
    8727
   27748
   48439
   81529
  123290
  162954
  226739
  287441
  357981
  431073
  518646
  619145
  716427
  823697
  933645
 1057667
 1195270
 1330110
 1468690
 1622656
 1783071
 1945533
 2104921
 2271605
 2454434
 2627813
 2811512
 3000850
 3202530
 3410534
 3610331
 3812886
 4052630
 4267167
 4468757
 4707829
 4927420
 5169423
 5379244
 5653935
 5856598
 6135192
 6386896
 6633574
 6907223
 7176489
 7412153
 7678046
 7972433
 8214033
 8493881
 8821109
 9059952
 9367541
 9643331
 9973571
10263982
10566953
10918412
11225242
11568058
11877026
12235433
12536193
12878554
13291294
13629269
14031599
14421167
14764892
15225322
15579454
16028863
16464017
16884904
17303899
17804787
18285508
18732395
19216513
19754559
20256989
20755460
21252668
21824031
22430366
23019970
23565158
24119416
24724463
25322336
25968375
26614130
27196691
27871967
28498895
29257805
29947665
30591689
31319863
31979991
32743385
33427134
34134350
34833432
35502112
36292334
36992006
37671365
38450753
39128425
39920372
40549575
41274659
42049609
42695992
43447969
44087929
44690168
45396703
46001316
46643009
47239731
47838676
48328185
48848942
49320906
49925581
50332896
50766003
51239584
51668021
51884245
52372627
52595899
52732642
53083494
53288831
53365892
53456700
53604293
53664831
53658798
53602795
53540724
53369555
53283046
53013879
52842776
52582312
52350731
51843311
51546584
51129744
50723788
50283971
49723234
49196286
48592514
47956282
47332127
46654560
46054935
45353554
44501954
43786804
43040850
42207562
41381364
40546545
39715420
38824622
37917256
37067963
36091406
35229831
34261211
33347486
32441437
31553864
30554191
29721515
28818130
27896680
26942712
26042231
25186232
24325993
23377580
22571671
21741733
20859218
20066524
19268597
18444090
17648140
16966841
16235119
15509418
14800908
14147373
13474771
12816343
12204087
11574320
11020556
10429686
 9884786
 9443704
 8916670
 8445144
 7952199
 7494928
 7087160
 6682222
 6309023
 5911093
 5541065
 5205632
 4889170
 4588567
 4319428
 4003730
 3753602
 3519455
 3290435
 3060691
 2857460
 2638226
 2429040
 2282256
 2112624
 1973479
 1821010
 1674363
 1553314
 1433688
 1323324
 1223492
 1128428
 1038934
  962663
  888061
  816149
  744297
  670406
  620708
  566481
  526009
  472982
  430061
  401690
  359834
  328423
  300545
  269292
  244000
  216463
  194740
  183558
  164394
  148786
  135779
  118849
  110651
   98074
   92366
   78489
   73494
   64711
   57943
   51713
   47092
   39750
   37222
   33454
   25410
   23616
   21664
   18369
   18369
   15783
   14229
   12330
   11237
    9694
    8290
    7819
    7960
    5977
    4907
    4142
    4536
    3235
    3068
    2771
    2701
    2324
    2103
    1206
    1307
    1556
    1116
    1209
     937
     824
     535
     388
     411
     210
     374
     308
     195
      29
     121
      34
       0
      33
     143
      18
      19
       3
       0
      15
       0
       9
      31
       0
       0
       0
       0
       0
       0
       0
       0
       0
       0
       0
       0
       0
       0
       0
       0
       0
       0
       0
       0
       0
       0
       0
       0
       0
       0
       0
       0
       0
       0
       0
       0
       0
       0
       0
       0
       0
       0
       0
       0
       0
       0
       0
       0
       0
       0
       0
       0
       0
       0
       0
       0
       0
       0
       0
       0
       0
       0
       0
       0
       0
       0
       0
       0
       0
       0
       0
       0
       0
       0
       0
       0
       0
       0
       0
       0
       0
       0
       0
       0
       0
       0
       0
       0
       0
       0
       0
       0
       0
       0
       0
       0
       0
       0
       0
       0
       0
       0
       0
       0
       0
       0
       0
       0
       0
       0
       0
       0
       0
       0
       0
       0
       0
       0
       0
       0
       0
       0
       0
       0
       0
       0
       0
       0
       0
       0
       0
       0
       0
       0
       0
       0
       0
       0
       0
       0
       0
       0
       0
       0
       0
       0
       0
       0
       0
       0
       0
       0
       0
       0
       0
       0
       0
       0
       0
       0
       0
       0
       0
       0
       0
       0
       0
       0
       0
       0
       0
       0
       0
       0
       0
       0
       0
       0
       0
       0
       0
       0
       0
       0
       0
       0
       0
       0
       0
       0
       0
       0
       0
       0
       0
       0
       0
       0
       0
       0
       0
       0
       0
       0
       0
       0
       0
       0
       0
       0
       0
       0
       0
       0
       0
       0
       0
       0
       0
       0
       0
       0
       0
       0
       0
       0
       0
       0
       0
       0
       0
       0
       0
       0
       0
       0
       0
       0
       0
       0
       0
       0
       0
       0
       0
       0
       0
       0
       0
       0
       0
       0
       0
       0
       0
       0
       0
       0
       0
       0
       0
       0
       0
       0
       0
       0
       0
       0
       0
       0
       0
       0
       0
       0
       0
       0
       0
       0
       0
       0
       0
       0
       0
       0
       0
       0
       0
       0
       0
       0
       0
       0
       0
       0
       0
       0
       0
       0
       0
       0
       0
       0
       0
       0
       0
       0
       0
       0
       0
       0
       0
       0
       0
       0
       0
       0
       0
       0
       0
       0
       0
       0
       0
       0
       0
       0
       0
       0
       0
       0
       0
       0
       0
       0
       0
       0
       0
       0
       0
       0
       0
       0
       0
       0
       0
       0
       0
       0
       0
       0
       0
       0
       0
       0
       0
       0
       0
       0
       0
       0
       0
       0
       0
       0
       0
       0
       0
       0
       0
       0
       0
       0
       0
       0
       0
       0
       0
       0
       0
       0
       0
       0
       0
       0
       0
       0
       0
       0
       0
       0
       0
       0
       0
       0
       0
       0
       0
       0
       0
       0
       0
       0
       0
       0
       0
       0
       0
       0
       0
       0
       0
       0
       0
       0
       0
       0
       0
       0
       0
       0
       0
       0
       0
       0
       0
       0
       0
       0
       0
       0
       0
       0
       0
       0
       0
       0
       0
       0
       0
       0
       0
       0
       0
       0
       0
       0
       0
       0
       0
       0
       0
       0
       0
       0
       0
       0
       0
       0
       0
       0
       0
       0
       0
       0
       0
       0
       0
       0
       0
       0
       0
       0
       0
       0
       0
       0
       0
       0
       0
       0
       0
       0
       0
       0
       0
       0
       0
       0
       0
       0
       0
       0
       0
       0
       0
       0
       0
       0
       0
       0
       0
       0
       0
       0
       0
       0
       0
       0
       0
       0
       0
       0
       0
       0
       0
       0
       0
       0
       0
       0
       0
       0
       0
       0
       0
       0
       0
       0
       0
       0
       0
       0
       0
       0
       0
       0
       0
       0
       0
       0
       0
       0
       0
       0
       0
       0
       0
       0
       0
       0
       0
       0
       0
       0
       0
       0
       0
       0
       0
       0
       0
       0
       0
       0
       0
       0
       0
       0
       0
       0
       0
       0
       0
       0
       0
       0
       0
       0
       0
       0
       0
       0
       0
       0
       0
       0
       0
       0
       0
       0
       0
       0
       0
       0
       0
       0
       0
       0
       0
       0
       0
       0
       0
       0
       0
       0
       0
       0
       0
       0
       0
       0
       0
       0
       0
       0
       0
       0
       0
       0
       0
       0
       0
       0
       0
       0
       0
       0
       0
       0
       0
       0
       0
       0
       0
       0
       0
       0
       0
       0
       0
       0
       0
       0
       0
       0
       0
       0
       0
       0
       0
       0
       0
       0
       0
       0
       0
       0
       0
       0
       0
       0
       0
       0
       0
       0
       0
       0
       0
       0
       0
       0
       0
       0
       0
