     0
    12
    35
    74
    72
   166
   167
   299
   244
   358
   519
   546
   732
   754
   908
  1026
  1116
  1261
  1508
  1479
  1911
  1902
  2136
  2319
  2697
  2792
  2928
  3230
  3388
  3892
  3809
  4113
  4354
  4478
  4934
  5542
  5571
  5903
  6504
  6436
  6845
  6985
  7355
  7627
  8135
  8142
  9155
  9376
  9763
 10149
 10291
 11015
 11475
 11871
 12653
 12546
 13283
 13544
 14203
 14865
 15019
 15698
 16362
 16550
 17247
 17416
 18214
 18998
 19530
 20369
 20473
 21062
 22303
 22551
 23229
 23317
 23787
 24524
 25610
 26172
 26822
 27065
 28061
 28542
 29782
 29857
 30978
 31109
 32636
 32714
 33668
 34364
 35061
 36076
 36440
 37148
 37599
 38561
 39887
 40181
 41569
 42016
 42417
 43633
 45381
 45894
 46223
 47044
 47142
 48288
 49020
 50798
 51470
 51603
 53185
 54165
 55104
 55556
 58382
 57070
 58878
 59924
 61083
 62259
 62796
 63293
 63616
 65628
 66873
 66568
 68486
 68929
 70392
 71484
 72425
 73968
 75253
 75704
 77458
 78200
 80096
 79724
 81184
 83074
 83793
 84429
 85766
 87522
 87469
 89008
 90933
 91638
 93078
 94116
 94447
 96153
 97795
 98724
 99530
101888
102229
103019
105637
106370
106864
107852
109149
111281
111859
114339
114040
116695
117372
118447
121041
121705
123053
123717
125385
125988
127491
127575
129664
131289
132817
134063
136924
135708
138436
139874
139508
142637
142793
145416
146513
147599
150263
150514
152700
153781
154815
157240
158755
158631
160660
162410
163075
164662
166508
169154
170007
171327
172282
174796
176844
176850
179609
179919
182318
183496
184949
186591
188195
189083
192291
192187
193525
195859
197613
198337
200166
202425
204608
204428
207059
208478
208563
210473
212976
215235
215142
219002
220725
221525
223312
224114
225965
227759
228932
230194
233323
233878
235634
236993
237847
241033
243101
244008
246160
246607
249081
251676
253317
254402
255529
259972
259982
260294
262550
264900
266666
267617
269448
272325
271778
274565
277286
278551
277564
281835
283396
283082
287030
289081
288620
291550
293454
294494
297936
298523
299500
301395
304442
303559
305489
308146
309222
311734
315555
314563
316223
318124
321045
321417
325337
323565
327398
329662
331495
333636
333876
335717
336621
338122
340190
342846
344412
346336
349947
350707
352465
351915
355691
356424
358554
360728
363412
361618
364809
368074
370306
370077
370452
374467
377882
378105
378186
381557
382154
384518
386390
388542
388145
390324
393422
396247
395939
397330
400294
401125
404863
404566
406043
407689
411516
411546
413771
414931
417264
417503
421586
422324
422798
423622
428446
429147
427930
430627
432770
434953
437003
439964
439501
443048
445084
445462
448365
448177
451180
452397
453872
456595
458025
460777
460944
463394
463369
464246
465158
467682
468908
471694
469326
474029
473518
480052
480310
480506
484021
486990
486839
489302
488713
492572
495575
494036
496974
499639
498570
501970
502158
505119
504970
507406
510737
509821
512541
515028
515760
515792
519881
519836
522717
524300
524232
525887
527611
530811
530391
531099
535635
533917
537825
537621
537712
540059
543617
543840
547405
549248
548834
550327
552102
555529
555027
556694
559260
561000
563239
562872
563755
564559
565177
570114
572378
571252
573903
577386
576487
577318
579035
579309
581226
581978
584431
586521
587551
586863
587504
587762
591776
592283
594871
594092
594468
601982
600626
602746
604868
603028
604343
605124
607978
610421
610154
609543
611277
613135
613395
614020
618125
619429
619493
621247
621440
622941
622577
625506
625002
625401
630450
629087
631321
631566
629513
633158
636715
637286
637232
637334
636403
639467
639489
642184
642124
646018
643729
647739
651047
650014
650585
648877
653921
650628
656072
657561
656030
656385
657860
659700
659027
661410
662887
660583
663587
665136
664945
664537
665779
668031
669578
671411
669011
671801
672665
673394
673813
676141
677387
675397
676828
676612
677688
682240
681395
681897
682747
683418
684382
685095
684211
685089
685418
687435
688381
689341
688423
688342
689898
692221
692754
693572
695454
693929
695300
698490
695959
697371
698259
696661
697853
700723
700965
699216
699918
702217
701722
700251
702858
703970
701562
704626
706387
705744
708102
707536
705427
709864
710339
708305
709759
707981
710932
711257
711761
710974
711887
711858
712587
710653
708556
711256
712744
715255
715771
716174
713401
716875
716790
717544
716431
716526
717984
715942
717201
719195
717217
719514
716354
719969
716287
720248
716740
718640
720105
719496
721074
718676
722061
720597
720580
719786
722348
721896
722128
720314
721918
720993
721021
724710
723001
722845
722121
721789
720582
722172
724447
721521
719172
721737
721835
725156
721231
722938
722928
721145
721436
723941
723678
722697
724950
724428
722442
721483
725196
723322
721762
722013
719151
721805
720018
721898
720038
720365
717725
718190
719353
718899
717422
720381
718021
718177
714875
718246
717831
716328
713263
714705
713532
715737
713055
714024
714707
715535
713752
716124
713618
715180
714505
712697
712733
710316
709940
710709
709376
709354
710753
708341
708251
707698
708143
702538
704892
705697
706100
704560
702575
704981
705326
706594
704279
704448
705826
700193
699857
701199
699989
698086
697894
699778
698422
696234
695555
698537
692479
693532
693677
691199
692557
690599
690163
690061
686765
685904
686694
685208
686306
685693
682577
682307
683184
683481
679145
681074
681307
680724
680497
680027
677865
675054
675104
672220
678453
675344
672356
672473
672277
673610
670655
670132
667484
665735
668426
667876
665801
665772
663162
664566
662774
660609
659383
662730
658710
659108
658296
657192
654982
653918
654163
652542
651961
650605
650508
651119
648617
649926
645780
645518
643924
644085
644082
641310
641744
639623
637946
639062
636308
636256
635808
635433
631966
631519
631336
633360
627686
628698
627130
625833
625312
621438
619971
620384
622085
617721
620395
617276
616888
614480
617346
611334
613848
609735
611337
606927
608753
607214
604242
606229
602479
602797
601553
599894
600371
596361
595424
594705
594218
593591
592738
593639
588908
590433
585951
586142
585745
585847
583103
582421
580695
582270
580512
577175
576277
576499
574947
572789
573504
567272
571376
569704
566602
567851
566413
563423
562184
561969
559215
560652
559572
555103
554118
555442
552937
550582
549459
547222
548310
548425
544181
545315
544739
540980
538689
538862
538289
536281
532803
533259
530427
532732
530136
529623
526871
524979
524490
524117
519728
520815
518038
518633
515106
515717
514383
513932
509434
511220
509385
510220
506384
502656
505113
503029
500531
498300
499471
493795
494335
494454
492912
492323
490304
491849
487497
487321
485111
484831
482152
479799
479571
476963
477252
475882
474183
473314
473322
471492
469158
470235
468204
467051
465754
462412
462428
461200
461513
457983
457423
457619
454030
451606
454027
451467
450848
447139
448178
445623
443856
439945
441625
439225
438215
438249
434679
434977
433579
431620
432107
430352
427939
428284
423350
424407
421768
422379
420414
419772
418190
416991
415447
414717
411865
412648
411350
408822
407525
407806
404308
405154
403840
400509
402783
399695
397439
397346
397457
396156
392997
388871
391128
390714
386629
386672
387303
383532
383449
382039
379807
379764
378652
376732
375870
373641
373106
368280
370794
368623
367502
364711
363072
364404
360173
360149
359513
358331
356681
353172
355414
352424
351302
350933
350497
346725
345947
345659
344767
342398
342374
341312
338952
338982
335803
337074
334566
333922
332374
329493
329455
328964
329354
325708
324872
323562
323615
320831
320964
319082
316490
316722
317605
314674
313259
312649
313113
309838
308878
306751
305884
305151
302470
301725
300476
301569
297853
297598
297221
294893
292931
294542
292420
290436
290312
288787
287710
286340
285213
284698
283855
280313
279077
281104
277627
276819
276005
273698
273804
273158
271597
270584
270854
268103
265941
265305
262890
263389
264179
261216
259786
257637
257174
255014
255689
255988
253135
252712
250209
251174
249896
249066
246194
247319
245446
245857
243977
242543
239712
239773
240282
239544
238211
236816
235546
234201
232297
232741
231433
229718
229906
228818
228458
225733
225233
222859
223559
221828
220614
220304
218424
218919
218785
216124
213746
214937
212577
212559
212002
210928
209303
208044
205983
208153
205867
205702
203471
203076
200801
200641
200284
198513
198865
197605
196911
195028
194466
192899
191854
191164
191333
189423
188923
187845
187220
184797
185869
185263
183388
181140
180512
181317
180011
178372
178099
177440
176356
176240
175594
173271
172760
172378
170639
171526
170039
169018
169495
166696
166896
165402
164979
165758
164283
161348
161867
160244
159657
157229
158529
156792
155591
155624
154155
155149
152554
152481
151873
150444
151143
150434
147939
147653
147306
146356
146332
145356
144575
144226
143535
141614
140767
142367
141923
140296
139223
138423
136277
138045
136523
134838
134014
133978
132679
131865
130999
130779
130499
130178
129252
128565
127898
126971
125682
125060
125254
123975
124502
123655
123031
122325
122058
121447
119890
119030
118736
117568
116503
116586
116323
114925
113973
113719
112229
112596
111469
111499
110991
110600
108502
109176
108971
106674
107063
106677
105024
104930
103992
103709
102397
102630
102357
101222
100810
100497
 99232
 99265
 98277
 97703
 97047
 96522
 97169
 96905
 95523
 95114
 94573
 93396
 93820
 92482
 91524
 92299
 91445
 89969
 90888
 90439
 89597
 88541
 88496
 88233
 88350
 87153
 86680
 86641
 84743
 85382
 84905
 83905
 83289
 82688
 82118
 80215
 81607
 80034
 80499
 79949
 79018
 78337
 78396
 78307
 77870
 76528
 76873
 76330
 74850
 75275
 73453
 74096
 74182
 72799
 72429
 72424
 72275
 70849
 71893
 70289
 70129
 69577
 69655
 68833
 68626
 68281
 67559
 66725
 67300
 66813
 65699
 65551
 65622
 63994
 64865
 63646
 63917
 63632
 62424
 62142
 62029
 61290
 61487
 60747
 60189
 59133
 58776
 58713
 58876
 58212
 57466
 57857
 57443
 56961
 57113
 56196
 55657
 54867
 54239
 54994
 53721
 53662
 53034
 53324
 52239
 52302
 52521
 52319
 51113
 51153
 50873
 50540
 49423
 49594
 49498
 49499
 48774
 48177
 47594
 47306
 47567
 46564
 46459
 46453
 45855
 44699
 45278
 45449
 45180
 44392
 43735
 43958
 44115
 43422
 43481
 43405
 42857
 42397
 42565
 41278
 42434
 41799
 41211
 40771
 41332
 40706
 39758
 40341
 40098
 39663
 39214
 38587
 38891
 38084
 37690
 37763
 37319
 37027
 36449
 36907
 36988
 36647
 36136
 35965
 35689
 35200
 34478
 34962
 34821
 33856
 34320
 33438
 33462
 33662
 32958
 32488
 32588
 32521
 32715
 31608
 31994
 31076
 31701
 31256
 30866
 30582
 30649
 30177
 30470
 30093
 29773
 29118
 28925
 28271
 28814
 28934
 28167
 28023
 28125
 27974
 27420
 27425
 26943
 27275
 26224
 26676
 26400
 26090
 25515
 25998
 25806
 25340
 25400
 24515
 25302
 25079
 24692
 24391
 24467
 23880
 24063
 23584
 23518
 22910
 23218
 22812
 23099
 23127
 22507
 21915
 22235
 22205
 22137
 21445
 21265
 21682
 21586
 21243
 21145
 20857
 21069
 20586
 20330
 20273
 20443
 20057
 19617
 19820
 19511
 19321
 18981
 18782
 18721
 18838
 18487
 18958
 18405
 18246
 18028
 17949
 17370
 17678
 17453
 17052
 16860
 17113
 16844
 16692
 16338
 15973
 16199
 15857
 15532
 15435
 15592
 15502
 15851
 15424
 15127
 15012
 14647
 14764
 14852
 14570
 14457
 14417
 14170
 13868
 14164
 13727
 14000
 13567
 13705
 13390
 13479
 12824
 12815
 13147
 12900
 12876
 12515
 12273
 12041
 12121
 12097
 12035
 11890
 12158
 11916
 11921
 11536
 11546
 11490
 11787
 11693
 11585
 11157
 11277
 10952
 11238
 10757
 10608
 10488
 10429
 10178
 10480
  9992
 10143
  9779
  9697
 10025
  9715
  9868
  9612
  9468
  9598
  9462
  9448
  9217
  9234
  9046
  9040
  8725
  8424
  8960
  8602
  8330
  8539
  8523
  8425
  8432
  8374
  8028
  8185
  8046
  7987
  7832
  8036
  7733
  8088
  7824
  7577
  7719
  7589
  7459
  7469
  7143
  7072
  7120
  7241
  6998
  6790
  6760
  6780
  6613
  6524
  6891
  6688
  6667
  6656
  6485
  6356
  6422
  6233
  6343
  6424
  6272
  6101
  5937
  5728
  5904
  5715
  6119
  5785
  5937
  5616
  5739
  5676
  5428
  5726
  5596
  5530
  5516
  5251
  5458
  5133
  5432
  4906
  4996
  5018
  5175
  4718
  4928
  4914
  4961
  4765
  4523
  4832
  4683
  4458
  4749
  4530
  4551
  4640
  4663
  4503
  4544
  4263
  4274
  4242
  4300
  4411
  4294
  4150
  3937
  4095
  4042
  3986
  3990
  3918
  3680
  3768
  3956
  3920
  3744
  3691
  3615
  3741
  3701
  3690
  3409
  3352
  3394
  3275
  3495
  3309
  3262
  3726
  3189
  3382
  3104
  3051
  3164
  3223
  3123
  3306
  3119
  3272
  3093
  2969
  2854
  3003
  2732
  2974
  2747
  2884
  2634
  2587
  2943
  2658
  2649
  2622
  2442
  2493
  2545
  2638
  2680
  2529
  2491
  2390
  2425
  2388
  2566
  2402
  2423
  2277
  2498
  2349
  2268
  2243
  2278
  2166
  2293
  2062
  2002
  2028
  1974
  2033
  2030
  2130
  1934
  2015
  1955
  1889
  1998
  1889
  1973
  1770
  1877
  1933
  1669
  1750
  1645
  1696
  1713
  1627
  1749
  1702
  1698
  1579
  1642
  1552
  1531
  1545
  1566
  1604
  1355
  1587
  1484
  1529
  1574
  1426
  1472
  1538
  1481
  1404
  1390
  1350
  1220
  1376
  1354
  1403
  1268
  1370
  1318
  1321
  1294
  1285
  1365
  1221
  1215
  1264
  1254
  1156
  1186
  1273
  1146
  1180
  1076
  1123
  1192
  1141
  1251
  1092
  1095
  1158
  1065
   919
   940
  1053
  1015
   956
   999
  1025
  1009
  1003
   973
   977
   970
   863
   902
   909
   955
   906
   908
   902
   906
   920
   827
   837
   824
   913
   839
   869
   779
   907
   827
   922
   747
   778
   772
   685
   697
   763
   738
   734
   720
   741
   738
   707
   714
   685
   704
   735
   628
   678
   611
   712
   638
   773
   702
   663
   651
   644
   530
   621
   658
   610
   586
   508
   554
   474
   636
   570
   510
   582
   575
   546
   552
   453
   487
   468
   477
   406
   458
   496
   380
   432
   443
   439
   398
   426
   360
   424
   410
   368
   391
   398
   381
   301
   433
   468
   357
   401
   372
   368
   369
   374
   391
   392
   397
   345
   417
   349
   353
   392
   370
   311
   311
   354
   339
   352
   291
   307
   304
   318
   304
   350
   288
   303
   325
   273
   252
   293
   254
   218
   275
   254
   270
   259
   242
   258
   202
   242
   277
   245
   182
   235
   247
   202
   197
   203
   195
   186
   192
   236
   206
   194
   172
   227
   168
   210
   193
   223
   165
   185
   156
   130
   195
   179
   136
   168
   187
   151
   180
   140
   151
   115
   100
   120
   145
   134
   191
   127
   146
   141
   161
   139
   133
   127
   121
    95
   113
   123
   129
   111
    97
   140
   110
   121
   127
    96
   129
   117
   112
   116
    99
    81
   102
   101
    91
    71
   101
   105
    74
    97
    91
    95
    56
   107
    83
    51
    60
    92
    72
    74
    83
    84
    94
    85
    66
    93
    68
    83
    68
    85
    65
    89
    66
    83
    78
    79
    60
    60
    32
    35
    61
    41
    55
    35
    59
    36
    58
    43
    28
    42
    38
    48
    41
    40
    33
    39
    32
    57
    41
    23
    39
    42
    55
    31
    35
    41
    27
    33
    31
    33
    35
    43
    37
    21
    53
    38
    21
    22
    41
    31
    37
    25
    57
    30
    26
    18
    35
    15
    41
    35
    15
    17
    35
    31
    44
    32
    23
    36
    19
    43
     9
    23
    28
    31
    15
    17
    28
    21
    31
     7
    13
    13
    23
    21
    30
    23
    16
    10
    14
    11
    12
    14
    28
    14
    23
    14
    13
    11
    31
    10
    20
    18
    19
     8
     6
    19
    18
    14
    18
     2
    19
     4
    12
     8
     0
     3
     8
     3
    11
     8
    13
    10
    27
     4
    15
     7
     8
    16
    11
     3
     3
     3
     8
    31
    13
    15
     6
    12
     5
     8
     7
     4
    13
    11
    10
    10
    21
    12
     5
     9
    13
    10
     3
     4
    15
     9
     6
     8
     8
    12
    11
    25
     4
     7
     6
    16
    11
     7
    18
     7
    15
     8
     9
     9
    11
    10
     3
     3
     7
     3
     1
     0
     3
     1
     7
     4
     2
    15
     9
     1
     7
     1
     1
     5
     3
     3
     4
     7
     1
     0
     2
    15
     7
     3
     1
     3
     9
     8
     8
     6
     1
     1
     7
     4
     1
    14
     5
     6
     4
     4
     6
    18
     7
     4
     4
     7
     6
     2
    11
     6
     7
     8
     7
     4
     5
     4
     8
     0
     5
     6
     5
     7
     0
    11
     1
    11
     1
     1
     5
     1
     8
    17
     3
     2
     8
     9
    13
     3
     5
     0
     2
    12
     7
    11
     9
     8
     7
     6
     7
     2
     7
     7
     5
     2
     7
     6
     9
     1
    10
    13
     2
     4
     3
    19
    10
     1
     4
    13
     1
     2
     5
     7
    12
     8
     0
     1
     3
     5
     6
     2
     7
     4
    15
    14
     3
     8
    20
     5
    12
    10
     9
     4
     3
     9
    11
     7
    19
     5
     3
     8
     0
     9
    10
     7
     6
    11
     5
     6
     4
     4
     7
     5
    14
     7
     0
     6
     4
     5
     3
    15
     5
     6
    10
     2
    12
    14
    11
     5
     7
    11
    15
    10
    14
     4
    14
     7
     5
    11
    12
     1
    10
    16
     6
     0
     3
    11
     6
     3
     0
     0
    11
    11
     5
     8
     2
     7
     8
     3
     5
     6
     7
     6
     1
     1
     1
     3
     0
     2
     3
     1
     4
     0
     0
     0
     2
     7
     2
     0
     0
     0
     4
     1
     0
     2
    11
     0
     2
    11
     8
     3
     2
     0
     0
     0
     0
     0
     6
     2
     0
     0
     2
     0
     4
     0
     0
     5
     0
     3
     3
    11
     5
     2
     5
     4
     4
     3
     1
     5
     3
     5
     4
     0
     1
     1
     2
     4
     0
     1
     0
     7
     1
     5
     5
     3
     5
     1
     1
     3
     7
     4
     1
     0
     2
     4
     0
     2
     8
     4
     9
     0
     6
     1
     5
     5
     6
     5
     0
     0
     0
     0
     7
     2
     0
     0
     1
     2
     0
     0
     1
     1
     0
     2
     0
     0
     0
     0
     0
     0
     0
     0
     0
     0
     0
     0
     0
     0
     0
     2
     0
     0
     0
     0
     0
     1
     0
     6
     0
     0
     0
     0
     8
     1
     3
     0
     6
     0
     2
     4
     0
     2
     0
     1
     5
     1
     0
     3
     0
     1
     0
     1
     0
     0
     6
     0
     0
     1
     0
     0
     0
     0
     0
     0
     0
     0
     0
     0
     0
     0
     0
     0
     0
     0
     0
     0
     0
     0
     0
     0
     0
     0
     0
     0
     0
     0
     0
     0
     0
     0
     0
     0
     0
     0
     0
     0
     0
     0
     0
     0
     0
     0
     0
     0
     0
     0
     0
     0
     0
     0
     0
     0
     0
     0
     0
     0
     0
     0
     0
     0
     0
     0
     0
     0
     0
     0
     0
     0
     0
     0
     0
     0
     0
     0
     0
     0
     0
     0
     0
     0
     0
     0
     0
     0
     0
     0
     0
     0
     0
     0
     0
     0
     0
     0
     0
     0
     0
     0
     0
     0
     0
     0
     0
     0
     0
     0
     0
     0
     0
     0
     0
     0
     0
     0
     0
     0
     0
     0
     0
     0
     0
     0
     0
     0
     0
     0
     0
     0
     0
     0
     0
     0
     0
     0
     0
     0
     0
     0
     0
     0
     0
     0
     0
     0
     0
     0
     0
     0
     0
     0
     0
     0
     0
     0
     0
     0
     0
     0
     0
     0
     0
     0
     0
     0
     0
     0
     0
     0
     0
     0
     0
     0
     0
     0
     0
     0
     0
     0
     0
     0
     0
     0
     0
     0
     0
     0
     0
     0
     0
     0
     0
     0
     0
     0
     0
     0
     0
     0
     0
     0
     0
     0
     0
     0
     0
     0
     0
     0
     0
     0
     0
     0
     0
     0
     0
     0
     0
     0
     0
     0
     0
     0
     0
     0
     0
     0
     0
     0
     0
     0
     0
     0
     0
     0
     0
     0
     0
     0
     0
     0
     0
     0
     0
     0
     0
     0
     0
     0
     0
     0
     0
     0
     0
     0
     0
     0
     0
     0
     0
     0
     0
     0
     0
     0
     0
     0
     0
     0
     0
     0
     0
     0
     0
     0
     0
     0
     0
     0
     0
     0
     0
     0
     0
     0
     0
     0
     0
     0
     0
     0
     0
     0
     0
     0
     0
     0
     0
     0
     0
     0
     0
     0
     0
     0
     0
     0
     0
     0
     0
     0
     0
     0
     0
     0
     0
     0
     0
     0
     0
     0
     0
     0
     0
     0
     0
     0
