584.046
579.455
579.289
579.697
579.479
579.327
579.196
578.652
579.04
578.881
579.208
579.227
579.009
579.293
579.21
579.302
579.88
578.99
579.218
579.442
578.945
578.961
578.668
579.236
579.249
579.264
579.062
578.401
579.418
579.544
578.892
579.562
579.116
579.005
579.372
578.67
579.022
578.872
578.126
578.754
578.53
578.82
578.601
578.404
578.614
578.26
578.528
578.439
578.891
578.657
578.932
578.683
578.553
579.216
578.597
578.494
578.11
578.7
578.487
578.272
578.694
578.44
578.753
578.524
578.445
578.563
578.159
578.558
578.528
578.77
578.591
577.86
578.444
578.724
577.944
578.004
578.6
578.755
578.178
578.269
578.147
578.332
577.544
577.771
577.431
577.851
578.531
577.834
578.037
577.704
577.811
578.088
577.729
577.866
577.988
577.962
577.397
577.469
577.381
577.705
578.027
577.086
577.142
577.588
577.459
577.974
577.569
577.251
576.901
577.603
577.686
577.917
577.105
576.952
577.675
577.152
577.169
577.616
576.844
577.544
577.298
577.108
576.754
577.396
577.36
577.847
577.29
577.304
577.431
577.039
577.861
577.308
577.575
577.451
577.513
576.723
577.089
577.223
577.024
577.06
577.048
577.132
576.365
576.858
577.053
577.042
576.649
576.7
577.313
576.854
576.267
576.765
577.503
576.935
576.701
576.811
576.338
579.191
577.179
576.83
576.562
576.014
576.664
576.471
576.621
576.909
576.403
576.95
576.432
576.478
576.743
576.779
576.617
577.008
576.902
576.531
576.407
576.831
576.337
576.548
576.755
576.655
576.955
576.702
576.088
576.695
576.657
576.556
576.732
576.375
577.061
576.635
576.683
576.837
576.721
576.732
576.686
576.638
576.394
576.059
576.359
576.461
576.061
576.124
576.749
576.598
576.463
576.124
576.38
576.131
576.434
576.527
576.612
576.888
576.17
576.148
576.486
576.249
576.123
576.323
576.34
576.319
576.976
575.996
576.322
576.8
576.57
575.967
576.458
576.924
576.525
576.067
576.335
576.148
576.688
576.364
575.748
576.139
575.772
576.441
575.909
576.148
576.386
576.124
576.323
576.396
575.837
576.022
576.132
576.459
576.35
576.009
575.432
575.914
575.673
575.777
576.057
575.996
576.013
575.757
576.253
576.414
576.298
576.366
576.649
575.627
575.866
576.143
576.35
576.472
576.053
576.232
576.098
575.96
576.652
575.841
575.522
576.039
576.048
576.194
576.198
576.031
575.827
576.473
575.496
576.052
576.288
575.72
576.056
576.016
575.696
576.129
576.071
575.945
575.802
575.856
575.864
575.933
576.025
575.948
575.53
575.631
575.946
576.054
575.87
575.952
575.459
575.993
575.664
576.007
576.287
575.82
576.328
575.887
575.407
575.584
575.644
575.75
575.865
575.403
575.414
575.677
575.796
575.627
575.758
575.667
575.925
575.406
575.79
575.61
575.755
575.898
575.318
575.541
575.135
575.689
576.083
575.742
575.959
575.179
575.807
575.501
575.712
575.487
575.485
575.322
575.485
574.622
575.811
575.688
574.725
575.245
575.368
575.058
575.727
575.485
575.549
575.318
575.4
575.514
575.267
575.312
575.248
575.381
575.252
575.225
574.962
575.434
575.332
574.87
575.305
575.509
574.996
574.974
575.947
575.187
575.418
575.189
575.631
575.111
575.089
575.01
575.112
575.302
574.913
575.203
575.07
575.339
575.17
575.433
574.656
575.198
575.248
575.768
575.282
575.107
574.804
574.747
575.044
575.62
575.154
575.475
575.437
574.854
575.019
575.082
575.366
575.206
575.132
574.993
574.718
574.718
575.075
574.973
574.966
575.193
575.223
575.049
575.073
575.123
574.991
575.461
574.545
575.055
574.812
575.169
575.026
574.542
574.626
574.966
574.908
574.406
575.056
575.133
574.588
574.305
574.955
574.962
574.32
574.198
575.299
574.01
574.672
574.621
574.418
574.09
575.058
574.734
574.503
575.046
575.016
574.749
574.697
574.287
574.828
574.644
575.026
574.207
574.241
574.87
574.825
574.742
574.849
574.72
574.643
574.868
574.509
574.827
574.624
574.309
574.853
574.74
574.913
574.521
575.184
574.422
573.949
574.79
574.674
574.618
574.622
574.897
574.224
574.668
574.32
574.546
574.078
574.83
574.221
574.215
574.19
574.894
574.511
574.308
574.426
574.488
574.287
574.501
574.322
574.222
574.343
574.095
574.594
573.756
574.207
574.85
575.004
574.378
574.33
574.501
574.202
574.734
574.583
574.069
574.321
574.424
574.301
574.147
574.143
574.537
574.202
574.689
573.883
574.253
574.121
574.836
574.745
573.476
574.546
574.662
574.304
574.228
573.945
573.903
574.597
573.782
574.148
574.444
574.33
573.926
574.543
574.116
573.796
574.065
574.129
574.498
574.261
573.778
574.433
573.588
574.057
573.778
574.07
574.326
573.799
573.812
574.332
574.066
574.006
573.788
574.17
574.32
574.047
573.995
574.272
574.109
573.87
573.662
574.241
573.665
573.7
574.014
574.382
574.097
574.425
574.317
573.548
573.772
573.55
574.026
573.566
574.362
573.428
574.107
573.698
573.627
574.259
574.264
573.889
573.808
573.61
573.55
573.624
573.254
572.975
573.498
573.365
574.157
573.977
573.887
573.881
573.614
573.787
573.828
573.725
573.613
573.582
573.603
573.861
573.778
573.806
573.963
574.462
574.627
574.137
573.556
573.655
573.208
573.662
574.036
573.454
573.447
573.74
573.438
573.12
573.698
573.323
573.449
573.756
573.547
573.637
573.857
573.59
573.411
574.102
573.684
573.673
573.681
573.569
574.063
573.118
573.505
573.614
573.519
572.836
574.085
573.589
574.298
573.431
573.207
573.741
573.848
573.377
573.148
572.964
573.97
573.294
573.289
573.298
573.427
573.358
573.247
573.289
573.315
573.158
573.486
573.375
573.605
573.627
573.534
573.481
573.392
573.075
573.296
573.218
572.746
573.282
573.096
573.298
573.256
573.253
573.428
573.053
573.373
573.189
573.255
573.047
573.276
573.131
573.324
573.363
573.573
573.721
573.102
573.349
572.87
572.926
573.452
573.143
573.496
573.127
573.128
573.468
573.438
573.209
573.08
573.391
572.748
573.137
573.155
573.305
573.039
573.458
572.799
573.373
573.068
572.747
573.314
572.781
573.004
573.055
572.897
573.263
572.981
572.955
572.554
572.687
573.399
573.01
572.561
573.022
572.644
573.326
572.889
572.918
572.554
573.105
572.778
572.791
572.514
573.012
573.308
572.443
572.419
572.867
573.567
572.736
573.072
572.829
572.724
572.601
573.154
572.691
572.586
572.633
573.363
572.403
572.815
572.71
572.596
572.532
573.056
573.085
572.965
572.627
572.423
573.133
572.59
572.897
572.017
572.45
572.926
572.382
572.623
572.919
572.795
573.056
572.726
573.048
572.511
572.818
572.208
572.361
572.509
572.614
572.64
571.964
572.146
572.544
571.93
572.461
572.805
572.85
572.476
572.214
572.255
572.868
572.148
572.381
572.391
572.205
572.102
572.243
571.921
572.549
571.699
572.421
572.084
572.513
572.404
572.316
571.66
572.449
572.735
572.134
572.362
571.93
572.227
571.953
572.088
572.282
572.381
571.949
571.923
571.937
571.863
572.301
572.341
571.632
572.086
572.57
572.11
571.755
571.643
571.889
572.463
572.404
571.993
571.877
571.942
572.354
572.344
571.464
572.283
572.566
572.167
572.208
571.913
571.986
572.02
572.075
572.291
572.049
571.868
572.37
571.593
572.272
572.055
572.011
571.415
572.174
572.007
571.8
571.805
571.734
571.918
572.332
571.911
571.941
571.736
572.232
571.613
571.651
571.571
572.222
571.471
571.556
571.388
571.749
571.911
571.437
571.834
571.746
572.068
571.704
571.66
571.728
571.582
571.654
571.851
571.547
571.629
571.673
572.044
571.55
571.671
571.597
571.604
571.652
571.352
571.729
571.198
571.764
571.411
571.599
571.514
571.251
571.294
571.516
571.885
571.679
571.375
570.924
572.081
571.545
571.651
571.24
571.215
571.412
571.239
571.514
570.583
571.425
571.301
571.326
571.632
571.299
571.392
571.259
571.35
571.262
571.85
571.491
571.587
571.131
571.273
571.476
571.97
571.594
571.351
571.299
571.788
571.609
570.904
570.995
571.324
570.505
571.142
571.055
571.188
570.714
571.502
571.611
571.424
571.126
571.986
571.135
571.173
571.074
570.8
571.423
571.469
571.802
571.182
571.38
570.873
571.021
570.974
570.764
570.948
570.963
570.524
571.086
571.087
571.47
571.276
571.142
570.423
570.962
571.445
571.569
570.76
571.226
570.753
571.152
571.35
571.217
571.05
570.903
570.696
570.688
571.128
571.202
571.146
571.193
571.002
571.189
570.988
571.241
570.312
571.427
570.742
570.75
570.61
570.702
570.801
570.494
570.672
570.446
570.373
570.945
570.888
571.033
571.083
571.168
571.099
570.872
570.637
571.041
570.91
570.496
570.998
570.563
570.644
571.047
570.987
570.612
570.684
570.739
570.554
571.08
570.936
570.757
570.306
570.636
570.961
570.763
570.64
570.027
570.653
570.803
570.694
570.379
570.65
570.554
570.673
570.669
570.48
570.251
570.561
570.539
570.066
570.824
570.223
569.92
571.033
570.739
570.901
569.774
570.346
570.371
570.073
570.442
570.123
570.627
570.078
570.262
570.171
570.357
570.343
570.599
569.924
569.971
570.426
570.338
570.375
570.211
569.966
570.353
570.084
570.206
569.953
570.017
570.466
570.28
570.59
570.078
570.077
569.805
570.133
569.925
570.286
570.235
569.764
569.842
570.209
570.35
570.406
570.141
570.18
570.063
570.412
570.237
570.136
570.352
569.566
570.269
569.83
570.396
569.608
569.743
570.238
570.342
569.855
570.429
570.118
570.324
570.312
570.044
570.076
569.7
569.819
569.998
570.374
570.228
570.232
570.009
570.075
569.908
570.337
569.762
569.918
570.101
569.833
569.747
569.906
569.872
570.488
570.608
569.918
570.233
570.752
570.446
569.052
569.503
569.248
569.707
569.656
569.751
570.295
569.897
569.857
569.7
569.927
569.497
569.662
569.694
569.916
569.517
569.916
569.95
569.783
569.762
569.799
570.101
569.662
569.819
569.71
570.027
570.166
570.014
569.754
569.829
569.046
570.036
569.749
569.423
569.912
569.626
569.838
569.434
569.471
569.43
569.362
569.338
568.998
569.632
569.779
569.411
569.726
569.488
569.494
569.34
569.143
569.621
569.38
569.601
569.237
569.848
569.368
569.805
569.585
569.314
569.11
569.484
569.309
569.213
569.862
569.691
569.18
569.879
569.279
569.589
569.294
569.491
569.844
569.182
569.673
568.92
569.175
569.276
569.109
569.518
569.397
569.447
569.463
569.497
569.091
569.232
569.667
569.312
569.455
568.961
569.27
569.607
569.681
569.405
568.922
569.446
568.778
569.118
569.522
568.804
569.137
569.326
569.249
569.389
569.02
568.869
569.009
568.592
569.405
568.888
569.111
569.189
569.125
568.826
569.102
568.767
569.097
568.831
568.865
569.193
569.091
568.829
568.855
568.963
569.022
569.011
568.903
569.188
569.254
569.074
568.855
568.936
569.142
569.255
568.731
568.743
569.074
568.918
568.908
568.591
569.244
568.325
568.74
568.74
569.062
568.93
569.078
569.401
568.517
568.896
568.634
568.438
568.45
568.448
569.268
568.118
568.337
568.831
568.158
568.829
568.844
568.786
568.588
568.977
568.679
568.956
568.554
568.827
568.753
568.6
568.546
568.836
568.885
568.614
568.781
568.324
568.741
568.425
568.638
568.585
568.317
568.43
568.407
568.51
567.952
568.117
568.383
567.958
568.285
568.488
568.489
568.918
568.722
568.653
568.655
568.285
568.364
568.612
568.431
569.133
568.687
568.184
568.471
568.164
568.628
568.279
568.205
568.126
568.279
567.96
568.551
568.16
568.413
568.415
568.634
568.274
568.214
568.328
567.912
568.133
568.18
568.429
567.93
568.437
569.005
568.1
568.186
567.751
567.974
568.293
568.197
568.517
567.538
567.735
568.013
567.809
567.838
568.337
568.121
568.537
567.905
568.081
567.856
567.907
568.311
568.22
567.963
568.056
567.964
568.123
568.401
567.873
567.899
567.689
568
567.922
567.818
567.81
567.534
567.282
567.607
567.178
567.939
567.751
567.676
567.863
568.354
567.635
567.931
568.578
567.738
567.904
567.449
567.854
567.858
567.663
567.879
567.498
567.56
567.545
567.665
567.44
567.846
567.508
567.572
567.744
567.121
567.396
567.975
567.996
567.777
567.581
567.759
567.384
567.89
567.293
567.703
567.395
567.824
567.482
567.718
567.872
567.547
567.666
567.698
567.297
567.623
567.699
567.491
567.281
567.581
567.523
567.611
567.704
567.042
566.952
567.44
567.586
567.315
567.475
567.778
567.421
567.22
567.47
567.16
567.02
567.293
567.237
567.402
567.155
567.735
567.091
567.348
567.109
567.083
567.591
567.69
567.163
566.888
566.936
567.294
567.634
567.239
567.188
567.063
567.376
567.257
567.013
567.527
567.095
567.037
566.868
566.886
567.318
567.282
567.016
567.063
567.133
567.059
567.001
566.967
567.026
567.125
566.865
566.907
567.114
567.178
566.882
567.166
566.748
566.977
566.969
566.743
566.726
567.267
566.887
566.938
566.558
566.897
566.686
566.868
567.062
567.095
566.909
566.734
566.789
567.044
566.84
566.857
567.25
566.847
566.938
566.914
566.658
566.518
566.352
566.789
566.656
566.932
566.749
566.629
566.857
566.526
567.087
566.479
566.926
566.587
566.861
566.875
566.608
566.52
566.667
567.06
566.677
566.912
566.805
566.419
566.822
566.827
566.623
566.489
566.539
566.391
566.755
566.337
566.465
566.541
566.271
566.205
566.815
566.202
566.479
566.253
566.531
566.579
566.806
566.623
566.762
566.488
566.342
566.365
566.645
566.192
566.526
566.651
566.727
566.338
566.353
566.155
566.521
566.005
566.271
566.231
566.61
566.22
566.218
566.032
566.384
565.987
566.232
566.922
566.617
566.348
566.682
565.893
566.181
566.671
566.195
566.115
566.378
566.371
566.215
566.241
566.162
566.344
566.297
566.125
566.026
565.898
566.313
566.537
566.115
566.648
566.003
566.158
566.123
566.395
566.237
565.867
566.508
566.081
566.341
566.2
565.964
565.784
565.968
565.326
565.836
565.998
566.733
566.059
566.426
566.386
566.027
565.661
566.02
565.736
566.025
566.176
566.042
565.832
565.995
565.78
565.66
566.216
566.113
566.071
565.535
565.951
565.399
565.428
566
565.775
566.098
566.051
565.795
565.945
565.795
565.417
566.139
565.883
565.957
566.177
565.37
565.951
565.857
565.813
565.392
565.791
565.56
565.786
565.819
565.732
565.654
565.452
565.693
565.796
565.374
565.868
565.685
565.851
565.353
565.44
565.428
565.694
565.784
566.177
565.438
565.831
565.132
565.359
565.532
565.714
565.575
565.885
565.516
565.116
565.483
565.216
565.376
565.297
565.768
565.296
565.383
565.223
565.283
565.545
565.658
565.469
565.214
565.439
565.358
565.38
565.072
565.264
565.203
565.453
565.287
565.228
566.027
564.998
565.283
565.082
565.159
565.417
564.931
565.465
565.392
564.877
565.45
565.305
565.096
565.279
565.27
565.091
564.903
565.169
565.362
564.856
564.847
564.925
564.973
565.279
564.99
565.22
565.26
564.988
565.454
565.197
564.869
565.115
564.903
565.494
565.07
565.035
564.928
565.324
564.33
565.213
565.216
564.575
565.246
564.913
564.667
565.084
564.978
564.878
565.024
564.859
564.801
564.816
565.199
565.313
564.924
565.016
564.935
564.927
564.72
565.259
564.789
564.603
564.806
565.004
564.901
564.898
564.831
565.385
564.816
564.894
564.935
564.694
564.77
564.51
564.379
564.602
564.843
564.784
564.942
564.482
565.147
564.494
564.602
564.624
564.83
564.861
564.933
564.754
564.478
564.089
564.999
564.52
564.784
564.289
564.373
564.691
564.482
564.557
564.55
564.276
564.502
564.629
564.875
564.536
564.262
564.402
564.621
564.56
564.606
564.551
564.353
564.873
564.672
564.41
564.575
564.941
564.379
564.134
564.569
564.327
563.92
564.576
564.497
564.413
564.296
564.339
564.594
564.599
564.318
564.229
564.185
564.32
564.009
564.781
564.693
564.599
563.927
564.52
564.476
564.212
564.117
564.229
564.057
564.42
564.045
564.217
563.997
563.902
564.075
563.979
563.968
564.193
564.278
564.464
564.318
564.22
563.851
564.286
563.906
564.008
564.2
564.083
564.216
564.105
563.736
563.468
564.021
564.133
563.926
564.556
564.071
563.914
564.025
564.026
563.813
564.189
564.028
564.066
563.662
563.638
563.94
563.84
564.085
564.07
563.711
563.93
564.122
563.982
564.092
563.596
563.345
564.196
564.167
563.714
563.927
563.741
563.448
564.051
564.182
564.071
563.784
563.772
563.63
564.025
563.465
563.406
563.776
563.822
563.553
563.527
563.646
563.373
563.643
563.591
563.845
563.793
563.554
563.663
564.168
563.704
563.421
563.241
563.212
563.761
563.407
563.804
563.617
563.349
563.17
563.653
563.796
563.389
563.764
563.645
563.349
563.275
563.261
563.453
563.677
563.385
563.497
563.471
563.443
563.179
563.477
563.141
563.331
563.264
563.634
563.359
562.992
562.885
563.22
563.202
562.886
563.332
563.56
563.079
563.311
563.305
563.298
563.082
563.389
563.327
563.536
562.894
563.117
563.417
563.493
563.474
563.756
563.091
563.572
562.981
563.088
562.722
562.942
563.22
562.989
562.904
563.122
563.354
562.907
563.16
562.887
563.102
563.065
562.892
562.618
563.045
562.694
563.106
562.904
562.822
563.21
562.643
562.384
563.126
563.286
563.122
563.023
562.913
563.177
562.978
563.176
562.713
563.265
562.896
562.472
562.701
562.746
562.956
562.897
562.754
562.849
562.72
563.045
562.866
562.528
562.716
563.005
562.612
563.214
562.712
562.641
562.569
562.774
562.917
562.904
562.803
562.9
562.927
562.516
562.574
562.763
562.611
562.793
563.013
562.587
562.283
562.401
562.564
562.793
562.701
562.674
562.56
562.618
562.537
562.762
562.258
562.863
562.843
562.548
562.599
562.822
563.208
562.388
562.346
562.625
562.672
562.033
562.474
561.961
562.71
562.294
562.552
562.129
562.432
562.326
562.28
563.046
562.054
562.741
562.339
562.479
562.222
562.341
562.144
562.171
562.487
562.232
562.288
562.214
562.465
561.918
562.422
561.997
562.156
562.183
562.422
562.332
562.16
562.14
562.447
562.268
562.316
562.328
561.698
562.14
562.248
562.371
562.192
562.247
562.037
562.245
562.039
562.404
561.916
561.911
561.658
562.367
561.992
561.73
562.266
562.047
562.22
562.003
561.511
561.612
562.323
562.252
561.8
562.2
561.698
562.078
562.032
561.697
561.822
562.046
561.499
561.718
561.709
561.865
561.894
561.799
561.48
561.787
561.924
561.531
562.265
562.129
561.673
561.923
562.015
561.529
561.621
561.5
561.669
561.536
562.001
562.123
561.88
561.619
561.892
561.453
561.584
561.399
561.465
561.313
561.939
561.716
561.999
561.908
561.878
561.562
561.826
561.676
561.342
561.733
560.97
561.492
561.563
561.368
561.763
561.777
561.161
561.772
561.667
561.799
561.437
561.188
561.199
561.409
561.534
561.359
561.017
562.099
561.715
561.344
561.605
561.462
561.088
561.053
561.443
561.038
561.056
561.018
561.44
560.808
561.11
561.648
561.474
561.554
561.059
561.113
561.36
561.391
561.215
561.048
561.086
561.063
561.811
561.371
560.999
561.217
561.304
561.149
561.482
560.707
561.4
561.16
561.251
561.017
560.667
561.223
561.196
561.165
560.909
561.095
561.111
561.11
560.96
561.218
561.067
561.272
561.077
561.295
561.017
561.177
561.34
560.85
560.875
560.809
560.607
560.981
561.328
560.967
561.388
560.682
560.638
560.839
560.651
560.531
561.217
560.895
561.045
560.811
560.872
560.662
560.828
561.283
560.896
561.165
560.602
560.892
560.797
560.953
560.865
560.844
560.919
561.132
561.004
561.009
560.756
560.726
560.883
560.704
560.61
561.255
560.581
560.74
560.681
560.511
560.815
560.455
560.755
560.725
560.556
560.541
560.447
560.511
561.053
560.547
560.716
560.376
560.31
560.566
560.41
560.416
560.684
560.461
560.717
560.73
559.977
560.383
560.085
560.553
560.32
560.496
560.461
560.931
560.268
560.618
560.35
560.234
560.438
560.425
560.299
560.221
560.487
560.444
560.042
560.205
560.439
560.418
560.41
560.107
560.457
560.418
560.781
560.312
560.414
560.159
560.127
560.035
560.1
560.38
560.124
560.149
560.649
559.693
559.975
559.94
560.336
560.425
559.65
559.993
560.404
560.201
559.992
560.285
559.925
559.683
560.08
560.051
559.861
560.023
560.404
560.034
560.069
559.778
559.946
560.066
559.676
560.284
560.086
560.18
560.403
560.361
560.005
560.353
559.532
559.671
559.69
559.811
559.851
559.842
559.788
559.758
559.794
560.443
559.547
560.146
559.957
559.564
559.617
559.935
559.814
559.861
559.329
559.75
560.135
559.805
559.792
559.919
559.666
559.689
559.825
560.001
559.71
559.648
559.639
560.131
559.791
559.396
559.551
559.563
559.438
559.598
559.542
559.541
559.623
559.849
559.539
559.594
559.448
559.599
559.294
559.276
559.686
559.419
559.665
559.673
559.336
559.116
559.699
559.226
559.427
559.572
559.713
559.266
559.355
559.465
559.607
559.415
559.337
559.164
559.684
559.693
559.509
559.599
559.286
559.149
559.17
559.442
559.144
559.303
559.641
559.502
559.691
559.464
559.734
559.548
559.216
559.413
559.077
559.226
558.996
559.423
559.421
559.003
559.025
559.048
559.764
558.954
559.227
559.397
559.075
559.431
559.134
559.147
559.337
558.973
559.194
559.147
559.222
559.26
558.932
559.092
559.573
559.054
558.997
559.113
559.401
558.777
558.802
558.999
559.291
558.754
558.656
558.949
558.979
558.594
559.071
559.407
558.943
558.658
558.802
558.741
558.941
558.845
558.742
559.116
558.589
559.057
558.664
558.996
558.795
558.699
558.73
558.635
558.738
558.652
558.71
558.851
558.974
559.093
558.639
558.862
559.047
558.6
558.792
558.933
558.815
558.381
558.496
558.859
558.953
558.312
558.885
559.336
558.604
558.729
558.574
559.049
558.389
558.524
558.636
558.921
558.707
558.738
558.658
558.478
558.377
558.857
558.624
558.29
558.247
559.117
558.365
558.676
558.187
558.365
558.337
558.586
558.551
558.482
558.146
558.34
558.546
558.374
558.632
558.335
558.625
558.358
558.382
558.363
558.248
558.469
558.761
558.268
558.296
558.323
557.989
558.226
558.094
558.326
558.078
558.076
558.488
558.555
558.244
557.934
558.211
558.082
558.341
558.401
558.244
558.181
558.265
558.128
557.943
558.409
558.044
558.343
558.161
558.292
558.055
558.117
557.932
558.457
557.985
558.145
558.156
557.803
557.984
558.055
558.366
558.011
558.129
557.752
557.902
557.859
558.294
557.918
557.891
557.995
557.907
557.938
558.394
558.002
557.79
557.928
558.001
557.589
557.821
557.885
557.622
557.959
557.652
558.102
557.806
557.768
557.982
558.022
557.966
558.1
557.77
557.825
557.57
557.609
557.662
557.359
557.73
557.518
557.247
557.567
557.701
557.581
557.431
557.671
557.366
557.524
557.946
557.447
557.608
557.847
557.696
557.73
557.645
557.44
557.498
557.668
557.807
557.721
557.683
557.637
557.592
557.342
557.574
557.377
557.354
557.543
557.697
557.62
557.612
557.546
557.605
557.418
557.361
557.125
557.283
557.438
557.395
557.499
557.251
557.377
557.489
557.286
557.123
557.109
557.315
557.217
557.311
557.335
557.322
557.452
557.268
557.3
557.203
557.17
557.449
557.063
557.435
556.885
556.853
557.305
557.207
557.279
557.45
557.089
557.19
557.402
557.362
556.953
557.237
557.06
557.194
557.128
557.206
557.377
557.26
557.131
557.079
557.209
556.859
557.276
557.041
557.154
557.383
556.833
556.778
556.769
557.052
557.008
557.201
557.208
556.805
557.009
557.41
556.873
557.11
557.181
557.074
556.94
556.724
557.035
556.869
557.006
557.149
556.817
556.986
556.937
557.102
556.994
557.075
556.94
556.922
556.802
556.897
556.621
556.863
556.667
556.78
556.664
556.683
556.589
556.888
556.829
556.852
556.552
556.795
556.771
556.971
556.983
556.895
556.807
556.544
556.539
556.734
556.844
556.927
556.482
556.48
557.046
556.595
556.574
556.548
556.659
556.579
556.21
556.943
556.816
556.848
556.616
556.293
556.447
556.818
556.436
556.155
556.318
557.121
557.11
556.935
556.401
556.378
556.724
556.523
556.771
556.256
556.647
556.505
556.304
556.663
556.391
556.464
556.41
556.144
556.268
556.301
556.268
556.521
555.934
556.431
556.157
556.443
556.084
556.508
556.167
556.54
556.317
556.078
556.346
556.021
556.365
556.099
556.73
556.184
556.331
556.697
556.548
556.346
556.142
556.098
556.386
556.278
556.694
556.469
556.036
556.015
556.002
556.218
556.178
556.191
556.242
556.407
555.952
556.066
556.277
555.914
556.14
555.82
555.955
556.338
556.142
556.188
556.266
555.877
555.838
556.553
555.82
555.915
556.277
556.102
555.699
556.024
555.809
555.845
556.134
555.912
555.862
555.909
555.77
555.867
555.978
555.768
556.29
555.908
555.767
555.843
556.245
555.556
555.526
556.138
555.489
555.819
555.866
555.939
555.979
555.766
556.147
555.673
555.864
555.513
555.692
555.097
556.098
555.738
555.994
555.555
555.402
555.432
555.498
555.523
555.737
555.676
556.037
555.583
555.175
555.712
555.573
555.715
555.612
555.644
555.537
555.536
555.649
555.805
555.248
555.664
555.636
555.538
555.545
555.163
555.181
555.414
555.293
555.361
555.418
555.678
555.399
555.54
555.494
555.359
555.53
555.255
555.313
555.324
555.225
555.594
555.346
555.367
555.387
555.647
555.694
555.548
555.462
555.187
555.495
555.626
555.436
555.262
555.351
555.066
555.131
555.343
555.341
555.479
555.225
554.942
555.311
555.432
555.153
555.164
555.085
555.244
555.242
555.394
555.384
555.217
555.319
555.416
555.132
555.118
554.963
555.155
555.074
555.066
554.89
555.207
554.872
555.002
555.018
555.169
554.973
555.197
554.923
555.224
554.812
555.15
555.304
555.042
555.339
555.1
554.885
554.948
554.915
554.827
555.084
555.103
554.941
555.166
554.68
554.448
555.321
555.176
554.898
554.613
554.87
554.759
555.136
554.929
554.863
554.671
555.005
554.749
554.652
554.857
555.06
554.623
554.74
554.539
554.71
554.66
554.579
554.73
554.945
554.307
554.523
554.599
554.734
554.468
554.528
554.677
554.461
554.673
554.313
554.671
554.47
554.646
554.712
554.815
554.74
554.811
554.727
554.681
554.487
554.186
554.702
554.315
554.591
554.735
554.462
554.689
554.453
554.492
554.603
554.283
554.4
554.629
554.405
554.779
554.559
554.581
554.138
554.495
554.413
553.94
554.47
554.233
554.477
554.569
554.292
554.332
554.134
554.261
554.613
554.411
554.289
554.414
554.528
554.432
554.029
554.162
554.237
554.289
554.062
554.412
554.293
554.132
554.506
554.224
554.012
554.215
554.108
554.217
554.447
554.099
554.209
554.241
554.021
554.388
554.145
554.364
553.975
553.868
554.07
553.888
553.931
554.354
553.974
554.329
553.678
554.171
553.794
554.068
553.832
554.116
553.777
553.913
554.041
554.174
553.524
554.184
553.511
553.829
554.175
553.889
554.055
554.237
553.841
553.927
553.984
553.925
553.715
554.016
553.831
553.601
553.731
553.817
553.853
553.817
553.496
553.323
554.01
553.506
553.897
553.952
553.721
553.65
553.619
553.404
553.979
553.5
553.795
553.302
553.497
553.658
553.51
553.336
553.725
553.432
553.544
553.963
553.529
553.81
553.429
553.759
553.31
553.391
553.602
553.278
553.73
553.574
553.659
553.397
553.625
553.498
553.448
553.775
553.554
553.417
553.42
553.688
553.124
553.343
553.297
553.225
553.523
553.239
553.387
553.391
553.112
553.322
553.249
553.378
553.051
553.301
553.532
553.252
553.511
553.194
553.223
553.134
553.429
553.304
553.199
553.066
553.313
552.924
553.079
553.032
552.981
553.451
552.957
553.038
553.027
553.27
553.202
553.306
553.246
552.91
553.237
553.142
553.175
553.233
553.389
553.042
553.206
553.006
552.963
553.104
553.155
553.018
553.07
552.995
552.988
553.021
553.381
553.003
552.824
552.739
552.75
553.072
553.083
552.992
553.024
553.18
552.982
552.898
553.07
552.951
552.803
552.702
552.845
552.758
552.806
552.654
552.531
552.528
552.595
552.724
552.461
552.486
552.705
552.599
552.894
552.554
552.479
552.668
553.009
552.692
552.934
552.8
552.935
552.241
552.654
552.483
552.426
552.829
552.463
552.563
552.539
552.454
552.746
552.575
552.539
552.536
552.571
552.541
552.333
552.505
552.761
552.73
552.758
552.493
552.763
552.614
552.526
552.699
552.66
552.416
552.549
552.322
552.441
552.692
552.279
552.495
552.715
552.471
552.272
552.364
552.52
552.457
552.274
552.07
552.563
552.494
552.008
552.228
552.445
552.042
552.488
552.565
552.454
552.133
552.387
552.302
552.435
552.348
552.427
552.305
552.362
552.312
552.405
552.084
551.909
552.01
552.353
552.402
552.014
552.025
552.178
552.227
552.206
552.054
552.143
551.903
552.361
552.039
552.29
552.154
551.936
552.346
552.19
552.46
552.048
552.045
551.821
552.019
551.845
552.024
551.879
551.936
551.833
551.943
552.235
551.82
551.988
551.974
552.009
551.926
552.016
551.87
551.979
551.64
551.758
551.678
551.898
552.038
551.722
551.856
551.766
552.084
551.928
551.987
551.746
552.166
551.731
551.68
552.035
551.668
551.578
551.916
552.11
551.74
551.652
551.71
551.927
551.689
551.443
551.796
551.862
551.865
552.1
551.766
551.606
551.665
551.684
551.57
551.511
551.814
551.284
551.972
551.489
551.587
551.782
551.653
551.438
551.504
551.349
551.683
551.562
551.435
551.594
551.657
551.307
551.515
551.684
551.219
551.425
551.725
551.528
551.379
551.436
551.591
551.68
551.424
551.52
551.412
551.502
551.557
551.069
551.342
551.349
551.447
551.308
551.33
551.388
551.269
551.167
551.235
551.494
551.165
551.328
551.21
551.337
551.352
551.522
551.277
551.467
551.19
551.128
550.93
551.07
551.513
551.081
551.255
551.22
551.248
551.094
550.919
551.209
551.21
551.423
551.304
551.414
551.077
551.232
551.153
551.085
550.886
550.915
551.053
551.163
551.1
551.149
550.823
550.972
551.26
550.923
551.096
551.095
550.97
550.917
550.88
551.031
551.272
550.86
550.827
550.93
550.849
550.913
550.813
550.95
550.72
550.766
550.902
551.176
551.03
550.629
551.023
550.789
551.043
550.871
550.489
550.56
550.625
550.801
550.708
550.843
551.006
550.587
550.493
550.921
550.947
550.557
550.736
550.613
550.706
550.664
550.758
550.583
550.659
550.868
551.072
550.399
550.593
550.829
550.757
550.536
550.316
550.624
550.515
550.522
550.519
550.494
550.597
550.701
550.208
550.488
550.647
550.293
550.639
550.521
550.475
550.439
550.652
550.376
550.36
550.086
550.509
550.28
550.333
550.082
550.202
550.319
550.223
550.536
550.423
550.367
550.293
550.365
550.409
550.291
550.501
550.347
550.634
550.329
550.684
550.356
550.085
550.27
550.629
550.5
550.191
550.283
550.172
550.049
550.18
550.273
550.476
550.135
550.154
550.25
550.089
549.925
550.336
550.085
550.005
550.086
550.397
549.992
550.179
550.018
550.05
550.011
550.191
550.267
550.26
550.096
549.824
550.011
550.132
550.068
549.825
550.054
549.913
549.871
549.997
550.219
549.907
550.268
550.232
550.271
549.994
550.376
550.07
550.198
549.923
549.891
549.918
550.077
549.919
550.006
549.982
549.828
550.026
550.093
549.8
549.648
549.973
550.215
550.032
549.994
549.945
549.904
549.956
550.048
549.853
550.033
549.943
549.782
550.131
549.559
549.725
549.836
549.992
549.841
549.961
549.654
549.838
549.914
549.51
549.601
549.741
549.427
549.903
549.816
549.783
549.758
549.573
549.685
549.85
550.033
549.664
549.332
549.845
549.625
549.844
549.633
549.388
549.394
549.57
549.739
549.442
549.705
549.763
549.523
549.617
549.469
549.616
549.641
549.261
549.413
549.261
549.35
549.486
549.379
549.475
549.595
549.358
549.646
549.591
549.293
549.44
549.681
549.314
549.423
549.567
549.019
549.35
549.699
549.749
549.529
549.495
549.207
549.248
549.558
549.317
549.587
548.909
549.53
549.792
549.051
549.045
549.302
549.153
549.345
549.209
549.254
549.215
549.309
549.245
549.353
549.402
549.049
549.469
549.64
549.202
549.132
548.995
549.135
549.439
549.18
549.081
548.997
549.123
548.903
549.418
549.094
549
549.029
549.008
549.176
548.783
548.953
549.194
548.908
549.461
549.184
549.101
549.133
548.963
549.122
549.047
549.213
548.921
549.124
548.878
549.134
549.042
548.815
548.873
549.031
549.121
548.873
548.849
548.863
548.796
549.041
548.804
548.661
548.757
548.729
548.658
548.78
548.818
548.714
548.913
548.952
548.75
548.906
548.563
548.839
548.437
548.99
548.848
548.915
548.812
548.626
548.868
548.854
548.814
548.953
549.04
548.954
548.513
548.652
548.846
548.463
548.74
548.624
548.53
548.664
548.615
548.636
548.514
548.593
548.687
548.857
548.464
548.516
548.629
548.408
548.309
548.603
548.372
548.633
548.461
548.55
548.477
548.475
548.474
548.462
548.548
548.395
548.62
548.554
548.378
548.419
548.341
548.252
548.605
548.21
548.379
548.483
548.142
548.129
548.22
548.631
548.413
548.517
547.937
548.49
548.286
548.48
548.346
548.217
548.207
548.286
548.627
548.308
548.515
548.21
548.328
548.071
548.388
548.265
548.399
548.068
548.392
548.132
548.348
548.027
548.193
548.279
548.319
548.186
548.228
548.378
548.485
548.112
548.251
548.57
548.145
548.171
548.423
548
548.082
548.139
548.298
548.405
548.092
547.785
548.079
548.227
548.133
547.95
547.986
547.824
547.993
548.079
548.271
547.93
548.119
548.095
547.825
548.141
547.825
548.039
548.099
548.134
548.051
548.034
547.791
547.917
547.742
547.917
548.118
547.928
547.949
547.845
547.989
548.061
548.067
547.759
548.104
547.958
548.06
547.854
547.63
547.635
547.763
548.02
547.71
547.915
548.004
547.722
547.778
547.982
547.692
547.899
547.638
547.825
547.691
547.884
547.875
547.864
547.459
547.641
547.737
547.707
547.628
547.673
547.939
547.589
547.332
547.737
547.836
548.088
547.551
547.679
547.519
547.509
547.779
547.603
547.689
547.805
547.483
547.704
547.571
547.765
547.677
547.63
547.459
547.75
547.798
547.503
547.845
547.579
547.537
547.512
547.328
547.548
547.503
547.382
547.391
547.629
547.325
547.555
547.55
547.47
547.389
547.531
547.332
547.319
547.344
547.288
547.706
547.475
547.399
547.386
547.339
547.644
547.38
547.328
547.386
547.643
547.459
547.284
547.333
547.284
547.469
547.405
547.02
547.207
547.216
547.51
547.395
547.213
547.098
547.464
547.385
547.343
547.251
547.3
547.246
547.378
547.229
547.341
547.071
547.055
547.303
547.342
547.417
547.299
547.184
547.189
547.22
547.285
547.069
546.932
547.299
546.962
547.189
547.12
547.033
547.132
547.201
547.192
547.301
546.98
546.947
547.1
547.128
547.131
547.081
547.326
547.266
546.88
547.238
547.121
546.979
546.877
547.046
546.795
546.993
546.833
547.212
547.021
546.957
546.915
546.823
546.844
547.158
546.964
546.832
546.679
546.885
546.824
547.084
546.9
547.048
547.089
547.052
546.722
546.817
547.32
546.939
546.808
547.048
547.004
546.966
546.961
546.842
546.82
546.641
546.935
546.855
546.754
546.844
546.746
546.661
546.755
546.801
546.888
546.759
546.934
546.532
546.743
546.618
546.702
546.646
546.667
546.554
546.635
546.736
547.003
546.583
546.752
546.629
546.781
546.657
546.597
546.68
546.426
546.633
546.643
546.722
546.388
546.443
546.828
546.694
546.548
546.188
546.505
546.594
546.606
546.533
546.685
546.419
546.551
546.562
546.69
546.598
546.53
546.372
546.211
546.256
546.363
546.373
546.579
546.656
546.174
546.567
546.178
546.41
546.382
546.578
546.67
546.459
546.335
546.43
546.167
546.31
546.56
546.479
546.415
546.307
546.195
546.06
546.366
546.153
546.269
546.183
546.216
546.205
546.379
546.044
546.178
546.269
546.336
546.294
546.369
546.033
546.258
546.299
546.296
546.016
546.179
546.116
546.024
546.178
546.308
546.131
545.959
546.224
546.058
546.258
546.176
545.943
546.056
546.027
546.003
546.232
546.134
546.141
545.973
546.206
546.352
546.082
546.328
546.009
546.161
545.993
546.023
546.07
546.051
545.854
546.101
546.047
545.726
546.044
546.186
545.878
545.951
546.045
545.986
545.929
545.952
545.959
545.81
545.894
545.918
546.001
545.813
546.016
545.782
545.896
545.841
546.056
545.898
545.912
545.852
545.721
545.79
545.958
545.715
545.889
545.954
546.006
546.062
545.788
545.761
545.813
545.85
545.739
545.809
545.832
545.563
545.649
545.948
545.723
545.776
545.711
545.699
545.886
545.59
545.765
545.488
545.605
545.796
545.605
545.728
545.66
545.744
545.649
545.718
545.413
545.619
545.565
545.815
545.743
545.856
545.632
545.653
545.66
545.597
545.68
545.674
545.527
545.553
545.765
545.489
545.326
545.484
545.562
545.478
545.458
545.477
545.44
545.495
545.406
545.372
545.506
545.535
545.388
545.455
545.562
545.544
545.514
545.411
545.469
545.597
545.46
545.381
545.306
545.479
545.386
545.541
545.505
545.492
545.39
545.405
545.438
545.387
545.539
545.522
545.398
545.39
545.122
545.414
545.325
545.306
545.223
545.264
545.376
545.484
545.378
545.301
545.241
545.349
545.285
545.237
545.265
545.25
545.238
545.355
545.236
545.2
545.307
544.917
545.258
545.235
545.463
545.239
545.109
545.038
545.197
545.408
545.32
545.309
545.138
545.125
545.086
545.063
545.103
545.211
545.167
545.138
545.17
545.291
545.099
544.957
545.226
545.141
545.259
545.05
545.008
545.016
544.952
544.89
544.99
545.07
544.953
544.967
544.981
545.091
545.076
544.927
544.96
545.06
544.886
545.012
545.064
544.883
544.994
545.053
544.767
544.831
544.875
544.763
544.959
544.991
544.811
544.816
544.987
544.959
544.715
545.081
544.913
544.835
544.848
544.761
544.956
544.821
544.841
544.811
544.775
544.811
544.875
544.996
544.744
545.081
544.896
544.557
544.751
544.89
544.783
544.641
544.587
544.673
544.732
544.861
544.745
544.71
544.762
544.789
544.632
544.732
544.607
544.648
544.528
544.777
544.812
544.59
544.523
544.689
544.804
544.648
544.712
544.65
544.769
544.454
544.717
544.572
544.716
544.417
544.471
544.698
544.394
544.71
544.712
544.468
544.485
544.715
544.594
544.613
544.463
544.512
544.46
544.571
544.464
544.48
544.525
544.275
544.471
544.371
544.076
544.516
544.651
544.604
544.297
544.586
544.405
544.158
544.449
544.54
544.412
544.44
544.468
544.564
544.388
544.457
544.264
544.273
544.368
544.286
544.352
544.267
544.301
544.347
544.448
544.393
544.211
544.46
544.26
544.31
544.569
544.206
544.555
544.38
544.417
544.037
544.148
544.285
544.416
544.211
544.281
544.341
544.327
544.311
544.171
544.291
544.145
544.336
544.04
544.044
544.111
544.131
544.228
544.253
543.934
543.953
544.108
544.078
544.109
544.001
544.071
543.968
544.056
544.172
543.909
543.977
544.025
544.167
544.022
544.084
544.025
544.095
544.021
543.94
543.994
543.925
544.033
544.184
544.079
544.173
544.001
544.183
544.054
543.961
543.957
543.937
543.901
544.009
543.712
543.897
544.03
544.212
543.896
544.015
543.768
544.176
543.897
544.067
544.275
543.976
544.012
543.956
543.803
543.718
543.957
543.937
543.701
543.856
543.838
543.656
543.599
543.928
543.755
543.553
543.76
543.875
543.996
543.808
543.749
543.837
543.894
543.856
543.643
543.739
543.714
543.782
543.756
543.871
543.953
543.909
543.774
543.676
543.538
543.641
543.726
543.827
543.832
543.776
543.606
543.743
543.736
543.732
543.687
543.658
543.794
543.71
543.642
543.758
543.537
543.658
543.797
543.691
543.649
543.794
543.605
543.964
543.572
543.654
543.612
543.688
543.661
543.842
543.587
543.377
543.6
543.624
543.52
543.696
543.599
543.726
543.559
543.516
543.486
543.369
543.489
543.63
543.555
543.575
543.542
543.52
543.768
543.628
543.445
543.455
543.361
543.357
543.434
543.527
543.59
543.486
543.523
543.487
543.498
543.597
543.474
543.443
543.321
543.306
543.263
543.406
543.67
543.514
543.375
543.379
543.312
543.367
543.428
543.398
543.511
543.378
543.433
543.202
543.4
543.361
543.406
543.239
543.319
543.405
543.448
543.324
543.065
543.134
543.402
543.397
543.22
543.232
543.278
543.382
543.281
543.364
543.252
543.094
543.092
543.058
543.044
543.073
543.229
543.318
543.206
543.133
543.275
543.35
543.216
543.122
543.257
543.128
543.412
543.117
543.189
543.179
543.167
542.999
543.155
543.08
543.025
543.169
543.006
542.9
543.004
543.039
543.149
543.038
543.143
543.14
543.005
542.958
543.098
543.165
543.043
543.083
542.796
542.93
543.001
543.099
542.97
543.085
542.99
543.068
542.938
543.113
542.796
543.014
543.192
543.087
543.224
543.05
542.793
542.943
543.042
542.998
542.942
542.939
542.795
542.983
542.879
542.739
542.939
542.866
542.922
542.854
542.996
542.901
542.761
542.853
543.038
542.912
542.788
542.88
542.794
542.896
542.942
542.811
542.893
542.834
542.789
542.959
542.89
542.72
542.832
542.581
542.782
542.656
542.99
542.814
542.782
542.714
542.778
542.708
542.75
542.622
542.791
542.62
542.754
542.688
542.693
542.683
542.705
542.571
542.754
542.668
542.685
542.672
542.603
542.813
542.69
542.527
542.773
542.66
542.765
542.727
542.481
542.526
542.519
542.399
542.578
542.573
542.487
542.628
542.496
542.603
542.561
542.539
542.589
542.52
543.339
542.624
542.513
542.623
542.625
542.543
542.611
542.717
542.786
542.6
542.618
542.759
542.608
542.647
542.605
542.721
542.505
542.548
542.781
542.65
542.564
542.493
542.604
542.552
542.533
542.601
542.396
542.442
542.355
542.401
542.64
542.524
542.56
542.538
542.492
542.559
542.466
542.502
542.695
542.586
542.536
542.51
542.415
542.513
542.497
542.458
542.412
542.424
542.545
542.383
542.427
542.321
542.502
542.492
542.354
542.447
542.582
542.513
542.331
542.305
542.262
542.23
542.361
542.415
542.335
542.301
542.244
542.365
542.279
542.301
542.299
542.227
542.289
542.287
542.236
542.129
542.277
542.477
542.338
542.313
542.313
542.324
542.23
542.333
542.032
542.21
542.267
542.221
542.104
542.262
542.142
542.294
542.246
542.336
542.115
542.095
542.243
542.262
542.365
542.286
542.322
542.16
542.217
542.149
542.329
542.119
542.122
542.179
542.297
542.098
542.161
542.076
542.165
542.119
542.005
542.045
542.145
542.189
542.046
542.102
542.107
542.059
541.979
541.932
542.145
542.155
542.039
541.977
542.179
541.981
541.958
541.998
542.156
541.997
542.152
542.106
542.042
541.912
542.02
542.169
541.905
542.019
541.996
541.814
541.876
541.993
542.094
542.012
541.825
542.112
541.908
541.804
541.929
541.88
542.119
542.145
541.972
541.851
541.969
541.912
542.094
542.032
541.931
541.982
541.955
542.041
541.926
542.018
541.791
541.816
541.757
541.872
541.68
541.946
541.837
541.957
541.935
541.697
541.763
541.734
541.855
541.8
541.859
541.8
541.634
541.669
541.718
541.769
541.768
541.835
541.971
541.758
541.779
541.832
541.72
541.656
541.628
541.713
541.869
541.888
541.693
541.767
541.676
541.872
541.815
541.685
541.912
541.624
541.769
541.618
541.748
541.776
541.658
541.764
541.795
541.615
541.765
541.615
541.527
541.611
541.76
541.586
541.718
541.701
541.973
541.87
541.522
541.568
541.607
541.666
541.682
541.567
541.678
541.703
541.465
541.597
541.584
541.593
541.745
541.629
541.535
541.616
541.639
541.52
541.519
541.606
541.506
541.482
541.582
541.543
541.629
541.734
541.527
541.454
541.695
541.659
541.587
541.659
541.694
541.535
541.55
541.372
541.465
541.464
541.316
541.546
541.512
541.536
541.448
541.541
541.49
541.371
541.329
541.5
541.686
541.536
541.476
541.541
541.535
541.457
541.489
541.524
541.461
541.553
541.601
541.417
541.64
541.498
541.46
541.567
541.501
541.362
541.36
541.486
541.314
541.416
541.335
541.364
541.497
541.48
541.409
541.353
541.281
541.444
541.462
541.268
541.381
541.383
541.211
541.402
541.451
541.331
541.423
541.344
541.341
541.314
541.397
541.145
541.173
541.227
541.221
541.282
541.239
541.228
541.38
541.185
541.274
541.299
541.312
541.437
541.233
541.377
541.14
541.393
541.19
541.2
541.387
541.327
541.309
541.198
541.189
541.321
541.304
541.252
541.158
541.23
541.066
541.148
541.275
541.079
541.264
541.121
541.119
541.152
541.113
541.124
541.085
541.167
541.182
541.119
541.14
541.091
541.19
541.148
541.15
541.176
540.994
541.2
541.238
541.003
540.996
541.061
541.137
541.211
541.103
541.146
541.299
541.207
541.116
541.264
541.294
541.1
541.03
544.266
541.27
541.035
541.228
541.225
541.071
541.225
541.149
541.21
541.231
541.219
541.161
541.044
541.147
541.122
541.173
541.171
541.206
541.294
541.174
541.139
541.221
541.205
541.19
541.032
541.163
541.197
541.055
541.168
540.936
541.111
541.12
541.183
541.242
541.182
541.026
541.056
540.955
540.959
540.954
541.124
541.006
541.134
541.081
541.245
541.037
541.042
540.995
540.912
540.901
541.04
541.106
541.019
541.109
540.927
541.083
540.994
540.945
541.094
540.763
540.956
541.197
541.067
540.9
540.935
541.048
541.045
541.057
541.08
540.944
540.9
541.086
540.934
540.765
540.991
541.075
540.995
540.886
540.886
540.889
540.849
540.964
540.843
540.967
540.847
540.869
540.862
541.127
540.771
540.806
541.005
541.12
540.912
541.061
540.714
540.774
540.85
540.917
540.981
541.047
540.961
540.847
541.025
540.848
540.7
540.955
540.785
540.856
540.876
540.822
540.981
540.822
540.864
540.823
540.854
540.761
541.046
540.835
540.893
540.783
540.65
540.792
540.759
540.825
540.915
540.783
540.772
540.817
540.859
540.69
540.814
540.847
540.652
540.922
540.76
540.783
540.66
540.649
540.797
540.825
540.819
540.78
540.607
540.698
540.953
540.609
540.663
540.801
540.615
540.768
540.634
540.613
540.724
540.661
540.89
540.814
540.681
540.601
540.702
540.616
540.641
540.661
540.693
540.658
540.694
540.72
540.717
540.505
540.456
540.808
540.566
540.565
540.762
540.549
540.603
540.543
540.709
540.604
540.548
540.801
540.678
540.608
540.532
540.686
540.555
540.584
540.725
540.854
540.643
540.518
540.669
540.63
540.571
540.724
540.693
540.634
540.607
540.612
540.647
540.538
540.544
540.579
540.507
540.626
540.611
540.521
540.46
540.339
540.441
540.509
540.508
540.514
540.455
540.46
540.605
540.421
540.424
540.521
540.401
540.396
540.464
540.491
540.34
540.515
540.531
540.575
540.482
540.492
540.479
540.527
540.619
540.441
540.313
540.537
540.451
540.41
540.466
540.426
540.55
540.402
540.543
540.402
540.288
540.411
540.494
540.35
540.339
540.467
540.537
540.53
540.483
540.493
540.327
540.33
540.343
540.443
540.382
540.382
540.237
540.493
540.242
540.227
540.368
540.36
540.264
540.29
540.281
540.41
540.221
540.561
540.264
540.254
540.211
540.26
540.355
540.379
540.348
540.219
540.319
540.379
540.41
540.233
540.332
540.307
540.253
540.221
540.287
540.221
540.282
540.315
540.299
540.414
540.269
540.172
540.312
540.233
540.211
540.23
540.313
540.132
540.266
540.257
540.364
540.189
540.181
540.298
540.087
540.218
540.188
540.15
540.196
540.126
540.285
540.217
540.232
540.211
540.277
540.196
540.144
540.238
540.043
540.134
540.015
540.202
540.275
540.029
539.996
540.18
540.165
540.272
540.081
540.208
540.097
540.05
540.011
539.98
539.965
540.039
540.127
540.085
540.027
540.09
540.128
540.255
540.081
540.077
540.151
540.134
540.132
540.031
540.148
540.078
540.029
540.244
540.074
540.045
539.953
539.915
539.977
539.939
539.96
540.015
539.823
540.022
540.167
540.141
540.101
540.103
540.054
540.057
540.031
540.041
540.13
540.094
540.132
539.911
539.956
540.07
539.797
540.054
540.047
539.98
540.027
540.013
539.808
539.859
539.882
539.888
539.856
540.047
539.967
539.984
540.034
540.017
540.048
539.863
539.867
539.97
540.008
539.979
539.985
539.894
539.939
539.984
539.978
539.946
539.873
539.953
539.911
539.972
540.665
539.966
539.906
539.894
539.942
540.007
539.921
540.035
540.01
540.106
539.983
540.008
540.067
539.891
539.81
539.975
539.923
539.928
539.842
539.857
539.909
539.924
539.839
539.926
539.799
539.704
539.858
539.867
539.869
539.934
539.799
539.863
539.865
539.842
539.896
539.898
539.715
539.719
539.811
539.885
539.862
539.851
539.835
539.813
539.676
539.726
539.822
539.849
539.606
539.843
539.778
539.927
539.825
539.828
539.84
539.738
539.698
539.778
539.707
539.712
539.777
539.757
539.802
539.806
539.697
539.707
539.711
539.845
539.742
539.754
539.84
539.773
539.701
539.656
539.681
539.891
539.861
539.711
539.739
539.677
539.754
539.737
539.859
539.866
539.855
539.706
539.663
539.717
539.726
539.671
539.55
539.746
539.726
539.723
539.639
539.655
539.719
539.682
539.626
539.632
539.684
539.68
539.65
539.718
539.533
539.848
539.741
539.844
539.736
539.701
539.755
539.618
539.789
539.753
539.529
539.74
539.713
539.711
539.811
539.635
539.636
539.811
539.722
539.559
539.602
539.568
539.653
539.635
539.618
539.664
539.678
539.566
539.691
539.676
539.608
539.686
539.631
539.636
539.591
539.688
539.541
539.706
539.595
539.683
539.65
539.647
539.577
539.595
539.671
539.557
539.579
539.509
539.557
539.487
539.485
539.548
539.531
539.358
539.606
539.503
539.664
539.593
539.466
539.546
539.473
539.531
539.569
539.492
539.464
539.496
539.567
539.557
539.534
539.578
539.383
539.631
539.543
539.565
539.435
539.396
539.409
539.456
539.451
539.341
539.466
539.458
539.405
539.558
539.54
539.527
539.492
539.527
539.383
539.454
539.433
539.448
539.348
539.518
539.577
539.649
539.532
539.418
539.321
539.565
539.48
539.6
539.449
539.488
539.327
539.515
539.337
539.447
539.468
539.354
539.438
539.465
539.45
539.455
539.429
539.432
539.289
539.449
539.372
539.504
539.486
539.298
539.542
539.42
539.438
539.49
539.354
539.444
539.322
539.405
539.448
539.455
539.453
539.382
539.577
539.423
539.497
539.426
539.417
539.369
539.349
539.39
539.414
539.299
539.447
539.288
539.375
539.375
539.481
539.426
539.395
539.479
539.3
539.477
539.412
539.285
539.5
539.351
539.426
539.453
539.475
539.29
539.343
539.361
539.32
539.374
539.497
539.33
539.42
539.372
539.446
539.469
539.294
539.326
539.351
539.372
539.412
539.47
539.389
539.323
539.406
539.367
539.384
539.308
539.231
539.296
539.247
539.342
539.22
539.375
539.395
539.194
539.343
539.357
539.335
539.424
539.231
539.332
539.409
539.257
539.33
539.254
539.373
539.293
539.367
539.256
539.287
539.221
539.265
539.3
539.51
539.329
539.37
539.363
539.157
539.146
539.252
539.233
539.181
539.317
539.28
539.331
539.317
539.305
539.281
539.388
539.203
539.316
539.289
539.34
539.351
539.44
539.195
539.094
539.201
539.304
539.314
539.246
539.137
539.285
539.316
539.208
539.175
539.349
539.36
539.248
539.123
539.196
539.246
539.332
539.433
539.224
539.261
539.191
539.289
539.298
539.047
539.149
539.271
539.156
539.178
539.209
539.275
539.325
539.192
539.242
539.099
539.246
539.313
539.297
539.339
539.236
539.34
539.246
539.138
539.068
539.244
539.139
539.338
539.137
539.228
539.289
539.211
539.193
539.353
539.243
539.255
539.066
539.217
539.168
539.101
539.137
539.278
539.385
539.19
539.14
539.071
539.001
539.088
539.285
539.164
539.151
539.091
539.031
539.199
539.124
539.294
539.038
539.069
539.08
539.118
539.152
539.174
539.176
539.181
539.294
539.124
539.105
539.107
539.102
539.106
539.08
539.218
539.059
539.023
539.264
539.075
539.074
539.134
539.187
539.258
539.109
538.968
539.081
539.159
539.055
539.107
539.125
539.18
539.16
539.057
539.362
539.052
539.113
539.064
539.038
539.061
539.037
539.101
539.141
539.166
539.096
538.96
539.056
539.127
539.106
539.168
539.16
539.001
539.041
539.115
539.169
539.289
539.062
539.17
539.153
539.077
539.206
539.079
539.094
539.018
539.119
539.069
539.088
539.104
539.136
539.028
539.107
539.09
539.002
539.136
539.111
539.049
539.015
539.013
539.06
539.037
539.126
539.017
539.055
539.149
539.011
539.042
539.043
539.075
539.057
538.953
539.01
539.024
539.01
539.017
539.083
538.934
538.873
538.874
538.96
539.092
539.11
539.022
539.024
539.015
539.094
539.137
539.094
539.023
539.006
538.993
538.94
538.995
539.038
539.148
538.957
538.999
538.989
538.93
539.025
538.953
539.051
539.028
539.063
538.929
538.902
538.921
538.924
538.995
538.94
538.96
539.073
539.087
538.937
538.964
538.938
538.964
539.041
539.029
538.941
538.979
538.977
538.977
539.005
538.988
538.87
539.049
539.01
538.998
539.036
538.881
539.017
539.065
538.966
538.985
538.928
538.942
538.911
539.018
538.947
538.924
539.02
538.948
538.851
538.959
539.026
539.016
539.308
538.933
539.036
538.999
538.838
538.968
538.982
538.933
538.957
538.904
538.922
539.057
538.937
538.954
538.993
539.005
538.995
538.904
538.915
538.899
538.88
538.816
538.864
538.945
538.895
538.923
538.869
538.98
538.928
538.95
538.896
539.08
538.988
538.85
538.964
538.918
538.99
538.835
538.883
539.001
539.04
538.968
538.89
538.881
539.057
538.849
538.828
538.975
538.921
538.943
538.936
539.122
539.065
538.921
538.956
538.893
538.942
539.093
538.806
538.831
539.001
538.968
538.803
538.823
538.899
538.744
538.915
538.954
538.868
539.023
538.883
538.812
538.782
538.862
538.747
538.995
538.877
538.875
538.86
538.864
538.869
538.942
538.944
538.987
538.893
538.829
538.988
538.956
538.916
538.938
538.859
538.853
538.919
538.999
538.894
538.912
538.982
538.844
538.757
538.85
538.956
538.904
538.788
538.87
539.015
539.03
538.849
539.064
539.019
538.879
538.814
538.797
538.926
538.974
538.835
538.786
538.812
538.939
538.827
538.931
538.985
539.071
538.801
538.853
538.871
538.862
538.765
538.832
538.841
538.891
538.846
538.838
538.795
538.808
538.727
538.938
538.808
538.875
538.947
538.764
538.839
538.747
538.862
538.822
538.794
538.839
538.866
538.8
538.936
539.003
538.936
538.811
538.87
538.811
538.925
538.913
538.785
538.899
538.838
538.805
538.743
538.836
538.885
538.833
538.799
538.819
538.858
538.86
538.806
538.897
538.905
538.812
538.86
538.817
538.788
538.746
538.751
538.72
538.809
538.699
538.827
538.585
538.826
538.816
538.86
538.915
538.81
538.877
538.838
538.769
539.12
538.781
538.833
538.902
538.811
538.675
538.691
538.844
538.741
538.707
538.796
538.828
538.853
538.814
538.803
538.77
538.783
538.829
538.858
538.824
538.697
538.755
538.911
538.833
538.771
538.778
538.791
538.836
538.857
538.779
538.835
539.011
538.834
538.737
538.763
538.756
538.779
538.791
538.844
538.863
538.738
538.697
538.743
538.765
538.638
538.731
538.742
538.727
538.798
538.82
538.806
538.754
538.844
538.665
538.761
538.75
538.774
538.824
538.915
538.856
538.745
538.808
538.86
538.791
538.829
538.685
538.669
538.769
538.751
538.783
538.836
538.771
538.863
538.801
538.894
538.783
538.817
538.727
538.651
538.762
538.9
538.688
538.785
538.812
538.764
538.76
538.81
538.806
538.643
538.688
538.794
538.811
538.819
538.759
538.76
538.745
538.804
538.774
538.718
538.705
538.722
538.787
538.776
538.81
538.846
538.773
538.711
538.765
538.701
538.686
538.764
538.848
538.856
538.793
538.8
538.803
538.688
538.778
538.791
538.777
538.697
538.689
538.557
538.637
538.703
538.706
538.727
538.816
538.807
538.666
538.752
538.702
538.681
538.725
538.645
538.728
538.651
538.633
538.683
538.757
538.771
538.738
538.749
538.672
538.67
538.539
538.625
538.786
538.778
538.759
538.841
538.872
538.851
538.751
538.778
538.719
538.801
538.805
538.714
538.618
538.71
538.824
538.661
538.726
538.639
538.618
538.8
538.796
538.816
538.728
538.754
538.771
538.847
538.66
538.713
538.584
538.662
538.788
538.793
538.71
538.732
538.745
538.701
538.8
538.708
538.991
538.848
538.697
538.775
538.826
538.738
538.733
538.769
538.727
538.824
538.851
538.758
538.721
538.682
538.79
538.89
538.841
538.883
538.824
538.64
538.728
538.649
538.783
538.843
538.607
538.73
538.807
538.736
538.67
538.735
538.681
538.664
538.733
538.74
538.715
538.672
538.683
538.753
538.87
538.811
538.733
538.751
538.7
538.679
538.781
538.702
538.644
538.681
538.785
538.785
538.816
538.7
538.777
538.667
538.662
538.687
538.823
538.761
538.694
538.608
538.721
538.711
538.732
538.765
538.718
538.858
538.767
538.668
538.78
538.67
538.71
538.739
538.678
538.669
538.574
538.768
538.82
538.684
538.729
538.636
538.816
538.787
538.772
538.692
538.756
538.774
538.668
538.667
538.686
538.603
538.6
538.56
538.716
538.771
538.72
538.591
538.639
538.813
538.6
538.729
538.698
538.742
538.636
538.74
538.554
538.771
538.711
538.626
538.6
538.783
538.802
538.692
538.629
538.784
538.789
538.814
538.637
538.731
538.769
538.739
538.888
538.772
538.702
538.649
538.737
538.626
538.683
538.65
538.699
538.709
538.754
538.776
538.689
538.794
538.708
538.795
538.626
538.624
538.707
538.682
538.662
538.796
538.767
538.697
538.721
538.773
538.807
538.644
538.674
538.624
538.683
538.644
538.678
538.654
538.797
538.562
538.84
538.875
538.799
538.641
538.518
538.612
538.668
538.57
538.592
538.665
538.772
538.693
538.798
538.739
538.706
538.64
538.779
538.774
538.758
538.646
538.623
538.713
538.729
538.789
538.884
538.788
538.727
538.866
538.643
538.671
538.771
538.803
538.689
538.73
538.716
538.634
538.709
538.789
538.742
538.608
538.762
538.791
538.712
538.782
538.727
538.764
538.736
538.651
538.583
538.649
538.549
538.623
538.751
538.697
538.753
538.697
538.635
538.687
538.763
538.754
538.722
538.764
538.685
538.741
538.728
538.587
538.828
538.705
538.689
538.615
538.772
538.718
538.704
538.771
538.768
538.787
538.68
538.626
538.713
538.725
538.701
538.648
538.613
538.569
538.773
538.745
538.544
538.652
538.615
538.601
538.698
538.685
538.728
538.781
538.749
538.607
538.563
538.668
538.753
538.868
538.729
538.688
538.65
538.529
538.569
538.661
538.589
538.73
538.597
538.63
538.644
538.645
538.641
538.717
538.706
538.692
538.588
538.524
538.783
538.799
538.68
538.672
538.616
538.809
538.734
538.695
538.71
538.63
538.691
538.77
538.705
538.845
538.691
538.643
538.579
538.6
538.559
538.685
538.774
538.617
538.806
538.901
538.761
538.799
538.68
538.703
538.699
538.72
538.642
538.716
538.61
538.646
538.621
538.662
538.732
538.808
538.66
538.683
538.763
538.651
538.638
538.683
538.593
538.688
538.712
538.616
538.69
538.597
538.672
538.627
538.653
538.633
538.647
538.555
538.598
538.655
538.526
538.658
538.748
538.554
538.719
538.767
538.654
538.622
538.576
538.593
538.594
538.787
538.747
538.548
538.671
538.652
538.732
538.736
538.725
538.717
538.664
538.621
538.623
538.687
538.767
538.714
538.662
538.695
538.658
538.7
538.761
538.559
538.59
538.617
538.663
538.575
538.618
538.706
538.815
538.676
538.696
538.574
538.727
538.681
538.77
538.726
538.75
538.626
538.616
538.584
538.66
538.647
538.721
538.755
538.539
538.672
538.679
538.666
538.571
538.566
538.704
538.622
538.581
538.678
538.666
538.738
538.775
538.705
538.62
538.651
538.656
538.707
538.674
538.68
538.674
538.671
538.608
538.625
538.624
538.636
538.694
538.683
538.621
538.626
538.702
538.673
538.709
538.704
538.685
538.704
538.678
538.527
538.621
538.675
538.54
538.586
538.711
538.666
538.625
538.714
538.63
538.689
538.65
538.872
538.681
538.6
538.607
538.615
538.67
538.735
538.806
538.784
538.758
538.901
538.728
538.703
538.625
538.692
538.691
538.676
538.71
538.721
538.602
538.682
538.652
538.668
538.758
538.558
538.495
538.442
538.749
538.728
538.736
538.721
538.724
538.666
538.752
538.583
538.735
538.751
538.644
538.682
538.597
538.547
538.623
538.631
538.691
538.564
538.583
538.69
538.671
538.638
538.715
538.781
538.729
538.714
538.714
538.605
538.751
538.678
538.835
538.668
538.688
538.845
538.645
538.743
538.616
538.715
538.73
538.738
538.658
538.758
538.61
538.71
538.702
538.687
538.673
538.659
538.705
538.764
538.7
538.658
538.737
538.702
538.633
538.612
538.706
538.603
538.727
538.639
538.611
538.558
538.611
538.707
538.567
538.66
538.809
538.613
538.618
538.654
538.575
538.733
538.653
538.8
538.744
538.592
538.575
538.555
538.534
538.655
538.572
538.531
538.663
538.563
538.579
538.713
538.676
538.58
538.643
538.482
538.572
538.686
538.849
538.847
538.708
538.726
538.691
538.795
538.637
538.769
538.616
538.601
538.595
538.632
538.753
538.766
538.742
538.722
538.675
538.621
538.495
538.651
538.766
539.602
538.666
538.629
538.641
538.663
538.721
538.737
538.737
538.791
538.613
538.618
538.758
538.754
538.819
538.758
538.712
538.754
538.696
538.819
538.636
538.572
538.597
538.696
538.725
538.705
538.716
538.604
538.608
538.675
538.657
538.59
538.649
538.543
538.792
538.705
538.715
538.662
538.732
538.675
538.548
538.684
538.583
538.688
538.65
538.659
538.641
538.608
538.594
538.684
538.755
538.668
538.68
538.596
538.562
538.626
538.627
538.625
538.659
538.795
538.59
538.606
538.664
538.594
538.617
538.694
538.726
538.617
538.657
538.667
538.779
538.635
538.649
538.647
538.709
538.515
538.515
538.543
538.553
538.626
538.688
538.694
538.562
538.633
538.688
538.701
538.77
538.677
538.701
538.622
538.653
538.652
538.659
538.616
538.633
538.683
538.688
538.563
538.666
538.559
538.533
538.589
538.783
538.776
538.549
538.657
538.678
538.678
538.761
538.669
538.619
538.718
538.543
538.693
538.666
538.562
538.561
538.562
538.583
538.5
538.661
538.709
538.633
538.729
538.664
538.725
538.801
538.804
538.713
538.79
538.689
538.683
538.68
538.681
538.574
538.654
538.572
538.583
538.735
538.711
538.761
538.723
538.817
538.743
538.648
538.677
538.663
538.669
538.648
538.603
538.515
538.643
538.652
538.639
538.697
538.627
538.536
538.615
538.698
538.719
538.681
538.731
538.71
538.599
538.729
538.6
538.685
538.684
538.727
538.794
538.613
538.611
538.657
538.654
538.687
538.673
538.604
538.679
538.754
538.632
538.648
538.678
538.588
538.655
538.505
538.648
538.572
538.51
538.624
538.556
538.643
538.507
538.593
538.587
538.698
538.67
538.593
538.73
538.691
538.705
538.639
538.654
538.68
538.62
538.652
538.647
538.639
538.748
538.616
538.563
538.71
538.624
538.675
538.716
538.554
538.678
538.674
538.694
538.71
538.716
538.834
538.672
538.834
538.682
538.595
538.7
538.654
538.627
538.638
538.648
538.613
538.614
538.676
538.712
538.657
538.574
538.615
538.607
538.541
538.741
538.668
538.674
538.804
538.755
538.915
538.665
538.731
538.688
538.719
538.695
538.589
538.662
538.725
538.673
538.694
538.541
538.559
538.515
538.645
538.687
538.718
538.582
538.59
538.71
538.658
538.55
538.652
538.571
538.655
538.75
538.704
538.662
538.632
538.515
538.624
538.686
538.495
538.632
538.62
538.763
538.664
538.611
538.662
538.648
538.668
538.617
538.726
538.764
538.737
538.641
538.545
538.659
538.661
538.722
538.704
538.707
538.779
538.745
538.636
538.66
538.726
538.522
538.748
538.689
538.695
538.635
538.656
538.674
538.649
538.69
538.568
538.583
538.736
538.727
538.732
538.72
538.574
538.626
538.764
538.855
538.731
538.624
538.645
538.722
538.74
538.793
538.574
538.481
538.535
538.816
538.654
538.715
538.665
538.648
538.559
538.663
538.649
538.6
538.709
538.753
538.596
538.577
538.716
538.758
538.749
538.725
538.823
538.72
538.627
538.624
538.552
538.589
538.76
538.664
538.769
538.761
538.602
538.673
538.717
538.735
538.764
538.65
538.722
538.661
538.75
538.645
538.613
538.662
538.644
538.672
538.658
538.553
538.676
538.639
538.707
538.685
538.665
538.742
538.651
538.675
538.679
538.541
538.583
538.608
538.642
538.692
538.683
538.739
538.622
538.64
538.656
538.709
538.77
538.655
538.609
538.714
538.766
538.646
538.617
538.628
538.624
538.534
538.597
538.567
538.679
538.626
538.785
538.824
538.736
538.668
538.807
538.695
538.703
538.658
538.812
538.684
538.806
538.644
538.723
538.619
538.662
538.697
538.599
538.724
538.564
538.577
538.621
538.764
538.739
538.712
538.637
538.615
538.587
538.581
538.585
538.638
538.515
538.481
538.628
538.575
538.697
538.672
538.643
538.639
538.663
538.798
538.729
538.666
538.697
538.687
538.727
538.629
538.76
538.681
538.71
538.67
538.724
538.744
538.672
538.577
538.711
538.724
538.687
538.599
538.675
538.678
538.549
538.598
538.844
538.79
538.743
538.707
538.669
538.588
538.676
538.739
538.776
538.843
538.747
538.706
538.627
538.663
538.627
538.736
538.715
538.724
538.638
538.709
538.696
538.657
538.719
538.601
538.512
538.708
538.757
538.641
538.681
538.67
538.654
538.687
538.748
538.703
538.69
538.661
538.684
538.607
538.637
538.797
538.649
538.678
538.528
538.641
538.65
538.682
538.629
538.586
538.706
538.832
538.777
538.561
538.683
538.645
538.707
538.635
538.588
538.677
538.662
538.555
538.602
538.845
538.752
538.752
538.707
538.697
538.757
538.63
538.708
538.629
538.589
538.703
538.76
538.677
538.627
538.627
538.842
538.707
538.649
538.58
538.599
538.676
538.652
538.76
538.67
538.735
538.634
538.655
538.594
538.583
538.617
538.504
538.751
538.874
538.764
538.71
538.758
538.728
538.765
538.73
538.666
538.736
538.687
538.575
538.748
538.663
538.59
538.593
538.574
538.531
538.633
538.548
538.592
538.661
538.6
538.699
538.704
538.731
538.755
538.535
538.692
538.605
538.625
538.561
538.595
538.711
538.736
538.659
538.665
538.608
538.666
538.683
538.646
538.627
538.657
538.686
538.877
538.716
538.639
538.604
538.566
538.583
538.594
538.732
538.746
538.657
538.638
538.66
538.769
538.692
538.803
538.644
538.699
538.677
538.762
538.665
538.662
538.645
538.578
538.589
538.746
538.673
538.695
538.693
538.622
538.704
538.647
538.711
538.657
538.748
538.581
538.593
538.599
538.645
538.673
538.592
538.651
538.598
538.635
538.681
538.663
538.74
538.639
538.665
538.668
538.72
538.783
538.577
538.556
538.757
538.81
538.78
538.617
538.692
538.657
538.715
538.56
538.62
538.855
538.73
538.693
538.741
538.651
538.682
538.717
538.609
538.611
538.647
538.784
538.683
538.777
538.736
538.784
538.765
538.638
538.688
538.714
538.637
538.677
538.768
538.692
538.666
538.739
538.765
538.715
538.688
538.77
538.752
538.727
538.815
538.682
538.65
538.697
538.553
538.643
538.746
538.636
538.692
538.765
538.735
538.627
538.563
538.514
538.625
538.682
538.719
538.56
538.64
538.563
538.653
538.6
538.615
538.624
538.65
538.747
538.794
538.738
538.653
538.628
538.61
538.663
538.578
538.533
538.524
538.644
538.645
538.648
538.623
538.733
538.584
538.699
538.673
538.878
538.748
538.733
538.612
538.801
538.844
538.716
538.879
538.705
538.701
538.768
538.728
538.769
538.726
538.737
538.658
538.621
538.661
538.79
538.659
538.619
538.763
538.769
538.749
538.671
538.667
538.593
538.765
538.604
538.685
538.614
538.686
538.569
538.649
538.776
538.707
538.723
538.853
538.627
538.663
538.704
538.653
538.702
538.707
538.633
538.776
538.66
538.607
538.725
538.737
538.66
538.644
538.69
538.719
538.679
538.596
538.635
538.683
538.593
538.702
538.685
538.618
538.654
538.759
538.795
538.699
538.657
538.563
538.681
538.61
538.677
538.688
538.708
538.656
538.706
538.678
538.727
538.625
538.641
538.781
538.73
538.751
538.701
538.69
538.714
538.667
538.613
538.704
538.597
538.742
538.604
538.763
538.739
538.6
538.677
538.662
538.646
538.706
538.729
538.773
538.647
538.631
538.663
538.663
538.716
538.561
538.662
538.586
538.788
538.727
538.803
538.757
538.749
538.785
538.692
538.629
538.69
538.687
538.761
538.617
538.637
538.628
538.645
538.581
538.728
538.687
538.592
538.733
538.598
538.587
538.603
538.642
538.748
538.651
538.74
538.614
538.553
538.692
538.589
538.629
538.657
538.556
538.692
538.621
538.574
538.751
538.617
538.648
538.62
538.705
538.675
538.611
538.623
538.682
538.706
538.667
538.73
538.598
538.629
538.595
538.625
538.694
538.548
538.709
538.682
538.872
538.734
538.775
538.723
538.672
538.62
538.728
538.593
538.575
538.602
538.606
538.697
538.655
538.591
538.658
538.632
538.66
538.722
538.644
538.543
538.654
538.697
538.668
538.684
538.718
538.677
538.656
538.656
538.592
538.586
538.598
538.685
538.694
538.819
538.616
538.608
538.586
538.77
538.803
538.831
538.888
538.727
538.624
538.611
538.586
538.708
538.561
538.651
538.698
538.642
538.793
538.773
538.678
538.538
538.521
538.621
538.508
538.625
538.612
538.603
538.7
538.659
538.669
538.735
538.652
538.564
538.563
538.719
538.874
538.76
538.763
538.748
538.686
538.681
538.759
538.549
538.63
538.699
538.739
538.84
538.708
538.635
538.603
538.633
538.716
538.593
538.593
538.658
538.627
538.644
538.586
538.635
538.609
541.502
538.778
538.67
538.511
538.625
538.687
538.668
538.621
538.669
538.728
538.691
538.759
538.639
538.72
538.799
538.764
538.742
538.78
538.708
538.74
538.702
538.711
538.795
538.68
538.749
538.743
538.72
538.636
538.645
538.584
538.627
538.628
538.665
538.639
538.588
538.716
538.721
538.712
538.818
538.703
538.702
538.766
538.745
538.767
538.698
538.628
538.65
538.767
538.795
538.729
538.69
538.751
538.76
538.665
538.677
538.603
538.67
538.744
538.822
538.796
538.62
538.67
538.651
538.627
538.659
538.674
538.725
538.806
538.631
538.636
538.697
538.667
538.725
538.724
538.733
538.705
538.789
538.642
538.743
538.622
538.698
538.79
538.702
538.73
538.707
538.659
538.771
538.71
538.797
538.877
538.717
538.655
538.707
538.644
538.713
538.678
538.721
538.643
538.795
538.593
538.691
538.694
538.574
538.704
538.763
538.636
538.675
538.666
538.684
538.708
538.695
538.644
538.793
538.641
538.659
538.63
538.689
538.753
538.618
538.659
538.753
538.714
538.65
538.621
538.602
538.655
538.757
538.657
538.749
538.814
538.806
538.717
538.773
538.735
538.77
538.755
538.701
538.633
538.61
538.663
538.64
538.623
538.692
538.637
538.737
538.741
538.857
538.769
538.751
538.86
538.616
538.656
538.625
538.629
538.738
538.719
538.725
538.656
538.694
538.833
538.766
538.72
538.606
538.64
538.728
538.73
538.731
538.701
538.681
538.624
538.725
538.604
538.659
538.665
538.727
538.712
538.731
538.542
538.751
538.724
538.638
538.628
538.683
538.645
538.73
538.731
538.714
538.702
538.779
538.816
538.696
538.73
538.823
538.61
538.726
538.658
538.807
538.812
538.669
538.696
538.713
538.671
538.81
538.738
538.765
538.697
538.722
538.701
538.732
538.711
538.648
538.656
538.737
538.672
538.652
538.706
538.737
538.648
538.629
538.666
538.563
538.668
538.773
538.609
538.805
538.626
538.725
538.572
538.537
538.683
538.706
538.793
538.855
538.865
538.57
538.718
538.712
538.815
538.702
538.709
538.884
538.653
538.659
538.719
538.711
538.658
538.649
538.623
538.755
538.741
538.657
538.637
538.671
538.637
538.491
538.679
538.748
538.698
538.647
538.628
538.724
538.685
538.749
538.689
538.742
538.693
538.595
538.649
538.575
538.73
538.742
538.744
538.71
538.689
538.689
538.642
538.713
538.638
538.649
538.782
538.702
538.626
538.743
538.739
538.706
538.787
538.768
538.7
538.606
538.63
538.625
538.535
538.711
538.634
538.559
538.751
538.816
538.737
538.605
538.62
538.692
538.759
538.787
538.777
538.841
538.765
538.746
538.716
538.807
538.728
538.641
538.673
538.793
538.618
538.692
538.748
538.715
538.686
538.691
538.535
538.705
538.61
538.683
538.745
538.647
538.635
538.781
538.842
538.829
538.872
538.821
538.726
538.673
538.574
538.74
538.788
538.712
538.62
538.657
538.648
538.745
538.847
538.82
538.749
538.701
538.736
538.644
538.686
538.582
538.63
538.643
538.624
538.661
538.701
538.772
538.666
538.527
538.699
538.719
538.749
538.672
538.571
538.631
538.568
538.56
538.737
538.668
538.657
538.764
538.714
538.772
538.551
538.723
538.686
538.854
538.701
538.692
538.767
538.671
538.777
538.612
538.642
538.62
538.705
538.789
538.823
538.704
538.708
538.482
538.703
538.76
538.74
538.693
538.711
538.677
538.769
538.694
538.552
538.761
538.855
538.615
538.704
538.729
538.758
538.755
538.782
538.765
538.683
538.578
538.722
538.674
538.567
538.708
538.603
538.743
538.766
538.805
538.66
538.757
538.817
538.73
538.666
538.573
538.686
538.638
538.698
538.725
538.699
538.647
538.684
538.652
538.569
538.425
538.596
538.755
538.581
538.614
538.625
538.582
538.543
538.553
538.522
538.699
538.688
538.744
538.861
538.691
538.706
538.891
538.805
538.788
538.704
538.684
538.792
538.739
538.743
538.774
538.707
538.669
538.686
538.65
538.803
538.624
538.764
538.604
538.706
538.556
538.653
538.667
538.676
538.644
538.656
538.608
538.702
538.697
538.684
538.719
538.655
538.669
538.603
538.661
538.658
538.719
538.748
538.6
538.684
538.68
538.639
538.605
538.754
538.597
538.776
538.793
538.73
538.847
538.667
538.734
538.74
538.627
538.643
538.584
538.609
538.553
538.717
538.799
538.661
538.596
538.662
538.684
538.64
538.648
538.703
538.544
538.841
538.737
538.753
538.779
538.79
538.663
538.657
538.74
538.689
538.674
538.69
538.571
538.699
538.612
538.685
538.693
538.71
538.698
538.616
538.524
538.722
538.733
538.723
538.709
538.795
538.652
538.756
538.703
538.65
538.839
538.795
538.631
538.785
538.678
538.7
538.647
538.773
538.791
538.796
538.811
538.712
538.656
538.677
538.664
538.696
538.515
538.506
538.639
538.709
538.646
538.742
538.65
538.762
538.73
538.771
538.685
538.75
538.665
538.654
538.607
538.75
538.772
538.763
538.711
538.784
538.696
538.727
538.808
538.668
538.676
538.753
538.634
538.592
538.697
538.607
538.813
538.745
538.764
538.757
538.775
538.838
538.764
538.849
538.685
538.745
538.674
538.719
538.776
538.544
538.737
538.658
538.69
538.654
538.712
538.702
538.762
538.566
538.712
538.667
538.59
538.651
538.706
538.628
538.632
538.607
538.635
538.589
538.595
538.445
538.534
538.638
538.632
538.54
538.601
538.575
538.659
538.653
538.725
538.631
538.573
538.735
538.726
538.735
538.628
538.697
538.655
538.666
538.498
538.58
538.729
538.597
538.654
538.647
538.567
538.782
538.752
538.812
538.725
538.634
538.652
538.597
538.553
538.654
538.672
538.704
538.668
538.481
538.635
538.657
538.768
538.699
538.635
538.53
538.66
538.728
538.71
538.913
538.776
538.587
538.652
538.741
538.707
538.694
538.711
538.741
538.811
538.661
538.658
538.703
538.778
538.832
538.717
538.548
538.611
538.595
538.619
538.668
538.614
538.632
538.624
538.57
538.617
538.721
538.65
538.773
538.814
538.693
538.621
538.711
538.643
538.834
538.925
538.731
538.635
538.721
538.641
538.585
538.573
538.617
538.743
538.707
538.696
538.705
538.659
538.646
538.779
538.742
538.817
538.688
538.842
538.726
538.701
538.777
538.724
538.629
538.703
538.635
538.748
538.72
538.678
538.76
538.679
538.668
538.578
538.741
538.686
538.685
538.68
538.813
538.726
538.881
538.813
538.702
538.741
538.832
538.75
538.647
538.677
538.606
538.608
538.704
538.654
538.617
538.645
538.662
538.738
538.661
538.68
538.621
538.646
538.7
538.656
538.732
538.682
538.719
538.624
538.699
538.71
538.639
538.7
538.755
538.815
538.624
538.689
538.704
538.716
538.786
538.743
538.665
538.791
538.764
538.65
538.573
538.626
538.647
538.646
538.723
538.765
538.655
538.699
538.699
538.708
538.681
538.641
538.754
538.59
538.584
538.671
538.679
538.667
538.793
538.746
538.718
538.761
538.86
538.64
538.682
538.625
538.831
538.661
538.717
538.732
538.79
538.58
538.563
538.66
538.622
538.672
538.642
538.738
538.698
538.816
538.71
538.741
538.586
538.7
538.603
538.639
538.63
538.698
538.732
538.72
538.754
538.722
538.653
538.697
538.714
538.812
538.676
538.644
538.722
538.62
538.646
538.672
538.684
538.713
538.786
538.747
538.502
538.715
538.64
538.627
538.698
538.679
538.518
538.738
538.654
538.623
538.693
538.717
538.74
538.889
538.731
538.649
538.681
538.634
538.68
538.681
538.627
538.73
538.688
538.815
538.734
538.766
538.823
538.796
538.76
538.774
538.734
538.767
538.741
538.806
538.794
538.652
538.609
538.802
538.68
538.784
538.899
538.788
538.789
538.772
538.808
538.73
538.687
538.691
538.655
538.715
538.518
538.774
538.774
538.591
538.63
538.726
538.676
538.754
538.77
538.678
538.644
538.685
538.774
538.693
538.607
538.654
538.597
538.537
538.72
538.704
538.739
538.756
538.776
538.69
538.616
538.641
538.776
538.577
538.587
538.581
538.683
538.763
538.614
538.588
538.553
538.566
538.638
538.685
538.611
538.702
538.69
538.584
538.632
538.687
538.661
538.515
538.651
538.688
538.658
538.615
538.59
538.656
538.635
538.782
538.677
538.721
538.717
538.716
538.72
538.749
538.685
538.763
538.778
538.678
538.66
538.634
538.548
538.628
538.537
538.506
538.768
538.676
538.597
538.694
538.807
538.798
538.744
538.693
538.709
538.739
538.676
538.766
538.687
538.745
538.675
538.645
538.651
538.796
538.73
538.681
538.672
538.715
538.572
538.643
538.66
538.676
538.79
538.644
538.715
538.664
538.663
538.69
538.785
538.571
538.661
538.646
538.717
538.717
538.788
538.767
538.764
538.617
538.606
538.706
538.672
538.727
538.702
538.613
538.603
538.7
538.733
538.803
538.829
538.775
538.78
538.639
538.777
538.864
538.665
538.73
538.776
538.811
538.782
538.801
538.768
538.579
538.757
538.654
538.653
538.66
538.619
538.561
538.709
538.683
538.567
538.605
538.703
538.785
538.636
538.697
538.644
538.574
538.666
538.749
538.834
538.881
538.718
538.797
538.791
538.689
538.732
538.744
538.749
538.76
538.685
538.616
538.648
538.769
538.718
538.687
538.661
538.793
538.635
538.749
538.805
538.631
538.812
538.801
538.853
538.808
538.739
538.678
538.856
538.793
538.777
538.798
538.649
538.636
538.662
538.627
538.717
538.696
538.658
538.65
538.692
538.755
538.666
538.614
538.705
538.605
538.738
538.686
538.696
538.667
538.74
538.741
538.744
538.773
538.666
538.624
538.614
538.757
538.594
538.617
538.593
538.717
538.763
538.752
538.73
538.755
538.801
538.795
538.809
538.703
538.54
538.732
538.609
538.705
538.751
538.68
538.604
538.738
538.628
538.76
538.667
538.731
538.6
538.705
538.831
538.849
538.813
538.827
538.639
538.642
538.713
538.755
538.69
538.77
538.803
538.638
538.667
538.741
538.777
538.672
538.607
538.769
538.718
538.656
538.713
538.706
538.741
538.704
538.591
538.643
538.65
538.626
538.73
538.625
538.572
538.634
538.72
538.629
538.65
538.708
538.828
538.56
538.681
538.728
538.557
538.639
538.656
538.649
538.651
538.749
538.635
538.643
538.665
538.656
538.505
538.601
538.813
538.645
538.752
538.632
538.634
538.743
538.71
538.768
538.806
538.654
538.78
538.691
538.651
538.554
538.663
538.683
538.55
538.714
538.607
538.697
538.651
538.789
538.694
538.68
538.794
538.762
538.715
538.737
538.544
538.52
538.635
538.803
538.776
538.883
538.823
538.822
538.78
538.758
538.683
538.628
538.615
538.646
538.731
538.733
538.697
538.767
538.692
538.734
538.769
538.75
538.668
538.791
538.668
538.642
538.672
538.595
538.753
538.711
538.584
538.675
538.71
538.743
538.611
538.595
538.62
538.634
538.543
538.709
538.814
538.669
538.633
538.785
538.804
538.793
538.782
538.697
538.705
538.642
538.554
538.61
538.627
538.679
538.567
538.684
538.676
538.692
538.566
538.684
538.744
538.637
538.644
538.669
538.579
538.691
538.642
538.612
538.637
538.658
538.683
538.877
538.801
538.805
538.866
538.737
538.793
538.646
538.68
538.619
538.579
538.682
538.626
538.623
538.618
538.494
538.65
538.615
538.639
538.71
538.674
538.735
538.637
538.663
538.775
538.744
538.676
538.625
538.633
538.608
538.71
538.677
538.585
538.557
538.606
538.681
538.737
538.755
538.76
538.726
538.598
538.637
538.554
538.648
538.66
538.649
538.687
538.496
538.579
538.787
538.711
538.672
538.822
538.808
538.809
538.671
538.795
538.729
538.665
538.595
538.756
538.74
538.766
538.72
538.794
538.725
538.709
538.606
538.68
538.617
538.571
538.609
538.735
538.716
538.844
538.769
538.756
538.835
538.744
538.772
538.83
538.776
538.737
538.734
538.789
538.542
538.797
538.58
538.572
538.583
538.768
538.614
538.621
538.558
538.636
538.654
538.618
538.8
538.656
538.657
538.759
538.623
538.508
538.707
538.715
538.785
538.624
538.604
538.625
538.686
538.733
538.607
538.751
538.624
538.766
538.7
538.652
538.7
538.613
538.695
538.596
538.63
538.653
538.654
538.578
538.714
538.602
538.806
538.694
538.718
538.575
538.668
538.76
538.712
538.608
538.669
538.701
538.564
538.58
538.593
538.701
538.694
538.69
538.658
538.654
538.525
538.675
538.767
538.721
538.787
538.711
538.701
538.669
538.559
538.667
538.728
538.616
538.683
538.799
538.692
538.723
538.652
538.636
538.796
538.688
538.773
538.674
538.602
538.557
538.623
538.626
538.614
538.8
538.707
538.765
538.735
538.683
538.721
538.69
538.753
538.847
538.774
538.757
538.708
538.721
538.719
538.779
538.695
538.59
538.763
538.665
538.703
538.802
538.677
538.656
538.602
538.505
538.726
538.632
538.518
538.666
538.608
538.606
538.618
538.67
538.738
538.788
538.837
538.788
538.72
538.644
538.632
538.682
538.734
538.605
538.671
538.677
538.712
538.641
538.642
538.671
538.715
538.845
538.733
538.713
538.685
538.546
538.701
538.691
538.775
538.743
538.671
538.649
538.719
538.634
538.651
538.767
538.729
538.764
538.707
538.769
538.64
538.62
538.726
538.679
538.685
538.572
538.73
538.754
538.728
538.555
538.66
538.566
538.675
538.629
538.644
538.681
538.602
538.567
538.653
538.748
538.613
538.678
538.737
538.563
538.634
538.67
538.693
538.763
538.632
538.741
538.694
538.62
538.788
538.69
538.742
538.74
538.714
538.721
538.81
538.743
538.713
538.709
538.726
538.719
538.625
538.633
538.615
538.757
538.605
538.611
538.86
538.774
538.799
538.855
538.725
538.583
538.558
538.616
538.794
538.669
538.571
538.597
538.607
538.588
538.669
538.583
538.598
538.667
538.57
538.638
538.635
538.509
538.559
538.564
538.593
538.601
538.601
538.677
538.663
538.703
538.687
538.713
538.738
538.819
538.658
538.727
538.786
538.659
538.735
538.61
538.832
538.893
538.57
538.626
538.5
538.622
538.581
538.678
538.716
538.668
538.699
538.735
538.584
538.616
538.561
538.718
538.698
538.683
538.768
538.761
538.735
538.722
538.746
538.8
538.706
538.755
538.694
538.711
538.793
538.666
538.603
538.673
538.694
538.707
538.785
538.555
538.766
538.786
538.732
538.716
538.636
538.599
538.674
538.766
538.783
538.658
538.572
538.636
538.68
538.688
538.673
538.63
538.691
538.723
538.653
538.659
538.685
538.781
538.756
538.891
538.728
538.709
538.716
538.747
538.664
538.621
538.65
538.715
538.685
538.549
538.569
538.706
538.702
538.647
538.687
538.72
538.682
538.679
538.671
538.655
538.745
538.63
538.612
538.639
538.669
538.634
538.631
538.733
538.686
538.718
538.729
538.686
538.59
538.794
538.765
538.511
538.642
538.789
538.681
538.621
538.734
538.804
538.835
538.808
538.746
538.827
538.718
538.736
538.637
538.784
538.684
538.599
538.6
538.642
538.739
538.691
538.634
538.63
538.552
538.712
538.569
538.674
538.695
538.654
538.588
538.688
538.61
538.522
538.634
538.624
538.676
538.773
538.747
538.677
538.81
538.879
538.649
538.712
538.731
538.568
538.69
538.748
538.79
538.644
538.623
538.614
538.744
538.73
538.676
538.682
538.591
538.694
538.761
538.738
538.703
538.737
538.756
538.791
538.753
538.67
538.712
538.597
538.61
538.623
538.753
538.699
538.69
538.673
538.666
538.653
538.601
538.693
538.69
538.683
538.759
538.718
538.67
538.686
