33.2525
33.2611
33.2486
33.241
33.2157
33.189
33.166
33.1432
33.1157
33.107
33.1136
33.1029
33.0833
33.0828
33.0614
33.0344
33.0426
33.0201
33.0089
32.9903
32.9704
32.9857
32.9748
32.973
32.957
32.9393
32.9281
32.913
32.9083
32.8952
32.9004
32.8924
32.8915
32.891
32.8829
32.8791
32.8777
32.8652
32.8564
32.8569
32.8396
32.8405
32.8501
32.85
32.8377
32.8356
32.8352
32.8312
32.8262
32.8206
32.8089
32.8246
32.8248
32.8273
32.822
32.8105
32.813
32.8095
32.7999
32.8067
32.8043
32.8048
32.7974
32.7992
32.8096
32.7993
32.7963
32.796
32.7939
32.8017
32.7941
32.7957
32.7904
32.8034
32.7926
32.7932
32.7944
32.7929
32.7874
32.7831
32.7952
32.7956
32.7938
32.7932
32.7923
32.792
32.8204
38.4493
38.3983
38.2681
38.1624
38.1565
38.1285
36.6327
36.5717
36.4667
36.3607
36.2786
36.2149
36.1085
36.0208
36.0398
36.0163
35.9506
35.8659
35.7921
35.6616
35.5668
35.492
35.4127
35.3518
35.3473
35.3194
35.2491
35.176
35.0894
35.0311
34.9794
34.9089
34.8319
34.7497
34.7755
34.7879
34.697
34.6564
34.5843
34.5392
34.4526
34.4
34.3348
34.2651
34.2731
34.2954
34.241
34.18
34.129
34.1043
34.0357
34.0098
33.9422
33.904
33.8792
33.9029
33.8917
33.8285
33.7772
33.7299
33.7155
33.6561
33.6108
33.5798
33.5753
33.5881
33.5608
33.5139
33.4777
33.4341
33.3869
33.375
33.3317
33.3006
33.3237
33.3051
33.2831
33.2559
33.2452
33.2193
33.1898
33.161
33.1545
33.1186
33.1174
33.1153
33.1033
33.0718
33.0743
33.0556
33.0236
33.01
33.0001
32.9887
32.9973
32.9744
32.9699
32.9537
32.9348
32.9415
32.925
32.9071
32.8939
32.8923
32.8883
32.8746
32.8774
32.8731
32.8544
32.8602
32.8416
32.842
32.8342
32.8267
32.8293
32.8203
32.8156
32.8195
32.8105
32.8074
32.8101
32.7983
32.7957
32.8023
32.7956
32.7934
32.7956
32.7896
32.7857
32.7796
32.7765
32.7777
32.7807
32.7802
32.7691
32.7692
32.7726
32.7696
32.775
32.7697
32.7686
32.7605
32.7651
32.7616
32.7609
32.7581
32.7605
32.7606
32.7573
32.7631
32.7564
32.7612
32.7602
32.756
32.7596
32.7593
32.7572
32.7581
32.7556
32.7553
32.7528
32.7609
32.7599
32.7529
32.7597
32.7523
32.7489
32.7579
32.7489
32.7571
32.7565
32.7541
32.751
32.8019
32.7603
32.7534
32.7509
32.761
32.7564
32.753
32.756
32.7539
32.7515
32.7571
32.754
32.7582
32.7572
32.7523
32.7564
32.7614
32.7534
32.7579
32.7535
32.7539
32.752
32.7572
32.7576
32.7566
32.7584
32.7559
32.7573
32.7556
32.7543
32.7581
32.757
32.7553
32.7524
32.7552
32.7494
32.7573
32.7575
32.7578
32.7555
32.762
32.7569
32.7522
32.758
32.7614
32.7545
32.7579
32.759
32.758
32.7577
32.7561
32.7543
32.7581
32.7564
32.7653
32.7558
32.7628
32.759
32.7596
32.7606
32.7561
32.7547
32.7563
32.7578
32.7579
32.7544
32.7632
32.7561
32.7581
32.7608
32.7616
32.7592
32.7605
32.7588
32.7578
32.7608
32.7523
32.7604
32.7512
32.7553
32.7571
32.7575
32.7545
32.7543
32.7592
32.752
32.7535
32.7551
32.7582
32.7801
32.7573
32.757
32.7606
32.7571
32.7562
32.7552
32.7595
32.7597
32.7605
32.7591
32.7622
32.7554
32.7532
32.7602
32.7673
32.7549
32.7557
32.7636
32.7567
32.7554
32.7523
32.7603
32.7531
32.7587
32.7549
32.7561
32.7587
32.754
32.7585
32.7526
32.7528
32.7586
32.7612
32.758
32.7578
32.7564
32.7568
32.758
32.7658
32.7562
32.7596
32.7533
32.7572
32.7538
32.7565
32.7595
32.7527
32.7532
32.7559
32.7571
32.7572
32.7567
32.7539
32.7549
32.7528
32.7571
32.7511
32.7554
32.7596
32.7539
32.7613
32.7545
32.7549
32.7556
32.7581
32.7553
32.7622
32.7626
32.7551
32.7523
32.7581
32.7577
32.7586
32.7539
32.7529
32.7492
32.7563
32.7538
32.7622
32.7533
32.7527
32.7589
32.7568
32.7542
32.7567
32.7559
32.7591
32.7542
32.7557
32.7589
32.7557
32.7602
32.7564
32.7522
32.7593
32.7484
32.7541
32.7595
32.7542
32.7536
32.75
32.7512
32.7506
32.7496
32.7575
32.7507
32.7601
32.7499
32.7541
32.7503
32.7435
32.749
32.7492
32.7528
32.7512
32.7466
32.7462
32.749
32.7535
32.7649
32.7535
32.751
32.7467
32.7506
32.7533
32.7484
32.7501
32.7516
32.7463
32.7522
32.7523
32.753
32.7548
32.7471
32.7522
32.7511
32.7521
32.7508
32.7571
32.7541
32.7526
32.7488
32.7489
32.7517
32.7552
32.7521
32.75
32.7508
32.7513
32.7549
