       0
  201071
  603715
 1021573
 1425106
 1824847
 2267257
 2662401
 3067099
 3447889
 3866126
 4238472
 4667406
 5064921
 5402414
 5803535
 6186147
 6608855
 6944295
 7377916
 7711479
 8082495
 8472552
 8855862
 9176136
 9529033
 9918967
10272328
10582170
10976148
11332222
11653016
12008160
12359159
12616955
13081909
13367478
13619135
14039993
14486315
14722258
15098655
15425562
15800167
16126836
16380756
16746685
17136372
17446219
17810837
18198562
18507410
18971816
19291060
19676411
20055840
20402785
20800520
21017107
21542235
21919266
22254219
22669156
23105230
23484517
23822926
24355551
24671721
25125972
25435552
25911560
26296638
26809997
27065238
27430267
27934940
28304956
28703019
29214843
29477530
30074523
30373847
30678089
31097559
31516055
31922008
32137273
32593610
33110432
33402501
33824655
34008399
34432802
34890117
35039600
35451658
35797586
36136825
36568430
36747178
37268236
37256121
37743761
37941187
38171037
38471712
38859691
38915628
39251244
39563537
39811570
40027785
40133179
40490578
40594601
40865920
41067877
41376151
41523271
41711298
42095239
42367507
42361449
42641710
42962469
43172602
43265185
43580253
43795692
44110199
44360888
44476201
44689707
44964685
45318329
45564591
45884207
45951744
46449893
46508078
46820408
47160014
47581245
47730747
48195815
48537323
48586244
49182754
49358999
49683180
49982696
50267713
50587825
50834192
51354517
51823326
52075031
52356592
52692706
52942284
53400232
53640008
54167461
54293953
54658932
54828623
55348857
55753035
55928484
56253155
56538410
56851729
57146436
57244191
57582343
57868963
57964631
58279021
58495386
58729961
58979684
59117959
59220685
59387701
59404929
59705453
59818882
59855135
60095254
60105889
60149000
60274325
60447737
60429664
60468726
60410113
60342759
60553831
60502608
60364383
60448571
60410340
60355663
60474287
60386392
60192922
60267812
60242304
60290482
60123769
60116252
60067489
59959516
59970430
59956140
59951043
59835317
59880566
59667150
59783710
59902701
59854534
59852490
59969229
59852172
59925778
60006454
60104082
60209528
60324698
60190789
60527538
60657372
60482069
60710133
60911169
61053751
61326902
61496761
61672399
61677047
61854132
62046371
62344516
62553325
62518679
62896976
62957822
63353364
63500426
63557260
63901254
64029944
64297185
64483525
64670745
64937232
65095948
65127610
65285597
65528959
65543603
65691711
65799883
65909127
66099817
65983152
65852470
66124997
66084477
65926392
66171694
66081729
65840233
65538445
65565231
65309777
65187603
65162056
64844178
64354465
64287073
64071972
63661616
63330780
62816499
62572775
61934210
61581369
61028166
60516863
60067016
59506547
58896285
58127359
57597367
57050244
56211503
55531459
54868937
54259261
53418254
52733480
51943584
51012647
50396538
49503751
48621224
47941515
47133953
46078589
45180116
44331835
43513830
42522388
41732823
40763141
39848672
38836794
38034721
37136659
36157092
35217870
34609920
33598574
32614208
31914966
30905080
30041447
29187732
28449349
27453202
26747616
25816963
25050923
24311814
23523660
22785543
22033221
21254932
20477183
19872821
19152290
18367123
17791365
17136938
16570774
15865092
15335462
14666892
14160486
13542342
12995678
12482483
12003664
11525213
10978041
10521776
10087478
 9645377
 9193949
 8830178
 8434372
 8042982
 7692580
 7297942
 6977330
 6635853
 6349055
 6016535
 5699803
 5459798
 5117100
 4890248
 4689065
 4451449
 4237035
 3995985
 3786929
 3617230
 3392870
 3259055
 3031857
 2880072
 2702664
 2592337
 2442534
 2288131
 2178492
 2061147
 1931441
 1848163
 1711278
 1625272
 1537210
 1444321
 1377120
 1276506
 1217453
 1158585
 1072583
 1029436
  967179
  893904
  841615
  808046
  764900
  709631
  672182
  637684
  600184
  568607
  529877
  486164
  475148
  433998
  420584
  404115
  366432
  350205
  320589
  316921
  287461
  281673
  275014
  249784
  234866
  224998
  216570
  206921
  190886
  189335
  185509
  162489
  163771
  148357
  145775
  138523
  128350
  134576
  123631
  118957
  111173
  101631
  103794
  107546
  102866
   93629
   94534
   90141
   83204
   83378
   85044
   83473
   75445
   72844
   75182
   69745
   71721
   66486
   67711
   65488
   62898
   59695
   64140
   58539
   64336
   60149
   59301
   55063
   58501
   62463
   50977
   52630
   55358
   47605
   54302
   48501
   47259
   49134
   51375
   49090
   48045
   47843
   47331
   45044
   42717
   42754
   40264
   41052
   43804
   40484
   41248
   38895
   39319
   38455
   40778
   32389
   39498
   38807
   36503
   39048
   33691
   32452
   36205
   33557
   35208
   34421
   30263
   33166
   36181
   29158
   31037
   33973
   31113
   33096
   30978
   33655
   29082
   31440
   27458
   30815
   29348
   26891
   29066
   31295
   28446
   26890
   28372
   29023
   29352
   30132
   26020
   26881
   29108
   27547
   21739
   27628
   26752
   25333
   21281
   29376
   26464
   25052
   27177
   21807
   22421
   22568
   19754
   22026
   25603
   22777
   22359
   21640
   19375
   22782
   19265
   20496
   21587
   21619
   21384
   19355
   19826
   21164
   18347
   20120
   18193
   16255
   19321
   18766
   20382
   18399
   18459
   17518
   17660
   16502
   20023
   18195
   20338
   18150
   17325
   15547
   17562
   18351
   16923
   17626
   18776
   17912
   16724
   16730
   17239
   14682
   16356
   13894
   17516
   15201
   17146
   18564
   14965
   14561
   14229
   14540
   12983
   13685
   13485
   14294
   14011
   17941
   13079
   13019
   16554
   12934
   14347
   12463
   11083
   12102
   12920
   12221
   13097
   12422
   11454
   15714
   12667
   14578
   12994
   12511
   10850
   14060
   10218
   11766
   12016
   11606
   11665
   13033
   11346
   12804
   12145
   11937
   10870
   12488
   11764
   11087
   10586
   10797
   10941
   10056
   10925
   11153
    8727
    9065
    9674
    9960
   10585
    9113
   10869
   11459
    8689
    9780
    8869
    9580
   11787
   10529
   10183
   13247
   10340
    9125
   10583
   10238
    9695
    9265
    8822
    9901
   10497
    8676
   10258
    8702
    9384
    9160
    8409
    9517
    9820
    8891
    8891
    9883
    8617
    8806
   10094
    8522
    8489
    8559
    9647
    8347
    8152
    7299
   10776
    9802
    7249
    8322
    8051
    8688
    6670
    7464
    6705
    7668
    6986
    8260
    7426
    5504
    7818
    6647
    7725
    6425
    6963
    6106
    5477
    5920
    6540
    7657
    5822
    7314
    6982
    8059
    6390
    6166
    6710
    6203
    8216
    6686
    5473
    6983
    6762
    5915
    5195
    6661
    7876
    7214
    4952
    6936
    7595
    6711
    6130
    5934
    6102
    6023
    5469
    6452
    5072
    5918
    7120
    6271
    5322
    4952
    7162
    5624
    6159
    5016
    5738
    6744
    5230
    8113
    5834
    3735
    4735
    5341
    5796
    5159
    5746
    5840
    6007
    5086
    5589
    5916
    4827
    6156
    6155
    6417
    4238
    4078
    5326
    5376
    5235
    3774
    5486
    5420
    6213
    4469
    5379
    5222
    5342
    5445
    4060
    5073
    4850
    5008
    5183
    5766
    4847
    3513
    5479
    3832
    5404
    5334
    5361
    5845
    4992
    4742
    3624
    3232
    3939
    5326
    4066
    5626
    4741
    4651
    3839
    3791
    4719
    5776
    2667
    4183
    3864
    4143
    5546
    4556
    4490
    4446
    4338
    4429
    4651
    4230
    3640
    4198
    3505
    4855
    3675
    4133
    4500
    3382
    3457
    5257
    4441
    3522
    4456
    5316
    3827
    4272
    5732
    3866
    4172
    4075
    2457
    3563
    3535
    4028
    3896
    2941
    2838
    2830
    4239
    4055
    4114
    5200
    3261
    3651
    3344
    3333
    2862
    4475
    3418
    4659
    3826
    4276
    3091
    3014
    3635
    3692
    2478
    3461
    3229
    3128
    3137
    2701
    3034
    3242
    2552
    2944
    3362
    2385
    3318
    2122
    2410
    3517
    5190
    3423
    2226
    4042
    3409
    3826
    3049
    3052
    2548
    2680
    3287
    3716
    4425
    3485
    2711
    3805
    1997
    2503
    2784
    2105
    2198
    2917
    3862
    1870
    2571
    2929
    3889
    3691
    4100
    2072
    2861
    1823
    2561
    3813
    4437
    2962
    2630
    3292
    3920
    2579
    2944
    2467
    2609
    4123
    3969
    2721
    2060
    4167
    3466
    3308
    2737
    3246
    2664
    3502
    2907
    2386
    1957
    2057
    2785
    2486
    1805
    3274
    2133
    1732
    2202
    2519
    1931
    1936
    2737
    2528
    2831
    2261
    1944
    2949
    2353
    2857
    2582
    2234
    2463
    2505
    2376
    1955
    2049
    1879
    2552
    1605
    1701
    1992
    2518
    3146
    1856
    2199
    2531
    2049
    2092
    2899
    1109
    2152
    2799
    1779
    1343
    1391
    1454
    1898
    1750
    2824
    2889
    2090
    2362
    2072
    2334
    1800
    1904
    2567
    1424
    1430
    2613
    1683
    1822
    2147
    1721
    1130
    1712
    1537
    2454
    2333
    1471
    1928
    2795
    1442
    2205
    1960
    1976
    2007
    2435
    1758
    2769
    2674
    2513
    1448
    2056
    2510
    2326
    2319
    1120
    1289
    1708
     939
    1954
    1787
    1882
    1190
    2946
    2552
    1914
    2923
    1709
    1375
    1302
    2268
    1535
    1323
    2269
    2600
    1851
    1929
     722
    1379
    1191
    1656
    1481
    1235
    1696
    1416
    1936
    1805
    1770
    1437
    1578
    1508
    1996
    2171
    1835
    2356
    1939
    2323
    2170
    1711
     691
    1585
    1409
    1710
    1842
    2024
    1796
    1040
     876
    1533
    1736
    1112
    2449
    1260
    2244
    1597
    1416
    1714
    1194
    1187
    1315
    1302
    2339
    1343
    1413
    1213
    1734
    1679
    1774
    1457
    1905
    1369
     704
    2433
     998
    1393
    1517
    1318
    1579
    1067
    1316
    1388
    1796
    2109
     874
     836
    1421
    1472
    1237
    1079
    1538
    1753
    1736
    1420
    1662
    1193
    1431
    2920
    1360
    1139
     651
    1235
    1060
    1671
    1169
    1158
     977
    1924
    1124
    1346
    1199
     870
    1317
    1320
    1116
    1560
    1323
     968
    2125
    1245
     754
     480
     850
    1313
    1089
    1556
     855
    1342
    1351
     876
    1061
    1146
    1079
    1347
    1364
     495
    1999
    1035
    1653
    1330
    1446
     943
    2001
    1239
     980
    1860
     761
     835
     480
     733
    1209
    1286
    1404
     630
    1338
    1320
     703
    1288
     502
    1265
    1126
    1617
    1587
    2194
    1524
    1016
    1248
     851
    1003
    2318
    1352
    1532
     976
     199
    1437
     691
    1898
     745
    1121
    1490
     740
     773
    1289
    1132
    1376
    2203
    1030
     908
    1834
    1321
     964
     872
    1268
    1053
    1360
    1949
     959
    1322
     579
    1654
    1104
    1044
    1211
     411
    1316
    1465
     775
     955
    1225
    1227
    1921
    1887
    1448
    1579
     802
    1046
     913
    1670
    1365
     952
    1004
     886
    1765
    1310
     934
     477
     784
     897
     923
    1171
     836
     723
     434
    1021
     287
     387
    2035
     721
     432
     999
     761
     795
     991
     378
     511
     490
     537
     362
    1347
     951
    1507
     605
    1719
     831
     524
     666
     659
     669
     766
     331
     701
     957
     874
     805
     459
    1337
    1284
     214
    1329
    1227
     765
    1272
     480
     696
     552
     888
     672
     704
     380
    1201
     906
     661
     637
     872
    1430
     508
     638
    1011
     812
     265
     586
     845
     373
     515
     353
     727
    1300
     931
     875
     912
     856
    1772
    1531
    1682
     677
     558
    1256
     800
    1101
     386
     936
     731
    1017
     485
     924
    1098
    1344
    1013
     976
     640
     775
     311
     672
     756
     141
     795
     521
     279
     456
     512
     200
     754
     196
     594
     733
     927
     832
    1042
    1194
     635
     915
     370
    1562
    1344
     410
    1206
     900
     827
     320
     817
     433
     633
     562
    1222
     539
    1471
     673
     459
    1466
     652
     251
     544
     965
     763
     828
    1069
     824
     647
     855
     988
    1119
     722
     679
    1088
     545
    1272
     599
     695
     427
    1330
     414
    1009
     352
     329
     357
     721
     376
     197
     978
     559
     859
     629
     461
     378
     381
     280
     340
     768
     535
     440
     519
     994
     512
     827
     389
     423
     661
     676
     399
     241
     338
     530
     617
      53
     261
     226
     265
     340
     351
     568
     177
     294
     840
     609
    1554
     217
     100
     353
     287
     611
    1055
     708
     447
     941
     592
    1170
     619
    1114
    1578
     844
    1001
     612
     716
     503
     436
     885
     485
     480
    1507
    1147
     385
     553
     478
     127
     172
     914
     519
     283
     584
     771
     628
     755
     671
     880
     481
     205
     771
    1014
     873
     350
     215
     232
     656
     449
     359
     836
     712
     748
     719
     527
     674
     987
     201
     295
     338
     280
     632
     526
     355
     188
     473
     581
     556
     423
     370
     545
     580
     820
     502
     974
     212
     301
     766
     255
     744
     377
     273
     195
     704
     285
     771
     659
     436
     389
     785
     569
     294
      55
     569
     818
     297
     204
     173
     229
     314
     448
     766
     890
     309
     188
     324
     380
     836
     678
     371
     620
     600
     702
     309
     519
     251
     412
     579
     277
     230
     437
     141
     382
     134
     125
     290
     327
     549
     271
     441
     481
     622
     681
    1127
     266
     321
     535
     423
     523
     343
    1067
     815
     480
     311
     767
     285
     321
     426
     318
     794
     557
     882
     863
     805
     381
     234
     104
     169
     185
     510
     101
     569
     595
      58
     724
     570
     193
     398
     470
     493
     133
     326
     303
     547
     547
      94
     451
      30
     471
     105
     456
     357
     323
     521
      39
     175
      26
       0
     433
     751
     268
     644
     399
     278
       0
     626
      82
     668
     910
     123
      69
     105
     453
     494
     746
     293
     758
     832
     257
     311
     515
     430
     309
     142
     549
     351
     314
     151
     816
     728
     933
     230
     238
     661
     748
    1164
     924
     276
     608
     265
     670
     922
     452
     632
     436
     354
      76
     362
      33
     407
     324
     312
     511
     721
      70
     349
     333
      45
     464
     194
     405
     289
     706
     128
     378
     224
      76
     158
     494
     539
     339
      48
     569
     298
     102
     611
     338
     737
     179
     551
      69
     411
     199
     408
     312
     527
     236
     310
     573
     454
     576
     463
     616
     378
     603
     482
     137
     636
     627
     517
     410
     151
       8
     258
     358
     480
     224
     158
     371
     298
       0
     414
     772
     339
     179
     304
     396
     201
     372
     553
     546
     146
      12
     155
     959
     262
      94
     238
     144
      31
     308
     554
     224
     298
     314
    1305
     481
     104
     420
      70
     336
     142
      62
     188
     286
     192
      87
     118
     162
     534
     238
     203
     420
     251
     435
     393
     277
     605
     295
     284
      27
     423
     476
     267
     141
     261
     176
      50
     191
      21
      40
     177
      29
     392
     157
     114
     139
     127
      49
     402
     154
      48
      63
     178
      88
     270
     423
     382
      46
     209
     169
     320
     137
      70
     377
      38
     147
     544
     296
     702
     285
     464
     305
     411
     188
     161
     432
     508
     167
     469
     100
     242
      78
      24
     272
      69
      77
     292
     830
     828
     195
     628
     594
     336
     259
     192
     244
     122
     715
     466
      74
      30
     302
      64
     127
     177
     287
     191
     103
      81
      69
     163
     234
      40
     674
     323
     193
     249
      40
     126
      62
     121
     455
     518
     506
     285
     495
      98
     186
     282
      29
     142
      61
     112
     342
     227
     165
     228
      88
     322
       0
      47
      63
      90
     177
     233
     509
     237
     209
     439
     477
     534
     525
     216
     335
      89
     467
     169
     125
     164
     446
     391
     256
      55
      25
     101
     373
     600
     689
      95
     178
     792
     233
     220
     956
     573
      72
     523
      56
     601
     432
     162
     218
       0
     127
      67
      62
     509
      53
     131
     146
      41
       0
     195
       6
     282
     321
     184
       0
     347
     293
     142
      29
       0
      80
      15
      18
       0
      32
     182
     143
      52
      56
      33
     659
     324
     303
     231
     380
       0
       0
     333
     482
     462
     462
     107
     326
     370
     473
     514
     225
     710
      39
     397
     301
      50
      71
     488
     282
     255
      29
     301
     131
     174
     750
     416
     452
      58
     587
     309
     211
      67
     216
      16
     267
     326
     157
     229
     121
     260
     312
     301
     436
     398
     209
     141
      62
     298
     135
      55
      93
     503
     555
      78
     136
     193
     124
      58
     311
     148
      95
       0
       0
       0
     525
      19
     211
     100
      34
       0
     165
       3
     118
     552
      61
     149
     445
     342
     108
     806
      20
     152
      12
      47
      71
     590
      35
     158
       0
      84
       0
     124
     264
     177
      85
     650
      69
       0
     193
      45
     266
     308
     367
     371
      49
     142
      18
     408
      35
     409
     534
     282
     323
      14
     130
      53
     309
     304
      73
      86
     146
     213
     125
     232
     130
     130
     351
     110
     273
      71
      30
       0
     259
      61
      76
     350
      97
     167
      76
     137
     494
     158
     222
      82
     526
     471
     372
     171
     433
     391
      42
      28
     277
       0
       5
     245
     137
      87
       0
     322
      28
      28
      40
      19
     143
     256
     537
     344
      71
     156
     826
      72
     264
      38
       0
      64
     210
       7
      75
     249
     116
     127
       0
     144
      53
      56
     436
     118
     301
     131
      86
       0
      99
     114
     116
      22
       0
      71
     169
     210
      75
     182
     295
     189
     130
     435
     228
     509
     259
     300
      73
      97
      96
      11
     216
     375
     109
      75
      31
      52
     181
     143
     252
     269
      29
     393
     285
      30
      90
      11
       4
     221
      51
      55
     127
     126
     115
     164
     343
     325
     249
     112
     160
     410
     540
     287
     822
     412
     335
     389
     215
     364
      48
     136
     154
      72
      32
       0
      22
      51
     328
      72
     129
     175
     174
       0
      14
       0
     286
     362
      43
       0
      27
     162
     403
     100
      20
      63
     163
      27
     235
       0
     523
     200
      24
       0
     108
      48
      96
     121
     307
     108
     288
     430
     374
     168
     332
      38
      54
      53
     380
     145
     222
     170
     165
     398
      21
     229
     156
       0
     727
     400
      88
     200
     213
      83
       0
      25
     219
       0
       0
     282
     117
     220
       0
       0
      45
      42
     303
     367
      24
       0
      14
       0
      12
       0
     121
     148
     193
       0
     104
      10
       6
     206
     125
      29
      53
      11
       0
      54
     482
     177
     119
     182
      87
     363
      83
      24
      28
      25
     106
     493
      12
     198
     280
     249
       4
      26
       0
     119
       8
      47
       0
       0
       0
      29
      51
       2
     143
       0
       5
       5
      69
     169
      33
     122
     200
       5
     212
      11
      58
      77
     317
      99
     354
     281
    1213
      82
      69
     402
     118
      59
     101
       0
      29
     134
       0
     106
       0
     109
     126
       5
       0
      71
     113
     150
      88
     294
     113
     252
     136
     196
       0
       0
     103
     265
     504
     164
      90
     199
     116
     242
     196
      83
      49
     223
     129
       0
       0
       0
       0
     563
     105
      63
     151
      22
       0
       0
       0
       0
      85
     313
      57
      13
      29
      35
     331
      43
       0
       0
     427
      26
     164
     305
     508
      90
     152
       0
     174
     143
      78
     119
     100
     159
     228
     202
      97
     246
     193
       6
      26
      69
       0
     161
     107
       0
       0
      31
     203
      27
     247
     205
     203
     107
     498
      79
      89
     247
     151
       0
       0
      14
     143
       5
      59
     111
       8
     198
      48
       0
       0
       0
      61
      95
      69
       1
      25
      65
       0
      41
     138
       0
      68
     383
      43
      29
     241
     175
      24
      21
      69
     136
      14
    1048
      91
       0
     254
       0
      95
       0
     133
     213
      18
     275
     308
      47
     133
       0
       4
      61
     234
     347
      83
      36
       0
       0
     152
       0
      50
       0
      63
      22
      70
       0
       0
       0
       0
       0
       0
     221
     119
     132
      52
     258
      27
      64
      39
       0
       0
       0
     199
     316
      74
       0
       0
       0
      44
      10
     141
     252
      12
      26
      77
       0
      71
     307
     173
     429
     124
     184
       0
      48
      46
     223
       0
     460
       5
     325
     543
       0
       0
     150
      42
     355
     170
     284
      80
     111
       0
       0
      17
       0
       0
      59
     167
     164
     192
      35
       0
     250
      33
      19
      53
      10
       0
     422
     406
     326
       0
      40
      36
     113
     115
       0
     110
       0
     123
      37
      15
       0
     612
       0
      41
       0
      79
     147
     102
       3
      12
       0
     104
     123
       0
      28
      18
       0
       0
      76
       0
     159
       0
       3
     210
       0
     186
      36
       0
     172
     109
     107
       0
       6
     437
     190
     302
      35
     111
      92
       0
       0
     278
     209
     210
     167
     269
       3
      72
    1471
     443
     124
      97
      87
      67
     339
     129
     229
     269
       0
      87
      33
       0
       1
     368
     290
     112
     316
      13
      10
     215
      35
       0
       0
       0
       0
     126
       0
       4
       0
     140
     166
       0
     383
       0
       0
       0
      33
      90
     189
       0
      22
      86
     356
     242
     107
       0
       0
       0
       0
     192
       0
      49
     225
     111
     186
     603
     156
       8
     163
     468
       0
       0
      79
      61
     133
     101
     111
     283
       2
       0
       0
       0
     180
       0
     292
      18
      91
     121
     374
       0
       0
       0
       0
     123
       0
       0
       0
       3
     295
       0
       0
       0
      43
      13
      48
     106
      93
      12
      40
      73
      28
     110
     101
       0
     114
     206
       0
      23
      39
       0
       0
       0
      17
     177
       0
     383
     207
       6
       0
      85
      41
      16
       0
       0
       6
       0
       0
       0
     173
     246
       0
      79
     125
     267
     227
      53
      80
      10
     166
       0
       0
       0
       9
      44
       0
       0
       0
       0
     166
     274
     980
      69
     114
       0
       0
       0
     217
       0
       0
       0
      73
      58
       0
      85
       0
      10
      52
     327
       0
       0
     243
      69
       0
     282
     219
     115
     141
       0
       0
       0
     127
       0
       9
     105
       4
      33
      31
      68
      84
     137
       0
       0
       0
       0
      33
     222
     319
       0
     112
       3
      38
     113
       0
       0
       0
       0
       0
     224
       0
       0
     229
     115
       7
     106
     456
     579
      62
      19
     139
       0
      89
      45
      25
     131
       0
       0
      68
       0
       0
      95
      40
      75
     137
      24
     108
       0
     157
      97
      26
      23
     250
      86
     168
     400
       0
     276
     184
       0
     129
     311
       0
       0
       0
     108
       0
       0
      18
      25
     249
     246
       1
       0
       0
       0
       0
       0
      97
       0
      29
       0
       0
       0
       0
     120
     230
       0
      33
     169
      15
      10
       9
     124
      67
       0
      27
      45
       0
       0
       0
       9
      66
       0
       8
     101
     137
       0
