0.513783
0.513436
0.511247
0.503556
0.504289
0.505123
0.501895
0.503233
0.501108
0.502471
0.501205
0.501169
0.501435
0.502533
0.500827
0.50101
0.501596
0.500496
0.501457
0.500944
0.500883
0.501188
0.501129
0.500802
0.500244
0.500504
0.500983
0.50118
0.500458
0.5003
0.500429
0.5006
0.500437
0.500199
0.500336
0.500175
0.500141
0.500571
0.500497
0.500395
0.499774
0.500088
0.500306
0.500399
0.500031
0.500566
0.499806
0.500278
0.500164
0.500229
0.500088
0.500261
0.500219
0.500242
0.500097
0.500023
0.50006
0.500239
0.499995
0.500221
0.500097
0.500192
0.500166
0.500076
0.500315
0.500228
0.500324
0.500139
0.500223
0.500329
0.50031
0.500055
0.500364
0.499671
0.500137
0.500383
0.499833
0.500004
0.500236
0.500156
0.500008
0.50017
0.500209
0.50016
0.500069
0.500204
0.500251
0.50005
0.500049
0.500126
0.500142
0.500176
0.500084
0.5001
0.500148
0.500129
0.50007
0.50013
0.500121
0.500122
