<<<<<<< HEAD
1.87675
1.87603
1.87655
1.87066
1.86793
1.86128
1.85192
1.83923
1.82664
1.81755
1.81612
1.81665
1.81549
1.81465
1.81566
1.81478
1.81671
1.81608
1.81467
1.81494
1.81573
1.81469
1.81381
1.81539
1.81527
1.81447
1.81488
1.81552
1.81431
1.81382
1.81517
1.81419
1.81338
1.81483
1.8127
1.81334
1.81427
1.81114
1.81252
1.812
1.81137
1.81241
1.81173
1.8124
1.81141
1.80984
1.80954
1.80844
1.80616
1.80713
1.80622
1.80503
1.80592
1.80466
1.80307
1.8009
1.79832
1.79715
1.79518
1.793
1.79152
1.79188
1.78979
1.78795
1.78639
1.7824
1.78175
1.77907
1.77682
1.77516
1.77357
1.77246
1.77247
1.7716
1.76985
1.76949
1.76837
1.76836
1.76733
1.76688
1.76676
1.76585
1.76588
1.76604
1.76528
1.76624
1.76512
1.76505
1.7649
1.76549
1.76487
1.76577
1.76477
1.76445
1.76443
1.76412
1.76324
1.76526
1.76504
1.76488
1.76317
1.76336
1.76325
1.76366
1.76427
1.76337
1.76408
1.76305
1.76309
1.76282
1.7612
1.76241
1.76192
1.76236
1.76181
1.76194
1.76138
1.76141
1.76088
1.76185
1.76057
1.76061
1.76082
1.76032
1.75937
1.75947
1.75995
1.7588
1.75933
1.75905
1.75938
1.75933
1.75891
1.75987
1.75847
1.75825
1.75837
1.75795
1.75741
1.75769
1.75847
1.75711
1.75683
1.75737
1.75736
1.75556
1.75521
1.75615
1.75527
1.75515
1.75512
1.75529
1.75596
1.75518
1.75589
1.75381
1.75349
1.75325
1.75269
1.75337
1.75262
1.75214
1.75267
1.75124
1.75133
1.75228
1.75093
1.7508
1.75153
1.75061
1.74954
1.75007
1.75006
1.75019
1.74985
1.74935
1.74865
1.74934
1.74793
1.74815
1.74761
1.74728
1.74729
1.74687
1.74715
1.74544
1.74608
1.74608
1.7443
1.74457
1.74359
1.74444
1.74307
1.7447
1.7434
1.74317
1.74195
1.74248
1.74132
1.74064
1.74034
1.74039
1.74169
1.73975
1.73877
1.74041
1.73951
1.73805
1.73868
1.73823
1.73772
1.73714
1.73747
1.73692
1.73694
1.73667
1.73641
1.73495
1.73425
1.73452
1.73482
1.73341
1.73385
1.73323
1.73282
1.73308
1.73179
1.7309
1.73145
1.73105
1.73046
1.73092
1.73038
1.73071
1.72957
1.73019
1.72903
1.72836
1.72861
1.72801
1.7281
1.72742
1.72801
1.72658
1.72729
1.72717
1.72727
1.72604
1.72551
1.72647
=======
1.88921
1.88931
1.88761
1.71534
1.69779
1.68751
1.6804
1.6753
1.67156
1.66862
1.66646
1.66666
1.66642
1.66503
1.66359
1.66284
1.66224
1.6617
1.66135
1.66112
>>>>>>> c38c8a150a11d5187ab8fba262387f3b6cdbe801
