      65
     306
    1176
    2411
    3537
    5111
    7091
    8941
   12441
   14670
   18191
   21399
   26488
   28916
   36412
   38893
   45478
   50836
   58655
   64500
   67703
   72502
   80024
   87501
   94327
  104338
  114069
  123699
  129885
  139386
  144649
  155785
  171545
  178206
  189552
  198361
  203698
  219991
  227261
  247114
  260620
  265336
  283369
  290947
  304389
  323915
  345336
  354189
  372659
  385141
  396140
  411991
  426816
  444247
  458812
  479936
  502300
  501261
  525543
  538183
  563494
  570303
  595536
  613711
  641089
  662073
  670662
  698458
  712603
  743344
  753637
  774368
  791943
  807414
  835656
  852636
  870716
  897405
  916419
  921823
  958407
  983447
  994765
 1031463
 1054840
 1058592
 1091880
 1108042
 1128896
 1161448
 1189321
 1224016
 1222374
 1247777
 1279271
 1298587
 1344051
 1354558
 1375320
 1402914
 1444309
 1462657
 1497162
 1508394
 1549945
 1566106
 1583834
 1623927
 1665418
 1663620
 1692726
 1722298
 1761934
 1792805
 1796838
 1838091
 1854792
 1897113
 1927435
 1933496
 1958228
 2009094
 2022950
 2060358
 2092788
 2116082
 2155966
 2175907
 2186839
 2242684
 2254889
 2292020
 2313727
 2353954
 2382039
 2415827
 2445713
 2452273
 2511469
 2528850
 2557418
 2594779
 2626387
 2639268
 2680839
 2710925
 2743046
 2777964
 2816559
 2846535
 2861174
 2897637
 2918019
 2964920
 2999126
 3028422
 3075608
 3084049
 3126224
 3177733
 3207199
 3248222
 3259717
 3305604
 3349734
 3381026
 3401811
 3472319
 3475302
 3505966
 3568717
 3611846
 3642404
 3700135
 3718867
 3765196
 3782895
 3850251
 3857369
 3911494
 3935655
 3985860
 4001136
 4030744
 4057402
 4110017
 4165037
 4190251
 4244261
 4301799
 4304204
 4362765
 4409618
 4447586
 4480169
 4546982
 4573291
 4602603
 4658383
 4695658
 4724529
 4786151
 4802073
 4909989
 4904034
 4935114
 5003076
 5053150
 5087410
 5130405
 5182681
 5229684
 5250536
 5303351
 5356792
 5379434
 5436457
 5506278
 5559810
 5571498
 5627632
 5687655
 5743217
 5794685
 5832124
 5885333
 5931318
 5950157
 5999830
 6074380
 6126225
 6162906
 6247076
 6252948
 6323017
 6376755
 6438355
 6474808
 6561458
 6583283
 6636666
 6712274
 6752206
 6806062
 6883352
 6937828
 6991716
 7070848
 7133310
 7169355
 7215274
 7264963
 7318401
 7384809
 7447371
 7498247
 7535565
 7644749
 7734699
 7777097
 7841421
 7916107
 7969587
 8059629
 8089522
 8150655
 8283309
 8323192
 8406287
 8462282
 8530369
 8591629
 8672066
 8723584
 8810917
 8869838
 8962035
 9011656
 9083434
 9121470
 9230628
 9292749
 9356822
 9412404
 9532969
 9593608
 9656081
 9703413
 9821592
 9898889
 9946329
10023371
10076711
10162686
10268040
10325904
10376278
10418997
10508302
10621794
10663694
10756316
10857410
10931876
10960929
11064274
11153305
11195986
11302813
11335764
11427327
11495957
11541420
11645419
11709809
11832447
11887763
11990858
12055770
12162899
12234464
12306927
12371715
12472783
12503578
12607398
12676627
12788173
12834598
12887560
12964206
13044433
13128147
13234759
13326762
13330212
13391010
13517252
13569573
13678639
13735188
13803697
13866949
13943278
14012949
14106265
14166500
14243039
14325346
14409139
14452768
14524868
14574846
14674607
14695938
14741270
14796671
14890040
14987672
15093827
15118917
15141814
15204008
15252721
15361230
15425334
15452557
15516447
15559794
15676369
15715974
15826717
15826601
15912290
15895990
16061685
16061035
16060680
16119969
16209899
16221922
16277678
16356101
16407283
16458248
16466306
16506116
16620729
16617449
16642511
16690327
16682207
16802421
16810514
16788806
16882022
16859409
16885446
16945989
17062534
16998545
17090760
17145218
17171634
17146425
17172788
17223258
17227539
17292416
17316921
17316445
17333169
17329657
17394625
17454835
17428526
17418081
17413878
17470653
17451295
17410038
17484238
17442297
17515083
17427510
17455669
17497004
17469606
17443469
17452672
17398044
17396694
17407215
17380047
17374779
17384202
17332983
17361325
17403749
17346760
17265997
17226746
17287762
17193873
17217020
17168031
17113751
17101123
17104590
17065282
17072807
16963288
16954093
16917686
16870219
16853588
16788640
16818774
16775806
16648084
16607950
16568527
16580271
16475933
16396800
16384218
16379584
16317945
16233617
16178328
16098972
16105702
16076418
15994191
15946439
15880236
15805691
15759558
15647936
15535241
15542630
15444562
15362028
15310968
15282488
15162569
15076991
15043182
14978874
14911088
14828863
14750607
14625508
14615600
14507552
14431928
14391827
14302585
14241756
14133153
14011828
13953451
13894657
13772758
13686032
13636437
13568407
13451790
13368745
13237394
13133635
13063718
13023652
12890571
12811570
12700130
12617520
12506249
12397099
12326250
12217259
12152429
12033841
11963634
11888352
11781446
11738859
11645702
11520805
11387444
11320101
11213783
11110487
11003096
10948138
10852445
10716757
10673873
10543860
10441179
10390495
10229978
10138841
10026976
 9951733
 9875365
 9761779
 9644107
 9549103
 9467962
 9388833
 9310322
 9161532
 9009135
 8951680
 8891233
 8746987
 8664370
 8625873
 8512278
 8426717
 8324622
 8246915
 8117519
 8052381
 7958895
 7842515
 7784122
 7693034
 7626480
 7536371
 7406706
 7366427
 7268299
 7159864
 7091986
 6940714
 6921587
 6824349
 6748997
 6639014
 6563952
 6458370
 6358947
 6311141
 6218008
 6136891
 6042542
 5956547
 5879494
 5823353
 5703195
 5634838
 5553785
 5483101
 5405502
 5333321
 5228628
 5166000
 5105767
 5039183
 4961064
 4892575
 4801073
 4746403
 4670331
 4565395
 4513593
 4440698
 4375951
 4328085
 4241574
 4160907
 4089710
 4038522
 3997675
 3917376
 3853304
 3792400
 3724717
 3658709
 3616125
 3550252
 3486046
 3412615
 3364628
 3300546
 3245025
 3189075
 3167090
 3080194
 3014406
 2988840
 2942503
 2882631
 2833799
 2775859
 2717387
 2669625
 2627494
 2549728
 2530662
 2475128
 2432510
 2400467
 2334632
 2300781
 2267957
 2215089
 2191215
 2126115
 2093862
 2047651
 2009778
 1965867
 1926207
 1898884
 1848700
 1810534
 1772180
 1741366
 1703415
 1659707
 1635132
 1599660
 1546334
 1531164
 1504253
 1465597
 1446351
 1400574
 1374098
 1348955
 1322188
 1289233
 1269268
 1234595
 1214008
 1184060
 1173701
 1130144
 1108634
 1071021
 1055862
 1023307
 1010676
  986497
  967109
  937115
  925067
  899272
  888283
  862725
  832841
  808569
  798924
  779612
  759777
  744654
  718395
  701632
  688035
  658506
  650530
  641403
  616133
  605419
  597635
  577078
  565658
  549636
  542512
  520727
  511981
  486038
  473672
  467474
  449778
  444110
  436539
  424865
  411888
  401337
  387713
  374555
  366456
  357603
  351157
  332858
  328079
  314276
  309447
  297983
  292099
  286390
  281418
  268344
  261267
  256536
  247328
  239294
  235838
  224159
  215305
  216017
  206722
  196031
  188393
  188635
  179413
  175818
  174749
  163818
  159849
  156039
  155000
  144818
  145362
  138574
  135719
  134862
  132845
  121999
  125791
  118542
  109525
  106452
  110644
  102199
   99910
   91264
   92834
   91747
   89703
   85084
   81547
   79514
   80903
   75277
   71450
   71888
   67009
   65956
   63238
   61239
   59560
   57416
   55449
   52726
   53605
   50479
   50263
   48025
   44866
   45115
   42860
   40652
   39335
   39238
   38605
   39047
   35679
   31504
   32168
   28791
   29928
   27996
   29548
   26472
   26452
   24645
   24156
   22601
   23737
   20316
   20894
   19830
   17358
   18591
   17068
   16370
   16795
   15259
   15352
   12894
   13024
   12489
   12468
   11678
   10048
   10788
   10606
   11393
   10907
    9996
    9979
    9277
    9177
    9013
    8460
    7913
    9028
    7259
    6623
    7151
    7088
    6424
    6161
    5232
    5236
    4477
    5357
    4594
    4715
    4220
    4351
    3495
    3493
    2982
    3897
    2951
    2740
    2654
    3612
    2471
    3275
    2653
    3052
    3157
    2662
    2353
    2149
    2575
    2872
    2223
    1970
    2542
    2652
    1845
    1687
    1933
    1697
    1676
    2001
    1863
    1854
    1638
    2332
    1707
    1511
    1393
    1597
    1058
    1834
     927
    1629
    1124
    1435
    1319
     779
    1246
     921
     938
    1011
     649
     740
     833
     900
     628
     553
     382
     636
     542
     516
     458
     120
     197
     464
     497
     292
     284
     274
     140
     166
     129
     253
     283
      30
      81
      62
     208
     134
      28
      58
     227
     144
       4
      78
      75
      28
      32
       0
      61
      83
     215
      31
      61
      13
     148
     237
      73
       0
      57
     162
      41
      44
       9
      54
      37
       6
       2
      23
      55
      37
       0
      50
       0
      22
       0
       0
      61
       0
       0
      13
      16
      44
      50
      23
       0
       1
      39
       0
       0
      30
     105
      29
      15
      16
       1
      14
       0
       0
      15
       0
       0
       0
       0
       0
       0
       0
       0
       0
       0
       0
       0
       0
       0
       0
       0
       0
       0
       0
       0
       0
       0
       0
       0
       0
       0
       0
       0
       0
       0
       0
       0
       0
       0
       0
       0
       0
       0
       0
       0
       0
       0
       0
       0
       0
       0
       0
       0
       0
       0
       0
       0
       0
       0
       0
       0
       0
       0
       0
       0
       0
       0
       0
       0
       0
       0
       0
       0
       0
       0
       0
       0
       0
       0
       0
       0
       0
       0
       0
       0
       0
       0
       0
       0
       0
       0
       0
       0
       0
       0
       0
       0
       0
       0
       0
       0
       0
       0
       0
       0
       0
       0
       0
       0
       0
       0
       0
       0
       0
       0
       0
       0
       0
       0
       0
       0
       0
       0
       0
       0
       0
       0
       0
       0
       0
       0
       0
       0
       0
       0
       0
       0
       0
       0
       0
       0
       0
       0
       0
       0
       0
       0
       0
       0
       0
       0
       0
       0
       0
       0
       0
       0
       0
       0
       0
       0
       0
       0
       0
       0
       0
       0
       0
       0
       0
       0
       0
       0
       0
       0
       0
       0
       0
       0
       0
       0
       0
       0
       0
       0
       0
       0
       0
       0
       0
       0
       0
       0
       0
       0
       0
       0
       0
       0
       0
       0
       0
       0
       0
       0
       0
       0
       0
       0
       0
       0
       0
       0
       0
       0
       0
       0
       0
       0
       0
       0
       0
       0
       0
       0
       0
       0
       0
       0
       0
       0
       0
       0
       0
       0
       0
       0
       0
       0
       0
       0
       0
       0
       0
       0
       0
       0
       0
       0
       0
       0
       0
       0
       0
       0
       0
       0
       0
       0
       0
       0
       0
       0
       0
       0
       0
       0
       0
       0
       0
       0
       0
       0
       0
       0
       0
       0
       0
       0
       0
       0
       0
       0
       0
       0
       0
       0
       0
       0
       0
       0
       0
       0
       0
       0
       0
       0
       0
       0
       0
       0
       0
       0
       0
       0
       0
       0
       0
       0
       0
       0
       0
       0
       0
       0
       0
       0
       0
       0
       0
       0
       0
       0
       0
       0
       0
       0
       0
       0
       0
       0
       0
       0
       0
       0
       0
       0
       0
       0
       0
       0
       0
       0
       0
       0
       0
       0
       0
       0
       0
       0
       0
       0
       0
       0
       0
       0
       0
       0
       0
       0
       0
       0
       0
       0
       0
       0
       0
       0
       0
       0
       0
       0
       0
       0
       0
       0
       0
       0
       0
       0
       0
       0
       0
       0
       0
       0
       0
       0
       0
       0
       0
       0
       0
       0
       0
       0
       0
       0
       0
       0
       0
       0
       0
       0
       0
       0
       0
       0
       0
       0
       0
       0
       0
       0
       0
       0
       0
       0
       0
       0
       0
       0
       0
       0
       0
       0
       0
       0
       0
       0
       0
       0
       0
       0
       0
       0
       0
       0
       0
       0
       0
       0
       0
       0
       0
       0
       0
       0
       0
       0
       0
       0
       0
       0
       0
       0
       0
       0
       0
       0
       0
       0
       0
       0
       0
       0
       0
       0
       0
       0
       0
       0
       0
       0
       0
       0
       0
       0
       0
       0
       0
       0
       0
       0
       0
       0
       0
       0
       0
       0
       0
       0
       0
       0
       0
       0
       0
       0
       0
       0
       0
       0
       0
       0
       0
       0
       0
       0
       0
       0
       0
       0
       0
       0
       0
       0
       0
       0
       0
       0
       0
       0
       0
       0
       0
       0
       0
       0
       0
       0
       0
       0
       0
       0
       0
       0
       0
       0
       0
       0
       0
       0
       0
       0
       0
       0
       0
       0
       0
       0
       0
       0
       0
       0
       0
       0
       0
       0
       0
       0
       0
       0
       0
       0
       0
       0
       0
       0
       0
       0
       0
       0
       0
       0
       0
       0
       0
       0
       0
       0
       0
       0
       0
       0
       0
       0
       0
       0
       0
       0
       0
       0
       0
       0
       0
       0
       0
       0
       0
       0
       0
       0
       0
       0
       0
       0
       0
       0
       0
       0
       0
       0
       0
       0
       0
       0
       0
       0
       0
       0
       0
       0
       0
       0
       0
       0
       0
       0
       0
       0
       0
       0
       0
       0
       0
       0
       0
       0
       0
       0
       0
       0
       0
       0
       0
       0
       0
       0
       0
       0
       0
       0
       0
       0
       0
       0
       0
       0
       0
       0
       0
       0
       0
       0
       0
       0
       0
       0
       0
       0
       0
       0
       0
       0
       0
       0
       0
       0
       0
       0
       0
       0
       0
       0
       0
       0
       0
       0
       0
       0
       0
       0
       0
       0
       0
       0
       0
       0
       0
       0
       0
       0
       0
       0
       0
       0
       0
       0
       0
       0
       0
       0
       0
       0
       0
       0
       0
       0
       0
       0
       0
       0
       0
       0
       0
       0
       0
       0
       0
       0
       0
       0
       0
       0
       0
       0
       0
       0
       0
       0
       0
       0
       0
       0
       0
       0
       0
       0
       0
       0
       0
       0
       0
       0
       0
       0
       0
       0
       0
       0
       0
       0
       0
       0
       0
       0
       0
       0
       0
       0
       0
       0
       0
       0
       0
       0
       0
       0
       0
       0
       0
       0
       0
       0
       0
       0
       0
       0
       0
       0
       0
       0
       0
       0
       0
       0
       0
       0
       0
       0
       0
       0
       0
       0
       0
       0
       0
       0
       0
       0
       0
       0
       0
       0
       0
       0
       0
       0
       0
       0
       0
       0
       0
       0
       0
       0
       0
       0
       0
       0
       0
       0
       0
       0
       0
       0
       0
       0
       0
       0
       0
       0
       0
       0
       0
       0
       0
       0
       0
       0
       0
       0
       0
       0
       0
       0
       0
       0
       0
       0
       0
       0
       0
       0
       0
       0
       0
       0
       0
       0
       0
       0
       0
       0
       0
       0
       0
       0
       0
       0
       0
       0
       0
       0
       0
       0
       0
       0
       0
       0
       0
       0
       0
       0
       0
       0
       0
       0
       0
       0
       0
       0
       0
       0
       0
       0
       0
       0
       0
       0
       0
       0
       0
       0
       0
       0
       0
       0
       0
       0
       0
       0
       0
       0
       0
       0
       0
       0
       0
       0
       0
       0
       0
       0
       0
       0
       0
       0
       0
       0
       0
       0
       0
       0
       0
       0
       0
       0
       0
       0
       0
       0
       0
       0
       0
       0
       0
       0
       0
       0
       0
       0
       0
       0
       0
       0
       0
       0
       0
       0
       0
       0
       0
       0
       0
       0
       0
       0
       0
       0
       0
       0
       0
       0
       0
       0
       0
       0
       0
       0
       0
       0
       0
       0
       0
       0
       0
       0
       0
       0
       0
       0
       0
       0
       0
       0
       0
       0
       0
       0
       0
       0
       0
       0
       0
       0
       0
       0
       0
       0
       0
       0
       0
       0
       0
       0
       0
       0
       0
       0
       0
       0
       0
       0
       0
       0
       0
       0
       0
       0
       0
       0
       0
       0
       0
       0
       0
       0
       0
       0
       0
       0
       0
       0
       0
       0
       0
       0
       0
       0
       0
       0
       0
       0
       0
       0
       0
       0
       0
       0
       0
       0
       0
       0
       0
       0
       0
       0
       0
       0
       0
       0
       0
       0
       0
       0
       0
       0
       0
       0
       0
       0
       0
       0
       0
       0
       0
       0
       0
       0
       0
       0
       0
       0
       0
       0
       0
       0
       0
       0
       0
       0
       0
       0
       0
       0
       0
       0
       0
       0
       0
       0
       0
       0
       0
       0
       0
       0
       0
       0
       0
       0
       0
       0
       0
       0
       0
       0
       0
       0
       0
       0
       0
       0
       0
       0
       0
       0
       0
       0
       0
       0
       0
       0
       0
       0
       0
       0
       0
       0
       0
       0
       0
       0
       0
       0
       0
       0
       0
       0
       0
       0
       0
       0
       0
       0
       0
       0
       0
       0
       0
       0
       0
       0
       0
       0
       0
       0
       0
       0
       0
       0
       0
       0
       0
       0
       0
       0
       0
       0
       0
       0
       0
       0
       0
       0
       0
       0
       0
       0
       0
       0
       0
       0
       0
       0
       0
       0
       0
       0
       0
       0
       0
       0
       0
       0
       0
       0
       0
       0
       0
       0
       0
       0
       0
       0
       0
       0
       0
       0
       0
       0
       0
       0
       0
       0
       0
       0
       0
       0
       0
       0
       0
       0
       0
       0
       0
       0
       0
       0
       0
       0
       0
       0
       0
       0
       0
       0
       0
       0
       0
       0
       0
       0
       0
       0
       0
       0
       0
       0
       0
       0
       0
       0
       0
       0
       0
       0
       0
       0
       0
       0
       0
       0
       0
       0
       0
       0
       0
       0
       0
       0
       0
       0
       0
       0
       0
       0
       0
       0
       0
       0
       0
       0
       0
       0
       0
       0
       0
       0
       0
       0
       0
       0
       0
       0
       0
       0
       0
       0
       0
       0
       0
       0
       0
       0
       0
       0
       0
       0
       0
       0
       0
       0
       0
       0
       0
       0
       0
       0
       0
       0
       0
       0
       0
       0
       0
       0
       0
       0
       0
       0
       0
       0
       0
       0
       0
       0
       0
       0
       0
       0
       0
       0
       0
       0
       0
       0
       0
       0
       0
       0
       0
       0
       0
       0
       0
       0
       0
       0
       0
       0
       0
       0
       0
       0
       0
       0
       0
       0
       0
       0
       0
       0
       0
       0
       0
       0
       0
       0
       0
       0
       0
       0
       0
       0
       0
       0
       0
       0
       0
       0
       0
       0
       0
       0
       0
       0
       0
       0
       0
       0
       0
       0
       0
       0
       0
       0
       0
       0
       0
       0
       0
       0
       0
       0
       0
       0
       0
       0
       0
       0
       0
       0
       0
       0
       0
       0
       0
       0
       0
       0
       0
       0
       0
       0
       0
       0
       0
       0
       0
       0
       0
       0
       0
       0
       0
       0
       0
       0
       0
       0
       0
       0
       0
       0
       0
       0
       0
       0
       0
       0
       0
       0
       0
       0
       0
       0
       0
       0
       0
       0
       0
       0
       0
       0
       0
       0
       0
       0
       0
       0
       0
       0
       0
       0
       0
       0
       0
       0
       0
       0
       0
       0
       0
       0
       0
       0
       0
       0
       0
       0
       0
       0
       0
       0
       0
       0
       0
       0
       0
       0
       0
       0
       0
       0
       0
       0
       0
       0
       0
       0
       0
       0
       0
       0
       0
       0
       0
       0
       0
       0
       0
       0
       0
       0
       0
       0
       0
       0
       0
       0
       0
       0
       0
       0
       0
       0
       0
       0
       0
       0
       0
       0
       0
       0
       0
       0
       0
       0
       0
       0
       0
       0
       0
       0
       0
       0
       0
       0
       0
       0
       0
       0
       0
       0
       0
       0
       0
       0
       0
       0
       0
       0
       0
       0
       0
       0
       0
       0
       0
       0
       0
       0
       0
       0
       0
       0
       0
       0
       0
       0
       0
       0
       0
       0
       0
       0
       0
       0
       0
       0
       0
       0
       0
       0
       0
       0
       0
       0
       0
       0
       0
       0
       0
       0
       0
       0
       0
       0
       0
       0
       0
       0
       0
       0
       0
       0
       0
       0
       0
       0
       0
       0
       0
       0
       0
       0
       0
       0
       0
       0
       0
       0
       0
       0
       0
       0
       0
       0
       0
       0
       0
       0
       0
       0
       0
       0
       0
       0
       0
       0
       0
       0
       0
       0
       0
       0
       0
       0
       0
       0
       0
       0
       0
       0
       0
       0
       0
       0
       0
       0
       0
       0
       0
       0
       0
       0
       0
       0
       0
       0
       0
       0
       0
       0
       0
       0
       0
       0
       0
       0
       0
       0
       0
       0
       0
       0
       0
       0
       0
       0
       0
       0
       0
       0
       0
       0
       0
       0
       0
       0
       0
       0
       0
       0
       0
       0
       0
       0
       0
       0
       0
       0
       0
       0
       0
       0
       0
       0
       0
       0
       0
       0
       0
       0
       0
       0
       0
       0
       0
       0
       0
       0
       0
       0
       0
       0
       0
       0
       0
       0
       0
       0
       0
       0
       0
       0
       0
       0
       0
       0
       0
       0
       0
       0
       0
       0
       0
       0
       0
       0
       0
       0
       0
       0
       0
       0
       0
       0
       0
       0
       0
       0
       0
       0
       0
       0
       0
       0
       0
       0
       0
       0
       0
       0
       0
       0
       0
       0
       0
       0
       0
       0
       0
       0
       0
       0
       0
       0
       0
       0
       0
       0
       0
       0
       0
       0
       0
       0
       0
       0
       0
       0
       0
       0
       0
       0
       0
       0
       0
       0
       0
       0
       0
       0
       0
       0
       0
       0
       0
       0
       0
       0
       0
       0
       0
       0
       0
       0
       0
       0
       0
       0
       0
       0
       0
       0
       0
       0
       0
       0
       0
       0
       0
       0
       0
       0
       0
       0
       0
       0
       0
       0
       0
       0
       0
       0
       0
       0
       0
       0
       0
       0
       0
       0
       0
       0
       0
       0
       0
       0
       0
       0
       0
       0
       0
       0
       0
       0
       0
       0
       0
       0
       0
       0
       0
       0
       0
       0
       0
       0
       0
       0
       0
       0
       0
       0
       0
       0
       0
       0
       0
       0
       0
       0
       0
       0
       0
       0
       0
       0
       0
       0
       0
       0
       0
       0
       0
       0
       0
       0
       0
       0
       0
       0
       0
       0
       0
       0
       0
       0
       0
       0
       0
       0
       0
       0
       0
       0
       0
