19.9037
19.8191
19.8192
19.7512
19.7184
19.6532
19.5929
19.5863
19.5402
19.482
19.4655
19.4523
19.4402
19.3875
19.3446
19.3158
19.2952
19.2776
19.2449
19.2195
19.2052
19.1858
19.1699
19.1587
19.1571
19.1477
19.1158
19.1127
19.1047
19.0849
19.0825
19.0905
19.0985
19.0977
19.0838
19.0869
19.0836
19.0882
19.0896
19.0894
19.0917
19.0998
19.1008
19.0871
19.075
19.0709
19.1023
19.102
19.0931
19.0776
19.0959
19.0696
19.0842
19.0876
19.0786
19.0814
19.0836
19.082
19.0784
19.0817
19.0742
19.0796
19.0745
19.0766
19.0731
19.0779
19.0735
19.077
19.0668
19.0605
19.0557
19.0675
19.0692
19.0514
19.0572
19.0583
19.0594
19.0712
19.0615
19.0534
19.0673
19.045
19.0616
19.0552
19.0674
19.059
19.0431
19.0573
19.0604
19.0513
19.0478
19.0496
19.0482
19.0474
19.0434
19.0489
19.0416
19.0377
19.0471
19.0365
19.039
19.0356
19.0458
19.0304
19.0532
19.036
19.0378
19.0389
19.0437
19.0353
19.025
19.0354
19.044
19.0344
19.0341
19.0274
19.0329
19.0231
19.0261
19.0232
19.0248
19.0134
19.0288
19.0255
19.0179
19.0326
19.0202
19.0196
19.0185
19.0277
19.017
19.0078
19.0183
19.0104
19.0126
19.0172
19.0024
19.0065
19.0018
19.0074
19.0084
19.0014
18.9975
19.0042
19.0038
19.001
19.0002
18.9975
18.9957
18.9989
18.9973
19.0054
19.0042
18.9934
19.0019
19.0053
18.999
18.9955
18.9966
18.9937
18.997
18.9939
19.0004
18.994
18.9955
18.9921
18.9947
18.9873
18.9895
18.9929
18.9878
18.9905
18.9857
18.9859
18.99
18.9851
18.9897
18.9849
18.9849
18.9905
18.981
18.9854
18.9858
18.9858
18.9827
18.9862
18.9877
18.9839
18.981
18.9863
18.9857
18.9761
18.9808
18.9794
18.9862
18.9825
18.9859
18.981
18.9833
18.9809
18.9836
18.9798
18.9812
18.9824
18.9822
18.9848
18.9795
18.9799
18.9857
18.981
18.9786
18.9782
18.981
18.9785
18.9799
18.9778
18.9771
18.9797
18.9752
18.9759
18.9812
18.9802
18.9823
18.9801
18.9754
18.9775
18.9771
18.9741
18.9792
18.9777
18.9778
18.9788
18.9787
18.9775
18.9787
18.9813
18.9737
18.974
18.9726
18.9766
18.9788
18.9766
18.9721
18.9782
18.9775
18.9776
18.9802
18.9736
18.9801
18.9773
18.9764
18.9763
18.9775
18.9743
18.9821
18.976
18.9798
18.9743
18.9794
18.9773
18.9747
18.9756
18.9789
18.9767
18.9771
18.9817
18.977
18.9746
18.9736
18.9774
18.9775
18.9743
18.973
18.9761
18.9778
18.9766
18.9775
18.9779
18.9773
18.9789
18.9748
18.9743
18.9727
18.9781
18.9777
18.9774
18.9768
18.9728
18.9787
18.9765
18.9798
18.972
18.9735
18.9823
18.9781
18.9747
18.9821
18.9786
18.9789
18.9723
18.9751
18.9775
18.9787
18.9664
18.9773
18.9744
18.9798
18.9818
18.978
18.9787
18.9779
18.973
18.9809
18.9758
18.9788
18.9785
18.9729
18.9758
18.9765
18.9804
18.9739
18.9765
18.9808
18.9744
18.975
18.9787
18.9727
18.9773
18.9741
18.9731
18.9732
18.9747
18.9766
18.976
18.9696
18.9755
18.9734
18.9759
18.9745
18.9767
18.9718
18.9748
18.9702
18.9759
18.9693
18.9755
18.9762
18.972
18.9775
18.9802
18.9726
18.9754
18.9758
18.971
18.9724
18.9732
18.974
18.9774
18.9766
18.9779
18.977
18.9781
18.9729
18.9755
18.9758
18.9759
18.9815
18.9765
18.976
18.9762
18.9756
18.9756
18.9764
18.9768
18.974
18.9789
18.971
18.9794
18.9804
18.9741
18.9731
18.9762
18.9724
18.9753
18.9808
18.976
18.9754
18.979
18.9765
18.9794
18.9758
18.9719
18.974
18.9734
18.977
18.9784
18.9799
18.9735
18.9739
18.9736
18.9763
18.9729
18.9722
18.9775
18.9794
18.9787
18.9713
18.9747
18.9709
18.9743
18.9781
18.9723
18.9749
18.9771
18.9769
18.9702
18.9774
18.9728
18.9758
18.9744
18.9787
18.9747
18.9799
18.977
18.975
18.9745
18.9765
18.9753
18.9733
18.9782
18.9729
18.9772
18.9768
18.9743
18.9758
18.9772
18.9722
18.9719
18.9742
18.9748
18.9772
18.9733
18.9776
18.9763
18.9733
18.9751
18.9781
18.9753
18.9773
18.9756
18.9775
18.9774
18.9759
18.9794
18.9768
18.9767
18.9734
18.9759
18.9764
18.9784
18.9738
18.9728
18.977
18.9781
18.9752
18.9762
18.9756
18.9733
18.9729
18.9766
18.9761
18.9728
18.9723
18.9762
18.9741
18.9763
18.978
18.9764
18.9773
18.9751
18.9769
18.9701
18.9731
18.9744
18.977
18.9756
18.9723
18.9724
18.9705
18.972
18.9794
18.9798
18.9735
18.9754
18.9735
18.9727
18.9779
18.976
18.9756
18.9783
18.9757
18.976
18.9772
18.976
18.9749
18.9784
18.9732
18.9802
18.9745
18.9771
18.9791
18.9748
18.9771
18.9763
18.9793
18.9772
18.9765
18.9744
18.9769
18.9739
18.973
18.9819
18.977
18.9755
18.9757
18.9753
18.977
18.9761
18.9755
18.9748
18.9749
18.9739
18.976
18.9718
18.9781
18.9742
18.9759
18.9808
18.9777
18.9776
18.9768
18.9753
18.9731
18.9722
18.9754
18.9764
18.9782
18.9726
18.9741
18.9751
18.9784
18.974
18.9751
18.9763
18.9722
18.9769
18.9715
18.9711
18.9752
18.9761
18.9744
18.977
18.9759
18.9745
18.9747
18.9791
18.9746
18.9771
18.977
18.9749
18.9752
18.9765
18.9747
18.9737
18.9765
18.9727
18.9762
18.9762
18.9754
18.9749
18.9805
18.9754
18.9806
18.9783
18.9744
18.9775
18.9776
18.9758
18.9734
18.9776
18.9744
18.9758
18.9763
18.9805
18.9757
18.975
18.977
18.9773
18.9757
18.9736
18.9773
18.9727
18.9719
18.9743
18.978
18.9757
18.9764
18.9692
18.9807
18.9744
18.9797
18.9791
18.9753
18.9755
18.9766
18.9706
18.9714
18.9722
18.9739
18.9803
18.9739
18.976
18.9733
18.9746
18.9839
18.9763
18.9845
18.9747
18.9782
18.972
18.9706
18.9757
18.9733
18.9776
18.9732
18.9739
18.9782
18.9764
18.9769
18.9742
18.9722
18.977
18.9721
18.9727
18.9764
18.9735
18.9743
18.9746
18.9749
18.9817
18.976
18.9704
18.9683
18.9756
18.9757
18.9769
18.9716
18.9787
18.9761
18.9774
18.9757
18.9781
18.977
18.9739
18.9733
18.9745
18.9731
18.9749
18.975
18.9736
18.9766
18.976
18.9758
18.9708
18.9733
18.9774
18.9737
18.9763
18.9747
18.9797
18.9769
18.9778
18.9782
18.9765
18.9726
18.9766
18.9779
18.9784
18.9832
18.9816
18.9756
18.973
18.9775
18.976
18.9759
18.973
18.9732
18.9799
18.9754
18.974
18.9781
18.9772
18.9734
18.9739
18.9742
18.976
18.9801
18.9773
18.977
18.9781
18.9704
18.9761
18.977
18.9802
18.9771
18.9726
18.9758
18.9725
18.9755
18.9757
18.9699
18.9722
18.9752
18.9772
18.9774
18.974
18.9751
18.976
18.9754
18.9717
18.9815
18.9762
18.9768
18.9768
18.978
18.9738
18.9808
18.9802
18.9758
18.9776
18.9712
18.9769
18.9729
18.9765
18.9744
18.9816
18.9714
18.9754
18.9785
18.9761
18.979
18.9774
18.9744
18.9748
18.9688
18.9749
18.9776
18.9705
18.974
18.9781
18.9698
18.9756
18.9776
18.9756
18.9754
18.9755
18.9745
18.9745
18.9725
18.9793
18.9735
18.9766
18.9763
18.9745
18.9781
18.9736
18.975
18.9715
18.9803
18.9756
18.9738
18.9791
18.9796
18.9768
18.9744
18.9721
18.9737
18.9767
18.9753
18.9764
18.9768
18.9811
18.9765
18.9709
18.9754
18.9811
18.9801
18.974
18.9748
18.9789
18.9735
18.9798
18.9701
18.9763
18.9773
18.9737
18.9734
18.9765
18.9764
18.9746
18.9739
18.9733
18.9726
18.9765
18.9783
18.975
18.9729
18.976
18.9788
18.9761
18.9744
18.9787
18.978
18.9746
18.9766
18.9751
18.9737
18.9727
18.9768
18.9741
18.9764
18.975
18.9745
18.9735
18.9724
18.9815
18.9748
18.9758
18.9758
18.9719
18.974
18.9754
18.9739
18.9715
18.9742
18.9745
18.9788
18.9717
18.9765
18.978
18.9771
18.9771
18.977
18.9789
18.975
18.9767
18.9793
18.9716
18.9788
18.9738
18.9744
18.9752
18.9708
18.9768
18.9773
18.9743
18.9766
18.9789
18.9765
18.9735
18.978
18.9768
18.9718
18.9712
18.9746
18.9788
18.9768
18.9695
18.9735
18.9748
18.9792
18.9803
18.9759
18.9714
18.9739
18.9781
18.9726
18.9781
18.9743
18.9768
18.9724
18.9753
18.9781
18.9755
18.9721
18.9802
18.9772
18.9772
18.976
18.9801
18.981
18.9749
18.9722
18.9717
18.9742
18.9788
18.9742
18.9741
18.9757
18.973
18.9698
18.9788
18.9742
18.9754
18.9732
18.9758
18.9781
18.9771
18.9748
18.9753
18.9742
18.9751
18.9766
18.9774
18.9727
18.9737
18.9797
18.9736
18.9792
18.9755
18.9747
18.9735
18.9786
18.97
18.9753
18.9751
18.9745
18.9709
18.9734
18.971
18.9752
18.9747
18.9782
18.9712
18.9732
18.9777
18.9746
18.9767
18.9744
18.9777
18.975
18.9774
18.9733
18.9775
18.9787
18.973
18.972
18.9735
18.9761
18.9749
18.9739
18.9736
18.9709
18.9798
18.9771
18.9786
18.9743
18.9739
18.9779
18.9745
18.981
18.9747
18.9682
18.9767
18.9756
18.9756
18.9723
18.9787
18.9748
18.977
18.9731
18.9773
18.9769
18.9788
18.9733
18.9771
18.9768
18.9722
18.9765
18.9745
18.9761
18.9751
18.9767
18.9755
18.975
18.9762
18.9753
18.9755
18.9756
18.9759
