322.628
312.694
310.736
308.928
308.955
308.575
308.548
308.274
308.712
308.379
307.926
307.982
308.808
308.343
307.937
307.46
308.473
308.245
308.184
307.431
306.791
308.249
307.877
307.523
307.563
307.565
306.792
307.863
306.75
307.273
306.57
306.887
306.826
306.68
306.387
306.425
306.404
306.476
306.073
305.742
305.678
306.194
305.362
306.08
305.706
305.532
305.035
305.644
305.232
305.616
304.841
304.908
305.095
304.998
305.128
305.346
305.03
304.377
304.393
304.099
304.317
304.329
304.363
304.591
304.272
304.961
304.554
303.988
303.854
304.521
303.688
304.085
303.283
303.34
303.719
303.093
303.076
302.906
302.6
302.697
302.303
302.97
302.905
302.345
302.147
302.656
302.32
302.239
301.887
302.211
302.597
301.718
302.395
301.269
301.097
301.471
300.84
301.256
301.344
300.908
301.21
300.237
300.684
300.474
300.096
300.232
300.473
299.916
300.426
299.597
299.938
300.128
298.75
299.488
299.965
299.498
299.4
299.544
299.834
299.006
298.89
299.361
298.724
299.037
298.931
298.854
299.021
298.816
298.603
298.527
297.941
298.664
298.056
297.534
297.664
297.608
297.949
297.317
297.721
296.54
296.991
297.151
297.145
297.368
297.145
296.645
297.018
296.713
295.931
296.901
296.913
296.312
296.346
295.78
295.785
295.544
295.496
295.896
296.022
295.71
295.805
295.498
295.949
295.661
295.303
295.687
294.845
294.544
294.554
294.863
294.414
294.944
294.444
295.162
294.365
293.801
294.244
294.176
293.973
294.27
293.863
293.518
294.038
293.797
293.343
293.747
293.174
293.887
293.085
292.853
293.426
293.323
293.062
292.944
292.55
293.154
292.797
292.799
292.098
292.56
292.097
292.313
292.475
292.379
292.228
291.816
292.126
291.767
291.928
291.656
292.027
291.877
291.461
291.342
291.207
291.361
290.848
291.646
290.966
290.981
291.222
291.062
290.572
290.978
290.409
290.877
290.515
290.078
290.303
289.818
290.109
290.132
290.125
289.795
289.51
289.761
290.026
290.291
290.09
289.851
290.158
289.592
289.35
289.803
289.336
288.864
289.33
289.287
288.922
288.844
289.173
289.274
289.25
289.159
288.803
288.58
288.629
288.513
288.53
288.164
288.376
288.543
288.178
288.452
288.495
288.127
288.065
288.24
288.108
287.916
287.762
287.96
287.593
287.785
287.358
287.799
287.286
287.466
287.198
287.078
287.546
287.152
287.07
287.282
286.671
286.973
286.83
286.947
286.72
286.447
286.828
286.556
286.516
285.881
286.803
286.601
286.085
286.493
286.544
286.142
286.259
286.052
286.317
286.094
286.378
285.709
285.376
285.952
285.741
285.439
284.99
285.777
285.835
285.144
285.391
285.465
284.898
284.836
284.879
284.977
284.539
284.909
285.434
284.697
285.07
285.265
284.821
284.586
284.901
284.766
284.944
284.425
284.441
284.713
284.546
284.7
284.357
284.379
284.474
284.148
284.102
284.048
283.844
284.049
284.02
284.111
284.034
284.026
283.924
283.582
283.617
283.813
283.623
283.545
283.365
283.623
283.66
283.409
283.835
283.375
283.309
283.276
282.938
283.012
283.286
282.942
283.21
282.966
282.782
283.229
282.573
283.126
283.366
282.884
282.803
282.747
282.674
282.871
282.867
282.585
282.927
282.663
282.679
282.383
282.508
282.392
282.542
282.29
282.328
282.216
282.375
282.076
282.323
282.371
281.986
282.241
282.5
282.324
282.384
282.061
282.09
281.57
281.682
281.826
281.63
281.861
281.806
282.076
281.951
281.94
281.752
281.849
281.855
281.412
281.724
281.981
281.805
281.611
281.793
281.531
281.568
281.233
281.566
281.717
281.715
281.226
281.441
281.158
281.145
281.176
281.354
281.554
281.031
280.976
281.07
281.25
281.151
280.835
280.99
281.138
280.671
280.954
280.889
280.82
280.938
280.811
281.014
280.896
280.931
280.61
280.658
280.66
281.009
280.908
280.525
280.41
280.953
280.833
280.527
280.557
280.547
280.466
280.609
280.295
280.25
280.386
280.195
280.366
280.222
280.481
280.576
280.173
280.125
280.258
280.382
280.188
279.934
280.137
280.18
280.139
279.948
280.278
279.864
280.172
279.962
280.223
280.211
280.008
280.111
280.169
279.884
279.861
279.915
279.865
279.849
279.836
279.726
279.803
279.625
279.414
279.918
279.739
279.435
279.79
279.973
279.89
279.671
279.366
279.233
279.811
279.469
279.648
279.346
279.537
279.247
279.405
279.349
279.432
279.253
279.244
279.353
279.557
279.3
279.339
279.177
279.215
279.212
279.276
279.274
279.426
279.405
279.109
279.24
279.287
279.263
279.243
278.889
279.228
279.028
278.841
278.872
278.899
279.247
278.991
279.178
278.891
278.98
279.063
278.979
278.784
278.759
278.776
278.895
278.942
278.894
278.778
278.856
278.951
278.86
278.702
278.609
278.905
278.836
278.728
278.803
278.64
278.806
278.673
278.321
278.62
278.579
278.515
278.487
278.443
278.69
278.558
278.52
278.647
278.367
278.602
278.416
278.699
278.237
278.724
278.499
278.287
278.541
278.292
278.5
278.448
278.43
278.246
278.239
278.387
278.158
278.286
278.398
278.267
278.274
278.299
278.34
278.13
278.346
278.287
278.392
278.446
278.364
278.209
278.102
278.359
278.307
278.019
277.995
278.128
278.241
277.777
278.007
277.974
278.11
278.08
278.108
278.101
277.964
278.408
277.978
277.999
278.005
278.109
277.931
278.067
278.023
277.937
278.096
278.168
278.046
278.061
277.997
278.162
277.743
277.794
277.872
277.922
277.707
277.89
277.839
277.73
277.903
277.752
277.92
278.042
277.816
277.865
277.977
277.748
278.08
278
277.927
277.607
277.804
277.889
277.885
277.581
277.636
277.709
277.743
277.687
277.691
277.753
277.734
277.803
277.85
277.727
277.486
277.672
277.537
277.707
277.559
277.707
277.435
277.586
277.638
277.562
277.603
277.53
277.625
277.506
277.707
277.504
277.924
277.68
277.371
277.388
277.468
277.521
277.687
277.464
277.47
277.501
277.39
277.456
277.425
277.451
277.463
277.466
277.433
277.402
277.561
277.456
277.475
277.566
277.078
277.439
277.503
277.603
277.567
277.437
277.268
277.591
277.555
277.328
277.28
277.525
277.459
277.397
277.216
277.34
277.356
277.279
277.24
277.332
277.479
277.271
277.338
277.38
277.176
277.235
277.241
277.236
277.257
277.263
277.454
277.347
277.219
277.411
277.272
277.245
277.186
277.2
277.265
277.198
277.329
277.177
277.158
277.298
277.142
277.239
277.095
277.214
277.279
277.213
277.241
277.218
277.234
277.224
277.253
277.07
277.304
277.289
277.309
277.056
277.004
277.076
277.121
277.116
277.37
277.277
277.265
277.178
277.083
277.391
277.149
276.961
277.286
277.121
277.096
277.182
277.067
277.277
277.031
277.424
276.875
277.09
277.005
277.251
277.184
277.205
276.996
276.989
276.916
276.991
276.953
277.07
276.981
277.043
276.912
277.107
277.071
276.984
277.092
276.964
276.999
277.207
276.939
277.02
276.942
276.97
276.839
276.938
277.027
276.972
277.02
276.944
277.042
277.054
277.013
276.988
276.803
277.141
276.99
276.839
276.873
276.982
276.825
277.039
277.03
276.785
276.841
276.858
276.878
276.883
276.903
277.1
276.749
276.911
276.971
277.082
276.935
276.8
277.037
276.784
276.915
276.957
276.936
277.07
276.922
276.764
276.73
277.015
276.858
276.788
276.708
276.793
277.029
276.906
276.909
276.907
276.952
276.9
276.788
276.774
276.689
276.905
276.76
276.753
276.904
276.845
276.798
276.678
276.712
276.741
276.925
276.635
276.845
276.916
276.814
276.872
276.701
276.72
276.856
276.62
276.881
276.781
276.852
276.788
276.769
276.723
276.566
276.92
276.821
276.754
276.614
276.602
276.897
276.959
276.833
276.866
276.646
276.739
276.828
276.696
276.672
276.834
276.808
276.852
276.821
276.658
276.627
276.694
276.916
276.804
276.62
276.768
276.901
276.681
276.844
276.695
276.795
276.661
276.74
276.659
276.837
276.818
276.759
276.806
276.831
276.571
276.721
276.601
276.752
276.648
276.665
276.77
276.744
276.628
276.599
276.551
276.623
276.517
276.623
276.542
276.785
276.81
276.626
276.689
276.726
276.727
276.594
276.505
276.609
276.597
276.537
276.603
276.61
276.786
276.702
276.53
276.6
276.407
276.634
276.743
276.553
276.663
276.602
276.612
276.656
276.791
276.634
276.625
276.577
276.717
276.559
276.597
276.605
276.496
276.471
276.705
276.723
276.483
276.586
276.633
276.474
276.641
276.621
276.649
276.555
276.584
276.562
276.732
276.604
276.501
276.713
276.592
276.497
276.665
276.668
276.431
276.506
276.473
276.441
276.536
276.606
276.429
276.53
276.538
276.525
276.486
276.502
276.529
276.692
276.618
276.668
276.473
276.422
276.686
276.527
276.582
276.59
276.567
276.606
276.443
276.504
276.483
276.493
276.562
276.612
276.694
276.631
276.47
276.47
276.606
276.597
276.481
276.525
276.483
276.582
276.471
276.289
276.557
276.579
276.475
276.319
276.539
276.63
276.566
276.361
276.601
276.482
276.408
276.56
276.436
276.512
276.297
276.392
276.398
276.524
276.437
276.411
276.397
276.438
276.668
276.559
276.605
276.386
276.325
276.468
276.472
276.519
276.397
276.448
276.628
276.408
276.353
276.46
276.413
276.378
276.517
276.677
276.591
276.449
276.462
276.434
276.596
276.631
276.338
276.469
276.429
276.624
276.501
276.592
276.575
276.514
276.342
276.577
276.429
276.443
276.465
276.51
276.584
276.351
276.411
276.245
276.579
276.431
276.462
276.482
276.58
276.459
276.373
276.198
276.457
276.587
276.361
276.353
276.474
276.425
276.304
276.297
276.385
276.359
276.406
276.471
276.596
276.329
276.539
276.405
276.367
276.384
276.38
276.375
276.418
276.172
276.356
276.413
276.385
276.453
276.34
276.286
276.395
276.423
276.401
276.351
276.415
276.502
276.45
276.451
276.438
276.493
276.456
276.339
276.477
276.441
276.35
276.331
276.389
276.275
276.517
276.307
276.341
276.382
276.428
276.569
276.289
276.276
276.287
276.357
276.527
276.435
276.14
276.406
276.185
276.354
276.396
276.323
276.158
276.35
276.433
276.418
276.199
276.28
276.328
276.319
276.32
276.489
276.415
276.267
276.21
276.313
276.518
276.3
276.356
276.388
276.324
276.312
276.331
276.431
276.355
276.473
276.438
276.271
276.387
276.272
276.371
276.257
276.297
276.352
276.409
276.291
276.373
276.265
276.164
276.049
276.358
276.319
276.307
276.375
276.336
276.343
276.323
276.25
276.447
276.204
276.336
276.454
276.294
276.32
276.314
276.36
276.414
276.354
276.36
276.248
276.35
276.3
276.252
276.349
276.375
276.434
276.376
276.277
276.333
276.382
276.328
276.367
276.319
276.281
276.24
276.398
276.289
276.249
276.556
276.232
276.18
276.37
276.294
276.332
276.267
276.319
276.338
276.27
276.309
276.325
276.276
276.356
276.358
276.258
276.112
276.276
276.239
276.193
276.239
276.443
276.268
276.286
276.147
276.36
276.237
276.246
276.27
276.381
276.3
276.399
276.285
276.1
276.17
276.181
276.26
276.216
276.045
276.321
276.328
276.313
276.244
276.391
276.072
276.13
276.211
276.319
276.287
276.011
276.336
276.237
276.285
276.073
276.254
276.106
276.371
276.417
276.367
276.315
276.274
276.314
276.238
276.211
276.292
276.424
276.234
276.262
276.159
276.462
276.334
276.394
276.233
276.153
276.324
276.276
276.269
276.12
276.164
276.2
276.124
276.364
276.041
276.274
276.314
276.36
276.24
276.153
276.146
276.281
276.323
276.053
276.381
276.244
276.285
276.057
276.204
276.271
276.201
276.266
276.106
276.19
276.352
276.275
276.297
276.333
276.128
276.182
276.378
276.231
276.182
276.276
276.138
276.256
275.963
276.153
276.185
276.276
276.131
276.074
276.179
276.205
276.325
276.124
276.225
276.224
276.288
276.431
276.253
276.263
276.216
275.993
276.044
276.189
276.199
276.011
276.167
276.172
276.252
276.253
276.167
276.199
276.264
276.116
276.259
276.204
276.163
276.265
276.161
276.172
276.149
276.087
276.311
276.254
276.325
276.231
276.127
276.101
276.226
276.014
276.252
276.168
276.09
276.063
276.228
276.218
276.198
276.233
276.227
276.072
276.245
276.032
275.975
276.329
276.051
276.052
276.194
276.079
276.124
276.107
276.19
276.108
276.126
276.124
276.106
276.109
276.078
276.098
276.319
276.179
276.053
276.235
276.07
276.099
276.203
276.272
276.283
276.162
276.034
276.238
276.176
276.114
276.144
276.207
276.153
276.13
276.225
276.074
276.043
276.116
276.172
276.272
276.127
276.222
276.222
276.315
276.13
276.223
276.098
276.051
276.203
276.081
276.145
276.17
276.026
276.005
276.08
276.188
276.009
276.121
276.284
276.195
276.13
276.036
276.25
276.198
276.225
276.248
275.994
276.201
276.201
276.159
276.067
276.149
276.139
276.155
276.142
276.191
276.035
275.91
276.302
276.214
276.264
276.1
276.003
276.233
276.032
276.223
276.031
276.201
276.229
276.184
276.239
276.146
276.119
276.184
276.177
276.166
276.206
275.966
275.997
276.287
276.012
276.229
276.175
276.08
276.178
275.992
276.098
276.333
276.159
276.122
276.111
276.12
276.083
276.019
275.932
276.053
276.129
276.144
276.089
276.15
276.155
276.028
276.101
276.099
276.148
276.079
276.009
275.995
276.257
275.986
275.96
276.13
276.213
276.071
276.019
276.136
276.054
275.949
275.958
276.034
276.081
276.153
276.06
276.008
276.043
276.133
276.245
275.982
276.017
276.127
276.163
276.065
276.062
275.877
276.03
275.982
276.249
276.046
276.054
276.105
275.984
275.987
275.944
276.189
276.161
276.183
276.065
276.191
276.002
276.129
276.131
276.138
276.07
276.121
276.161
276.103
276.073
275.919
276.04
276.076
276.188
276.113
276.002
276.058
275.938
276.076
276.078
275.964
276.117
276.258
276.107
276.099
276.081
275.973
276.079
276.03
276.085
276.012
275.996
276.042
276.072
276.035
276.059
276.046
276.052
275.959
276.061
276.033
275.943
276.053
276.086
276.071
276.145
276.031
276.176
276.052
275.947
275.874
276.053
276.023
276.045
276.014
276.125
276.02
276.099
275.977
276.102
276.067
276.065
276.115
276.031
276.076
275.894
275.956
275.999
276.053
275.996
276.011
276.002
276.027
275.956
275.946
276.122
276.09
275.956
276.005
275.965
275.844
276.122
275.862
276.044
276.035
275.969
275.909
275.942
275.96
276.046
276.165
276.012
276.117
276.082
275.911
276.038
276.078
275.962
275.926
276.014
275.941
276.022
276.214
275.937
275.831
275.98
275.98
275.957
276.104
276.147
276.016
275.967
276.087
276.043
275.919
275.913
275.964
275.872
275.873
275.888
275.845
276.045
275.943
275.942
276.013
276.053
276.091
276.009
275.868
276.061
275.99
275.962
276.147
276.016
275.939
276.117
276.014
275.994
275.988
275.945
276.035
275.968
275.987
276.009
275.841
275.985
276.066
276.106
275.953
276.1
276.055
275.885
276.038
276.039
276.048
276.075
275.991
275.888
275.967
275.807
275.905
275.91
276.04
276.22
275.894
276.01
276.076
276.038
275.911
276.107
276.055
275.997
276.044
275.881
275.826
276.068
275.957
275.964
275.909
275.921
275.922
275.835
275.93
275.975
275.826
275.851
275.983
276.081
275.954
275.954
275.926
276.047
276.019
275.828
276.019
276.086
276.06
275.997
276.003
275.809
275.904
276.162
276.068
276.023
275.899
275.863
275.992
275.797
276.031
275.931
275.991
275.997
275.874
275.972
275.902
276.041
275.91
275.924
275.839
276.062
275.873
275.897
275.904
276.015
275.947
275.957
275.912
275.9
275.772
275.97
275.845
276.021
276.012
275.877
276.001
275.889
275.691
275.911
275.785
275.993
276.01
276.016
275.911
275.997
275.847
275.945
275.957
275.785
275.876
275.852
275.905
276.015
276.023
275.982
275.872
275.827
275.949
275.954
276.04
275.911
275.936
276.057
275.907
275.971
275.948
275.921
275.89
275.98
275.745
275.956
276.024
275.89
275.877
276.08
276.027
276.082
275.902
275.945
275.889
275.907
275.863
275.92
275.786
275.931
275.85
275.823
275.883
275.916
275.936
275.926
275.82
276.015
275.949
275.858
275.869
275.872
275.976
276.004
275.805
275.883
275.887
275.985
275.883
275.861
275.948
275.854
275.813
275.842
275.95
275.946
275.872
275.74
275.774
275.936
275.961
276.022
275.899
275.911
276.017
275.958
275.92
275.957
275.744
275.811
275.867
275.94
275.934
275.842
276.155
275.929
275.942
275.759
275.939
275.762
275.993
275.788
275.991
275.979
275.94
275.97
275.943
275.828
275.993
275.872
275.966
275.89
275.794
275.871
275.881
275.869
275.904
275.809
276.09
275.829
275.897
275.877
275.778
275.817
275.857
275.819
275.887
275.902
275.791
275.841
275.834
275.909
275.923
275.931
275.797
275.932
275.872
275.997
275.854
275.805
275.8
275.805
275.912
275.768
275.91
275.913
275.827
275.688
275.942
275.869
275.938
275.74
275.769
275.744
275.804
275.749
275.845
275.737
276
275.743
275.833
275.806
275.858
275.875
275.828
275.768
275.744
275.915
275.773
275.84
275.857
275.868
276.03
275.789
275.888
275.903
275.942
275.747
275.796
275.934
275.926
275.782
275.89
275.768
275.802
275.748
275.829
275.97
275.917
275.81
275.745
275.731
275.898
275.742
275.835
275.793
275.823
275.807
275.911
275.958
275.862
275.795
275.895
275.927
275.913
275.863
275.729
275.775
275.765
275.827
275.791
275.743
275.813
275.855
275.938
275.892
275.936
275.77
275.746
275.701
275.824
275.749
275.784
275.822
275.75
275.739
275.909
275.832
275.781
275.889
275.718
275.652
275.849
275.635
275.816
275.95
275.869
275.762
275.83
275.779
276.039
275.844
275.906
275.886
275.871
275.783
275.728
275.936
275.871
275.917
275.741
275.729
275.796
275.742
275.689
275.888
275.822
275.88
275.857
275.952
275.891
275.865
275.641
275.844
275.856
275.859
275.842
275.954
275.744
275.816
275.874
275.68
275.818
275.733
275.706
275.759
275.89
275.864
275.903
275.802
275.699
275.721
275.874
275.771
275.717
275.71
275.756
275.794
275.848
275.756
275.811
275.861
275.788
275.762
275.748
275.829
275.816
275.719
275.695
275.88
275.788
275.694
275.74
275.787
275.837
275.724
275.694
275.679
275.741
275.765
275.855
275.759
275.791
275.811
275.73
275.842
275.757
275.597
275.78
275.618
275.766
275.861
275.645
275.857
275.809
275.84
275.671
275.77
275.801
275.735
275.857
275.673
275.881
276.021
275.924
275.843
275.75
275.79
275.806
275.811
275.656
275.892
275.834
275.756
275.853
275.922
275.666
275.766
275.66
275.769
275.788
275.691
275.813
275.81
275.63
275.671
275.722
275.753
275.788
275.737
275.875
275.837
275.765
275.811
275.83
275.654
275.733
275.682
275.817
275.786
275.854
275.709
275.756
275.705
275.736
275.772
275.911
275.717
275.837
275.78
275.782
275.716
275.704
275.866
275.819
275.882
275.651
275.663
275.778
275.617
275.536
275.579
275.573
275.676
275.675
275.749
275.697
275.788
275.744
275.691
275.776
275.648
275.704
275.778
275.6
275.702
275.81
275.769
275.707
275.631
275.732
275.784
275.673
275.747
275.697
275.784
275.793
275.823
275.71
275.71
275.765
275.833
275.498
275.664
275.795
275.788
275.79
275.733
275.824
275.766
275.764
275.518
275.639
275.625
275.695
275.819
275.617
275.7
275.586
275.773
275.672
275.798
275.762
275.714
275.746
275.667
275.565
275.72
275.551
275.65
275.788
275.64
275.79
275.6
275.763
275.684
275.78
275.685
275.753
275.757
275.709
275.619
275.713
275.711
275.747
275.676
275.633
275.748
275.721
275.831
275.648
275.573
275.674
275.559
275.717
275.63
275.661
275.732
275.746
275.634
275.715
275.816
275.751
275.902
275.892
275.802
275.817
275.841
275.698
275.791
275.826
275.683
275.71
275.687
275.703
275.647
275.756
275.664
275.769
275.623
275.782
275.745
275.494
275.767
275.685
275.692
275.699
275.742
275.605
275.661
275.573
275.673
275.782
275.648
275.779
275.731
275.527
275.731
275.785
275.791
275.688
275.718
275.721
275.74
275.746
275.68
275.719
275.711
275.58
275.576
275.677
275.647
275.604
275.665
275.665
275.717
275.771
275.825
275.769
275.711
275.586
275.746
275.616
275.782
275.709
275.674
275.576
275.572
275.587
275.638
275.783
275.813
275.705
275.765
275.508
275.634
275.694
275.617
275.77
275.659
275.783
275.79
275.754
275.76
275.623
275.74
275.524
275.462
275.531
275.521
275.605
275.672
275.605
275.685
275.702
275.643
275.537
275.687
275.674
275.634
275.655
275.643
275.749
275.545
275.6
275.685
275.628
275.697
275.746
275.672
275.499
275.767
275.704
275.656
275.702
275.532
275.592
275.616
275.641
275.681
275.744
275.671
275.758
275.607
275.698
275.637
275.661
275.651
275.655
275.75
275.647
275.617
275.622
275.508
275.645
275.559
275.495
275.661
275.537
275.566
275.614
275.62
275.542
275.669
275.614
275.663
275.675
275.682
275.684
275.661
275.541
275.765
275.51
275.521
275.451
275.628
275.646
275.664
275.718
275.575
275.734
275.673
275.707
275.591
275.634
275.631
275.776
275.696
275.695
275.598
275.675
275.702
275.732
275.77
275.555
275.614
275.59
275.682
275.717
275.686
275.66
275.519
275.713
275.517
275.555
275.703
275.572
275.753
275.516
275.634
275.73
275.696
275.688
275.581
275.714
275.615
275.559
275.638
275.572
275.66
275.568
275.6
275.689
275.598
275.504
275.525
275.733
275.647
275.557
275.63
275.659
275.599
275.716
275.619
275.524
275.61
275.66
275.641
275.531
275.464
275.702
275.611
275.657
275.577
275.635
275.459
275.584
275.631
275.556
275.389
275.649
275.525
275.563
275.52
275.776
275.646
275.632
275.69
275.489
275.534
275.353
275.576
275.532
275.568
275.554
275.564
275.48
275.545
275.712
275.747
275.487
275.63
275.527
275.753
275.603
275.684
275.734
275.49
275.646
275.664
275.65
275.59
275.425
275.619
275.468
275.479
275.421
275.651
275.588
275.537
275.581
275.615
275.637
275.541
275.498
275.544
275.458
275.517
275.534
275.554
275.495
275.648
275.663
275.582
275.582
275.7
275.56
275.744
275.623
275.616
275.592
275.481
275.578
275.551
275.493
275.557
275.515
275.628
275.423
275.587
275.507
275.566
275.584
275.6
275.567
275.482
275.473
275.507
275.526
275.609
275.542
275.544
275.568
275.467
275.676
275.487
275.554
275.431
275.583
275.471
275.594
275.724
275.524
275.546
275.46
275.754
275.439
275.613
275.569
275.615
275.504
275.474
275.402
275.5
275.541
275.54
275.516
275.465
275.489
275.524
275.411
275.577
275.572
275.469
275.549
275.686
275.509
275.498
275.551
275.495
275.598
275.513
275.604
275.673
275.729
275.595
275.549
275.574
275.539
275.533
275.381
275.585
275.579
275.544
275.621
275.381
275.621
275.65
275.507
275.659
275.455
275.455
275.548
275.482
275.48
275.426
275.458
275.551
275.712
275.556
275.632
275.445
275.604
275.519
275.548
275.556
275.523
275.583
275.46
275.597
275.518
275.56
275.728
275.469
275.538
275.351
275.335
275.7
275.652
275.594
275.541
275.588
275.39
275.485
275.423
275.709
275.525
275.593
275.478
275.469
275.507
275.434
275.484
275.534
275.5
275.536
275.636
275.552
275.537
275.327
275.597
275.574
275.582
275.612
275.583
275.566
275.485
275.514
275.51
275.609
275.73
275.536
275.501
275.42
275.586
275.43
275.62
275.546
275.418
275.448
275.452
275.549
275.499
275.644
275.465
275.56
275.434
275.339
275.579
275.431
275.564
275.514
275.59
275.511
275.498
275.47
275.473
275.344
275.558
275.592
275.579
275.547
275.348
275.512
275.515
275.592
275.594
275.401
275.529
275.612
275.439
275.645
275.507
275.683
275.417
275.623
275.379
275.715
275.492
275.607
275.387
275.649
275.383
275.444
275.419
275.511
275.542
275.542
275.622
275.556
275.462
275.48
275.557
275.543
275.514
275.359
275.415
275.465
275.476
275.514
275.444
275.58
275.476
275.422
275.389
275.539
275.613
275.473
275.495
275.542
275.453
275.504
275.536
275.601
275.497
275.44
275.412
275.614
275.488
275.571
275.651
275.443
275.523
275.622
275.646
275.517
275.615
275.423
275.488
275.309
275.419
275.461
275.517
275.489
275.609
275.47
275.722
275.358
275.399
275.61
275.619
275.447
275.593
275.515
275.508
275.562
275.372
275.378
275.372
275.237
275.475
275.514
275.426
275.685
275.48
275.488
275.509
275.524
275.598
275.525
275.482
275.508
275.565
275.66
275.44
275.492
275.63
275.55
275.508
275.527
275.373
275.442
275.474
275.477
275.541
275.463
275.337
275.446
275.561
275.533
275.642
275.5
275.739
275.527
275.542
275.648
275.53
275.557
275.676
275.495
275.383
275.423
275.422
275.436
275.476
275.545
275.596
275.585
275.546
275.619
275.518
275.352
275.544
275.551
275.559
275.484
275.473
275.524
275.517
275.687
275.527
275.485
275.532
275.482
275.523
275.418
275.436
275.395
275.491
275.499
275.578
275.502
275.434
275.554
275.478
275.33
275.481
275.536
275.413
275.496
275.614
275.455
275.661
275.507
275.45
275.295
275.564
275.411
275.515
275.544
275.492
275.462
275.684
275.56
275.491
275.484
275.494
275.491
275.397
275.413
275.35
275.496
275.504
275.431
275.602
275.485
275.531
275.495
275.546
275.433
275.465
275.391
275.579
275.576
275.368
275.424
275.537
275.373
275.59
275.511
275.465
275.461
275.483
275.436
275.546
275.454
275.466
275.411
275.425
275.434
275.356
275.478
275.414
275.476
275.554
275.515
275.4
275.531
275.548
275.572
275.435
275.525
275.541
275.422
275.48
275.476
275.367
275.454
275.372
275.379
275.474
275.452
275.469
275.555
275.494
275.533
275.653
275.632
275.526
275.448
275.483
275.51
275.58
275.402
275.368
275.463
275.432
275.408
275.326
275.56
275.375
275.446
275.321
275.415
275.437
275.435
275.482
275.382
275.337
275.346
275.474
275.339
275.41
275.429
275.468
275.4
275.551
275.517
275.451
275.463
275.411
275.39
275.414
275.415
275.486
275.46
275.487
275.611
275.481
275.494
275.347
275.504
275.523
275.523
275.451
275.401
275.426
275.36
275.431
275.39
275.46
275.362
275.548
275.376
275.613
275.442
275.491
275.335
275.292
275.47
275.355
275.576
275.481
275.393
275.415
275.458
275.428
275.545
275.529
275.484
275.53
275.525
275.442
275.485
275.38
275.418
275.333
275.374
275.451
275.401
275.463
275.36
275.36
275.531
275.337
275.453
275.457
275.399
275.346
275.397
275.408
275.458
275.454
275.333
275.372
275.447
275.411
275.443
275.469
275.485
275.32
275.275
275.522
275.447
275.599
275.47
275.579
275.492
275.41
275.465
275.395
275.469
275.509
275.409
275.562
275.564
275.466
275.33
275.317
275.438
275.369
275.357
275.273
275.405
275.481
275.31
275.316
275.451
275.357
275.427
275.384
275.35
275.466
275.433
275.328
275.475
275.608
275.483
275.463
275.393
275.49
275.398
275.37
275.426
275.398
275.352
275.441
275.45
275.28
275.479
275.385
275.32
275.482
275.608
275.463
275.544
275.589
275.416
275.406
275.522
275.438
275.453
275.435
275.36
275.415
275.393
275.287
275.387
275.458
275.508
275.423
275.484
275.55
275.568
275.573
275.461
275.375
275.465
275.416
275.512
275.444
275.573
275.531
275.417
275.499
275.398
275.284
275.473
275.384
275.49
275.395
275.392
275.52
275.503
275.375
275.464
275.429
275.512
275.465
275.434
275.394
275.381
275.443
275.485
275.492
275.455
275.503
275.391
275.404
275.7
275.363
275.386
275.541
275.547
275.327
275.525
275.416
275.52
275.501
275.446
275.454
275.441
275.344
275.405
275.495
275.522
275.476
275.575
275.544
275.368
275.401
275.515
275.41
275.271
275.456
275.463
275.462
275.267
275.37
275.471
275.298
275.398
275.27
275.355
275.503
275.553
275.357
275.427
275.329
275.428
275.428
275.479
275.41
275.438
275.467
275.447
275.54
275.38
275.455
275.521
275.511
275.391
275.471
275.35
275.389
275.404
275.545
275.455
275.517
275.377
275.396
275.382
275.472
275.434
275.426
275.295
275.448
275.288
275.33
275.455
275.466
275.495
275.352
275.343
275.398
275.486
275.308
275.404
275.306
275.277
275.492
275.422
275.347
275.548
275.633
275.608
275.574
275.545
275.477
275.516
275.452
275.414
275.323
275.346
275.352
275.382
275.399
275.6
275.54
275.496
275.596
275.417
275.389
275.354
275.371
275.427
275.394
275.391
275.512
275.323
275.409
275.433
275.469
275.496
275.591
275.473
275.46
275.458
275.465
275.429
275.376
275.355
275.42
275.346
275.498
275.508
275.419
275.252
275.449
275.625
275.374
275.529
275.525
275.446
275.557
275.44
275.396
275.341
275.505
275.243
275.452
275.469
275.333
275.398
275.521
275.569
275.469
275.408
275.398
275.449
275.453
275.382
275.323
275.403
275.422
275.552
275.44
275.372
275.389
275.428
275.407
275.41
275.393
275.43
275.401
275.482
275.445
275.354
275.385
275.262
275.315
275.402
275.519
275.327
275.32
275.342
275.319
275.397
275.605
275.392
275.607
275.498
275.461
275.514
275.441
275.367
275.526
275.315
275.294
275.438
275.382
275.181
275.283
275.477
275.384
275.414
275.365
275.469
275.647
275.453
275.551
275.37
275.347
275.377
275.422
275.485
275.488
275.325
275.523
275.358
275.55
275.378
275.499
275.532
275.526
275.507
275.589
275.484
275.525
275.454
275.47
275.425
275.52
275.351
275.446
275.383
275.491
275.555
275.474
275.436
275.33
275.326
275.378
275.568
275.358
275.43
275.389
275.303
275.453
275.361
275.52
275.265
275.183
275.372
275.52
275.362
275.343
275.518
275.387
275.431
275.452
275.558
275.489
275.477
275.278
275.421
275.361
275.37
275.363
275.395
275.32
275.386
275.388
275.315
275.464
275.417
275.281
275.35
275.419
275.468
275.336
275.509
275.431
275.449
275.397
275.309
275.446
275.535
275.491
275.386
275.297
275.323
275.41
275.377
275.458
275.473
275.537
275.523
275.388
275.559
275.597
275.57
275.391
275.437
275.411
275.363
275.387
275.442
275.475
275.323
275.526
275.426
275.276
275.416
275.37
275.339
275.352
275.378
275.461
275.491
275.39
275.363
275.215
275.58
275.488
275.406
275.455
275.368
275.431
275.389
275.523
275.633
275.422
275.369
275.367
275.289
275.488
275.467
275.493
275.526
275.564
275.514
275.321
275.443
275.395
275.413
275.288
275.504
275.499
275.379
275.351
275.487
275.412
275.302
275.43
275.373
275.444
275.372
275.426
275.391
275.384
275.476
275.549
275.452
275.467
275.479
275.267
275.228
275.384
275.401
275.426
275.451
275.364
275.496
275.447
275.422
275.391
275.348
275.577
275.516
275.348
275.62
275.381
275.51
275.423
275.522
275.304
275.357
275.371
275.441
275.565
275.342
275.228
275.308
275.404
275.194
275.402
275.37
275.437
275.362
275.289
275.239
275.407
275.245
275.275
275.315
275.363
275.468
275.323
275.442
275.32
275.548
275.415
275.225
275.491
275.518
275.422
275.372
275.51
275.458
275.339
275.432
275.513
275.412
275.325
275.352
275.414
275.325
275.312
275.439
275.254
275.348
275.4
275.369
275.394
275.537
275.438
275.426
275.433
275.464
275.426
275.578
275.392
275.477
275.477
275.327
275.223
275.52
275.37
275.335
275.639
275.417
275.426
275.392
275.336
275.229
275.363
275.416
275.356
275.367
275.296
275.374
275.469
275.264
275.44
275.314
275.437
275.415
275.354
275.383
275.356
275.316
275.359
275.366
275.407
275.53
275.289
275.418
275.401
275.472
275.508
275.628
275.38
275.439
275.423
275.346
275.335
275.417
275.329
275.439
275.378
275.387
275.172
275.474
275.353
275.484
275.502
275.422
275.325
275.413
275.302
275.565
275.458
275.338
275.27
275.303
275.385
275.601
275.471
275.459
275.462
275.295
275.331
275.322
275.36
275.365
275.258
275.462
275.375
275.529
275.414
275.424
275.299
275.453
275.386
275.362
275.381
275.504
275.383
275.468
275.424
275.475
275.409
275.364
275.309
275.424
275.345
275.506
275.418
275.452
275.497
275.316
275.292
275.353
275.391
275.439
275.43
275.472
275.251
275.378
275.504
275.429
275.297
275.395
275.16
275.328
275.389
275.308
275.477
275.313
275.422
275.286
275.411
275.464
275.403
275.268
275.456
275.439
275.49
275.352
275.389
275.413
275.358
275.424
275.396
275.447
275.307
275.513
275.515
275.383
275.432
275.466
275.407
275.459
275.31
275.362
275.368
275.45
275.312
275.403
275.475
275.227
275.467
275.351
275.354
275.377
275.354
275.37
275.324
275.225
275.387
275.343
275.327
275.426
275.408
275.424
275.496
275.377
275.485
275.453
275.252
275.286
275.354
275.519
275.46
275.365
275.182
275.477
275.304
275.418
275.485
275.367
275.449
275.368
275.408
275.364
275.475
275.3
275.287
275.398
275.423
275.487
275.402
275.305
275.329
275.498
275.197
275.191
275.47
275.526
275.288
275.308
275.607
275.356
275.387
275.401
275.338
275.566
275.465
275.449
275.486
275.385
275.352
275.535
275.408
275.361
275.339
275.34
275.297
275.393
275.377
275.429
275.286
275.318
275.291
275.458
275.421
275.427
275.415
275.374
275.332
275.24
275.293
275.316
275.335
275.301
275.322
275.389
275.33
275.418
275.324
275.285
275.151
275.365
275.358
275.333
275.239
275.436
275.344
275.324
275.331
275.359
275.272
275.202
275.206
275.292
275.382
275.314
275.255
275.427
275.271
275.369
275.384
275.295
275.316
275.407
275.331
275.372
275.57
275.515
275.61
275.342
275.366
275.307
275.39
275.37
275.371
275.515
275.393
275.382
275.382
275.435
275.287
275.294
275.417
275.374
275.513
275.454
275.293
275.379
275.4
275.44
275.355
275.315
275.294
275.209
275.405
275.473
275.379
275.355
275.469
275.425
275.468
275.309
275.298
275.385
275.358
275.461
275.319
275.242
275.365
275.177
275.261
275.328
275.366
275.278
275.429
275.319
275.551
275.217
275.455
275.294
275.427
275.349
275.378
275.272
275.302
275.422
275.5
275.319
275.245
275.258
275.371
275.281
275.208
275.139
275.383
275.292
275.352
275.351
275.321
275.659
275.429
275.381
275.338
275.34
275.38
275.381
275.294
275.264
275.279
275.319
275.313
275.119
275.259
275.432
275.279
275.24
275.27
275.422
275.327
275.38
275.377
275.357
275.238
275.431
275.27
275.489
275.384
275.478
275.263
275.216
275.311
275.339
275.498
275.4
275.368
275.439
275.419
275.43
275.41
275.238
275.401
275.377
275.216
275.347
275.413
275.309
275.437
275.433
275.273
275.335
275.437
275.321
275.285
275.473
275.377
275.439
275.3
275.364
275.464
275.364
275.264
275.267
275.355
275.419
275.321
275.239
275.35
275.349
275.287
275.431
275.399
275.466
275.361
275.424
275.236
275.434
275.3
275.304
275.235
275.299
275.288
275.44
275.369
275.466
275.327
275.487
275.368
275.223
275.274
275.234
275.302
275.33
275.41
275.263
275.384
275.297
275.368
275.297
275.35
275.373
275.337
275.426
275.396
275.412
275.436
275.293
275.3
275.257
275.354
275.176
275.256
275.369
275.479
275.361
275.412
275.31
275.239
275.387
275.427
275.391
275.283
275.392
275.46
275.468
275.389
275.464
275.427
275.361
275.473
275.371
275.225
275.256
275.253
275.274
275.189
275.3
275.25
275.436
275.302
275.419
275.46
275.255
275.452
275.382
275.462
275.467
275.301
275.332
275.3
275.43
275.288
275.299
275.332
275.292
275.322
275.393
275.332
275.419
275.368
275.38
275.133
275.389
275.162
275.289
275.276
275.356
275.353
275.339
275.301
275.386
275.426
275.247
275.456
275.452
275.407
275.448
275.381
275.354
275.546
275.372
275.44
275.274
275.535
275.363
275.277
275.355
275.397
275.289
275.454
275.456
275.37
275.336
275.269
275.36
275.362
275.418
275.357
275.371
275.37
275.251
275.335
275.255
275.423
275.443
275.375
275.417
275.328
275.409
275.427
275.324
275.34
275.32
275.291
275.338
275.318
275.432
275.285
275.516
275.532
275.431
275.436
275.389
275.581
275.407
275.435
275.295
275.393
275.328
275.494
275.421
275.356
275.274
275.365
275.338
275.243
275.181
275.224
275.291
275.289
275.36
275.199
275.313
275.26
275.189
275.484
275.513
275.361
275.437
275.228
275.346
275.259
275.326
275.385
275.287
275.085
275.183
275.191
275.268
275.255
275.308
275.288
275.402
275.314
275.336
275.393
275.294
275.162
275.223
275.418
275.413
275.247
275.38
275.44
275.309
275.314
275.304
275.31
275.315
275.248
275.422
275.247
275.216
275.352
275.292
275.161
275.325
275.295
275.384
275.461
275.248
275.309
275.342
275.263
275.403
275.381
275.338
275.365
275.339
275.324
275.359
275.168
275.449
275.375
275.442
275.461
275.349
275.282
275.464
275.323
275.32
275.446
275.52
275.369
275.432
275.206
275.289
275.145
275.268
275.39
275.437
275.326
275.375
275.388
275.414
275.374
275.435
275.344
275.236
275.228
275.123
275.238
275.179
275.311
275.346
275.244
275.498
275.426
275.315
275.369
275.315
275.442
275.239
275.215
275.204
275.259
275.393
275.248
275.315
275.373
275.369
275.595
275.418
275.318
275.288
275.232
275.23
275.359
275.32
275.259
275.386
275.234
275.236
275.301
275.272
275.415
275.179
275.425
275.463
275.372
275.475
275.308
275.38
275.344
275.355
275.378
275.251
275.358
275.523
275.332
275.353
275.439
275.397
275.333
275.385
275.273
275.359
275.266
275.418
275.277
275.306
275.294
275.279
275.414
275.265
275.318
275.381
275.283
275.284
275.338
275.143
275.251
275.261
275.123
275.43
275.195
275.176
275.214
275.39
275.419
275.428
275.272
275.263
275.378
275.306
275.397
275.377
275.48
275.316
275.366
275.45
275.304
275.364
275.351
275.316
275.318
275.225
275.321
275.408
275.196
275.285
275.322
275.424
275.347
275.298
275.271
275.306
275.383
275.299
275.219
275.37
275.379
275.253
275.462
275.222
275.208
275.245
275.53
275.417
275.496
275.327
275.402
275.295
275.281
275.245
275.35
275.373
275.313
275.39
275.432
275.447
275.549
275.175
275.354
275.272
275.248
275.36
275.349
275.38
275.407
275.39
275.488
275.36
275.299
275.528
275.411
275.557
275.463
275.203
275.356
275.382
275.367
275.341
275.4
275.346
275.152
275.476
275.445
275.413
275.418
275.46
275.328
275.453
275.34
275.279
275.271
275.282
275.326
275.126
275.301
275.411
275.421
275.272
275.23
275.295
275.325
275.398
275.287
275.266
275.36
275.29
275.209
275.06
275.309
275.218
275.359
275.361
275.385
275.544
275.299
275.311
275.311
275.33
275.332
275.3
275.273
275.29
275.275
275.339
275.32
275.334
275.358
275.311
275.422
275.293
275.465
275.33
275.426
275.309
275.174
275.183
275.286
275.332
275.344
275.368
275.354
275.457
275.152
275.239
275.174
275.292
275.453
275.446
275.412
275.51
275.372
275.387
275.443
275.422
275.389
275.228
275.332
275.344
275.279
275.315
275.32
275.434
275.241
275.249
275.281
275.371
275.199
275.535
275.373
275.288
275.319
275.33
275.385
275.493
275.201
275.361
275.211
275.378
275.429
275.375
275.289
275.479
275.398
275.297
275.343
275.303
275.271
275.233
275.209
275.382
275.467
275.43
275.373
275.204
275.273
275.422
275.313
275.387
275.349
275.321
275.256
275.265
275.329
275.417
275.322
275.483
275.266
275.297
275.338
275.386
275.585
275.526
275.457
275.534
275.404
275.371
275.258
275.329
275.387
275.285
275.353
275.37
275.356
275.427
275.409
275.175
275.456
275.243
275.255
275.377
275.247
275.313
275.207
275.383
275.303
275.347
275.384
275.302
275.189
275.475
275.277
275.457
275.211
275.256
275.367
275.465
275.426
275.449
275.352
275.335
275.268
275.201
275.172
275.265
275.28
275.368
275.332
275.213
275.37
275.337
275.275
275.428
275.422
275.3
275.383
275.321
275.222
275.449
275.443
275.202
275.179
275.281
275.282
275.281
275.405
275.378
275.318
275.451
275.42
275.422
275.442
275.47
275.384
275.352
275.343
275.128
275.413
275.358
275.425
275.378
275.401
275.399
275.337
275.266
275.281
275.316
275.281
275.326
275.512
275.242
275.2
275.491
275.443
275.269
275.407
275.267
275.318
275.335
275.498
275.22
275.413
275.33
275.244
275.146
275.279
275.234
275.222
275.272
275.339
275.279
275.321
275.328
275.27
275.282
275.367
275.468
275.324
275.234
275.297
275.364
275.346
275.312
275.212
275.241
275.344
275.364
275.299
275.419
275.413
275.33
275.382
275.286
275.249
275.344
275.276
275.322
275.52
275.257
275.236
275.259
275.306
275.346
275.368
275.285
275.285
275.358
275.26
275.432
275.391
275.46
275.42
275.256
275.338
275.328
275.319
275.152
275.356
275.387
275.351
275.2
275.472
275.388
275.321
275.375
275.272
275.157
275.374
275.297
275.342
275.221
275.415
275.394
275.312
275.266
275.302
275.264
275.224
275.322
275.314
275.358
275.222
275.199
275.404
275.333
275.138
275.235
275.198
275.296
275.106
275.308
275.344
275.392
275.46
275.367
275.453
275.444
275.304
275.209
275.372
275.381
275.219
275.251
275.277
275.11
275.334
275.276
275.291
275.408
275.312
275.434
275.301
275.166
275.366
275.265
275.407
275.304
275.344
275.3
275.48
275.329
275.357
275.286
275.224
275.334
275.217
275.408
275.282
275.317
275.311
275.442
275.391
275.217
275.204
275.235
275.34
275.269
275.327
275.289
275.242
275.267
275.293
275.336
275.397
275.34
275.313
275.275
275.232
275.221
275.279
275.412
275.379
275.498
275.251
275.24
275.22
275.293
275.143
275.341
275.292
275.428
275.32
275.291
275.297
275.231
275.332
275.437
275.425
275.332
275.411
275.387
275.402
275.255
275.273
275.331
275.393
275.2
275.235
275.219
275.212
275.273
275.208
275.438
275.24
275.34
275.395
275.312
275.345
275.422
275.442
275.357
275.37
275.393
275.51
275.389
275.377
275.407
275.393
275.297
275.252
275.322
275.32
275.353
275.239
275.37
275.383
275.279
275.287
275.38
275.283
275.359
275.246
275.282
275.338
275.318
275.438
275.395
275.296
275.241
275.198
275.343
275.384
275.263
275.347
275.173
275.295
275.249
275.501
275.389
275.405
275.3
275.393
275.187
275.232
275.4
275.311
275.309
275.387
275.288
275.27
275.381
275.307
275.31
275.318
275.319
275.315
275.362
275.298
275.295
275.341
275.405
275.351
275.306
275.451
275.375
275.345
275.418
275.304
275.373
275.189
275.382
275.234
275.169
275.181
275.49
275.403
275.451
275.417
275.421
275.179
275.162
275.351
275.347
275.304
275.125
275.314
275.214
275.267
275.279
275.198
275.074
275.179
275.338
275.414
275.395
275.287
275.359
275.275
275.174
275.452
275.329
275.296
275.204
275.354
275.372
275.289
275.354
275.467
275.466
275.336
275.347
275.377
275.319
275.4
275.275
275.31
275.305
275.371
275.506
275.439
275.458
275.308
275.332
275.253
275.146
275.379
275.356
275.189
275.282
275.417
275.257
275.271
275.357
275.466
275.33
275.29
275.29
275.395
275.31
275.282
275.35
275.352
275.296
275.346
275.323
275.38
275.387
275.33
275.305
275.332
275.378
275.244
275.303
275.305
275.282
275.286
275.239
275.225
275.212
275.305
275.43
275.404
275.266
275.332
275.372
275.254
275.328
275.256
275.245
275.259
275.209
275.309
275.119
275.344
275.263
275.409
275.301
275.39
275.28
275.424
275.256
275.327
275.247
275.335
275.253
275.309
275.054
275.193
275.199
275.219
275.411
275.289
275.232
275.307
275.436
275.256
275.432
275.216
275.313
275.247
275.21
275.278
275.326
275.279
275.282
275.363
275.36
275.279
275.498
275.357
275.348
275.156
275.182
275.24
275.119
275.324
275.195
275.289
275.322
275.25
275.323
275.277
275.229
275.258
275.483
275.291
275.367
275.287
275.305
275.187
275.285
275.334
275.216
275.332
275.22
275.136
275.179
275.225
275.301
275.429
275.336
275.414
275.33
275.312
275.381
275.312
275.13
275.285
275.264
275.392
275.367
275.259
275.249
275.352
275.244
275.289
275.186
275.269
275.315
275.308
275.28
275.161
275.214
275.346
275.376
275.396
275.301
275.239
275.465
275.355
275.465
275.304
275.235
275.344
275.347
275.269
275.266
275.452
275.267
275.403
275.299
275.233
275.344
275.362
275.322
275.19
275.255
275.47
275.439
275.361
275.447
275.418
275.432
275.506
275.191
275.21
275.256
275.244
275.362
275.492
275.267
275.231
275.385
275.332
275.375
275.318
275.375
275.348
275.371
275.522
275.294
275.392
275.371
275.102
275.274
275.28
275.172
275.128
275.255
275.221
275.259
275.305
275.301
275.468
275.203
275.434
275.303
275.532
275.373
275.409
275.392
275.318
275.363
275.333
275.255
275.363
275.297
275.298
275.3
275.117
275.272
275.321
275.254
275.218
275.298
275.236
275.323
275.197
275.081
275.314
275.148
275.338
275.29
275.308
275.278
275.237
275.371
275.299
275.434
275.213
275.275
275.481
275.271
275.336
275.32
275.39
275.32
275.259
275.343
275.216
275.201
275.34
275.332
275.346
275.19
275.221
275.255
275.231
275.415
275.366
275.295
275.444
275.503
275.287
275.286
275.272
275.297
275.226
275.395
275.202
275.337
275.408
275.454
275.225
275.123
275.228
275.397
275.214
275.171
275.401
275.357
275.409
275.45
275.496
275.37
275.242
275.191
275.205
275.33
275.23
275.166
275.383
275.293
275.205
275.35
275.365
275.276
275.393
275.126
275.367
275.303
275.358
275.305
275.398
275.3
275.269
275.117
275.281
275.229
275.248
275.204
275.325
275.361
275.233
275.156
275.293
275.341
275.231
275.349
275.385
275.37
275.403
275.294
275.351
275.389
275.423
275.361
275.279
275.44
275.256
275.384
275.264
275.336
275.392
275.415
275.319
275.268
275.231
275.251
275.229
275.308
275.194
275.296
275.24
275.295
275.265
275.363
275.347
275.448
275.297
275.279
275.225
275.367
275.422
275.318
275.151
275.478
275.44
275.172
275.426
275.217
275.361
275.416
275.256
275.331
275.389
275.247
275.042
275.425
275.416
275.22
275.299
275.271
275.431
275.397
275.233
275.405
275.359
275.219
275.216
275.328
275.23
275.301
275.263
275.301
275.223
275.204
275.301
275.269
275.176
275.189
275.235
275.287
275.247
275.336
275.498
275.402
275.345
275.35
275.372
275.364
275.399
275.344
275.348
275.262
275.329
275.35
275.331
275.189
275.263
275.194
275.308
275.254
275.35
275.281
275.229
275.357
275.258
275.331
275.305
275.422
275.302
275.349
275.297
275.333
275.307
275.325
275.411
275.27
275.267
275.387
275.256
275.382
275.272
275.31
275.316
275.282
275.254
275.251
275.295
275.42
275.204
275.387
275.293
275.37
275.111
275.284
275.399
275.371
275.257
275.191
275.235
275.259
275.304
275.216
275.27
275.307
275.301
275.321
275.189
275.253
275.254
275.343
275.14
275.283
275.371
275.266
275.365
275.39
275.334
275.474
275.34
275.132
275.347
275.237
275.404
275.36
275.22
275.487
275.217
275.367
275.268
275.484
275.565
275.357
275.219
275.138
275.3
275.353
275.331
275.3
275.369
275.319
275.322
275.349
275.277
275.35
275.389
275.316
275.367
275.358
275.352
275.251
275.19
275.343
275.231
275.162
275.339
275.293
275.306
275.282
275.262
275.356
275.293
275.287
275.277
275.181
275.432
275.342
275.331
275.373
275.454
275.453
275.411
275.354
275.408
275.28
275.346
275.242
275.357
275.369
275.235
275.22
275.313
275.229
275.288
275.267
275.433
275.338
275.448
275.455
275.217
275.407
275.341
275.29
275.211
275.309
275.282
275.213
275.334
275.355
275.368
275.356
275.36
275.256
275.368
275.278
275.355
275.408
275.386
275.314
275.314
275.341
275.319
275.382
275.306
275.208
275.267
275.224
275.185
275.449
275.401
275.337
275.223
275.351
275.234
275.222
275.257
275.264
275.329
275.281
275.428
275.337
275.315
275.149
275.131
275.282
275.254
275.295
275.22
275.317
275.128
275.422
275.234
275.386
275.394
275.145
275.196
275.359
275.361
275.418
275.165
275.367
275.362
275.346
275.25
275.201
275.162
275.355
275.38
275.406
275.3
275.294
275.386
275.253
275.149
275.287
275.194
275.388
275.251
275.462
275.426
275.351
275.309
275.321
275.37
275.242
275.353
275.329
275.225
275.254
275.336
275.387
275.403
275.333
275.439
275.366
275.277
275.239
275.356
275.31
275.485
275.333
275.224
275.352
275.417
275.243
275.252
275.437
275.286
275.322
275.326
275.377
275.18
275.426
275.185
275.273
275.341
275.249
275.259
275.386
275.517
275.419
275.4
275.251
275.326
275.438
275.202
275.392
275.523
275.388
275.388
275.298
275.293
275.414
275.336
275.343
275.269
275.295
275.263
275.304
275.418
275.366
275.168
275.288
275.327
275.263
275.267
275.166
275.388
275.171
275.347
275.202
275.414
275.315
275.415
275.449
275.352
275.474
275.543
275.444
275.381
275.266
275.249
275.296
275.351
275.336
275.356
275.413
275.431
275.138
275.296
275.351
275.324
275.132
275.386
275.266
275.319
275.201
275.287
275.333
275.223
275.237
275.302
275.365
275.462
275.343
275.43
275.457
275.391
275.399
275.328
275.293
275.365
275.247
275.289
275.149
275.321
275.411
275.353
275.309
275.243
275.265
275.202
275.372
275.331
275.453
275.235
275.425
275.312
275.432
275.262
275.325
275.264
275.299
275.193
275.345
275.298
275.199
275.233
275.269
275.374
275.311
275.404
275.335
275.266
275.391
275.396
275.233
275.41
275.354
275.38
275.344
275.292
275.326
275.171
275.325
275.29
275.284
275.365
275.357
275.376
275.444
275.379
275.366
275.316
275.212
275.252
275.297
275.207
275.16
275.208
275.255
275.228
275.376
275.389
275.376
275.331
275.289
275.326
275.372
275.388
275.3
275.309
275.408
275.469
275.268
275.325
275.129
275.239
275.364
275.354
275.288
275.235
275.321
275.401
275.314
275.542
275.346
275.295
275.455
275.29
275.513
275.397
275.427
275.288
275.407
275.393
275.344
275.34
275.214
275.19
275.191
275.089
275.274
275.265
275.334
275.36
275.392
275.33
275.278
275.239
275.295
275.344
275.152
275.224
275.576
275.203
275.292
275.176
275.295
275.124
275.336
275.255
275.396
275.262
275.303
275.366
275.152
275.254
275.234
275.227
275.18
275.335
275.288
275.321
275.289
275.355
275.33
275.255
275.449
275.428
275.35
275.33
275.324
275.355
275.242
275.337
275.336
275.374
275.429
275.242
275.263
275.273
275.364
275.277
275.334
275.301
275.292
275.286
275.383
275.348
275.293
275.28
275.323
275.333
275.362
275.221
275.209
275.391
275.356
275.366
275.449
275.253
275.38
275.426
275.318
275.307
275.256
275.281
275.363
275.361
275.36
275.377
275.385
275.344
275.421
275.333
275.279
275.336
275.243
275.327
275.19
275.262
275.243
275.311
275.342
275.295
275.164
275.211
275.406
275.437
275.448
275.087
275.391
275.382
275.471
275.489
275.449
275.244
275.281
275.372
275.499
275.23
275.247
275.249
275.322
275.405
275.421
275.276
275.32
275.293
275.468
275.323
275.254
275.561
275.343
275.248
275.271
275.37
275.27
275.345
275.439
275.181
275.298
275.245
275.225
275.286
275.32
275.346
275.295
275.392
275.205
275.343
275.238
275.379
275.438
275.379
275.264
275.206
275.26
275.26
275.254
275.369
275.32
275.347
275.251
275.324
275.32
275.297
275.324
275.244
275.308
275.25
275.411
275.396
275.385
275.29
275.43
275.367
275.227
275.422
275.209
275.274
275.277
275.276
275.287
275.344
275.309
275.372
275.272
275.38
275.388
275.208
275.181
275.234
275.208
275.298
275.327
275.51
275.393
275.431
275.264
275.319
275.309
275.262
275.189
275.215
275.372
275.332
275.371
275.2
275.318
275.339
275.37
275.397
275.407
275.434
275.405
275.317
275.357
275.263
275.437
275.286
275.238
275.329
275.344
275.329
275.364
275.323
275.245
275.468
275.322
275.183
275.24
275.387
275.349
275.306
275.32
275.281
275.259
275.38
275.246
275.347
275.599
275.235
275.386
275.469
275.305
275.415
275.364
275.268
275.345
275.325
275.361
275.338
275.336
275.39
275.518
275.449
275.368
275.283
275.365
275.307
275.296
275.1
275.241
275.225
275.331
275.386
275.183
275.366
275.364
275.291
275.362
275.35
275.171
275.379
275.486
275.541
275.364
275.321
275.308
275.224
275.294
275.379
275.272
275.268
275.225
275.392
275.27
275.313
275.324
275.269
275.264
275.248
275.254
275.306
275.407
275.416
275.328
275.284
275.314
275.43
275.443
275.471
275.268
275.293
275.244
275.409
275.241
275.5
275.419
275.16
275.393
275.261
275.255
275.268
275.264
275.12
275.309
275.262
275.262
275.301
275.386
275.367
275.249
275.131
275.296
275.341
275.324
275.181
275.395
275.382
275.271
275.33
275.33
275.311
275.376
275.389
275.364
275.329
275.38
275.419
275.311
275.357
275.262
275.272
275.218
275.467
275.106
275.259
275.352
275.23
275.236
275.216
275.248
275.295
275.316
275.359
275.169
275.308
275.332
275.369
275.23
275.475
275.414
275.327
275.412
275.373
275.171
275.352
275.361
275.302
275.065
275.319
275.238
275.335
275.343
275.235
275.373
275.223
275.143
275.266
275.36
275.302
275.339
275.296
275.328
275.479
275.336
275.361
275.636
275.313
275.256
275.479
275.459
275.398
275.387
275.231
275.4
275.268
275.266
275.438
275.258
275.263
275.247
275.397
275.163
275.251
275.223
275.322
275.268
275.284
275.447
275.427
275.249
275.483
275.269
275.41
275.319
275.098
275.397
275.315
275.234
275.247
275.251
275.226
275.154
275.404
275.363
275.266
275.292
275.313
275.464
275.299
275.424
275.364
275.294
275.251
275.452
275.185
275.172
275.334
275.218
275.371
275.352
275.284
275.384
275.352
275.342
275.306
275.258
275.289
275.29
275.223
275.308
275.469
275.315
275.262
275.221
275.117
275.389
275.518
275.36
275.436
275.443
275.297
275.181
275.245
275.251
275.21
275.368
275.267
275.438
275.404
275.262
275.348
275.334
275.259
275.401
275.32
275.353
275.294
275.251
275.331
275.23
275.249
275.311
275.411
275.23
275.363
275.333
275.408
275.237
275.323
275.293
275.284
275.456
275.427
275.204
275.352
275.268
275.471
275.412
275.409
275.299
275.337
275.316
275.202
275.421
275.223
275.339
275.185
275.239
275.295
275.247
275.226
275.148
275.302
275.249
275.202
275.253
275.291
275.364
275.314
275.247
275.191
275.358
275.218
275.262
275.266
275.234
275.355
275.24
275.24
275.296
275.292
275.191
275.147
275.295
275.353
275.364
275.329
275.322
275.343
275.215
275.172
275.38
275.284
275.325
275.321
275.215
275.363
275.294
275.43
275.365
275.33
275.296
275.217
275.109
275.309
275.273
275.301
275.338
275.416
275.364
275.164
275.393
275.242
275.413
275.317
275.215
275.205
275.207
275.326
275.279
275.327
275.413
275.315
275.207
275.307
275.373
275.344
275.283
275.194
275.351
275.402
275.236
275.209
275.262
275.329
275.505
275.493
275.404
275.239
275.289
275.316
275.31
275.207
275.278
275.161
275.325
275.3
275.413
275.285
275.332
275.38
275.415
275.328
275.345
275.365
275.313
275.27
275.303
275.271
275.474
275.335
275.162
275.288
275.283
275.355
275.588
275.372
275.359
275.133
275.135
275.292
275.361
275.341
275.361
275.379
275.342
275.421
275.354
275.349
275.242
275.311
275.291
275.297
275.351
275.277
275.298
275.185
275.425
275.108
275.204
275.338
275.272
275.359
275.369
275.331
275.308
275.422
275.299
275.317
275.41
275.305
275.266
275.378
275.423
275.303
275.333
275.269
275.344
275.127
275.118
275.256
275.252
275.206
275.232
275.289
275.216
275.267
275.326
275.305
275.28
275.262
275.38
275.246
275.419
275.144
275.137
275.392
275.366
275.275
275.368
275.283
275.133
275.372
275.055
275.269
275.44
275.349
275.208
275.365
275.264
275.381
275.311
275.198
275.205
275.228
275.372
275.432
275.327
275.25
275.423
275.347
275.373
275.296
275.188
275.255
275.28
275.383
275.332
275.293
275.45
275.307
275.449
275.234
275.293
275.346
275.217
275.284
275.329
275.252
275.333
275.269
275.277
275.246
275.315
275.395
275.336
275.2
275.29
275.342
275.313
275.348
275.334
275.368
275.313
275.359
275.314
275.303
275.297
275.19
275.367
275.204
275.348
275.314
275.469
275.512
275.491
275.44
275.351
275.382
275.33
275.232
275.276
275.259
275.274
275.229
275.325
275.141
275.185
275.268
275.056
275.287
275.367
275.265
275.28
275.137
275.373
275.275
275.265
275.366
275.043
275.193
275.296
275.294
275.419
275.36
275.311
275.165
275.318
275.316
275.102
275.34
275.33
275.15
275.338
275.409
275.39
275.342
275.268
275.409
275.452
275.135
275.246
275.196
275.476
275.317
275.006
275.301
275.437
275.187
275.165
275.289
275.301
275.232
275.324
275.217
275.295
275.348
275.224
275.317
275.26
275.354
275.429
275.359
275.171
275.253
275.366
275.343
275.505
275.262
275.285
275.298
275.323
275.254
275.407
275.301
275.415
275.339
275.44
275.143
275.201
275.362
275.267
275.3
275.327
275.391
275.195
275.244
275.187
275.252
275.42
275.392
275.278
275.336
275.287
275.461
275.421
275.187
275.243
275.322
275.383
275.181
275.281
275.334
275.333
275.37
275.357
275.34
275.338
275.208
275.312
275.171
275.344
275.095
275.219
275.413
275.361
275.397
275.37
275.339
275.365
275.352
275.279
275.339
275.362
275.332
275.174
275.391
275.459
275.425
275.42
275.225
275.276
275.243
275.196
275.358
275.194
275.361
275.451
275.322
275.38
275.439
275.442
275.51
275.244
275.429
275.234
275.254
275.233
275.222
275.196
275.112
275.16
275.382
275.303
275.27
275.303
275.198
275.342
275.343
275.423
275.326
275.206
275.291
275.4
275.23
275.358
275.433
275.349
275.148
275.436
275.29
275.376
275.311
275.276
275.379
275.35
275.164
275.365
275.245
275.257
275.422
275.264
275.413
275.24
275.213
275.294
275.273
275.265
275.288
275.48
275.386
275.177
275.36
275.222
275.273
275.23
275.184
275.351
275.19
275.383
275.298
275.495
275.288
275.328
275.308
275.397
275.391
275.418
275.38
275.279
275.408
275.391
275.378
275.353
275.491
275.355
275.338
275.43
275.428
275.253
275.447
275.278
275.352
275.45
275.208
275.28
275.449
275.328
275.245
275.275
275.282
275.374
275.317
275.455
275.392
275.205
275.299
275.24
275.199
275.293
275.247
275.311
275.373
275.216
275.271
275.464
275.402
275.374
275.263
275.354
275.288
275.362
275.31
275.475
275.336
275.271
275.261
275.401
275.389
275.365
275.193
275.253
275.21
275.257
275.269
275.33
275.284
275.238
275.283
275.175
275.309
275.361
275.398
275.345
275.289
275.248
275.355
275.369
275.283
275.269
275.449
275.357
275.398
275.356
275.392
275.381
275.319
275.156
275.27
275.235
275.298
275.251
275.444
275.212
275.172
275.179
275.402
275.237
275.429
275.395
275.354
275.309
275.234
275.405
275.447
275.248
275.175
275.338
275.136
275.385
275.394
275.291
275.333
275.515
275.353
275.159
275.227
275.344
275.328
275.369
275.311
275.424
275.398
275.403
275.27
275.379
275.269
275.322
275.117
275.386
275.118
275.22
275.205
275.342
275.205
275.116
275.214
275.233
275.209
275.179
275.427
275.37
275.409
275.148
275.315
275.242
275.219
275.398
275.316
275.419
275.287
275.282
275.237
275.177
275.287
275.439
275.289
275.281
275.329
275.225
275.285
275.19
275.206
275.272
275.3
275.222
275.174
275.311
275.207
275.197
275.213
275.256
275.278
275.268
275.238
275.275
275.39
275.237
275.21
275.42
275.193
275.454
275.251
275.358
275.425
275.307
275.334
275.465
275.317
275.294
275.394
275.458
275.186
275.297
275.265
275.337
275.309
275.281
275.274
275.393
275.323
275.19
275.158
275.484
275.367
275.322
275.232
275.174
275.318
275.198
275.082
275.221
275.354
275.268
275.316
275.197
275.096
275.212
275.248
275.407
275.121
275.201
275.16
275.214
275.195
275.452
275.221
275.286
275.197
275.198
275.124
275.194
275.309
275.288
275.287
275.383
275.358
275.228
275.149
275.325
275.121
275.391
275.284
275.24
275.229
275.311
275.219
275.271
275.126
275.2
275.332
275.377
275.294
275.244
275.158
275.228
275.225
275.201
275.192
275.211
275.429
275.302
275.268
275.407
275.326
275.152
275.122
275.127
275.218
275.265
275.454
275.271
275.371
275.217
275.334
275.266
275.252
275.406
275.333
275.325
275.166
275.153
275.182
275.285
275.213
275.246
275.193
275.359
275.284
275.421
275.154
275.283
275.315
275.446
275.205
275.339
275.386
275.33
275.312
275.192
275.332
275.406
275.252
275.358
275.359
275.138
275.476
275.28
275.412
275.429
275.489
275.303
275.156
275.278
275.234
275.387
275.22
275.212
275.187
275.211
275.356
275.323
275.332
275.313
275.303
275.32
275.298
275.124
275.132
275.089
275.176
275.124
275.383
275.318
275.342
275.235
275.419
275.453
275.337
275.321
275.358
275.272
275.343
275.253
275.28
275.228
275.321
275.257
275.255
275.402
275.293
275.279
275.299
275.323
275.275
275.315
275.416
275.259
275.297
275.201
275.132
275.246
275.277
275.426
275.168
275.366
275.324
275.348
275.381
275.438
275.276
275.211
275.167
275.279
275.258
275.297
275.532
275.28
275.243
275.341
275.332
275.327
275.358
275.365
275.299
275.218
275.26
275.28
275.265
275.261
275.186
275.206
275.38
275.391
275.283
275.124
275.268
275.216
275.259
275.408
275.326
275.185
275.458
275.23
275.174
275.402
275.269
275.251
275.261
275.24
275.192
275.351
275.165
275.355
275.181
275.113
275.394
275.309
275.368
275.197
275.2
275.359
275.329
275.265
275.372
275.299
275.333
275.477
275.388
275.265
275.336
275.315
275.178
275.378
275.325
275.222
275.397
275.306
275.201
275.175
275.344
275.325
275.354
275.167
275.42
275.112
275.194
275.237
275.291
275.119
275.332
275.069
275.213
275.329
275.417
275.382
275.175
275.447
275.273
275.345
275.277
275.399
275.135
275.384
275.26
275.282
275.274
275.377
275.319
275.039
275.337
275.467
275.171
275.387
275.304
275.168
275.366
275.147
275.366
275.019
275.205
275.357
275.378
275.408
275.359
275.349
275.367
275.313
275.282
275.359
275.223
275.343
275.32
275.26
275.256
275.276
275.367
275.246
275.306
275.249
275.111
275.239
275.312
275.131
275.347
275.195
275.301
275.289
275.075
275.277
275.333
275.317
275.27
275.196
275.307
275.324
275.329
275.246
275.159
275.193
275.196
275.23
275.31
275.35
275.269
275.188
275.311
275.389
275.284
275.246
275.339
275.19
275.223
275.232
275.245
275.313
275.19
275.366
275.175
275.229
275.203
275.154
275.14
275.264
275.231
275.343
275.22
275.33
275.268
275.376
275.408
275.341
275.404
275.172
275.255
275.303
275.182
275.197
275.255
275.407
275.335
275.329
275.367
275.159
275.241
275.374
275.297
275.26
275.291
275.179
275.288
275.287
275.196
275.307
275.535
275.269
275.223
275.167
275.212
275.329
275.221
275.214
275.25
275.101
275.262
275.215
275.173
275.245
275.351
275.221
275.354
275.471
275.22
275.325
275.252
275.377
275.258
275.349
275.187
275.239
275.128
275.254
275.331
275.172
275.358
275.169
275.16
275.264
275.341
275.349
275.4
275.353
275.321
275.294
275.345
275.273
275.321
275.197
275.242
275.248
275.44
275.196
275.343
275.351
275.29
275.121
275.371
275.233
275.125
275.387
275.318
275.225
275.225
275.222
275.302
275.328
275.252
275.211
275.347
275.219
275.417
275.223
275.258
275.246
275.227
275.287
275.294
275.254
275.134
275.275
275.251
275.192
275.349
275.23
275.152
275.285
275.27
275.366
275.273
275.124
275.196
275.429
275.317
275.519
275.383
275.239
275.398
275.234
275.277
275.139
275.16
275.381
275.26
275.306
275.146
275.202
275.359
275.401
275.197
275.182
275.186
275.302
275.406
275.326
275.31
275.206
275.437
275.29
275.408
275.291
275.221
275.388
275.294
275.242
275.191
275.285
275.373
275.355
275.338
275.26
275.203
275.342
275.212
275.203
275.177
275.338
275.317
275.262
275.148
275.34
275.199
275.294
275.333
275.225
275.232
275.273
275.324
275.4
275.21
275.31
275.393
275.41
275.261
275.206
275.262
275.236
275.261
275.327
275.281
275.348
275.258
275.348
275.304
275.287
275.283
275.328
275.177
275.213
275.273
275.4
275.389
275.258
275.345
275.092
275.182
275.152
275.176
275.426
275.342
275.194
275.328
275.235
275.277
275.297
275.33
275.238
275.396
275.311
275.54
275.344
275.296
275.31
275.322
275.099
275.277
275.168
275.253
275.303
275.323
275.408
275.425
275.316
275.316
275.23
275.279
275.202
275.23
275.237
275.307
275.243
275.283
275.316
275.337
275.154
275.369
275.145
275.122
275.136
275.209
275.285
275.348
275.33
275.338
275.407
275.176
275.267
275.294
275.326
275.397
275.353
275.472
275.292
275.282
275.271
275.227
275.303
275.276
275.062
275.092
275.269
275.378
275.442
275.175
275.375
275.32
275.215
275.309
275.419
275.22
275.24
275.288
275.251
275.342
275.271
275.27
275.216
275.147
275.175
275.222
275.3
275.224
275.134
275.138
275.346
275.395
275.366
275.248
275.183
275.203
275.166
275.323
275.276
275.202
275.371
275.124
275.311
275.256
275.261
275.383
275.351
275.18
275.198
275.281
275.106
275.203
275.261
275.246
275.394
275.37
275.382
275.175
275.378
275.286
275.201
275.164
275.375
275.442
275.438
275.233
275.301
275.218
275.172
275.11
275.141
275.224
275.169
275.247
275.191
275.14
275.259
275.313
275.218
275.098
275.208
275.179
275.254
275.369
275.23
275.479
275.42
275.382
275.396
275.144
275.266
275.235
275.219
275.225
275.238
275.316
275.269
275.307
275.385
275.284
275.316
275.146
275.134
275.294
275.262
275.41
275.419
275.284
275.235
275.338
275.119
275.226
275.189
275.185
275.176
275.187
275.313
275.223
275.361
275.19
275.096
275.181
275.126
275.256
275.464
275.15
275.215
275.323
275.201
275.216
275.122
275.461
275.408
275.249
275.288
275.377
275.338
275.326
275.331
275.329
275.374
275.259
275.223
275.215
275.248
275.213
275.274
275.234
275.221
275.311
275.209
275.217
275.174
275.312
275.204
275.207
275.248
275.137
275.359
275.307
275.15
275.211
275.244
275.273
275.306
275.161
275.275
275.305
275.303
275.254
275.051
275.32
275.238
275.146
275.241
275.229
275.118
275.384
275.345
275.212
275.197
275.212
275.173
275.143
275.37
275.329
275.375
275.267
275.231
275.313
275.218
275.248
275.248
275.216
275.335
275.21
275.229
275.305
275.205
275.396
275.281
275.325
275.314
275.184
275.329
275.273
275.373
275.228
275.181
275.291
275.13
275.273
275.362
275.139
275.27
275.144
275.332
275.277
275.228
275.37
275.348
275.289
275.385
275.308
275.284
275.357
275.264
275.322
275.212
275.241
275.237
275.151
275.19
275.262
275.22
275.348
275.206
275.251
275.288
275.475
275.435
275.349
275.278
275.248
275.267
275.255
275.304
275.2
275.247
275.319
275.219
275.123
275.312
275.305
275.322
275.063
275.408
275.212
275.257
275.395
275.173
275.192
275.239
275.219
275.401
275.225
275.31
275.245
275.175
275.306
275.222
275.275
275.189
275.409
275.272
275.247
275.25
275.231
275.26
275.105
275.239
275.24
275.059
275.323
275.328
275.379
275.295
275.213
275.359
275.287
275.195
275.316
275.313
275.305
275.329
275.334
275.224
275.296
275.376
275.434
275.398
275.199
275.226
275.186
275.194
275.363
275.303
275.294
275.283
275.23
275.159
275.205
275.291
275.189
275.365
275.195
275.352
275.307
275.233
275.28
275.129
275.383
275.115
275.282
275.245
275.202
275.285
275.313
275.088
275.178
275.243
275.249
275.22
275.193
275.294
275.16
275.244
275.276
275.289
275.17
275.242
275.284
275.328
275.193
275.351
275.241
275.296
275.237
275.328
275.299
275.399
275.203
275.303
275.317
275.196
275.236
275.181
275.228
275.257
275.283
275.376
275.247
275.424
275.386
275.136
275.349
275.276
275.458
275.115
275.262
275.334
275.255
275.086
275.291
275.404
275.258
275.329
275.422
275.292
275.259
275.296
275.242
275.191
275.225
275.225
275.226
275.365
275.311
275.195
275.271
275.28
275.24
275.27
275.177
275.14
275.182
275.211
275.175
275.197
275.244
275.268
275.103
275.255
275.203
275.24
275.299
275.296
275.063
275.247
275.249
275.295
275.194
275.227
275.296
275.28
275.276
275.323
275.281
275.338
275.314
275.316
275.392
275.181
275.25
275.342
275.142
275.192
275.315
275.243
275.202
275.07
275.153
275.266
275.236
275.2
275.269
275.161
275.321
275.254
275.311
275.279
275.269
275.258
275.193
275.282
275.263
275.122
275.367
275.327
275.199
275.214
275.237
275.257
275.157
275.124
275.382
275.462
275.331
275.27
275.385
275.293
275.289
275.253
275.141
275.283
275.248
275.118
275.182
275.28
275.281
275.251
275.285
275.083
275.073
275.291
275.215
275.259
275.445
275.291
275.319
275.144
275.132
275.218
275.27
275.323
275.209
275.228
275.305
275.179
275.301
275.463
275.159
275.223
275.435
275.387
275.306
275.292
275.302
275.274
275.397
275.329
275.257
275.25
275.225
275.301
275.089
275.26
275.259
275.217
275.253
275.216
275.175
275.32
275.26
275.328
275.17
275.165
275.358
275.212
275.271
275.026
275.33
275.093
275.278
275.161
275.431
275.291
275.294
275.229
275.297
275.278
275.209
275.262
275.315
275.303
275.313
275.318
275.208
275.228
275.191
275.325
275.444
275.177
275.338
275.187
275.336
275.313
275.182
275.13
275.256
275.175
275.154
275.409
275.41
275.29
275.19
275.335
275.121
275.388
275.151
275.207
275.276
275.167
275.234
275.198
275.322
275.282
275.232
275.307
275.335
275.309
275.37
275.229
275.19
275.211
275.3
275.386
275.25
275.254
275.251
275.482
275.417
275.379
275.158
275.361
275.467
275.367
275.252
275.175
275.119
275.293
275.147
275.232
275.314
275.112
275.249
275.252
275.306
275.39
275.189
275.332
275.254
275.189
275.208
275.157
275.16
275.329
275.384
275.285
275.216
275.205
275.353
275.21
275.282
275.18
275.31
275.051
275.155
275.169
275.101
275.251
275.388
275.204
275.304
275.455
275.288
275.241
275.027
275.163
275.285
275.316
275.201
275.261
275.272
275.446
275.433
275.21
275.208
275.36
275.164
275.181
275.305
275.24
275.212
275.286
275.227
275.252
275.228
275.278
275.257
275.097
275.229
275.274
275.088
275.228
275.287
275.232
275.257
275.313
275.251
275.145
275.3
275.127
275.237
275.323
275.164
275.146
275.36
275.309
275.255
275.244
275.297
275.322
275.303
275.412
275.163
275.143
275.079
275.256
275.242
275.308
275.27
275.292
275.369
275.37
275.34
275.273
275.051
275.202
275.273
275.156
275.203
275.152
275.327
275.301
275.389
275.206
275.275
275.358
275.253
275.264
275.221
275.199
275.354
275.351
275.399
275.274
275.323
275.288
275.24
275.183
275.369
275.363
275.145
275.307
275.293
275.355
275.284
275.223
275.355
275.276
275.312
275.237
275.24
275.211
275.139
275.27
275.253
275.133
275.161
275.326
275.352
275.217
275.205
275.264
275.302
275.257
275.216
275.298
275.117
275.209
275.378
275.392
275.249
275.36
275.357
275.389
275.201
275.356
275.253
275.245
275.257
275.205
275.374
275.25
275.327
275.256
275.201
275.276
275.312
275.308
275.356
275.265
275.188
275.328
275.3
275.34
275.32
275.189
275.29
275.255
275.405
275.373
275.362
275.279
275.254
275.373
275.284
275.324
275.276
275.239
275.203
275.349
275.237
275.354
275.359
275.278
275.295
275.263
275.428
275.294
275.247
275.168
275.235
275.212
275.21
275.256
275.259
275.26
275.175
275.366
275.322
275.064
275.384
275.186
275.339
275.371
275.314
275.381
275.269
275.326
275.37
275.361
275.226
275.242
275.384
275.206
275.312
275.277
275.239
275.346
275.342
275.112
275.237
275.249
275.256
275.347
275.295
275.344
275.455
275.286
275.417
275.408
275.369
275.409
275.307
275.311
275.243
275.217
275.28
275.294
275.263
275.375
275.281
275.353
275.244
275.183
275.211
275.342
275.252
275.267
275.328
275.38
275.375
275.285
275.298
275.358
275.178
275.39
275.329
275.293
275.327
275.121
275.267
275.249
275.191
275.302
275.334
275.305
275.298
275.29
275.284
275.32
275.386
275.238
275.138
275.237
275.218
275.218
275.148
275.316
275.36
275.199
275.3
275.305
275.32
275.283
275.413
275.312
275.175
275.296
275.222
275.264
275.093
275.389
275.409
275.261
275.392
275.387
275.191
275.201
275.285
275.281
275.174
275.401
275.27
275.222
275.225
275.153
275.121
275.335
275.222
275.245
275.356
275.289
275.28
275.335
275.175
275.177
275.198
275.246
275.315
275.209
275.207
275.41
275.21
275.197
275.309
275.235
275.243
275.244
275.365
275.32
275.189
275.276
275.284
275.358
275.395
275.296
275.243
275.166
275.186
275.16
275.314
275.33
275.246
275.407
275.083
275.205
275.191
275.435
275.266
275.215
275.175
275.203
275.321
275.062
275.262
275.301
275.307
275.412
275.412
275.273
275.142
275.35
275.394
275.477
275.291
275.31
275.291
275.199
275.423
275.226
275.4
275.133
275.167
275.204
275.183
275.293
275.257
275.311
275.314
275.286
275.352
275.322
275.304
275.232
275.261
275.261
275.247
275.185
275.266
275.249
275.44
275.238
275.312
275.194
275.339
275.303
275.417
275.281
275.347
275.238
275.149
275.28
274.999
275.123
275.27
275.239
275.283
275.185
275.36
275.148
275.211
275.184
275.319
275.353
275.392
275.206
275.141
275.198
275.22
275.201
275.282
275.134
275.264
275.242
275.193
275.225
275.263
275.283
275.304
275.196
275.075
275.277
275.298
275.391
275.133
275.294
275.293
275.238
275.265
275.403
275.373
275.185
275.226
275.275
275.101
275.269
275.453
275.395
275.223
275.269
275.334
275.186
275.294
275.061
275.096
275.305
275.23
275.402
275.316
275.346
275.256
275.274
275.305
275.417
275.293
275.361
275.3
275.343
275.319
275.376
275.329
275.136
275.259
275.21
275.236
275.096
275.24
275.261
275.226
275.225
275.115
275.144
275.197
275.209
275.327
275.273
275.158
275.368
275.075
275.339
275.306
275.255
275.389
275.278
275.37
275.179
275.256
275.27
275.228
275.262
275.227
275.342
275.206
275.238
275.28
275.197
275.231
275.055
275.24
275.488
275.17
275.275
275.139
275.198
275.349
275.204
275.314
275.401
275.306
275.138
275.424
275.204
275.103
275.227
275.136
275.242
275.213
275.266
275.157
275.092
275.283
275.323
275.241
275.257
275.272
275.243
275.232
275.08
275.205
275.133
275.314
275.221
275.286
275.285
275.285
275.278
275.277
275.162
275.175
275.327
275.167
275.317
275.28
275.274
275.377
275.224
275.287
275.289
275.361
275.324
275.252
275.207
275.357
275.274
275.293
275.373
275.272
275.417
275.352
275.273
275.228
275.284
275.129
275.203
275.236
275.187
275.489
275.239
275.3
275.204
275.241
275.274
275.392
275.181
275.371
275.222
275.363
275.306
275.373
275.364
275.325
275.29
275.18
275.117
275.333
275.197
275.366
275.327
275.208
275.343
275.152
275.377
275.242
275.364
275.192
275.248
275.256
275.229
275.21
275.328
275.312
275.313
275.267
275.343
275.328
275.389
275.356
275.163
275.292
275.393
275.307
275.315
275.344
275.327
275.398
275.255
275.232
275.27
275.212
275.267
275.418
275.139
275.345
275.272
275.343
275.307
275.116
275.138
275.171
275.245
275.221
275.206
275.217
275.271
275.294
275.192
275.269
275.19
275.23
275.343
275.191
275.207
275.258
275.296
275.271
275.277
275.19
275.097
275.217
275.279
275.196
275.346
275.431
275.14
275.313
275.176
275.165
275.257
275.286
275.288
275.253
275.286
275.321
275.248
275.269
275.264
275.331
275.267
275.183
275.313
275.253
275.309
275.312
275.466
275.243
275.158
275.326
275.291
275.281
275.316
275.28
275.319
275.26
275.279
275.422
275.451
275.301
275.183
275.129
275.202
275.354
275.293
275.322
275.307
275.349
275.329
275.317
275.383
275.174
275.211
275.187
275.11
275.322
275.326
275.172
275.196
275.102
275.259
275.142
275.288
275.206
275.339
275.226
275.211
275.25
275.223
275.307
275.18
275.341
275.269
275.229
275.376
275.299
275.131
275.181
275.277
275.234
275.142
275.225
275.255
275.187
275.216
275.246
275.215
275.315
275.266
275.214
275.236
275.27
275.223
275.388
275.221
275.21
275.252
275.303
275.312
275.352
275.257
275.203
275.288
275.183
275.14
275.163
275.224
275.343
275.373
275.178
275.23
275.22
275.164
275.341
275.356
275.285
275.371
275.08
275.265
275.145
275.164
275.225
275.44
275.308
275.314
275.233
275.365
275.233
275.403
275.303
275.301
275.231
275.209
275.234
275.263
275.314
275.271
275.256
275.228
275.343
275.18
275.303
275.427
275.393
275.408
275.267
275.247
275.426
275.365
275.322
275.274
275.123
275.197
275.218
275.331
275.421
275.312
275.39
275.269
275.439
275.214
275.228
275.108
275.291
275.22
275.19
275.186
275.179
275.224
275.295
275.345
275.357
275.436
275.443
275.285
275.331
275.324
275.277
275.221
275.199
275.225
275.25
275.271
275.303
275.459
275.305
275.279
275.389
275.323
275.121
275.33
275.177
275.216
275.224
275.459
275.306
275.279
275.138
275.166
275.386
275.363
275.375
275.23
275.412
275.361
275.237
275.181
275.299
275.306
275.451
275.405
275.13
275.265
275.27
275.184
275.23
275.21
275.325
275.282
275.141
275.307
275.248
275.143
275.292
275.24
275.25
275.333
275.224
275.259
275.315
275.093
275.296
275.249
275.182
275.262
275.279
275.287
275.344
275.273
275.096
275.234
275.362
275.156
275.265
275.397
275.416
275.297
275.218
275.209
275.055
275.312
275.242
275.281
275.175
275.22
275.196
275.196
275.289
275.176
275
275.187
275.206
275.314
275.302
275.244
275.185
275.191
275.211
275.285
275.184
275.173
275.306
275.331
275.273
275.277
275.335
275.185
275.187
275.299
275.279
275.218
275.253
275.282
275.19
275.288
275.406
275.228
275.27
275.278
275.312
275.186
275.204
275.219
275.247
275.189
275.113
275.244
275.15
275.178
275.246
275.201
275.048
275.188
275.238
275.284
275.266
275.365
275.197
275.171
275.345
275.231
275.194
275.274
275.352
275.267
275.315
275.345
275.372
275.229
275.239
275.319
275.169
275.168
275.272
275.385
275.431
275.229
275.166
275.262
275.153
275.413
275.235
275.182
275.17
275.299
275.259
275.126
275.152
275.172
275.406
275.492
275.288
275.549
275.313
275.288
275.208
275.376
275.22
275.257
275.34
275.24
275.226
275.137
275.282
275.331
275.337
275.243
275.25
275.255
275.206
275.374
275.331
275.401
275.192
275.184
275.278
275.203
275.29
275.255
275.317
275.481
275.136
275.272
275.204
275.329
275.26
275.152
275.277
275.279
275.281
275.196
275.208
275.208
275.278
275.297
275.431
275.261
275.385
275.293
275.288
275.225
275.232
275.417
275.372
275.27
275.329
275.414
275.416
275.318
275.348
275.19
275.354
275.223
275.272
275.439
275.218
275.331
275.256
275.148
275.147
275.161
275.277
275.283
275.301
275.213
275.309
275.242
275.172
275.122
275.398
275.142
275.244
275.202
275.31
275.307
275.352
275.113
275.179
275.218
275.28
275.301
275.299
275.166
275.31
275.309
275.206
275.201
275.436
275.294
275.333
275.274
275.364
275.354
275.22
275.152
275.151
275.236
275.244
275.197
275.172
275.265
275.333
275.257
275.219
275.271
275.254
275.386
275.195
275.273
275.381
275.224
275.166
275.215
275.169
275.275
275.215
275.368
275.252
275.328
275.159
275.172
275.056
275.301
275.357
275.295
275.273
275.274
275.33
275.234
275.274
275.455
275.215
275.191
275.147
275.392
275.246
275.289
275.421
275.447
275.281
275.253
275.411
275.331
275.314
275.188
275.429
275.199
275.086
275.196
275.515
275.406
275.26
275.211
275.357
275.231
275.335
275.147
275.126
275.262
275.312
275.454
275.112
275.338
275.375
275.287
275.268
275.252
275.225
275.164
275.345
275.171
275.215
275.1
275.043
275.369
275.257
275.295
275.325
275.332
275.145
275.263
275.331
275.392
275.423
275.461
275.2
275.362
275.201
275.195
275.287
275.268
275.232
275.352
275.309
275.426
275.343
275.379
275.195
275.313
275.351
275.257
275.28
275.116
275.285
275.359
275.269
275.19
275.354
275.188
275.265
275.314
275.315
275.273
275.187
275.375
275.207
275.289
275.255
275.339
275.277
275.112
275.47
275.31
275.302
275.296
275.312
275.151
275.198
275.209
275.225
275.27
275.241
275.19
275.36
275.463
275.364
275.3
275.248
275.267
275.251
275.276
275.288
275.278
275.329
275.199
275.295
275.375
275.185
275.312
275.3
275.359
275.195
275.294
275.222
275.393
275.243
275.289
275.405
275.344
275.37
275.307
275.38
275.197
275.255
275.151
275.415
275.259
275.076
275.186
275.273
275.101
275.255
275.329
275.27
275.363
275.345
275.41
275.475
275.302
275.271
275.29
275.179
275.33
275.23
275.151
275.234
275.273
275.089
275.297
275.203
275.237
275.284
275.194
275.265
275.233
275.315
275.178
275.237
275.168
275.157
275.103
275.309
275.363
275.24
275.267
275.354
275.236
275.28
275.342
275.119
275.187
275.368
275.376
275.308
275.209
275.203
275.364
275.38
275.101
275.39
275.137
275.36
275.449
275.463
275.405
275.352
275.19
275.331
275.289
275.416
275.239
275.245
275.248
275.161
275.062
275.307
275.188
275.271
275.316
275.242
275.216
275.254
275.085
275.296
275.318
275.306
275.207
275.215
275.161
275.088
275.394
275.261
275.279
275.241
275.319
275.252
275.349
275.271
275.207
275.152
275.194
275.173
275.211
275.328
275.266
275.174
275.326
275.303
275.367
275.392
275.132
275.313
275.358
275.266
275.276
275.451
275.183
275.373
275.41
275.22
275.417
275.264
275.317
275.108
275.227
275.211
275.249
275.191
275.289
275.224
275.154
275.221
275.273
275.21
275.267
275.237
275.239
275.257
275.198
275.184
275.313
275.247
275.104
275.063
275.17
275.29
275.227
275.08
275.404
275.311
275.204
275.038
275.319
275.32
275.416
275.256
275.313
275.21
275.144
275.291
275.2
275.144
275.142
275.199
275.175
275.259
275.267
275.136
275.294
275.196
275.194
275.339
275.234
275.221
275.18
275.359
275.392
275.262
275.355
275.244
275.227
275.135
275.364
275.353
275.241
275.15
275.244
275.166
275.22
275.329
275.187
275.161
275.312
275.348
275.214
275.22
275.379
275.211
275.267
275.318
275.248
275.31
275.266
275.364
275.318
275.385
275.28
275.271
275.221
275.132
275.216
275.27
275.166
275.018
275.264
275.22
275.33
275.11
275.227
275.215
275.25
275.291
275.219
275.197
275.272
275.274
275.243
275.248
275.36
275.43
275.243
275.236
275.381
275.308
275.242
275.167
275.21
275.357
275.348
275.223
275.387
275.336
275.254
275.305
275.238
275.241
275.419
275.259
275.129
275.328
275.255
275.248
275.181
275.323
275.319
275.236
275.298
275.194
275.294
275.302
275.246
275.207
275.14
275.291
275.262
275.297
275.331
275.324
275.26
275.316
275.311
275.242
275.223
275.148
275.326
275.326
275.354
275.228
275.338
275.212
275.229
275.246
275.312
275.235
275.408
275.338
275.35
275.327
275.323
275.271
275.155
275.25
275.339
275.236
275.327
275.363
275.299
275.195
275.168
275.203
275.274
275.274
275.281
275.352
275.304
275.293
275.288
275.203
275.233
275.344
275.249
275.326
275.299
275.344
275.244
275.267
275.311
275.236
275.366
275.235
275.135
275.227
275.231
275.311
275.236
275.369
275.292
275.168
275.311
275.26
275.304
275.396
275.341
275.375
275.262
275.068
275.335
275.366
275.332
275.415
275.244
275.182
275.14
275.354
275.144
275.237
275.296
275.198
275.238
275.211
275.344
275.165
275.257
275.119
275.209
275.399
275.233
275.373
275.289
275.24
275.247
275.164
275.324
275.314
275.232
275.257
275.114
275.091
275.008
275.069
275.211
275.298
275.228
275.211
275.261
275.257
275.115
275.408
275.152
275.294
275.187
275.347
275.235
275.309
275.275
275.209
275.185
275.155
275.255
275.27
275.216
275.248
275.35
275.267
275.456
275.315
275.31
275.2
275.238
275.395
275.378
275.226
275.148
275.291
275.18
275.228
275.129
275.297
275.222
275.128
275.212
275.27
275.335
275.376
275.359
275.359
275.26
275.202
275.181
275.363
275.231
275.15
275.053
275.231
275.069
275.213
275.152
275.258
275.301
275.127
275.262
275.502
275.367
275.254
275.266
275.295
275.404
275.232
275.412
275.381
275.187
275.165
275.318
275.296
275.293
275.383
275.355
275.309
275.3
275.142
275.188
275.341
275.29
275.373
275.278
275.304
275.138
275.268
275.275
275.267
275.227
275.149
275.281
275.171
275.26
275.135
275.367
275.261
275.259
275.279
275.152
275.322
275.234
275.309
275.172
275.212
275.206
275.346
275.438
275.39
275.214
275.09
275.24
275.233
275.098
275.319
275.284
275.259
275.309
275.249
275.208
275.234
275.241
275.287
275.275
275.271
275.317
275.286
275.175
275.22
275.25
275.223
275.168
275.185
275.313
275.293
275.241
275.389
275.224
275.179
275.278
275.189
275.241
275.251
275.241
275.307
275.275
275.241
275.251
275.279
275.26
275.272
275.262
