     0
     0
     5
     8
    23
    21
    22
    36
    96
    69
    74
   108
   111
   183
   179
   208
   247
   209
   284
   293
   348
   349
   387
   446
   545
   620
   622
   641
   720
   680
   852
   880
   962
   986
   971
  1272
  1176
  1257
  1140
  1300
  1541
  1487
  1553
  1715
  1610
  1813
  1843
  2075
  2169
  2101
  2181
  2236
  2401
  2576
  2697
  2591
  2799
  2840
  2983
  3090
  3182
  3445
  3543
  3544
  3654
  3828
  3974
  3876
  4247
  4248
  4341
  4624
  4470
  4750
  4863
  5126
  5274
  5321
  5223
  5407
  5486
  5724
  6271
  6120
  6170
  6478
  6508
  6519
  6853
  6811
  7135
  7235
  7426
  8048
  7961
  7937
  7679
  8157
  8409
  8648
  8941
  8810
  8901
  9190
  9609
  9671
  9893
  9734
 10014
 10557
 10485
 10915
 10991
 11202
 11360
 11491
 11365
 11938
 12329
 11817
 12506
 12585
 12580
 13193
 13467
 13437
 13695
 14333
 14245
 14249
 14408
 14835
 14638
 15846
 15480
 15792
 15922
 16186
 16117
 16672
 16589
 17234
 17815
 17715
 17468
 17883
 18514
 18685
 19159
 19193
 19408
 19962
 19411
 19982
 20116
 20396
 20496
 21008
 21444
 21433
 21913
 21890
 22345
 22813
 23255
 23029
 23669
 23938
 23817
 24098
 24382
 24762
 25091
 25826
 25996
 26140
 26311
 26736
 26884
 26938
 27370
 27981
 28010
 28009
 28797
 29235
 29576
 29854
 30804
 30465
 31071
 30955
 31902
 31858
 31803
 32297
 32912
 33616
 33638
 33554
 33859
 34462
 34781
 35151
 35693
 36150
 35639
 36841
 36784
 37122
 37063
 37776
 38873
 38546
 38816
 39186
 40058
 40653
 39754
 40613
 40467
 40801
 41363
 41135
 42124
 42307
 42841
 43007
 43266
 44670
 44110
 44730
 45232
 45519
 46575
 46002
 46342
 47624
 47915
 48041
 49127
 48772
 48632
 49194
 49740
 50371
 50867
 50948
 50984
 51783
 51872
 53777
 53712
 52877
 53837
 53801
 54054
 55202
 55075
 55789
 56461
 57058
 56924
 56698
 57209
 58093
 58153
 58964
 60074
 59986
 59913
 60565
 60631
 61587
 62725
 62113
 62552
 63735
 63064
 63837
 65195
 65636
 64359
 65335
 66548
 66891
 66693
 66881
 67049
 68336
 69532
 68693
 70127
 70571
 70674
 70814
 71708
 72175
 72999
 74020
 73020
 74942
 74378
 74460
 75159
 76312
 75737
 77268
 77097
 77799
 77878
 77493
 79273
 79288
 80353
 80338
 81591
 82016
 82050
 83157
 82702
 83802
 83955
 84057
 84688
 85193
 86019
 86212
 86976
 87131
 88328
 88138
 88894
 88946
 89697
 90956
 91587
 91456
 92559
 91931
 92490
 93004
 93705
 93957
 94935
 95540
 96056
 96817
 97136
 97275
 97877
 98748
 98843
 99475
101266
100113
100938
101916
101949
102192
102131
104002
103539
104364
105257
104595
106250
107128
108123
108347
107859
109232
109635
110507
112753
110759
112738
112823
113956
113803
114199
113986
115217
115771
117450
117106
116963
117451
117954
119556
119649
118830
120531
119887
122485
121689
121879
123830
123110
123423
124360
125411
125660
125950
127088
126679
127983
128983
129849
130395
130043
131244
131471
132445
132022
132565
134614
135014
135216
135453
135870
134957
136793
138312
138200
139102
139971
140521
141088
142029
141749
143211
142750
142881
143425
144263
145750
145456
147515
145580
147873
149263
147949
149957
150424
150833
150260
151442
152289
153050
154435
154170
153954
156406
154686
156463
155654
157314
158990
157325
158942
159507
161504
161091
161028
160960
163183
162919
164652
164423
164228
165238
165679
167544
165520
165938
168604
166832
167765
169635
169342
170085
171532
171247
172635
173338
174174
173366
174741
173936
175774
175824
176742
177797
178976
179283
180849
180561
180985
181152
182235
180758
184432
183510
183684
183988
186683
185562
185631
187920
188393
188929
189451
189550
191343
191982
192595
192120
191528
193633
195098
193715
195395
195507
197897
196715
197428
198423
199431
197995
200422
200502
201077
202778
202749
203313
202441
203762
203369
205091
206967
206234
206527
206832
206855
207764
209996
211158
211402
211217
210981
211713
213606
213420
214924
215599
214813
216741
216109
214991
217628
216388
217567
218199
219574
219769
220982
220345
223418
222653
223566
221945
225541
225851
224187
225130
225784
225879
226685
227524
228074
229989
228920
231214
231941
231832
232287
232389
233427
231475
235078
234801
235795
237066
235165
237767
237814
237501
237324
240380
240703
239596
240320
241707
241758
244448
243808
243938
244664
244549
246112
245218
247028
248217
247739
249230
247842
251329
249212
250118
251771
252488
253508
254916
253911
253736
254757
255595
256991
255906
255167
257247
257449
259625
259773
260573
260475
262569
261315
262933
263450
263760
263356
265306
264969
265113
266164
265913
266588
268512
268111
269610
268685
271156
271726
271414
272691
271126
272211
273001
274441
274475
275378
273894
275160
277675
276770
277475
279197
277795
281071
278485
281650
280654
281423
282101
283138
280259
284322
284012
286306
285462
285698
284646
286791
286411
287887
288562
288981
290851
289788
290192
288879
290992
291729
292702
291694
291039
293364
293757
294029
295270
297131
295764
297516
298658
299726
299702
300122
299190
298835
299946
302090
301480
303009
303671
303604
305172
304808
306759
306271
305467
306665
305208
306564
310197
307711
308778
310177
311944
309376
311165
311904
312952
312210
313666
314873
314487
315801
315045
315651
316049
316939
318526
319597
319175
319170
318139
319142
319809
321125
321261
321548
320570
321867
323112
323148
325314
324415
327055
327143
325603
327729
328724
327502
327320
327518
329656
328884
330794
332409
331241
331675
334709
332960
331795
335251
333614
335603
334729
335166
335892
334801
336572
336568
336872
338798
337457
340096
340389
339854
339078
342790
338931
342093
342929
343171
341782
342295
345270
342829
341669
341805
343849
342326
346323
345175
348078
346764
349407
349289
348854
348539
348169
350319
350154
350515
348230
348733
351444
351425
351402
354247
354806
353363
353691
354018
354399
355089
355814
355580
354141
356517
357093
357720
356076
360798
357126
359981
356823
360348
360475
359318
361006
361741
361232
364141
361886
363370
362132
363324
364939
363958
363277
363798
363389
364225
364148
364690
365265
364024
365127
364451
367375
366382
366334
368022
366451
368717
370299
367564
368845
369735
370537
370077
371697
371832
371439
371312
369972
372031
372670
371099
373657
372868
374385
375322
372662
373984
376127
375903
375103
375342
375333
376730
374621
374884
377748
377935
378548
376968
378378
378463
379731
378586
377207
379779
380002
379866
379257
381991
382216
380833
381219
383136
382209
384806
380921
381504
383246
384321
381233
382376
383797
384236
386345
386409
384243
384463
385113
386548
386222
386912
387117
387125
387908
387380
386396
386987
387497
390406
388777
388147
388649
391033
390496
391839
390220
391030
391572
391428
390496
393360
391921
393548
394936
391781
394202
392040
392068
395583
395190
393788
395839
394767
394818
393353
395851
396944
395592
398075
395569
395167
394539
395431
397126
397068
398216
398512
395832
399084
397640
397057
397689
397683
399896
398239
397366
399569
399351
398972
402283
398506
399613
400616
398558
399921
401646
403500
402217
399492
403771
402121
402025
399188
403586
401457
403809
403294
403883
403598
404784
403116
405124
404690
403181
404610
404076
406580
404043
404143
404510
406366
405249
404050
405804
405774
404590
405073
406983
405492
405819
407554
408258
407351
406700
406042
404815
405951
409211
408031
408610
406268
407437
407122
407673
410097
409955
408584
409728
407153
408761
409175
407878
411414
409098
410103
412001
410053
408084
412522
410640
412050
409301
409658
409058
410474
410529
410664
408891
410530
410512
409671
410532
410053
410645
410916
410708
409713
410592
409089
409341
410938
412000
411292
408167
410283
409804
411893
411921
410444
409622
411061
411160
411515
412190
411645
410741
412417
411759
411044
410414
409309
411601
411129
410393
412028
409926
410507
411876
409517
411382
411444
412024
409810
411450
409447
410790
412420
410390
410878
411692
409978
413150
410644
409724
413171
411282
411779
411061
412257
411113
412189
412241
411579
412140
410250
411600
411096
408854
411344
410653
409086
410058
410304
407196
411243
410376
409071
409804
411024
408193
409500
409303
407885
408701
408851
410223
409969
411123
407654
410591
408872
407739
408882
408531
408771
409384
407615
407557
407668
409682
408294
410031
407242
408675
407658
407299
406616
409448
406117
409016
408237
407135
408811
410092
407291
407781
408234
407811
408906
408582
408091
406753
408679
408735
408586
408652
405047
407761
407141
406085
405145
407578
408041
405970
405960
404026
404376
404194
408245
405434
403388
404839
404159
403733
404465
404510
404612
405507
405749
404995
402105
405043
404835
403199
405532
403802
403996
402332
401718
401400
401840
401624
403599
401693
402182
401267
402784
401842
400631
400698
400145
401126
400105
399395
399749
400539
399192
400073
399336
399742
398222
397355
397799
396594
397571
397342
397450
394545
397256
396452
396414
397614
395994
395495
395299
396432
394797
395299
394568
394348
397550
395388
397440
395619
395873
395842
390690
393098
394554
391024
390748
393653
392022
391032
390255
393225
391299
390779
389302
388587
391077
390984
390696
390803
388252
391745
389093
390120
387006
389171
387759
387221
388332
388495
385736
385154
386663
385312
385210
384919
385057
383009
383203
384849
382698
384015
383844
382247
381844
381276
380688
384043
382847
382693
381684
382467
380668
380041
378959
378206
379043
380604
378289
379159
378181
377322
378299
377340
377854
377016
377606
374333
375235
376660
375804
378077
374950
374461
374783
375304
374589
373912
372797
373377
372168
373323
372712
372605
370604
372834
372794
374086
372473
370868
372020
370396
371480
370141
370052
369922
369282
370759
369457
368240
370120
367787
367636
366452
367887
368923
365842
365698
366089
365341
366096
366984
365895
365024
363279
363163
364384
365339
364573
362738
363107
360943
359900
358194
359606
361833
357919
359774
359213
359447
357324
359469
357601
358362
356719
358472
357997
357960
356730
356555
358536
356116
357002
355398
354381
356443
353822
353878
354124
351939
354380
352215
353864
352092
352630
353581
351547
351551
349446
350573
350617
349734
350469
348059
346843
349980
348569
347712
346990
347217
348328
345918
345497
347094
346678
344098
345788
343958
343897
341553
344709
343433
343850
341639
343508
343703
341761
339749
340513
340813
338787
339088
337667
338518
338682
338493
336119
335957
335519
335637
334723
333360
336360
334403
334038
335190
334232
333984
332807
333018
332369
331256
330192
331387
332522
327764
327915
328814
325793
328048
328529
327155
326326
327400
326164
325555
325859
326859
324623
323582
323681
322730
322055
322727
323896
323956
320645
321189
322118
321646
320055
320664
319092
317993
318299
319946
318501
317948
317535
317648
316200
317195
315354
315516
314871
314711
316485
314755
314088
312552
314592
310965
311422
310562
312315
311766
310020
309592
309170
308907
309378
308405
307973
307059
309294
304904
305797
305567
305876
305912
303797
302136
302428
304033
303184
303213
300918
301964
300987
300166
300804
300593
299259
298678
298698
298512
298650
297039
298161
297429
296325
295053
295388
295444
295554
293798
293594
294170
293932
290895
290618
291135
290234
289367
290091
290893
288555
288929
289497
288934
287916
287755
288374
287874
286213
286772
288419
284986
285912
283615
282070
284331
286003
282004
281050
280864
283245
278700
280462
280358
281422
280080
279101
278573
278277
278157
277256
276723
276763
274520
276307
274271
275364
276113
272976
274913
274589
274170
272718
273832
271376
271086
271701
270119
268942
268326
271049
271342
268878
268848
270353
267869
267156
266812
265856
266869
265894
265115
264285
264275
265173
264882
262554
262532
261724
262497
260658
262543
262362
260464
259851
259676
260022
257937
258199
258502
258893
258990
256744
255844
256971
256016
254024
255607
253318
255572
252886
251429
252390
253022
252103
250173
251028
251945
250499
250145
249721
247702
247656
247920
247600
248814
247854
247229
247881
245855
247245
245879
244256
243641
244217
243891
243913
242714
241845
242759
241536
240281
240663
240401
239679
238573
238624
237779
235913
238572
236003
237016
238394
235935
233906
234489
234655
233557
233773
233560
232905
231340
231029
231573
232243
231136
231920
230486
229381
228211
228999
227247
228738
227172
226228
226821
225603
225729
224532
225936
224668
225500
223602
224388
223413
224636
221763
222059
221899
219563
221302
221188
221031
218880
218525
219544
218923
218529
218999
217549
217282
215896
215728
214048
215801
213732
212669
214254
213154
213207
211946
213227
209811
212075
209549
211247
208514
208850
208834
207796
208350
208028
207604
207764
208020
208683
207851
205087
205036
206526
204772
203357
205758
204683
204755
203126
201817
202088
202605
201064
202087
200530
199978
200004
198158
200365
200307
199350
198016
197102
197027
197952
196445
196140
196448
193435
196232
194102
193226
192535
193213
191399
191771
192095
191219
191692
191439
190294
191544
188722
187828
189790
187956
188345
186587
188138
187446
185963
184339
184296
184085
184664
181797
182639
181571
182934
182173
183973
181461
180257
180192
179083
178707
179285
177582
179058
178000
177761
177547
176818
177866
175800
175144
175300
174842
174212
174273
173122
172509
171369
172957
171984
170771
171906
170442
171160
172085
170804
170163
169608
168111
167242
167690
168920
167724
168428
166226
165674
165590
166586
166962
164683
164260
164365
164515
163246
163407
162663
163599
162530
162184
162399
161591
161295
159951
160161
160489
158797
158976
157647
158017
157461
157226
158394
157307
156520
156176
155824
154408
155717
155545
154991
154239
155028
154001
153083
153718
152345
151169
151129
151200
149546
149180
149587
149169
149113
148203
149696
148152
148126
148397
145956
145788
147023
146434
145473
145070
145081
145660
145025
144784
142924
144082
143927
143328
144006
142017
142699
142677
141556
139886
142709
141426
140108
139426
138665
139646
139521
137927
137899
138166
137737
137210
136579
137227
136131
136382
135146
135306
134530
134960
134703
134081
132684
132850
133014
132474
130991
130122
131060
130889
130461
130645
130730
129526
129888
129759
128431
128144
128675
128075
127851
125703
126246
127046
126161
126933
125785
126095
124435
125505
124417
125362
123342
122043
124286
122217
123523
122751
122352
122953
122283
121986
119791
119874
120645
120057
119547
119587
118314
119390
118571
117760
118243
117975
117866
117622
116590
116373
115967
114533
115606
114618
115345
113708
113870
112835
113432
113036
113648
112266
112249
112853
111690
110691
110806
111707
110794
108579
110984
109175
109581
109148
108775
108435
108204
107643
108008
107065
108357
107172
106498
106755
106391
105253
104904
104635
105441
104749
104574
104090
103295
103517
101985
102756
101327
102110
101328
100705
101818
101684
100217
100585
100856
100455
 99938
 99485
 98291
 99390
 98982
 99168
 97544
 97791
 97444
 97389
 97175
 95717
 96286
 95656
 95837
 95609
 95386
 95301
 94971
 94411
 94336
 95472
 93928
 93243
 93164
 91318
 91522
 92070
 92016
 91545
 91500
 91215
 91123
 90491
 89910
 91467
 90686
 89013
 88314
 88522
 88617
 88433
 88356
 87507
 87798
 87706
 87027
 87283
 86330
 86377
 86265
 86095
 85690
 85203
 85431
 84911
 85482
 84897
 84221
 84387
 84531
 83359
 83242
 82620
 82899
 82911
 83373
 82138
 82150
 82671
 81260
 81199
 80355
 80077
 79695
 79709
 79334
 78948
 78807
 78357
 78110
 77764
 78752
 78740
 78519
 78138
 77469
 77834
 77535
 77785
 77124
 77061
 77350
 76160
 76416
 75195
 76289
 75532
 74981
 74401
 74547
 73991
 74810
 75220
 74249
 73979
 74352
 73539
 73547
 72630
 72121
 72645
 71754
 71892
 72563
 72214
 71686
 71472
 71706
 71099
 70386
 70295
 69891
 70171
 71151
 69393
 69241
 68598
 68788
 69348
 68953
 68608
 68064
 68311
 68555
 67950
 67122
 67420
 66781
 66181
 65902
 66467
 65940
 65763
 65634
 66024
 65014
 65057
 64965
 65882
 64295
 64909
 64849
 63587
 64244
 63722
 64142
 63414
 62887
 62371
 63806
 61669
 61784
 61635
 62201
 61984
 60516
 61166
 61152
 61123
 60056
 59819
 59642
 60113
 59584
 59279
 58450
 59171
 58958
 58768
 58834
 58733
 58460
 57747
 57391
 58049
 57446
 57082
 57154
 57284
 56580
 56749
 56121
 56732
 56384
 55237
 56122
 55816
 54792
 55368
 54614
 54430
 54491
 54675
 54370
 54226
 53853
 53978
 53850
 53399
 53334
 53271
 52265
 53236
 52168
 52688
 52715
 52324
 51834
 50542
 51735
 51317
 51767
 51155
 50735
 50834
 50110
 50759
 49972
 49374
 49689
 50058
 49278
 49598
 49586
 49764
 49326
 48524
 49130
 48375
 48711
 48872
 48656
 46450
 48044
 48261
 47819
 47318
 47452
 47091
 47514
 47554
 46631
 45681
 46115
 47044
 46949
 45747
 46247
 45832
 46022
 44840
 44484
 45649
 44506
 44107
 44904
 44618
 44227
 44014
 43708
 43582
 43874
 43891
 42756
 42842
 43067
 42632
 41855
 42595
 42651
 42597
 42163
 42005
 41932
 41631
 41713
 40594
 41243
 41293
 40816
 40917
 40366
 40618
 40179
 40749
 40258
 40272
 39007
 39149
 39942
 38905
 39059
 38751
 38837
 38392
 38457
 38396
 37718
 38303
 38442
 37490
 37463
 37961
 37656
 37892
 37194
 37175
 36739
 36349
 36590
 36739
 36262
 36744
 36287
 36275
 36403
 35860
 35621
 35385
 35326
 34957
 35275
 34378
 35114
 34606
 34577
 34611
 34162
 34316
 34614
 33788
 34515
 33866
 33991
 33301
 33370
 33225
 33191
 32681
 33227
 32828
 32851
 32909
 32898
 32111
 32135
 32156
 31923
 31940
 32378
 31666
 31795
 31038
 30835
 31067
 31198
 30487
 31214
 30251
 30335
 30185
 30316
 30167
 30369
 29412
 29971
 29810
 29595
 29896
 29511
 29286
 29399
 28823
 28825
 29104
 28177
 28442
 28496
 28494
 28149
 28662
 28131
 27950
 27191
 27875
 27262
 27131
 27200
 27221
 26973
 27164
 26634
 26917
 27209
 26601
 26601
 26792
 26320
 26279
 25934
 25885
 26000
 25580
 25938
 25839
 25345
 25415
 25244
 25181
 25045
 25178
 24520
 24923
 24600
 24518
 24964
 24685
 24017
 23992
 23468
 24400
 24421
 23790
 23423
 23500
 23442
 23940
 23041
 23255
 23726
 23401
 22596
 23332
 22333
 23179
 22897
 22590
 22720
 22488
 21966
 22113
 22256
 22207
 21514
 21890
 22166
 22002
 21726
 21451
 21541
 21297
 20586
 21298
 21534
 20923
 21334
 20704
 20656
 20731
 20242
 20554
 20025
 20166
 20076
 20430
 20433
 20108
 19971
 19516
 19767
 19776
 19620
 19535
 19792
 19864
 19126
 19390
 19214
 19134
 18597
 18989
 18823
 19013
 18545
 18859
 19123
 18815
 18285
 18384
 18219
 18203
 18577
 17989
 18201
 18013
 18083
 17753
 17711
 17618
 17641
 17903
 17548
 17560
 17780
 17578
 16887
 17282
 17041
 17072
 17012
 16984
 17443
 16362
 16950
 16818
 16713
 16239
 16531
 16313
 16442
 16201
 16459
 15954
 15929
 16191
 16295
 15957
 16031
 15417
 15678
 15599
 14984
 15441
 15418
 15488
 15588
 15377
 15010
 14363
 15098
 14810
 14804
 14669
 14610
 14859
 14862
 14523
 14329
 14301
 13990
 14358
 14231
 14459
 13286
 13835
 14188
 13581
 13543
 13735
 13249
 13371
 13416
 13291
 13479
 13506
 13057
 13089
 13155
 13151
 12877
 12514
 12473
 13022
 12502
 12688
 12751
 12400
 12433
 12267
 12335
 12451
 12580
 12388
 12373
 12184
 12039
 12186
 11947
 12288
 11621
 11915
 11820
 12003
 11929
 11804
 11711
 11645
 11620
 11717
 11315
 11217
 11499
 11565
 11323
 11236
 11397
 11077
 11009
 11370
 10933
 11132
 11191
 11050
 10916
 10820
 10536
 11121
 10905
 10802
 10925
 10838
 10500
 10794
 10670
 10570
 10581
 10524
 10603
 10195
 10414
 10434
 10340
 10087
 10189
 10091
 10173
 10170
  9880
 10165
 10034
  9825
  9863
  9727
  9734
  9639
  9450
  9590
  9882
  9453
  9307
  9777
  9505
  9403
  9296
  9261
  9122
  9364
  9163
  9098
  8834
  8925
  9001
  8575
  8870
  8758
  8642
  8342
  8468
  8784
  8686
  8869
  8659
  8735
  8763
  8673
  8239
  8398
  8320
  8419
  8034
  8207
  8464
  8307
  8100
  8299
  8376
  7981
  7904
  7766
  7999
  8058
  7981
  7910
  8100
  7847
  7621
  7779
  7820
  8036
  7772
  7602
  7530
  7522
  7471
  7612
  7398
  7097
  7396
  7080
  7266
  7516
  7450
  7190
  7206
  7066
  7041
  6933
  7047
  7143
  7142
  6734
  6938
  7196
  6867
  6826
  6655
  6878
  6901
  6623
  6691
  6842
  6622
  6632
  6560
  6346
  6314
  6419
  6248
  6116
  6154
  6224
  6473
  6199
  6109
  6317
  6222
  5993
  6020
  6300
  6260
  5846
  6251
  5686
  5948
  5876
  5970
  5908
  5844
  5656
  6012
  5732
  5544
  5457
  5776
  5896
  5665
  5242
  5579
  5739
  5705
  5410
  5532
  5767
  5336
  5511
  5412
  5422
  5279
  5293
  5147
  5312
  5290
  5079
  5446
  5164
  5500
  5125
  5087
  5137
  4979
  5139
  5032
  5148
  4896
  5114
  5112
  5094
  4994
  4957
  4674
  4814
  4703
  4887
  4810
  4846
  4823
  4824
  4841
  4842
  4602
  4781
  4760
  4559
  4474
  4634
  4640
  4455
  4571
  4577
  4471
  4438
  4372
  4450
  4347
  4490
  4308
  4445
  4325
  4543
  4357
  4437
  4227
  4232
  4483
  4026
  4177
  4395
  4385
  4123
  4031
  3987
  3807
  4054
  4175
  4035
  4076
  3972
  3970
  4009
  3930
  3921
  3923
  4055
  3883
  3814
  3851
  3763
  3800
  4046
  3765
  3729
  3770
  3745
  3683
  3633
  3513
  3763
  3699
  3694
  3654
  3586
  3735
  3620
  3691
  3510
  3515
  3354
  3381
  3448
  3420
  3243
  3356
