       0
   50156
  139386
  227379
  313161
  414027
  500214
  598575
  676109
  795228
  886421
  968099
 1087733
 1175092
 1260770
 1369419
 1450326
 1552719
 1655824
 1788056
 1852883
 1976541
 2048428
 2147764
 2282730
 2394324
 2491322
 2619741
 2699793
 2824838
 2922036
 3004887
 3151427
 3227724
 3369526
 3514066
 3616824
 3716213
 3855778
 3994177
 4080513
 4234706
 4332492
 4470656
 4572056
 4691471
 4799214
 4983969
 5097009
 5249626
 5365738
 5485461
 5636477
 5781492
 5915016
 6034510
 6099737
 6296010
 6458776
 6581053
 6707026
 6833476
 6971013
 7103288
 7273930
 7349641
 7524786
 7657797
 7785706
 7994688
 8088520
 8219818
 8335435
 8502992
 8662045
 8760550
 8876720
 9029170
 9150217
 9259720
 9418149
 9577059
 9678092
 9837086
 9890669
10079666
10184288
10277219
10453279
10551146
10673656
10786614
10859131
11021238
11135145
11224878
11324877
11463036
11567743
11649967
11752806
11832437
11922633
12100955
12121425
12313559
12351028
12401458
12530704
12610272
12668317
12757244
12805875
12922256
12989848
13072007
13146780
13189104
13317792
13369025
13408747
13472522
13547979
13644676
13690896
13742492
13782451
13889292
13906248
14001664
13978800
14156250
14088754
14126464
14253831
14303216
14327943
14405537
14418161
14413984
14501896
14596844
14626210
14663786
14694128
14834622
14837334
14937031
14937094
14956340
14972994
15056379
15092039
15196430
15251612
15336893
15429592
15389037
15450010
15538652
15578805
15603305
15645822
15756099
15790069
15833136
15955911
16017544
16036567
16174210
16212711
16338902
16397970
16433563
16572814
16720498
16715342
16886840
16910602
17069934
17133438
17280732
17320017
17448829
17516349
17614624
17787552
17880840
17946769
18157020
18232954
18314964
18449907
18565299
18686842
18746779
18959178
19046677
19216960
19402455
19478121
19657774
19743935
19914052
20106764
20246231
20322459
20503738
20632654
20662237
20978322
21078536
21179585
21304780
21569330
21671109
21785587
22055160
22070986
22249423
22419019
22500490
22616206
22800135
23045600
23024918
23176001
23320743
23424767
23555382
23712239
23983307
23977148
24017350
24243358
24415801
24525425
24632873
24761212
24805748
24969944
25042310
25110585
25253891
25333959
25419993
25541536
25719049
25680641
25899319
25871029
25982317
26041919
26055913
26203749
26200722
26285964
26324883
26348066
26400333
26453573
26441003
26383245
26532511
26526494
26538864
26669107
26752527
26617378
26649913
26717484
26720342
26719434
26715746
26547483
26642419
26627836
26590765
26629824
26523815
26567497
26536460
26460322
26419710
26391906
26336461
26281945
26303788
26288228
26257042
26183924
26195054
26039511
26011012
26007222
25933063
25842892
25727934
25668175
25688136
25653117
25545666
25523109
25396628
25399553
25343240
25225039
25308481
25170973
25212140
25146226
25143533
24979788
24967885
24874982
24853777
24785932
24752555
24694306
24691494
24608047
24601838
24662713
24520347
24496082
24527597
24493536
24556259
24434143
24602512
24426150
24542842
24501546
24542039
24612527
24481918
24587957
24576099
24594295
24621333
24618786
24752672
24733825
24877785
24849436
24883704
24929746
24991921
25083262
25245727
25273273
25368586
25419597
25459589
25709246
25744516
25886885
25964292
26042458
26192774
26247698
26381051
26439821
26641124
26762094
26849224
27119138
27131230
27408184
27403969
27657439
27685962
27997507
28072606
28203956
28329693
28525995
28732871
28832747
28987036
29113608
29258481
29480550
29554773
29833794
29879634
30082168
30256051
30400628
30593613
30848604
30958154
31156721
31292141
31462482
31576181
31621325
31865378
31946377
32201395
32324862
32436481
32655536
32728914
32884913
33156227
33125208
33347050
33451482
33499770
33580831
33737750
33782778
33834115
33983819
34063389
34265399
34209355
34352120
34410827
34437096
34511301
34583854
34614931
34677461
34749724
34823405
34811620
34693354
34771543
34842233
34759756
34759054
34790211
34684786
34774978
34667318
34631772
34523329
34538770
34486319
34419606
34262713
34215355
34091261
33982932
33936711
33673413
33692502
33563139
33383757
33282778
33131607
32969249
32796385
32769693
32566007
32353639
32169481
31992236
32009514
31701872
31341087
31229529
31109747
30746650
30599283
30366071
30177935
29928854
29651940
29462211
29129977
28921140
28588007
28387553
28131786
27785721
27601530
27386955
27099488
26715095
26474106
26228041
25913282
25651918
25313719
25139976
24733209
24499382
24161242
23881227
23524787
23250667
22886059
22606643
22322316
22019368
21727893
21445480
21216822
20773258
20499817
20255259
19858447
19635682
19244185
19019894
18727778
18399178
18032936
17796261
17513558
17220899
16871859
16528325
16299228
15998385
15697572
15443088
15115268
14883493
14581343
14310583
13972606
13760980
13459829
13222291
12965138
12703400
12423150
12158928
11882990
11657626
11398566
11161198
10925482
10687185
10439893
10168673
 9973528
 9768488
 9503668
 9311234
 9086198
 8851880
 8627720
 8491876
 8225821
 8041573
 7845352
 7640985
 7472925
 7254520
 7090098
 6894833
 6713550
 6499618
 6365048
 6211388
 6062948
 5851085
 5744333
 5537127
 5372689
 5250234
 5085525
 4986315
 4830462
 4648122
 4576090
 4404094
 4274437
 4141339
 4049901
 3929904
 3771806
 3676193
 3590049
 3452580
 3347521
 3275465
 3154808
 3056134
 2948653
 2865619
 2776824
 2689182
 2599749
 2510536
 2452235
 2337135
 2272317
 2204274
 2152840
 2062993
 1972357
 1898132
 1860999
 1782059
 1725945
 1680572
 1592281
 1568704
 1480315
 1449430
 1389246
 1334253
 1284145
 1239531
 1205512
 1160743
 1102901
 1054514
 1026959
 1007834
  956664
  918521
  887338
  843630
  813557
  785785
  754393
  728987
  703699
  664274
  644160
  603672
  597471
  570594
  533966
  522751
  502492
  473383
  470992
  439451
  424550
  406319
  393137
  380273
  354313
  345686
  327146
  303631
  307065
  284135
  271690
  264483
  252209
  242394
  230705
  218997
  209438
  195864
  189376
  180805
  173760
  167346
  158525
  152214
  150498
  138131
  129053
  125330
  116705
  114343
  108331
  104432
  100209
   92750
   93734
   86526
   85168
   78549
   68927
   71633
   69916
   64729
   58811
   55408
   52062
   57210
   49645
   47755
   44190
   42912
   44165
   39251
   38432
   38526
   32827
   30950
   32709
   29680
   26620
   25753
   27707
   26311
   22752
   24020
   21659
   20550
   19930
   19490
   15885
   15824
   15302
   17930
   16488
   13979
   14930
   11187
   12584
   11209
   11038
    9482
   10315
   10285
    7525
    7375
    9950
    9033
    7430
    6477
    6839
    7290
    4156
    6488
    7069
    4768
    5452
    4327
    4416
    4481
    5045
    2891
    3168
    3625
    3447
    3722
    3366
    4430
    3424
    3167
    2949
    3496
    2387
    3226
    3256
    2919
    2878
    2575
    3076
    2952
    1468
    2786
    1724
    2622
    2213
    2053
    2647
    3682
    2388
    3069
    1906
    2599
    2303
    1842
    2243
    1827
    1532
    1486
    1562
    1966
    2055
    1751
    1393
    1153
    1647
     903
    1566
    1909
    1564
    1594
    1302
     880
     575
    1348
    1475
    1609
    1543
    1842
    1725
    1515
    1302
    2011
    1203
    1427
    1181
    1217
    1621
    1263
    1361
    1172
     993
    1065
    1229
    1404
    1685
     944
    1120
    1439
    1733
    1859
    1342
     714
    1142
    1352
    1188
    1451
     304
    1245
    1026
     952
    1008
    1305
    1082
    1012
    1465
    1035
     998
    1482
     604
     691
     830
    1163
     815
     867
    1041
    1185
     969
     554
    1261
     865
     589
    1366
     722
     626
     337
    1430
    1041
     894
     595
     874
     578
     757
     959
     850
     548
     953
     658
     642
    1159
    1167
     506
     782
     847
     491
     593
     662
     893
     789
     625
    1081
     539
     614
     818
     998
     834
     876
     844
    1095
     814
     560
     853
     840
     995
     642
     564
     581
     979
    1093
     488
     607
     571
     606
     383
     503
     454
     462
     941
     436
     603
     375
    1214
     610
     236
     422
     590
     415
     638
     470
     494
     638
     770
     492
    1015
     470
     915
     649
     257
     768
     644
     864
     689
     483
     589
     758
     658
    1205
     740
     562
     438
     453
     549
     474
     514
     564
     645
     765
     656
     854
     530
     386
     992
    1236
     388
     260
     605
     603
     323
     533
     449
     395
     628
     527
     545
     554
     708
     490
      75
     457
     714
     179
     263
     718
     283
     230
     629
     210
     738
     557
     397
     619
     543
     519
     156
     359
     633
     286
     116
     768
     191
     845
     285
     334
     583
     169
     204
     329
     336
     286
     532
     220
     383
     214
     500
     418
      64
     292
     332
     315
     308
     152
     231
     115
     109
     323
     143
     451
     207
     580
     313
     436
     485
     573
      40
     188
     253
     385
     336
     342
     454
     316
     137
     195
      53
     220
     278
     556
     253
     272
     474
       5
     128
     275
     519
     381
     211
     264
     355
     235
     162
     604
     503
     233
     122
     477
     491
     480
     734
     535
     307
     467
     204
     514
     200
     342
     436
     168
      32
      66
     114
     408
     262
     348
     196
      57
     544
     539
     448
     249
     203
      29
     114
     628
     252
     713
     284
      74
     302
      71
      54
     197
     449
     112
     366
     219
     373
      62
     138
     752
     145
     306
      99
     239
     484
     427
     267
     114
     228
     137
      76
     122
     162
      85
      83
     788
     372
     198
      25
     511
     221
     226
     318
     298
     455
     204
      66
     339
     193
     408
     201
     266
     404
     143
     284
     260
     112
     220
     229
     160
      81
     114
       0
     115
      44
     292
     126
     127
      26
      43
     132
     440
      48
      43
     130
     250
     138
     153
     363
      37
      72
     201
      51
     142
     209
     154
     731
      22
     280
     300
     232
     352
     365
     249
       3
     138
     127
     249
     101
      77
     430
     159
      26
     251
      76
     142
      43
      97
      85
     309
     216
     175
      39
     368
     175
     157
      86
      52
     508
     235
      14
     126
      51
     331
      25
     190
     103
      98
      43
     173
      75
     105
     310
      92
     400
     149
     219
      27
     446
      10
     419
      91
     340
      34
     155
      46
      67
     190
     261
      47
     310
     321
     128
     217
     319
     155
      42
     153
      65
     128
     144
      16
       0
     180
     157
     156
     198
     316
     178
       0
     288
     411
      26
      84
     314
      24
      89
     116
     385
     116
     177
     280
     226
     124
     263
     279
     195
      51
      76
     120
     104
       0
     140
      64
       0
     160
      30
       0
      84
     157
     222
      16
      83
      25
      15
      84
     349
     463
     297
     364
     442
      80
     287
      54
     157
     256
      98
     177
     275
     251
      27
      19
     120
     114
     130
      55
      32
      57
       4
     120
      16
     253
      77
     204
     219
     191
     217
     246
     121
      34
      16
      68
      16
       6
     188
     234
      79
     199
      85
      83
       0
      34
      96
     256
       0
      68
     382
      79
       0
      60
      36
      91
     113
      76
       8
       0
       7
     115
      98
      48
       0
      44
     226
      79
      50
      93
      46
      85
     347
      62
      77
     158
     240
     113
     139
     233
     194
     318
      11
      44
      97
      86
      94
     108
      28
      35
     138
     298
       0
      67
     199
     155
      32
      86
     284
     110
     168
     192
      85
      19
      19
       0
     225
     122
     214
       0
     141
     266
       0
      16
      24
      60
      83
      48
      72
     156
      19
      31
      39
      52
       0
      52
     140
      93
      24
      57
     118
     393
      44
       0
      24
     113
     225
      24
      55
     210
     185
     115
     164
     165
      13
       0
       0
       0
       0
      21
       0
      63
     160
      65
     155
      67
     154
     140
      37
     168
      91
     241
      25
      80
       0
      45
     192
      19
     300
      90
      54
      90
     290
       0
      19
     483
      41
     123
      48
      79
     126
     190
     180
     202
       5
     280
      33
       0
       0
     120
     137
      14
      45
      32
      26
      43
      51
       0
       0
      98
      26
       0
       0
      50
      13
      87
       0
      59
      69
      32
      93
       3
     480
      46
     153
     197
       0
     114
      33
      69
      41
       3
     436
     107
      82
      13
     175
       5
       1
       0
       0
      59
     125
     334
     134
      19
       0
       0
       0
      53
       0
      45
      73
      57
      58
      65
      35
     179
     202
      44
      30
      13
      35
      61
      73
     289
      23
       0
      22
     230
      20
     230
     115
      10
     281
      86
     125
       0
      38
     254
      31
      84
       1
     160
       0
      35
       5
      68
     136
      76
      12
      12
     217
     113
     183
      74
      52
       0
     252
     152
     148
     134
     125
       0
       0
       0
       9
       0
       0
       0
       0
       0
     124
       9
      27
       0
       0
      94
       0
     160
      27
      99
      59
      11
      88
      56
      34
       0
       0
      94
      22
      56
       0
       0
       5
      44
       0
      24
       5
      66
      69
      91
      45
      26
       0
      62
     221
     123
      34
      76
      90
      70
       0
      59
       0
       5
      18
      25
     334
       0
     121
       0
     225
       0
      30
     162
      10
       0
     152
      13
      50
      84
      98
     125
       1
       0
     121
      87
     197
       0
      12
       0
       0
       0
      85
      72
       9
     186
       0
      69
      14
      80
      88
       0
       0
       0
       0
      16
       0
       0
       0
       0
       0
       0
     169
       0
      27
      23
       0
       6
     287
      36
     121
      38
     110
       4
     173
      31
      48
      69
       0
      16
       0
      62
     207
      35
       0
       0
     114
      37
      70
      22
       0
      18
       0
       0
       0
     245
      23
      49
     252
       0
      36
      71
      52
       6
       4
      35
      26
      26
       1
      26
       0
      99
      14
       0
      40
       0
       0
      88
      17
      29
      88
      99
      40
      15
       0
       0
      29
       0
       0
      98
      97
      89
      56
       0
       0
       0
      21
       0
       0
       0
      80
       0
       8
      41
       0
       4
       0
      36
      89
       0
       0
       0
       6
       0
       0
       0
     255
      12
     111
      66
       0
      62
       0
     240
       5
      41
      61
       0
       2
      40
     133
      94
     113
      51
      94
       0
     176
       0
      12
       4
      88
       0
       0
     207
      17
     214
      68
       6
       0
     106
       7
       0
     165
       0
       0
       0
      67
       0
     240
      87
     173
      84
       0
     129
       0
       9
       0
       2
       0
       0
       0
      50
       0
       1
       4
      53
       0
       0
       0
       0
      92
       0
       0
      70
      50
     211
      54
      49
      18
      89
     128
     112
       0
       0
      31
      55
      90
      43
      43
      15
       9
       3
      48
      66
       0
       0
       0
       0
      25
       0
       0
       0
      61
     280
      10
       0
       0
      80
       0
       0
       0
       0
      52
      55
      26
      42
      50
       0
       0
       0
       0
     126
       0
       8
      40
      77
       0
       7
      74
      43
     311
      10
       0
       0
      57
       0
       0
       0
       0
       1
      89
       0
       0
       0
      76
       0
       0
       0
       0
       0
       0
     143
      26
       0
       0
       0
       0
      52
       0
       0
     195
     247
       0
       8
       0
       0
       0
       0
       7
       0
       0
      30
       0
       0
       0
       0
      10
      71
      26
      61
       0
      68
      59
       0
       6
       0
       0
       0
     153
     144
       7
     188
      78
       0
       0
       0
      18
      26
       0
      32
      33
       0
       0
       0
       0
       0
       0
      42
     309
       9
     140
       0
      44
      14
      18
       0
     154
       4
     174
       0
       0
       0
      31
      47
      39
       0
       0
      86
       0
       0
     138
      17
      26
       0
     158
      15
      65
      71
       0
       0
       0
      53
       0
       0
       0
       0
       0
       0
       0
     210
       0
       0
       0
       4
      82
       0
     222
       0
       0
       0
       0
       0
      29
      91
       0
      19
      62
       4
      68
     151
      90
      38
      48
      14
       0
      29
      20
       0
      63
       0
      84
       0
       0
       0
       0
       0
       0
       0
       0
       0
       0
       0
      29
       0
       0
       0
       0
       0
       0
     187
       0
       0
       0
       0
       0
       0
       0
       0
      84
       0
       0
       0
      83
     106
      55
      60
     126
       0
      10
       4
       0
       0
       0
       0
      99
     232
       0
       0
       0
      61
      21
       0
     125
       0
       0
       4
     149
      22
     119
      15
       0
      12
      48
      41
      11
       0
      26
       0
      20
       0
       0
      25
     156
      90
     104
       0
       0
       0
       0
       5
       0
       0
       0
       0
       0
       0
       0
       0
       0
       0
       0
       0
      13
       0
       0
       0
       0
      20
       7
       0
      64
      34
     108
       0
       0
       0
       0
       0
      23
     107
     106
       0
       0
      51
       0
       0
       0
       0
       0
       0
     140
       0
       0
       0
       0
       0
       0
       0
       0
       0
       0
       0
       0
       0
       0
       0
       0
      85
       0
     114
       0
       0
       0
     149
       3
       0
       0
       0
       0
       0
       0
     132
       8
     139
       0
       2
       0
       0
       0
      85
       0
     118
      18
     180
       0
     170
       0
       0
       0
     116
       0
       0
       0
       0
       0
      45
      87
       0
       0
       0
      19
     112
      99
      30
      35
       0
      58
      34
       0
       0
      38
      18
      52
      32
       0
       0
       0
      64
       8
      23
       0
       0
       0
       0
       1
       0
       0
       0
       0
      50
       0
       0
       0
       0
       0
      15
      31
      19
       0
       0
       0
       0
     185
       0
       0
       0
       0
       0
       0
       0
      52
       0
       0
       0
       0
      35
       0
       0
       0
      33
       0
       0
      50
       0
      73
      18
      59
       0
       0
      55
       0
       0
       0
       0
       0
     109
       0
       0
       0
       0
       0
      29
      84
      31
      92
       0
       0
       0
       0
       0
       0
      43
       0
      67
      23
      77
       0
       0
       0
       0
       0
      28
      12
      88
      33
       0
       0
       0
      77
       0
       0
      55
      50
      25
      76
     313
       0
       0
      36
       0
       0
       0
       0
       0
       0
       0
       0
       0
       0
       0
      33
       0
     147
       0
       0
       0
      40
      81
       0
       0
       0
       0
       0
       0
       0
       0
       0
       0
       0
       0
       9
       3
       0
      32
      24
       0
       0
      69
       0
       0
      57
       0
       0
      24
       0
       0
       9
       0
      38
      93
       0
      28
       0
       0
      32
       0
     267
       0
       0
       0
       0
       0
       0
       0
       0
       0
     109
       0
       0
      46
       0
      14
      61
       0
      15
      58
       0
       0
       0
       0
       0
       0
       0
      40
       0
       0
       0
       0
       0
       0
       0
       0
       0
       0
       0
       0
       0
       0
       0
       0
       0
       0
       0
       0
     113
     226
      14
       0
     122
       0
     162
      52
       0
       0
       0
       0
       0
       0
       0
      47
       0
       0
       0
       0
       0
     160
       0
       0
      18
      55
       0
      18
       0
       0
       0
      23
     141
       2
       0
       0
       0
       0
       0
       0
       0
       0
       0
       0
       0
       0
       0
       0
      43
      36
       0
      12
      91
       0
       0
       0
     347
       0
      43
       0
      19
       0
       0
       0
       0
       0
      51
       5
       0
       0
       0
       0
       0
       0
       0
       0
       0
       0
       0
       0
       0
       4
      52
       0
      67
       0
     164
       0
       0
       0
       0
       0
      94
       0
       0
       0
       0
       0
       0
       0
       0
       0
       0
       0
       0
       0
       0
      44
       0
       0
       0
       0
       0
       0
       0
       0
       0
      16
       0
       0
       0
       0
       0
       0
       0
       0
     165
      57
      45
      10
       0
       0
      67
       0
       0
       0
       0
       0
       0
      45
       0
       0
       0
       0
      17
      60
       0
       0
       0
       0
       0
       0
       0
       0
       0
      14
      13
       0
       0
       0
       2
       0
       0
       0
       0
      63
       3
       0
       0
       0
       0
       0
       0
       0
       0
      85
       4
       0
       0
       0
       0
       0
       0
       0
       0
       0
       0
       0
       0
       0
       0
       0
      25
      78
      59
      43
     131
       0
       0
       0
      19
       0
      23
      35
      45
       0
      12
       0
       0
      40
      56
       0
       0
       0
       0
       0
       0
       0
       0
       0
       0
       8
       0
      67
       0
       0
     119
      55
       0
       0
       0
     100
     141
       0
       6
       0
       0
       0
       0
     102
      26
       0
       0
       0
       0
      13
       0
       0
       0
       0
       0
       0
       0
       0
       0
      12
     171
      42
       0
       0
       0
       0
       0
       0
       2
       0
       0
       0
       0
       0
       0
       0
       0
       0
       0
       0
       0
       0
       0
       0
       0
       0
       0
       0
       0
       0
       0
       0
       0
       0
       0
       0
       0
       0
       0
       0
       0
       0
       0
       0
      63
       0
       0
       2
       0
       0
       0
       0
       0
       0
       0
     293
       0
       0
       0
       0
       0
       0
       0
       0
       0
       0
       0
      35
      96
      64
       0
       0
       0
       0
       0
       0
       9
       0
       0
       0
       0
       0
       0
      38
       0
       0
       0
      42
       0
       0
       0
       0
       0
       0
       0
       0
       0
     368
      59
      40
       0
      20
       0
       0
       3
       0
       0
       0
       0
       0
       0
       0
       0
       0
       0
       0
       3
       1
       0
     187
     185
       0
       0
       0
       0
       0
       0
       0
       0
       0
       0
       0
       0
       0
       0
       0
       0
       0
       0
       0
      84
       0
       0
       6
       0
       0
       0
      12
       0
       0
       0
       0
       0
       0
       0
       0
       0
       0
       4
      78
       0
       0
       0
       0
       0
       0
       0
       0
       0
       0
       0
       0
       0
       0
      61
       0
       0
       0
       0
       0
       0
       0
       0
       0
       0
       0
       0
       0
       0
       0
       0
     135
      10
       0
       0
       0
       0
       0
      28
      15
       0
       0
     161
       0
       0
       0
       0
       0
      68
       4
       0
       0
       0
       0
       0
       0
       0
       0
       0
       0
       0
       0
       0
       0
       0
       0
       0
       0
       0
       0
       0
       0
       0
       0
       0
       0
       0
       0
       0
       0
       0
     108
       0
       0
       0
       0
       0
       0
       0
       0
      10
       0
       0
       0
       0
       0
       0
       0
       0
       0
       0
      13
       0
       0
       0
       0
       0
       0
       0
      71
       0
       0
       0
      51
      23
       0
       0
      47
       0
       0
       0
       0
       0
       0
       0
       0
       0
       0
       0
       0
       0
       0
       0
       0
       0
       0
       0
       0
       0
       0
