142.256
141.154
140.622
140.513
140.491
140.684
140.64
140.555
140.498
140.186
140.338
140.405
139.988
140.318
140.159
139.744
139.913
139.981
139.921
139.685
139.961
139.587
139.529
139.575
139.531
139.675
139.286
139.126
139.346
139.298
139.194
139.194
139.205
138.983
138.913
139.184
138.668
138.646
138.885
138.882
138.655
138.618
138.337
138.407
138.54
138.646
138.362
138.296
138.174
138.005
138.071
137.943
137.858
137.814
137.891
137.693
137.907
137.635
137.659
137.472
137.214
137.624
137.464
137.268
137.116
137.223
137.139
136.946
137.048
137.14
136.992
137.183
136.898
136.864
136.737
136.451
136.33
136.44
136.617
136.385
136.36
136.435
136.437
136.351
136.094
136.073
135.904
135.994
136.104
135.964
135.802
135.926
135.801
135.783
135.746
135.764
135.501
135.556
135.483
135.41
135.314
135.192
135.13
135.2
135.327
135.252
135.083
134.97
135.065
134.977
134.951
134.8
134.719
134.561
134.399
134.421
134.42
134.504
134.656
134.592
134.311
134.236
134.01
134.129
134.488
134.001
133.993
133.859
133.864
133.785
133.789
133.924
133.768
133.747
133.362
133.675
133.649
133.513
133.646
133.625
133.292
133.398
133.11
133.406
133.066
133.076
133.204
132.855
132.973
132.837
132.848
132.909
132.559
132.664
132.698
132.638
132.651
132.608
132.503
132.435
132.429
132.176
132.102
132.259
132.211
131.989
131.95
132.124
132
131.97
132.093
131.873
131.754
131.919
131.576
131.536
131.659
131.486
131.395
131.569
131.409
131.394
131.214
131.222
131.276
131.109
131.07
131.151
131.198
131.194
130.987
130.872
130.704
130.684
130.765
130.723
130.792
130.514
130.598
130.635
130.485
130.541
130.358
130.483
130.341
130.322
130.299
130.441
130.267
130.279
130.215
130.234
129.94
130.116
129.806
129.745
129.85
129.835
129.815
129.863
129.639
129.718
129.676
129.711
129.604
129.688
129.526
129.506
129.487
129.257
129.446
129.592
129.343
129.361
129.255
129.232
129.191
129.087
128.961
129.181
129.106
129.022
128.845
128.916
128.908
128.784
128.89
128.77
128.884
128.674
128.754
128.575
128.665
128.596
128.562
128.576
128.31
128.281
128.316
128.457
128.234
128.264
128.268
128.117
128.147
128.152
128.209
128.066
128.053
127.988
128.078
127.956
127.989
127.946
127.983
127.87
127.854
127.685
127.727
127.75
127.735
127.779
127.717
127.701
127.658
127.498
127.637
127.561
127.558
127.477
127.547
127.372
127.323
127.295
127.414
127.381
127.406
127.264
127.139
127.279
127.16
127.086
127.174
127.094
127.041
126.991
127.031
127.043
127.041
126.886
126.918
126.94
126.909
126.806
126.871
126.69
126.689
126.695
126.728
126.813
126.686
126.609
126.643
126.653
126.467
126.568
126.52
126.4
126.438
126.326
126.45
126.312
126.364
126.451
126.249
126.37
126.299
126.339
126.24
126.295
126.2
126.164
126.131
126.244
126.1
126.066
126.109
126.022
126.011
125.907
125.931
125.938
125.861
125.769
125.864
125.915
125.847
125.836
125.822
125.768
125.684
125.662
125.739
125.795
125.633
125.706
125.636
125.695
125.719
125.608
125.654
125.491
125.607
125.587
125.595
125.557
125.475
125.463
125.545
125.4
125.455
125.352
125.411
125.429
125.385
125.386
125.323
125.364
125.279
125.296
125.255
125.316
125.248
125.297
125.26
125.221
125.206
125.169
125.213
125.168
125.197
125.097
125.134
125.14
125.063
125.135
125.092
125.048
125.011
125.05
125.086
125.062
125.066
125.126
125.033
125.067
124.991
124.948
125.017
124.915
124.989
124.965
124.904
124.919
124.871
124.884
124.903
124.879
124.915
124.903
124.899
124.961
124.905
124.809
124.79
124.834
124.797
124.846
124.823
124.841
124.83
124.811
124.749
124.782
124.753
124.667
124.8
124.789
124.742
124.713
124.71
124.699
124.678
124.647
124.653
124.721
124.637
124.702
124.612
124.654
124.646
124.638
124.575
124.63
124.606
124.615
124.606
124.557
124.571
124.602
124.546
124.597
124.515
124.59
124.532
124.54
124.593
124.543
124.59
124.531
124.517
124.551
124.499
124.537
124.563
124.508
124.549
124.517
124.502
124.526
124.506
124.474
124.499
124.497
124.452
124.453
124.475
124.524
124.51
124.489
124.408
124.462
124.472
124.434
124.42
124.429
124.443
124.411
124.451
124.454
124.475
124.434
124.412
124.418
124.412
124.431
124.372
124.473
124.485
124.444
124.398
124.387
124.405
124.372
124.39
124.629
124.408
124.434
124.422
124.387
124.417
124.439
124.431
124.448
124.428
124.442
124.423
124.454
124.431
124.44
124.427
124.476
124.454
124.455
124.376
124.386
124.429
124.408
124.458
124.447
124.424
124.391
124.428
124.422
124.435
124.382
124.375
124.421
124.369
124.372
124.407
124.394
124.41
124.395
124.384
124.414
124.405
124.37
124.41
124.348
124.333
124.329
124.371
124.404
124.346
124.374
124.338
124.383
124.361
124.375
124.359
124.322
124.326
124.308
124.299
124.323
124.36
124.308
124.337
124.284
124.338
124.358
124.343
124.333
124.359
124.32
124.301
124.31
124.301
124.335
124.32
124.323
124.33
124.342
124.332
124.312
124.327
124.286
124.322
124.316
124.32
124.281
124.308
124.326
124.301
124.3
124.316
124.301
124.301
124.28
124.326
124.322
124.302
124.327
124.287
124.302
124.324
124.288
124.28
124.283
124.32
124.332
124.317
124.292
124.315
124.3
124.31
124.316
124.266
124.299
124.283
124.322
124.277
124.303
124.298
124.293
124.246
124.267
124.282
124.294
124.297
124.312
124.283
124.303
124.316
124.25
124.312
124.288
124.318
124.309
124.3
124.291
124.295
124.296
124.319
124.297
124.276
124.326
124.269
124.289
124.252
124.246
124.262
124.277
124.265
124.287
124.301
124.336
124.305
124.256
124.292
124.331
124.288
124.271
124.236
124.246
124.297
124.28
124.275
124.31
124.286
124.279
124.244
124.306
124.25
124.266
124.314
124.277
124.316
124.303
124.322
124.299
124.266
124.299
124.272
124.279
124.271
124.298
124.269
124.281
124.281
124.288
124.297
124.287
124.272
124.249
124.295
124.269
124.247
124.285
124.261
124.305
124.284
124.265
124.268
124.264
124.288
124.286
124.255
124.262
124.262
124.27
124.267
124.274
124.256
124.243
124.253
124.248
124.246
124.241
124.254
124.305
124.255
124.262
124.278
124.245
124.292
124.279
124.276
124.292
124.266
124.276
124.258
124.281
124.258
124.274
124.284
124.273
124.301
124.291
124.279
124.26
124.269
124.264
124.259
124.247
124.237
124.285
124.267
124.291
124.271
124.255
124.277
124.307
124.267
124.281
124.273
124.279
124.259
124.306
124.27
124.254
124.258
124.27
124.281
124.28
124.261
124.254
124.27
124.3
124.285
124.247
124.26
124.296
124.3
124.301
124.277
124.272
124.288
124.25
124.246
124.279
124.295
124.297
124.283
124.274
124.262
124.295
124.289
124.261
124.247
124.262
124.277
124.245
124.254
124.263
124.306
124.279
124.232
124.269
124.287
124.251
124.269
124.277
124.247
124.268
124.254
124.278
124.247
124.248
124.249
124.252
124.277
124.291
124.268
124.245
124.275
124.257
124.255
124.286
124.238
124.281
124.259
124.242
124.29
124.245
124.283
124.269
124.276
124.25
124.231
124.23
124.259
124.262
124.22
124.256
124.262
124.29
124.266
124.273
124.261
124.303
124.257
124.28
124.298
124.26
124.224
124.274
124.28
124.268
124.283
124.3
124.289
124.29
124.319
124.282
124.276
124.262
124.272
124.219
124.278
124.246
124.268
124.29
124.253
124.258
124.249
124.296
124.249
124.257
124.277
124.26
124.258
124.255
124.258
124.234
124.291
124.27
124.252
124.252
124.248
124.253
124.275
124.265
124.261
124.253
124.251
124.248
124.255
124.267
124.24
124.264
124.255
124.262
124.262
124.278
124.274
124.254
124.24
124.267
124.274
124.274
124.268
124.261
124.277
124.247
124.265
124.28
124.29
124.241
124.249
124.22
124.264
124.248
124.252
124.266
124.277
124.258
124.246
124.259
124.271
124.263
124.245
124.261
124.265
124.292
124.267
124.261
124.253
124.253
124.285
124.265
124.258
124.258
124.27
124.234
124.255
124.267
124.293
124.253
124.286
124.263
124.248
124.245
124.279
124.267
124.261
124.249
124.272
124.257
124.279
124.252
124.26
124.252
124.277
124.288
124.224
124.238
124.225
124.253
124.269
124.272
124.256
124.291
124.267
124.294
124.252
124.274
124.258
124.278
124.256
124.268
124.269
124.285
124.256
124.286
124.28
124.267
124.274
124.275
124.224
124.27
124.272
124.284
124.247
124.255
124.254
124.248
124.273
124.236
124.245
124.273
124.292
124.237
124.258
124.262
124.276
124.263
124.24
124.274
124.209
124.291
124.253
124.304
124.248
124.274
124.238
124.274
124.244
124.299
124.257
124.27
124.244
124.267
124.242
124.266
124.291
124.221
124.248
124.234
124.279
124.242
124.234
124.262
124.254
124.249
124.245
124.266
124.237
124.287
124.244
124.269
124.245
124.247
124.249
124.258
124.25
124.254
124.299
124.25
124.268
124.244
124.285
124.238
124.27
124.269
124.251
124.258
124.243
124.264
124.278
124.216
124.269
124.258
124.242
124.242
124.247
124.277
124.284
124.302
124.301
124.26
124.24
124.219
124.257
124.222
124.257
124.259
124.253
124.237
124.253
124.256
124.225
124.249
124.256
124.221
124.261
124.282
124.25
124.258
124.256
124.233
124.248
124.24
124.262
124.261
124.25
124.259
124.276
124.262
124.283
124.275
124.234
124.267
124.225
124.252
124.262
124.256
124.258
124.264
124.246
124.238
124.245
124.246
124.262
124.249
124.235
124.242
124.265
124.287
124.23
124.242
124.241
124.254
124.274
124.244
124.231
124.263
124.244
124.29
124.236
124.261
124.288
124.231
124.259
124.244
124.255
124.25
124.248
124.242
124.26
124.282
124.238
124.275
124.232
124.275
124.253
124.256
124.256
124.215
124.237
124.255
124.217
124.276
124.243
124.282
124.249
124.244
124.203
124.262
124.257
124.242
124.274
124.253
124.213
124.284
124.247
124.236
124.25
124.244
124.263
124.234
124.273
124.28
124.259
124.251
124.235
124.243
124.243
124.248
124.256
124.271
124.262
124.251
124.248
124.243
124.234
124.225
124.233
124.246
124.278
124.258
124.216
124.243
124.236
124.242
124.228
124.275
124.249
124.252
124.254
124.237
124.245
124.254
124.23
124.234
124.269
124.218
124.235
124.244
124.225
124.256
124.283
124.24
124.283
124.256
124.217
124.253
124.289
124.243
124.254
124.25
124.218
124.432
124.233
124.254
124.261
124.242
124.221
124.264
124.27
124.23
124.242
124.22
124.205
124.25
124.276
124.256
124.257
124.239
124.228
124.228
124.252
124.232
124.223
124.243
124.227
124.273
124.226
124.269
124.211
124.261
124.259
124.242
124.241
124.238
124.274
124.21
124.244
124.272
124.222
124.24
124.254
124.246
124.252
124.255
124.224
124.259
124.26
124.245
124.255
124.239
124.245
124.229
124.219
124.247
124.256
124.251
124.219
124.244
124.267
124.24
124.203
124.24
124.236
124.234
124.262
124.258
124.257
124.214
124.239
124.222
124.214
124.24
124.189
124.25
124.227
124.224
124.218
124.227
124.237
124.237
124.241
124.218
124.223
124.245
124.233
124.226
124.216
124.233
124.259
124.201
124.2
124.232
124.26
124.269
124.216
124.226
124.207
124.227
124.237
124.25
124.214
124.228
124.243
124.22
124.244
124.26
124.233
124.227
124.223
124.247
124.191
124.22
124.215
124.214
124.217
124.228
124.23
124.27
124.214
124.241
124.249
124.214
124.221
124.266
124.214
124.218
124.218
124.236
124.24
124.231
124.273
124.218
124.222
124.254
124.258
124.245
124.22
124.249
124.206
124.259
124.274
124.192
124.268
124.232
124.261
124.216
124.242
124.237
124.212
124.212
124.249
124.227
124.233
124.251
124.244
124.251
124.22
124.197
124.236
124.208
124.221
124.206
124.259
124.245
124.218
124.251
124.236
124.194
124.238
124.199
124.202
124.222
124.271
124.247
124.244
124.185
124.256
124.239
124.247
124.23
124.244
124.265
124.217
124.224
124.231
124.225
124.214
124.23
124.247
124.216
124.254
124.231
124.236
124.216
124.223
124.234
124.252
124.218
124.237
124.238
124.265
124.242
124.251
124.231
124.22
124.203
124.242
124.252
124.248
124.215
124.243
124.233
124.228
124.224
124.22
124.217
124.224
124.203
124.211
124.225
124.255
124.23
124.214
124.224
124.216
124.224
124.224
124.222
124.236
124.241
124.236
124.249
124.25
124.255
124.224
124.25
124.209
124.239
124.249
124.227
124.23
124.215
124.241
124.239
124.214
124.208
124.244
124.233
124.238
124.246
124.214
124.207
124.231
124.24
124.217
124.222
124.219
124.216
124.219
124.232
124.234
124.22
124.219
124.218
124.229
124.235
124.227
124.215
124.218
124.228
124.242
124.244
124.23
124.237
124.211
124.221
124.196
124.213
124.244
124.218
124.222
124.204
124.246
124.225
124.245
124.211
124.225
124.228
124.236
124.203
124.197
124.236
124.222
124.23
124.216
124.237
124.248
124.25
124.22
124.206
124.236
124.212
124.212
124.234
124.247
124.233
124.236
124.204
124.264
124.24
124.221
124.212
124.221
124.217
124.226
124.215
124.219
124.184
124.213
124.227
124.214
124.207
124.238
124.219
124.244
124.223
124.219
124.21
124.24
124.221
124.209
124.217
124.2
124.211
124.219
124.21
124.186
124.207
124.224
124.185
124.237
124.208
124.21
124.218
124.183
124.186
124.211
124.202
124.221
124.199
124.226
124.206
124.192
124.203
124.206
124.246
124.214
124.225
124.228
124.226
124.219
124.197
124.241
124.202
124.196
124.244
124.242
124.208
124.202
124.216
124.225
124.257
124.216
124.221
124.207
124.225
124.219
124.212
124.206
124.225
124.228
124.222
124.232
124.256
124.243
124.211
124.236
124.241
124.219
124.219
124.219
124.238
124.213
124.21
124.231
124.232
124.26
124.241
124.237
124.222
124.211
124.204
124.21
124.226
124.232
124.225
124.25
124.218
124.256
124.243
124.22
124.222
124.231
124.248
124.235
124.245
124.198
124.206
124.239
124.283
124.225
124.23
124.228
124.233
124.22
124.248
124.215
124.217
124.224
124.198
124.218
124.213
124.223
124.206
124.232
124.231
124.252
124.199
124.24
124.22
124.207
124.224
124.232
124.256
124.202
124.238
124.235
124.223
124.267
124.224
124.246
124.226
124.217
124.18
124.231
124.248
124.216
124.229
124.216
124.199
124.205
124.243
124.213
124.232
124.22
124.258
124.226
124.201
124.233
124.21
124.212
124.213
124.227
124.238
124.203
124.211
124.215
124.198
124.224
124.228
124.237
124.226
124.214
124.23
124.184
124.214
124.238
124.224
124.227
124.218
124.206
124.21
124.225
124.249
124.261
124.221
124.197
124.221
124.218
124.213
124.215
124.233
124.194
124.215
124.216
124.204
124.226
124.217
124.208
124.251
124.303
124.206
124.236
124.24
124.226
124.23
124.235
124.198
124.19
124.203
124.241
124.212
124.205
124.226
124.229
124.218
124.233
124.191
124.249
124.21
124.202
124.208
124.216
124.2
124.22
124.209
124.191
124.199
124.22
124.233
124.195
124.264
124.229
124.228
124.229
124.202
124.22
124.232
124.211
124.18
124.203
124.201
124.241
124.2
124.211
124.206
124.169
124.196
124.231
124.219
124.24
124.206
124.183
124.186
124.22
124.209
124.18
124.221
124.2
124.249
124.192
124.223
124.21
124.203
124.207
124.212
124.234
124.209
124.229
124.218
124.219
124.231
124.213
124.218
124.181
124.216
124.241
124.241
124.212
124.179
124.213
124.24
124.197
124.209
124.189
124.213
124.197
124.183
124.201
124.225
124.2
124.224
124.224
124.199
124.193
124.24
124.219
124.227
124.212
124.247
124.196
124.23
124.216
124.217
124.233
124.224
124.217
124.193
124.207
124.197
124.225
124.23
124.248
124.226
124.204
124.189
124.221
124.224
124.215
124.218
124.202
124.199
124.194
124.203
124.202
124.228
124.202
124.212
124.218
124.221
124.174
124.269
124.191
124.203
124.21
124.199
124.222
124.197
124.228
124.223
124.208
124.217
124.202
124.213
124.197
124.235
124.235
124.24
124.214
124.219
124.222
124.225
124.22
124.223
124.202
124.219
124.203
124.213
124.26
124.234
124.208
124.18
124.219
124.223
124.217
124.199
124.187
124.2
124.212
124.218
124.222
124.235
124.204
124.22
124.176
124.198
124.2
124.233
124.219
124.256
124.2
124.203
124.229
124.201
124.196
124.22
124.189
124.191
124.221
124.213
124.212
124.215
124.192
124.22
124.215
124.217
124.211
124.221
124.216
124.222
124.195
124.218
124.17
124.212
124.195
124.222
124.217
124.261
124.229
124.218
124.22
124.202
124.224
124.258
124.229
124.19
124.174
124.219
124.22
124.216
124.207
124.192
124.211
124.245
124.237
124.23
124.233
124.231
124.207
124.203
124.221
124.206
124.183
124.231
124.192
124.216
124.212
124.217
124.24
124.193
124.221
124.2
124.203
124.183
124.217
124.179
124.22
124.223
124.215
124.205
124.219
124.216
124.227
124.2
124.213
124.213
124.227
124.228
124.186
124.189
124.218
124.236
124.205
124.227
124.186
124.189
124.192
124.208
124.224
124.211
124.197
124.206
124.193
124.183
124.202
124.196
124.219
124.177
124.195
124.197
124.221
124.211
124.234
124.213
124.231
124.206
124.216
124.198
124.217
124.217
124.256
124.211
124.215
124.212
124.2
124.208
124.223
124.23
124.215
124.204
124.22
124.21
124.22
124.204
124.239
124.222
124.219
124.204
124.231
124.196
124.203
124.195
124.192
124.236
124.216
124.222
124.199
124.223
124.228
124.205
124.227
124.225
124.206
124.217
124.215
124.21
124.202
124.212
124.227
124.213
124.218
124.203
124.236
124.21
124.19
124.234
124.194
124.192
124.215
124.205
124.196
124.33
124.241
124.216
124.216
124.211
124.196
124.225
124.229
124.22
124.203
124.187
124.199
124.18
124.223
124.203
124.183
124.191
124.206
124.195
124.193
124.185
124.217
124.209
124.189
124.204
124.218
124.207
124.184
124.216
124.223
124.208
124.211
124.227
124.208
124.22
124.168
124.246
124.191
124.179
124.193
124.192
124.226
124.221
124.204
124.199
124.221
124.215
124.202
124.198
124.199
124.168
124.208
124.238
124.219
124.185
124.184
124.235
124.211
124.2
124.217
124.223
124.221
124.199
124.203
124.158
124.185
124.205
124.213
124.195
124.237
124.19
124.222
124.226
124.203
124.22
124.216
124.219
124.187
124.214
124.212
124.223
124.225
124.211
124.19
124.225
124.24
124.222
124.216
124.182
124.214
124.194
124.202
124.223
124.165
124.172
124.222
124.193
124.178
124.2
124.189
124.216
124.2
124.191
124.211
124.218
124.209
124.183
124.213
124.195
124.188
124.223
124.193
124.208
124.186
124.225
124.185
124.219
124.209
124.211
124.206
124.166
124.217
124.185
124.185
124.221
124.201
124.194
124.212
124.229
124.205
124.198
124.212
124.218
124.18
124.203
124.188
124.181
124.201
124.216
124.186
124.173
124.198
124.179
124.218
124.183
124.199
124.206
124.223
124.215
124.179
124.182
124.196
124.182
124.22
124.243
124.217
124.221
124.197
124.205
124.18
124.207
124.223
124.208
124.189
124.222
124.219
124.21
124.224
124.203
124.216
124.188
124.216
124.203
124.214
124.209
124.207
124.171
124.186
124.156
124.189
124.227
124.179
124.201
124.192
124.198
124.2
124.19
124.213
124.198
124.197
124.189
124.213
124.197
124.226
124.198
124.167
124.197
124.196
124.203
124.225
124.221
124.214
124.203
124.176
124.206
124.209
124.17
124.223
124.206
124.213
124.215
124.193
124.188
124.194
124.212
124.217
124.202
124.157
124.182
124.213
124.191
124.224
124.192
124.201
124.227
124.225
124.223
124.171
124.21
124.211
124.197
124.206
124.213
124.206
124.21
124.193
124.216
124.196
124.178
124.214
124.175
124.202
124.208
124.234
124.195
124.183
124.226
124.191
124.188
124.203
124.225
124.224
124.208
124.226
124.184
124.193
124.212
124.164
124.219
124.203
124.22
124.214
124.178
124.181
124.2
124.19
124.227
124.213
124.218
124.246
124.238
124.214
124.194
124.203
124.202
124.201
124.178
124.194
124.225
124.18
124.205
124.2
124.199
124.207
124.189
124.208
124.198
124.212
124.362
124.185
124.201
124.202
124.188
124.224
124.194
124.2
124.207
124.249
124.211
124.188
124.194
124.218
124.191
124.237
124.182
124.193
124.209
124.215
124.16
124.179
124.191
124.29
124.191
124.215
124.225
124.195
124.216
124.199
124.186
124.187
124.216
124.191
124.225
124.182
124.206
124.199
124.205
124.197
124.193
124.183
124.207
124.186
124.196
124.179
124.231
124.212
124.183
124.196
124.387
124.219
124.194
124.188
124.228
124.21
124.214
124.189
124.22
124.215
124.191
124.204
124.19
124.234
124.254
124.215
124.204
124.23
124.218
124.195
124.192
124.212
124.197
124.207
124.198
124.201
124.208
124.165
124.195
124.219
124.198
124.168
124.164
124.205
124.167
124.184
124.183
124.192
124.173
124.194
124.197
124.211
124.199
124.171
124.176
124.189
124.199
124.189
124.195
124.199
124.211
124.17
124.195
124.18
124.211
124.19
124.22
124.199
124.19
124.209
124.193
124.191
124.163
124.176
124.192
124.188
124.178
124.196
124.199
124.211
124.192
124.187
124.229
124.216
124.212
124.225
124.225
124.191
124.183
124.176
124.223
124.202
124.187
124.189
124.189
124.186
124.175
124.201
124.213
124.18
124.2
124.188
124.181
124.204
124.19
124.192
124.191
124.195
124.184
124.173
124.179
124.2
124.189
124.204
124.205
124.208
124.203
124.192
124.222
124.196
124.21
124.205
124.199
124.195
124.188
124.176
124.21
124.174
124.214
124.196
124.195
124.168
124.155
124.195
124.176
124.152
124.175
124.192
124.215
124.187
124.173
124.171
124.179
124.192
124.198
124.193
124.196
124.148
124.204
124.201
124.204
124.221
124.182
124.193
124.214
124.19
124.205
124.217
124.198
124.172
124.19
124.188
124.212
124.207
124.191
124.206
124.217
124.212
124.199
124.203
124.202
124.193
124.179
124.187
124.204
124.24
124.2
124.184
124.189
124.174
124.205
124.195
124.203
124.182
124.188
124.184
124.204
124.211
124.214
124.186
124.181
124.175
124.184
124.187
124.226
124.205
124.22
124.195
124.178
124.178
124.191
124.213
124.198
124.169
124.179
124.194
124.165
124.205
124.208
124.186
124.209
124.205
124.198
124.198
124.198
124.201
124.183
124.206
124.183
124.203
124.166
124.189
124.165
124.175
124.187
124.201
124.205
124.183
124.184
124.191
124.217
124.201
124.201
124.202
124.211
124.203
124.196
124.23
124.213
124.195
124.156
124.191
124.209
124.197
124.177
124.192
124.196
124.206
124.19
124.208
124.195
124.214
124.204
124.209
124.198
124.173
124.188
124.237
124.183
124.198
124.175
124.187
124.18
124.174
124.171
124.197
124.166
124.185
124.204
124.179
124.16
124.187
124.218
124.184
124.174
124.201
124.181
124.194
124.225
124.197
124.213
124.154
124.179
124.182
124.204
124.204
124.236
124.206
124.161
124.225
124.21
124.197
124.189
124.201
124.158
124.184
124.163
124.209
124.201
124.181
124.212
124.196
124.185
124.185
124.16
124.176
124.179
124.188
124.191
124.196
124.203
124.17
124.205
124.18
124.194
124.224
124.195
124.216
124.203
124.221
124.184
124.199
124.187
124.194
124.2
124.231
124.216
124.19
124.171
124.203
124.166
124.2
124.182
124.167
124.225
124.203
124.224
124.203
124.176
124.202
124.206
124.234
124.219
124.213
124.19
124.214
124.161
124.195
124.179
124.188
124.191
124.19
124.194
124.189
124.184
124.172
124.198
124.208
124.212
124.191
124.199
124.209
124.198
124.17
124.186
124.196
124.16
124.202
124.175
124.181
124.205
124.2
124.204
124.213
124.197
124.187
124.172
124.183
124.184
124.216
124.218
124.202
124.184
124.202
124.177
124.203
124.182
124.176
124.168
124.21
124.19
124.162
124.187
124.214
124.182
124.196
124.186
124.183
124.19
124.207
124.186
124.204
124.167
124.18
124.198
124.2
124.199
124.179
124.196
124.209
124.186
124.203
124.174
124.188
124.184
124.167
124.164
124.208
124.19
124.19
124.222
124.185
124.21
124.173
124.184
124.18
124.167
124.182
124.204
124.192
124.198
124.19
124.184
124.261
124.205
124.176
124.179
124.201
124.21
124.208
124.166
124.156
124.19
124.189
124.194
124.2
124.171
124.189
124.207
124.169
124.188
124.185
124.168
124.162
124.207
124.188
124.22
124.189
124.176
124.555
124.192
124.193
124.208
124.217
124.2
124.219
124.231
124.236
124.249
124.243
124.245
124.237
124.216
124.225
124.188
124.212
124.245
124.228
124.215
124.257
124.21
124.263
124.23
124.222
124.197
124.244
124.215
124.223
124.218
124.208
124.204
124.223
124.196
124.191
124.195
124.212
124.176
124.19
124.228
124.207
124.192
124.165
124.218
124.211
124.192
124.187
124.199
124.181
124.166
124.187
124.202
124.183
124.192
124.175
124.189
124.175
124.185
124.207
124.189
124.218
124.207
124.18
124.197
124.182
124.182
124.223
124.198
124.197
124.186
124.219
124.172
124.206
124.229
124.191
124.223
124.175
124.2
124.2
124.183
124.168
124.22
124.189
124.201
124.203
124.173
124.205
124.409
124.18
124.201
124.199
124.184
124.152
124.189
124.182
124.197
124.186
124.177
124.211
124.199
124.198
124.184
124.239
124.19
124.21
124.192
124.209
124.219
124.207
124.225
124.211
124.211
124.225
124.183
124.21
124.199
124.137
124.169
124.182
124.193
124.197
124.196
124.201
124.195
124.195
124.203
124.201
124.192
124.199
124.195
