13.5987
12.7882
13.7035
13.9053
13.2394
12.7278
12.5386
12.4889
12.5742
12.6655
12.7998
12.8906
12.7823
12.6413
12.4938
12.4187
12.3631
12.3459
12.3165
12.3199
12.311
12.3183
12.344
12.3399
12.3426
12.3569
12.3557
12.3413
12.3307
12.318
12.3095
12.2827
12.2735
12.2835
12.2681
12.2572
12.2478
12.2498
12.2449
12.238
12.2336
12.2345
12.2311
12.226
12.2309
12.2392
12.2267
12.2324
12.2268
12.2328
12.2427
12.2247
12.2223
12.2232
12.2202
12.216
12.2152
12.2113
12.2087
12.2143
12.2107
12.2152
12.2131
12.2164
12.2088
12.2121
12.2107
12.2154
12.2118
12.2128
12.2112
12.2075
12.2066
12.2051
12.2111
12.2118
12.2093
12.2045
12.2089
12.209
12.2074
12.2046
12.2118
12.2063
12.2126
12.21
12.2101
12.205
12.2078
12.2076
12.2046
12.2087
12.208
12.2138
12.2067
12.205
12.2052
12.2069
12.2089
12.2102
12.2071
12.2089
12.2029
12.2084
12.2073
12.2046
12.2027
12.2063
12.2088
12.2038
12.2044
12.2076
12.2101
12.2049
12.2042
12.2052
12.2068
12.2067
12.2024
12.2075
12.2046
12.2089
12.201
12.2088
12.2032
12.2081
12.203
12.2088
12.2034
12.202
12.2084
12.2046
12.2053
12.2072
12.2056
12.2062
12.2022
12.2079
12.2059
12.2029
12.2068
12.2011
12.2072
12.2062
12.2068
12.2034
12.2075
12.2092
12.2061
12.2059
12.2045
12.2073
12.2071
12.2037
12.2103
12.2003
12.2049
12.2048
12.2083
12.207
12.2088
12.2079
12.207
12.2088
12.2124
12.2023
12.2037
12.2036
12.207
12.2055
12.2047
12.2073
12.2075
12.2026
12.2039
12.2056
12.2081
12.2048
12.2091
12.2069
12.2066
12.2035
12.2107
12.2033
12.2077
12.2063
12.2045
12.2023
12.2047
12.2091
12.2021
12.2111
12.2062
12.2077
12.2038
12.2067
12.2126
12.2036
12.2089
12.2011
12.2057
12.2083
12.206
12.2066
12.2053
12.2013
12.2076
12.2001
12.2046
12.2067
12.2047
12.2103
12.2057
12.2022
12.2085
12.2055
12.2047
12.2089
12.2032
12.2067
12.2037
12.2095
12.2017
12.2077
12.2036
12.2065
12.2014
12.2033
12.2007
12.2048
12.2021
12.2056
12.2014
12.2092
12.202
12.204
12.2079
12.2067
12.2057
12.203
12.2054
12.2007
12.2042
12.2005
12.2064
12.2055
12.2027
12.2043
12.2102
12.2032
12.206
12.2093
12.2014
12.2066
12.2017
12.2079
12.2043
12.2055
12.2081
12.2117
12.2115
12.2023
12.2056
12.2104
12.2035
12.205
12.2091
12.2015
12.2089
12.2127
12.2058
12.2072
12.2038
12.208
12.2079
12.2025
12.2038
12.2109
12.201
12.2044
12.2102
12.2063
12.2054
12.2006
12.204
12.207
12.1995
12.204
12.2074
12.2039
12.2041
12.2062
12.2017
12.2062
12.2055
12.2067
12.2008
12.2031
12.206
12.2053
12.2078
12.2048
12.205
12.2022
12.2059
12.2053
12.207
12.2076
12.2089
12.209
12.2111
12.2039
12.2052
12.2054
12.2069
12.2109
12.205
12.2034
12.2073
12.2036
12.2039
12.2073
12.2105
12.2077
12.2058
12.2005
12.2037
12.2059
12.2003
12.2045
12.2033
12.204
12.2085
12.2058
12.2029
12.2043
12.2119
12.2072
12.2043
12.2119
12.2045
12.2083
12.2113
12.2013
12.2017
12.2097
12.2087
12.2059
12.2017
12.2021
12.2088
12.2065
12.207
12.2057
12.2047
12.2063
12.1983
12.2104
12.2077
12.205
12.2029
12.2053
12.2048
12.2071
12.2069
12.2088
12.2022
12.2052
12.2043
12.2056
12.2121
12.206
12.2042
12.2103
12.2045
12.2065
12.2091
12.2064
12.2061
12.2073
12.2082
12.2072
12.2034
12.207
12.2059
12.2014
12.2067
12.2062
12.2105
12.209
12.2078
12.2061
12.2097
12.2021
12.2035
12.2115
12.204
12.2051
12.2088
12.2059
12.2047
12.2027
12.2043
12.2075
12.2047
12.2065
12.2014
12.2044
12.2063
12.2027
12.208
12.2057
12.2052
12.2053
12.2022
12.2048
12.203
12.2058
12.2087
12.2043
12.2027
12.2025
12.1998
12.2036
12.2075
12.2084
12.2086
12.2048
12.2075
12.2046
12.2037
12.2077
12.2098
12.2025
12.2054
12.2073
12.2056
12.2092
12.2056
12.2076
12.2115
12.2026
12.2114
12.2095
12.2084
12.2048
12.2075
12.1998
12.2082
12.2055
12.2017
12.2069
12.2046
12.2035
12.2047
12.1996
12.208
12.2083
12.2036
12.2051
12.2115
12.2016
12.205
12.2025
12.2059
12.2075
12.1964
12.2082
12.2101
12.2094
12.2066
12.2051
12.2087
12.2086
12.2056
12.208
12.2024
12.2079
12.2083
12.2112
12.2041
12.2085
12.2081
12.2037
12.2042
12.2047
12.2089
12.2102
12.2073
12.2044
12.2068
12.2018
12.2042
12.2079
12.2103
12.1993
12.2073
12.2038
12.2032
12.2075
12.2054
12.2071
12.2059
12.2026
12.2065
12.2072
12.2047
12.2039
12.2062
12.2057
12.202
12.2071
12.207
12.2083
12.2069
12.2033
12.2093
12.2069
12.2093
12.2061
12.2098
12.2101
12.2059
12.2051
12.2078
12.2098
12.2012
12.2024
12.2036
12.2025
12.2052
12.2048
12.2075
12.2031
12.2063
12.2022
12.2059
12.2067
12.2091
12.2041
12.2031
12.2084
12.2055
12.2036
12.2079
12.2076
12.2127
12.2023
12.2096
12.2051
12.2093
12.2065
12.2066
12.2073
12.2102
12.205
12.2074
12.1993
12.2063
12.2059
12.2052
12.2042
12.2088
12.2114
12.2035
12.2086
12.2108
12.2096
12.2044
12.2073
12.2058
12.2049
12.2056
12.208
12.2053
12.2057
12.2079
12.2038
12.2053
12.2007
12.2061
12.1992
12.2057
12.2056
12.2057
12.208
12.2108
12.2043
12.2001
12.2029
12.2088
12.2045
12.2038
12.2086
12.2091
12.2084
12.2078
12.2057
12.2037
12.2061
12.2086
12.207
12.2094
12.2113
12.2079
12.2101
12.2091
12.2057
12.2042
12.209
12.1997
12.2022
12.2047
12.2031
12.2048
12.2079
12.2072
12.2055
12.2005
12.2072
12.2068
12.2059
12.2028
12.2067
12.2052
12.2078
12.2031
12.211
12.207
12.2087
12.2103
12.2056
12.2044
12.208
12.2062
12.2038
12.208
12.2067
12.2077
12.2099
12.2044
12.2067
12.2074
12.2072
12.2046
12.2074
12.1994
12.2055
12.2049
12.2025
12.2061
12.2089
12.2089
12.2041
12.1991
12.2044
12.2088
12.2041
12.2051
12.2054
12.2047
12.2054
12.2086
12.2038
12.1995
12.2111
12.2083
12.2075
12.2058
12.2075
12.2057
12.2045
12.2078
12.2031
12.2076
12.2058
12.2095
12.2068
12.2051
12.2069
12.2071
12.2135
12.2042
12.2094
12.2084
12.2006
12.2084
12.2042
12.2068
12.2069
12.2073
12.2059
12.2129
12.2029
12.2086
12.2057
12.2076
12.207
12.2051
12.2076
12.2017
12.2093
12.2035
12.2121
12.2067
12.2065
12.2042
12.2101
12.2052
12.2129
12.2048
12.2053
12.2051
12.1999
12.21
12.2028
12.2066
12.208
12.2096
12.2076
12.2061
12.2056
12.2059
12.2109
12.2029
12.205
12.2062
12.211
12.209
12.2043
12.2068
12.2058
12.2009
12.2075
12.1997
12.2064
12.206
12.2074
12.2086
12.2081
12.2057
12.2062
12.2025
12.2111
12.202
12.2047
12.2104
12.2047
12.2091
12.2087
12.206
12.2085
12.2052
12.2025
12.206
12.2073
12.2059
12.2071
12.2085
12.2044
12.2026
12.2059
12.2073
12.2033
12.2074
12.2094
12.2077
12.2097
12.2048
12.2041
12.2069
12.2045
12.2034
12.2094
12.2077
12.2053
12.2094
12.2125
12.2078
12.2059
12.2032
12.2069
12.2058
12.2055
12.2078
12.2033
12.2081
12.2056
12.2079
12.2079
12.2067
12.1988
12.2095
12.2074
12.2052
12.2051
12.2105
12.2088
12.2066
12.2082
12.2033
12.2029
12.2017
12.2114
12.2077
12.212
12.2081
12.2076
12.2039
12.2056
12.207
12.206
12.2058
12.2013
12.2096
12.2099
12.2071
12.2067
12.2074
12.206
12.2077
12.2064
12.2093
12.2128
12.2059
12.2065
12.2092
12.2076
12.2082
12.2053
12.21
12.2109
12.205
12.2055
12.2053
12.2079
12.2048
12.208
12.2045
12.2058
12.209
12.2066
12.2038
12.2054
12.2087
12.2069
12.2054
12.2084
12.2095
12.2047
12.2093
12.2082
12.2119
12.2043
12.2055
12.205
12.2071
12.2034
12.2079
12.2049
12.2061
12.2053
12.2093
12.2024
12.2047
12.2105
12.2043
12.2054
12.2093
12.209
12.2081
12.2106
12.2067
12.2058
12.2025
12.2098
12.2065
12.2062
12.2083
12.2086
12.2025
12.2048
12.2075
12.2052
12.2052
12.2073
12.2074
12.2074
12.208
12.2029
12.2072
12.2043
12.2059
12.2117
12.2051
12.213
12.2046
12.2061
12.2084
12.2082
12.2059
12.2059
12.2082
12.2076
12.2097
12.2002
12.2074
12.2028
12.208
12.2084
12.2049
12.2037
12.2077
12.2061
12.2081
12.2063
12.2072
12.2026
12.2042
12.2051
12.2033
12.2073
12.2056
12.2092
12.2037
12.2064
12.2025
12.2049
12.2064
12.2047
12.2072
12.2062
12.2081
12.2096
12.2096
12.2125
12.2093
12.2084
12.2075
12.2106
12.2074
12.2089
12.2065
12.2109
12.2096
12.2051
12.2084
12.2073
12.2012
12.213
12.2078
12.2094
12.206
12.2069
12.2038
12.2059
12.2016
12.2072
12.2044
12.2064
12.2089
12.209
12.2036
12.2002
12.2038
12.2061
12.2061
12.2059
12.2083
12.206
12.2045
12.2072
12.2029
12.2029
12.2044
12.2075
12.2115
12.2041
12.2079
12.208
12.205
12.2065
12.2073
12.2079
12.2018
12.2036
12.2079
12.2054
12.2094
12.2065
12.2052
12.2081
12.2052
12.2025
12.2089
12.2064
12.2022
12.2031
12.2059
12.2025
12.2078
12.2049
12.2024
12.2069
12.2068
12.2094
12.2028
12.2116
12.2036
12.2088
12.2071
12.2094
12.2077
12.2034
12.2067
12.2069
12.2074
12.2055
12.2074
12.2011
12.2028
12.2039
12.204
12.2029
12.206
12.2112
12.2085
12.206
12.2044
12.2082
12.2046
12.2047
12.209
12.2079
12.2069
12.2057
12.2024
12.2063
12.2034
12.2024
12.2023
12.201
12.2054
12.2029
12.2047
12.2035
12.2079
12.2068
12.2072
12.2051
12.2076
12.2032
12.2045
12.2088
12.2035
12.209
12.2081
12.2075
12.2091
12.2108
12.2036
12.2042
12.2064
12.2024
12.2127
12.2084
12.2059
12.2087
12.2107
12.2095
12.2072
12.2028
12.2074
12.2122
12.2075
12.2029
12.2116
12.2024
12.2084
12.2014
12.2006
12.2048
12.2018
12.2074
12.2035
12.2057
12.2061
12.2083
12.2024
12.2051
12.2059
12.2089
12.2077
12.2048
12.2118
12.2083
12.2059
12.208
12.2016
12.2071
12.2033
12.204
12.2051
12.2059
12.2079
12.2105
12.2109
12.207
12.208
12.2082
12.2079
12.2064
12.2077
12.2057
12.2032
12.2071
12.2049
12.2068
12.2062
12.2091
12.2054
12.2011
12.2083
12.2101
12.2107
12.2051
12.1998
12.2084
12.2036
12.2047
12.2075
12.2061
12.2046
12.2065
12.2066
12.2063
12.2073
12.2044
12.2063
12.2087
12.2143
12.2063
12.2061
12.2083
12.2021
12.2072
12.2093
12.2098
12.2071
12.206
12.2063
12.2117
12.2085
12.2022
12.2102
12.2089
12.209
12.2112
12.2079
12.209
12.2071
12.2063
12.2022
12.2033
12.2077
12.2077
12.2061
12.2101
12.2075
12.2085
12.2063
12.2067
12.206
12.2073
12.2093
12.206
12.2036
12.2072
12.2047
12.2062
12.2069
12.2128
12.2052
12.2036
12.2065
12.2075
12.2063
12.2046
12.2074
12.2083
12.201
12.2088
12.2088
12.2066
12.2054
12.2074
12.2084
12.206
12.2064
12.2063
12.2072
12.2093
12.2112
12.2081
12.204
12.2108
12.2071
12.2015
12.2047
12.2037
12.2055
12.2043
12.2041
12.2097
12.2083
12.2011
12.2002
12.2048
12.2046
12.2038
12.2067
12.2088
12.2088
12.2033
12.2057
12.2033
12.2052
12.2084
12.2052
12.2054
12.2081
12.2105
12.2013
12.2083
12.2137
12.2106
12.208
12.2062
12.2024
12.2056
12.2091
12.2122
12.2021
12.2072
12.2044
12.2062
12.2018
12.2073
12.2087
12.2084
12.2028
12.2072
12.2099
12.2033
12.2029
12.2034
12.205
12.2051
12.2124
12.2028
12.2079
12.2026
12.2006
12.2055
12.2073
12.2105
12.2069
12.2066
12.2015
12.2061
12.2044
12.203
12.2065
12.2083
12.2053
12.2109
12.2066
12.2055
12.207
12.2045
12.203
12.2096
12.2036
12.2083
12.2044
12.207
12.2037
12.2128
12.2073
12.2076
12.2099
12.2093
12.2009
12.2087
12.2079
12.2076
12.2096
12.2056
12.2058
12.2069
12.2043
12.2111
12.2101
12.2061
12.2059
12.2106
12.211
12.2075
12.2062
12.2057
12.2032
12.2068
12.2031
12.203
12.2047
12.2074
12.2054
12.2088
12.2059
12.2062
12.2022
12.2064
12.2108
12.207
12.2075
12.2086
12.2092
12.2049
12.206
12.2068
12.2064
12.2048
12.2003
12.206
12.2102
12.2108
12.2083
12.2075
12.2059
12.2095
12.2056
12.2048
12.2086
12.2031
12.2096
12.203
12.2047
12.2086
12.207
12.2054
12.2058
12.2072
12.2099
12.2073
12.2102
12.2073
12.2053
12.2055
12.2078
12.2068
12.2038
12.2056
12.2071
12.2088
12.2051
12.2024
12.2093
12.2065
12.2054
12.2046
12.2036
12.2046
12.2061
12.2081
12.2039
12.2058
12.2043
12.21
12.208
12.21
12.2052
12.2059
12.2054
12.2089
12.2036
12.2072
12.2085
12.2043
12.2117
12.2085
12.2065
12.2094
12.2063
12.2049
12.2089
12.2049
12.2102
12.2062
12.2028
12.204
12.206
12.2055
12.2084
12.2044
12.2059
12.2058
12.2079
12.2048
12.2055
12.2068
12.2061
12.2045
12.205
12.2082
12.2098
12.2054
12.2088
12.2031
12.2071
12.2089
12.2054
12.2023
12.2119
12.2058
12.2041
12.2044
12.2072
12.2081
12.2048
12.2078
12.208
12.2052
12.211
12.2069
12.2056
12.2056
12.208
12.213
12.2025
12.2009
12.2085
12.211
12.2048
12.2038
12.207
12.2083
12.2035
12.2069
12.2087
12.2025
12.2036
12.2073
12.2018
12.2051
12.2061
12.2071
12.2101
12.2092
12.2084
12.2072
12.2095
12.207
12.205
12.2115
12.2087
12.2063
12.2075
12.2046
12.2045
12.2087
12.2079
12.2077
12.2111
12.2102
12.2114
12.2098
12.2041
12.2079
12.2049
12.2104
12.2083
12.2061
12.2046
12.2074
12.2075
12.2028
12.2065
12.204
12.2091
12.2022
12.2073
12.2053
12.2018
12.2097
12.2032
12.2099
12.2053
12.2075
12.204
12.2072
12.2009
12.2084
12.203
12.2034
12.2034
12.2063
12.2064
12.2085
12.2092
12.2092
12.208
12.2082
12.2051
12.2086
12.2072
12.2049
12.2069
12.2071
12.2081
12.2083
12.2088
12.2062
12.2061
12.2106
12.2052
12.2062
12.2063
12.2009
12.207
12.2054
12.2069
12.208
12.207
12.2112
12.2105
12.2069
12.2104
12.203
12.2081
12.2096
12.2109
12.2051
12.2064
12.2071
12.2017
12.2071
12.2067
12.2079
12.2088
12.2065
12.2042
12.2132
12.2067
12.2107
12.209
12.2079
12.2061
12.2036
12.2037
12.2063
12.2068
12.2079
12.2074
12.2075
12.2045
12.205
12.2092
12.2079
12.2104
12.2054
12.2076
12.208
12.2042
12.2059
12.2068
12.2055
12.2081
12.201
12.2059
12.2093
12.2032
12.2054
12.2053
12.2042
12.2073
12.2007
12.2061
12.2033
12.2099
12.205
12.2072
12.2075
12.2065
12.2075
12.2048
12.2056
12.2036
12.2025
12.2091
12.2092
12.2075
12.2066
12.2079
12.2065
12.2058
12.2025
12.2085
12.2034
12.2056
12.2093
12.206
12.2068
12.2096
12.2008
12.2058
12.207
12.2048
12.2061
12.2022
12.2034
12.2069
12.212
12.2059
12.2077
12.2013
12.2038
12.2069
12.2057
12.2053
12.2057
12.2087
12.204
12.2057
12.2079
12.2007
12.2076
12.2063
12.2079
12.2065
12.2097
12.2096
12.2073
12.2044
12.2041
12.2059
12.2072
12.2089
12.2068
12.2095
12.2073
12.2047
12.2036
12.2089
12.2042
12.2069
12.2086
12.2006
12.2104
12.2076
12.2113
12.2099
12.2167
12.2078
12.2039
12.2125
12.2057
12.2072
12.2088
12.2063
12.2064
12.2078
12.2068
12.2123
12.2002
12.2059
12.2084
12.2062
12.2102
12.2075
12.2091
12.2038
12.2077
12.2063
12.203
12.209
12.206
12.21
12.2053
12.2074
12.2095
12.2074
12.2109
12.2075
12.2155
12.2072
12.2078
12.2126
12.2061
12.2092
12.2085
12.2065
12.2112
12.21
12.2107
12.2059
12.2091
12.2052
12.2047
12.2091
12.2056
12.2086
12.2065
12.2146
12.2057
12.2105
12.2081
12.2059
12.2076
12.21
12.2134
12.2065
12.2074
12.2043
12.2063
12.205
12.2113
12.2049
12.2093
12.2114
12.1987
12.2056
12.2129
12.2051
12.21
12.2096
12.2089
12.2083
12.2115
12.2054
12.2126
12.2027
12.2074
12.2072
12.2092
12.2055
12.2074
12.2011
12.2069
12.2091
12.2082
12.2078
12.2063
12.2065
12.2061
12.2045
12.2049
12.2103
12.2079
12.2066
12.2072
12.2043
12.2066
12.2119
12.2039
12.2016
12.2066
12.2061
12.2073
12.2047
12.2123
12.2127
12.2094
12.2101
12.207
12.2055
12.2097
12.2041
12.2088
12.21
12.2062
12.2043
12.2083
12.2104
12.2116
12.2038
12.209
12.2064
12.2085
12.2075
12.2072
12.2071
12.2052
12.209
12.2096
12.2079
12.212
12.2045
12.2073
12.2058
12.2133
12.2072
12.2057
12.2039
12.2078
12.2056
12.2051
12.2081
12.207
12.2055
12.2033
12.2056
12.2043
12.2055
12.2011
12.2107
12.2054
12.203
12.2073
12.2083
12.2085
12.2079
12.2086
12.2042
12.2063
12.2051
12.2088
12.2054
12.2059
12.2115
12.2038
12.2064
12.2089
12.2049
12.2074
12.2084
12.2078
12.2071
12.2087
12.2017
12.2072
12.2109
12.2056
12.2081
12.209
12.2034
12.2025
12.2084
12.2098
12.2106
12.2101
12.2058
12.211
12.2066
12.2053
12.2037
12.2095
12.2092
12.2095
12.2079
12.207
12.2053
12.2068
12.2072
12.204
12.2086
12.2004
12.2053
12.2059
12.2052
12.2065
12.2065
12.2073
12.2044
12.2036
12.2096
12.2024
12.2063
12.2053
12.2071
12.2054
12.2085
12.2046
12.2057
12.205
12.2058
12.208
12.2087
12.2066
12.2059
12.2078
12.2044
12.2077
12.203
12.2096
12.2097
12.2045
12.2118
12.2108
12.2094
12.2025
12.2078
12.205
12.2076
12.2109
12.2023
12.2067
12.2059
12.2042
12.2077
12.2096
12.2061
12.2061
12.2045
12.2056
12.2054
12.2119
12.2092
12.2077
12.2049
12.2054
12.2124
12.2091
12.2077
12.2059
12.2093
12.207
12.2066
12.2073
12.2096
12.2085
12.2054
12.211
12.2055
12.2137
12.205
12.2053
12.2053
12.2023
12.2068
12.2104
12.2099
12.2093
12.2044
12.2061
12.2035
12.2079
12.2092
12.2081
12.2023
12.2101
12.2065
12.2054
12.2053
12.2054
12.2038
12.2062
12.2112
12.207
12.205
12.2048
12.2037
12.2051
12.2045
12.2067
12.2039
12.2083
12.2091
12.2089
12.2091
12.2111
12.2046
12.2072
12.2092
12.2123
12.2087
12.2099
12.2103
12.2062
12.206
12.2029
12.2054
12.2061
12.2069
12.2054
12.2069
12.2031
12.2056
12.2054
12.2037
12.2091
12.2037
12.2065
12.2037
12.2071
12.2092
12.2051
12.2072
12.2081
12.2079
12.2094
12.2092
12.2047
12.2053
12.2044
12.2062
12.2046
12.2067
12.1998
12.2107
12.2078
12.2124
12.2062
12.2082
12.2064
12.2095
12.2088
12.2091
12.2113
12.2107
12.2043
12.2096
12.2072
12.2082
12.2087
12.2067
12.2026
12.2042
12.2046
12.2063
12.2053
12.2053
12.2042
12.2039
12.2074
12.2053
12.2081
12.2087
12.2052
12.2058
12.2043
12.2043
12.2042
12.2071
12.2057
12.2096
12.2032
12.2114
12.2099
12.2061
12.2063
12.2099
12.2024
12.2073
12.2077
12.2052
12.2097
12.2095
12.2062
12.2058
12.203
12.2059
12.2093
12.2068
12.2037
12.2095
12.204
12.2067
12.2029
12.2106
12.2076
12.2085
12.2041
12.2067
12.2066
12.2051
12.2044
12.2107
12.2043
12.2081
12.2074
12.2037
12.2051
12.2087
12.2088
12.2056
12.2074
12.2074
12.2091
12.206
12.2077
12.2087
12.2109
12.2036
12.2089
12.2039
12.2021
12.205
12.2075
12.2067
12.2044
12.2042
12.2009
12.2104
12.2049
12.2045
12.2035
12.2067
12.2042
12.2096
12.207
12.2059
12.2046
12.2096
12.2076
12.1991
12.2023
12.2084
12.2055
12.2026
12.2049
12.2042
12.209
12.2082
12.2057
12.2051
12.2071
12.208
12.2042
12.2009
12.2054
12.2046
12.2133
12.2104
12.2049
12.2062
12.2081
12.2069
12.2052
12.2081
12.2118
12.2058
12.2006
12.206
12.2047
12.208
12.2077
12.2053
12.2074
12.2088
12.2076
12.2085
12.2062
12.2053
12.2123
12.2059
12.2104
12.2035
12.2087
12.2066
12.2081
12.2088
12.2067
12.2109
12.2031
12.204
12.2078
12.2077
12.2037
12.205
12.2085
12.2062
12.208
12.209
12.2054
12.206
12.2134
12.2059
12.2088
12.2099
12.2083
12.203
12.2099
12.2081
12.204
12.2045
12.2096
12.206
12.2062
12.2046
12.2066
12.2036
12.2063
12.2063
12.2037
12.212
12.2048
12.2064
12.2086
12.2092
12.2106
12.2078
12.2098
12.2058
12.2096
12.2018
12.2024
12.2036
12.2013
12.209
12.2074
12.2084
12.2081
12.2081
12.206
12.2059
12.201
12.2055
12.2081
12.2092
12.206
12.2016
12.2101
12.2087
12.2095
12.2064
12.2017
12.2055
12.2065
12.2101
12.2097
12.205
12.2073
12.2064
12.2072
12.2076
12.2042
12.2046
12.2101
12.2054
12.2054
12.2104
12.2064
12.2059
12.2046
12.2049
12.2085
12.2048
12.2028
12.2086
12.2071
12.2092
12.2085
12.2112
12.2032
12.2062
12.2124
12.2049
12.2094
12.2052
12.2074
12.2043
12.204
12.2099
12.202
12.2041
12.2094
12.2052
12.2113
12.2068
12.2047
12.2087
12.2052
12.2084
12.2081
12.2074
12.2065
12.2085
12.2057
12.2044
12.2126
12.2094
12.2055
12.207
12.2073
12.205
12.2107
12.2062
12.2038
12.2103
12.2074
12.2063
12.2082
12.2086
12.2048
12.2079
12.2039
12.2085
12.2067
12.2046
12.2052
12.2045
12.2061
12.2048
12.2057
12.2067
12.2075
12.2069
12.2085
12.2092
12.2056
12.2044
12.2036
12.2055
12.2069
12.2058
12.2061
12.2005
12.2064
12.2099
12.2064
12.2099
12.2098
12.2072
12.2062
12.2112
12.2057
12.2068
12.2061
12.2027
12.2105
12.2101
12.2089
12.2087
12.2088
12.2084
12.2021
12.2038
12.2109
12.2026
12.2048
12.2064
12.2078
12.2085
12.2078
12.2069
12.2118
12.2035
12.2048
12.2055
12.2091
12.2056
12.2073
12.2058
12.2029
12.2113
12.2045
12.2062
12.2026
12.2114
12.2085
12.2077
12.2072
12.2074
12.2115
12.2087
12.2097
12.212
12.2072
12.2044
12.2059
12.2116
12.2078
12.2068
12.2127
12.2111
12.2066
12.2053
12.2029
12.2064
12.2129
12.2103
12.2084
12.2093
12.2054
12.2042
12.208
12.2082
12.2102
12.2105
12.2046
12.2097
12.2012
12.2105
12.2139
12.2055
12.2099
12.2082
12.2085
12.2079
12.2113
12.2091
12.2073
12.2086
12.2023
12.2086
12.2099
12.2056
12.212
12.2071
12.2082
12.2049
12.2074
12.2072
12.2017
12.2066
12.2019
12.2077
12.2046
12.2018
12.2025
12.203
12.207
12.2095
12.21
12.2075
12.2053
12.203
12.2075
12.2102
12.2009
12.2097
12.206
12.2027
12.2081
12.2064
12.2049
12.2085
12.2086
12.205
12.2078
12.2032
12.2122
12.2048
12.2041
12.205
12.1994
12.2078
12.2041
12.2066
12.2045
12.2015
12.2032
12.2065
12.2063
12.2043
12.2078
12.2051
12.2038
12.2065
12.2098
12.2065
12.2071
12.2124
12.2062
12.2066
12.2056
12.2071
12.209
12.2053
12.2047
12.2025
12.2053
12.2087
12.2049
12.2106
12.2077
12.2062
12.2056
12.2081
12.2048
12.2084
12.2049
12.2063
12.2054
12.205
12.212
12.2096
12.2045
12.2069
12.2018
12.2057
12.2019
12.2074
12.2067
12.2058
12.2084
12.2114
12.2113
12.2093
12.2041
12.2131
12.2037
12.205
12.2033
12.2099
12.2057
12.2035
12.2038
12.21
12.2081
12.2104
12.2058
12.2054
12.2001
12.2097
12.2055
12.2103
12.2035
12.2077
12.2065
12.2064
12.2047
12.2088
12.2066
12.2065
12.2068
12.2052
12.2095
12.2137
12.2092
12.2087
12.2064
12.2071
12.2086
12.2075
12.2097
12.2053
12.2109
12.2032
12.2121
12.2007
12.2044
12.2068
12.2075
12.2106
12.2094
12.2093
12.2079
12.2098
12.2072
12.1988
12.2074
12.2099
12.2092
12.206
12.2126
12.2079
12.2061
12.2101
12.205
12.2071
12.2079
12.2015
12.2049
12.2088
12.2088
12.2083
12.2071
12.206
12.2074
12.2088
12.2111
12.2078
12.2037
12.2094
12.2083
12.2096
12.2076
12.2064
12.2023
12.212
12.2134
12.2071
12.2089
12.212
12.2117
12.2056
12.2084
12.2067
12.207
12.2108
12.2089
12.2095
12.2035
12.2089
12.2069
12.2066
12.2101
12.2065
12.2065
12.2043
12.2133
12.2084
12.2071
12.2082
12.2066
12.2062
12.2055
12.2105
12.2075
12.2066
12.2086
12.2057
12.2027
12.2051
12.2083
12.2075
12.2103
12.2047
12.2129
12.2076
12.2053
12.2065
12.203
12.2066
12.2105
12.2032
12.2029
12.2042
12.2093
12.2037
12.2088
12.2048
12.211
12.2048
12.2057
12.2028
12.2037
12.2065
12.2039
12.2077
12.2076
12.208
12.2052
12.2046
12.2117
12.2092
12.2056
12.2043
12.2019
12.21
12.2048
12.2114
12.2079
12.212
12.2095
12.2091
12.201
12.2044
12.2109
12.2059
12.2121
12.2036
12.2081
12.205
12.2008
12.2061
12.2066
12.2063
12.2035
12.2067
12.2073
12.2049
12.2059
12.2073
12.2079
12.2107
12.2025
12.2067
12.2094
12.2138
12.2043
12.2056
12.2051
12.2074
12.2061
12.2064
12.2111
12.2111
12.2096
12.2081
12.208
12.2045
12.2076
12.2072
12.2072
12.2094
12.2076
12.2113
12.2074
12.2091
12.2072
12.2063
12.206
12.2014
12.2073
12.2068
12.2042
12.205
12.2065
12.2082
12.2041
12.2103
12.2101
12.209
12.203
12.2067
12.2048
12.2064
12.2016
12.2082
12.2072
12.2055
12.2062
12.2085
12.2066
12.2054
12.2047
12.2091
12.2065
12.2083
12.2043
12.2075
12.2059
12.2003
12.2085
12.2032
12.2112
12.2062
12.2072
12.2059
12.2082
12.2071
12.201
12.2017
12.208
12.2111
12.2085
12.2056
12.2035
12.2048
12.2058
12.2092
12.2061
12.2047
12.2092
12.2027
12.2063
12.2061
12.2053
12.208
12.2014
12.2065
12.2096
12.2089
12.2061
12.2017
12.2058
12.2048
12.2077
12.2036
12.2085
12.2033
12.201
12.2091
12.2009
12.2064
12.2101
12.2034
12.2043
12.2076
12.2087
12.2064
12.2082
12.2065
12.2112
12.2064
12.2095
12.2111
12.2043
12.208
12.2114
12.2048
12.2124
12.2086
12.2092
12.2088
12.2022
12.2057
12.2113
12.2114
12.2061
12.2077
12.2053
12.207
12.2113
12.2026
12.2123
12.2042
12.2088
12.2052
12.2065
12.2093
12.208
12.2102
12.2049
12.2043
12.2055
12.2099
12.211
12.2101
12.2068
12.2112
12.2064
12.2085
12.2062
12.2073
12.208
12.2062
12.2033
12.2064
12.2061
12.2099
12.2095
12.2114
12.2032
12.2055
12.2079
12.2052
12.2087
12.2017
12.2115
12.2068
12.2076
12.2084
12.2045
12.2059
12.2097
12.2048
12.2093
12.2058
12.2087
12.2045
12.2076
12.2048
12.209
12.207
12.2058
12.2013
12.2065
12.2056
12.2104
12.2075
12.2072
12.2096
12.2003
12.2071
12.2079
12.2034
12.2088
12.2069
12.2084
12.2047
12.2126
12.204
12.2041
12.205
12.2027
12.2089
12.2068
12.2098
12.2073
12.2059
12.2029
12.2105
12.2094
12.2048
12.2067
12.2075
12.2033
12.2064
12.2077
12.2066
12.2036
12.2061
12.2093
12.206
12.2043
12.201
12.2037
12.2032
12.2046
12.2091
12.207
12.2077
12.204
12.2053
12.2056
12.2052
12.2102
12.2051
12.2104
12.2075
12.2085
12.208
12.2046
12.202
12.2087
12.2024
12.2094
12.2101
12.2071
12.2139
12.2064
12.2121
12.2105
12.205
12.2046
12.2126
12.2079
12.2096
12.2099
12.2081
12.2111
12.2125
12.2105
12.211
12.2053
12.2081
12.2075
12.2117
12.2056
12.2085
12.2037
12.2104
12.2101
12.2099
12.2091
12.2072
12.2057
12.2017
12.2097
12.2051
12.2027
12.213
12.2054
12.2095
12.2053
12.2057
12.2071
12.2012
12.2099
12.2082
12.2025
12.2056
12.2026
12.2079
12.2059
12.2036
12.2087
12.2038
12.2027
12.2096
12.2079
12.2076
12.208
12.1998
12.2108
12.2077
12.2081
12.2103
12.2084
12.2062
12.2054
12.2067
12.2062
12.2084
12.2088
12.2087
12.2067
12.207
12.2065
12.2049
12.2057
12.2067
12.205
12.2062
12.2055
12.2047
12.2056
