13.1917
13.1817
13.2111
13.1776
13.1862
13.2375
13.2022
13.2144
13.1997
13.1938
13.18
13.1338
13.1515
13.1938
13.1659
13.147
13.151
13.126
13.1515
13.1295
13.1003
13.1018
13.0876
13.1249
13.0738
13.0605
13.0918
13.0382
13.058
13.0409
13.0636
13.0448
13.0203
13.0427
12.9669
12.9939
12.9614
12.9638
12.9537
12.9113
12.9374
12.887
12.8929
12.8491
12.8439
12.8509
12.826
12.7987
12.795
12.7823
12.7269
12.7284
12.6749
12.6797
12.6442
12.5971
12.5725
12.5837
12.5351
12.5049
12.4675
12.4277
12.4035
12.3848
12.3469
12.3195
12.2904
12.278
12.2618
12.2481
12.2349
12.2422
12.2461
12.2338
12.2309
12.2289
12.2332
12.2377
12.231
12.2236
12.2274
12.2269
12.2248
12.2328
12.2263
12.2136
12.2201
12.2182
12.2219
12.2177
12.2214
12.2155
12.2175
12.212
12.2203
12.2181
12.2191
12.2159
12.2159
12.2187
12.2102
12.2142
12.209
12.208
12.2173
12.2158
12.2115
12.2106
12.2127
12.2148
12.2066
12.2134
12.2069
12.2139
12.2091
12.2099
12.21
12.2061
12.214
12.2083
12.2091
12.2036
12.2161
12.2168
12.2061
12.2112
12.21
12.2068
12.2122
12.2098
12.2107
12.2049
12.2066
12.2054
12.2113
12.2071
12.1991
12.2103
12.2079
12.2092
12.2038
12.2067
12.2139
12.2094
12.2112
12.2009
12.2123
12.2105
12.2055
12.2066
12.2078
12.2006
12.2029
12.2069
12.2155
12.2087
12.2023
12.2081
12.2037
12.2065
12.2028
12.2123
12.2053
12.2015
12.2009
12.209
12.2045
12.2115
12.2024
12.2036
12.2069
12.2063
12.2045
12.2096
12.2053
12.2088
12.2089
12.2039
12.2089
12.2075
12.2072
12.208
12.2041
12.2089
12.2014
12.2077
12.2083
12.2064
12.2049
12.207
12.2054
12.2019
12.2047
12.1973
12.2067
12.2044
12.2069
12.2095
12.2015
12.2023
12.2056
12.2034
12.2016
12.2067
12.2042
12.2062
12.2092
12.2074
12.2058
12.2041
12.2036
12.2064
12.2095
12.2005
12.2095
12.204
12.2049
12.2092
12.2069
12.2072
12.2077
12.2063
12.2058
12.2041
12.2053
12.2046
12.2071
12.1991
12.2064
12.2095
12.1967
12.2077
12.2078
12.2071
12.2083
12.2017
12.1974
12.2064
12.2083
12.2128
12.2057
12.2011
12.2086
12.2024
12.2144
12.2056
12.2071
12.208
12.205
12.2064
12.2019
12.2044
12.2099
12.2076
12.2035
12.2074
12.209
12.2092
12.2036
12.2069
12.2069
12.2022
12.206
12.2047
12.2066
12.2039
12.2083
12.2049
12.2024
12.2063
12.199
12.2076
12.2078
12.2033
12.1988
12.2085
12.2106
12.2147
12.2072
12.1643
12.2112
12.2125
12.2153
12.205
12.207
12.2043
12.2041
12.2168
12.21
12.2123
12.2104
12.2045
12.2087
12.2109
12.2043
12.209
12.208
12.2004
12.2191
12.2089
12.2088
12.2082
12.2071
12.2094
12.2105
12.2122
12.2051
12.2068
12.1985
12.2085
12.2062
12.2074
12.2023
12.2098
12.2125
12.2056
12.2054
12.2033
12.2018
12.2069
12.205
12.2098
12.2133
12.3165
