     0
   194
   468
   875
  1169
  1649
  2011
  2216
  2656
  2755
  3292
  3583
  3774
  4468
  4464
  4788
  5237
  5536
  5727
  6225
  6600
  6949
  7386
  7836
  8035
  8665
  8730
  9199
  9197
  9787
 10005
 10293
 10662
 11011
 11695
 11875
 12310
 12916
 13177
 13026
 13330
 14121
 13720
 15006
 15319
 14933
 15844
 15959
 16248
 16749
 17182
 17515
 18080
 18113
 18276
 18918
 19038
 19901
 19996
 20236
 21010
 21152
 20868
 21700
 22369
 23201
 23110
 23248
 23535
 23777
 24371
 24610
 24973
 25135
 25487
 26146
 26369
 26262
 27199
 27635
 28008
 28315
 28543
 29656
 29262
 29629
 30040
 30805
 30968
 31641
 31998
 31806
 32756
 32491
 33042
 33670
 34685
 34698
 34761
 35116
 35437
 35622
 35928
 37006
 37363
 37168
 37592
 38430
 38879
 39278
 38818
 39236
 40158
 40544
 40366
 40758
 41695
 42414
 43067
 43367
 43251
 43342
 43913
 44453
 44515
 45743
 45801
 46170
 45551
 46965
 46761
 47641
 48188
 48285
 48567
 48781
 48998
 50115
 50120
 50860
 51469
 52255
 52140
 52797
 54049
 53433
 53985
 54793
 54961
 54996
 55881
 56005
 56499
 57006
 57052
 57647
 58143
 58987
 59758
 60155
 61291
 61168
 61570
 62162
 62924
 62133
 62800
 64387
 64796
 65294
 65526
 65110
 65940
 66511
 67079
 67927
 68271
 68299
 69370
 69875
 70796
 70536
 71299
 72117
 72653
 72948
 72931
 73821
 73960
 75675
 75101
 75003
 75933
 75835
 77008
 76979
 78538
 78270
 79392
 79802
 80662
 80646
 81321
 81213
 82386
 82546
 82386
 83892
 84272
 85410
 85327
 85669
 86706
 86025
 87111
 88116
 88487
 89417
 90235
 90274
 91420
 91681
 93184
 93844
 93680
 93228
 95594
 95867
 95406
 96104
 97067
 96635
 96953
 97847
 98024
 99378
 99920
100161
100365
101432
102632
103279
103699
103751
103725
105182
106438
107183
107652
107965
107969
109537
110224
109971
110855
111812
111511
113208
113643
112998
114182
114591
115490
116021
116317
116894
118232
119292
119623
121340
120486
120809
120468
122125
122129
125021
124242
125047
124776
125948
126102
126316
127398
127852
128986
129567
131408
131306
131368
131977
133106
133258
135283
135245
136486
136410
137616
138874
138981
140892
142125
141635
142043
142904
143949
144508
144846
145752
148039
147302
148598
150289
148192
151401
150812
152152
153488
154599
153143
155558
155480
157726
156977
158498
159287
159627
159990
160714
161880
163165
164304
165390
166352
166882
165632
168294
169561
168403
170675
170376
171463
173628
173792
175577
175538
174437
175528
177773
179956
180405
180617
180507
182863
182842
184539
185069
185463
185830
186484
187633
189726
189972
189340
192157
192143
193389
193506
194204
195971
196450
197911
199166
198211
200965
199989
201946
203160
204348
203560
205168
206960
210103
208676
208428
209912
210110
211767
212349
213799
212748
217098
215754
215964
217762
218635
220310
220585
221646
222848
222320
223449
225503
225357
227349
228021
229127
229801
229362
231825
231487
232618
234566
235153
235070
236597
237342
237049
238548
240638
242058
241090
244809
244305
243997
245853
246233
247093
247491
248522
249691
251057
252156
253756
253949
255050
256881
255314
258240
258323
259061
262466
262278
262240
263076
262321
263879
266347
267773
267940
268636
270541
270717
271091
273239
274445
275492
274935
275944
278308
279447
278318
280576
282441
282559
281274
285414
287368
287518
286298
287660
289770
288449
290588
292177
293436
294291
294021
295071
297878
298415
298977
299962
299583
301513
303310
304846
305566
305562
306664
308094
308200
311252
311054
311492
312470
313348
314496
317619
318338
317851
319641
317990
321694
324265
323506
324914
328556
327024
328196
329384
329776
329741
329963
333195
332721
334848
334975
336379
337973
340117
339657
339517
339486
342870
346874
344365
345685
345201
348270
348330
350054
352412
353518
353550
354751
355067
355063
357014
356595
359512
358190
362080
362161
362289
363925
364681
365199
366658
369823
369524
371553
370888
370875
372555
375101
374055
373845
376318
378821
381003
380308
379090
380875
383199
384600
385006
386373
388347
388323
389785
390803
392199
392672
392383
394922
394006
393528
394810
397789
398052
398466
401087
401251
404549
404555
403003
406474
407174
410226
411408
408899
413050
412901
413017
414957
414768
416556
416486
417777
419341
418664
421276
422170
423438
422930
424449
426047
427753
427598
429053
432184
428886
429963
432777
434004
433639
434242
434879
438999
437868
437154
440064
441936
443753
442939
444391
445221
444937
444561
448294
447838
447866
449928
451930
451794
453566
454278
456148
456466
456898
460775
460725
461440
462143
462367
461091
464114
465347
465328
464687
467823
468467
469384
472265
468614
471848
472633
473028
472957
477800
475905
475393
479397
477870
481626
481824
480866
479248
480931
485157
483261
483364
485101
486614
487601
490173
488969
491541
492002
491992
492764
494085
494536
494462
498188
495058
499729
499874
500914
499580
500500
501390
501061
504593
505856
504837
507645
507944
505523
508520
507338
510849
510043
511228
512344
512784
514186
515066
515086
516102
516549
516876
517254
519068
520369
521194
521630
521666
521801
522263
524583
524696
523453
525235
526414
524543
524530
529265
527020
530670
532309
531184
530143
533061
529874
533059
535189
534971
535213
534090
534654
535882
537427
537640
537505
540265
539380
540692
540443
538476
542417
544872
540461
544444
544388
546471
547375
544973
548132
548939
548297
546407
548777
549740
548469
548380
553254
551053
551938
551890
552770
554014
554464
553950
557261
557427
556848
556105
558519
558450
559258
553642
560734
561432
561344
560892
562409
563103
563890
562749
562725
563235
565162
564167
566764
565482
567468
566432
565101
569107
567089
566520
569197
568700
570802
569903
570740
568037
570622
570077
569633
573801
570264
573656
575351
573900
573217
575481
576587
574587
577034
574120
575142
575880
577230
577348
576508
580826
578333
579291
578422
577351
576876
578333
577652
577336
581896
581808
576628
580212
581825
580430
583073
581445
580361
583488
581350
581645
583617
583511
581489
581328
583274
586468
582672
584308
585386
586500
587770
586995
586046
586414
585184
586117
586459
585508
582095
586313
584003
585001
585525
586561
585509
588304
586024
584757
585787
585517
584218
587908
589987
588100
588640
585718
588416
589614
588397
589201
587720
589376
586972
586218
589274
587133
589590
586471
590043
588206
588846
591727
590363
587250
590144
590477
586900
588105
589586
589385
589293
590984
588573
588461
589272
586802
590334
587105
590762
588665
588986
587199
588007
587375
588972
587595
588584
588511
590509
589766
587765
586302
588786
589274
587663
586786
588855
586759
583070
585205
585509
584198
586195
585920
585008
586149
582353
583773
583575
584896
582405
582977
584874
582256
581936
582287
582387
580380
580936
581399
584555
582100
579129
583144
578731
579934
580470
581158
578716
579914
577955
579287
579024
575885
575608
576254
579307
577865
576658
574840
574329
574960
575194
574355
574721
575109
570931
573316
575398
572273
571883
572579
572505
568727
572778
569798
568574
570020
568607
567961
569441
568209
565037
566617
568111
567139
567654
567074
565507
566628
565003
564273
562850
562893
561668
559620
561576
561892
562334
559818
560174
557694
559808
557357
556742
557926
556652
556101
556067
554002
553158
553668
549719
552414
551668
553250
552245
550867
550600
550787
549520
548624
549278
548022
546047
544900
546602
545172
544033
543481
541133
545261
541776
542465
541296
539923
540295
540667
537919
536885
538246
537128
536414
538737
536807
534125
533391
532296
530796
530828
530088
530522
527896
528550
527088
527280
529218
526736
527219
526863
525452
524076
521809
520324
520336
520223
520024
518848
520586
518081
515838
517605
516774
517568
513923
514750
514428
512106
512499
510199
511650
508654
509821
509645
507894
504668
504566
504983
505017
504064
502561
501644
502897
501126
500962
497813
499420
497620
497271
497151
495683
493412
494358
493072
491370
491790
491505
489402
489565
488616
488064
484344
487176
486059
486518
482138
483920
481191
481847
480787
479399
479195
478806
476448
477202
476503
476022
474666
475326
473197
471576
470100
471068
469284
466189
468589
464125
465820
465461
461596
465507
462339
462215
461592
461276
460969
457691
459032
455637
455915
454934
454486
452274
453073
451178
451395
446970
449189
448466
447873
447864
445006
440374
444545
444223
443929
441122
439371
436787
437449
436721
435270
432968
434825
431504
431178
432414
430645
430329
429700
427130
426803
428375
424021
422552
423728
421539
419385
417672
418802
420266
417083
416722
418548
416232
415665
413849
412020
412338
412581
409110
409075
407926
408496
405644
406443
404484
403207
400495
400948
400919
398730
398076
398886
396224
394901
394491
395302
392884
392015
390082
390757
388248
387873
386929
386122
386082
385942
383307
384575
383176
382510
381805
378716
378431
377901
374768
374434
373522
373242
374271
371768
371061
371217
368554
368131
367348
364267
365295
362082
362892
361936
360081
360941
358668
356706
355663
354842
355136
355093
353932
352116
350404
350607
349775
348164
347305
347648
344564
345271
343178
344501
341062
341344
340106
340080
337699
336637
334907
333238
333248
333849
333502
332415
331798
329927
326616
328124
326142
324753
326298
324417
322182
321962
320099
319101
317456
317550
316584
316700
316555
314433
314240
314384
311188
310617
309863
309441
308181
305519
305352
305603
305193
303093
301528
301553
299168
299091
300527
295759
297211
294877
294775
295476
291548
292679
291504
289324
289052
289611
287970
286845
286126
285609
283055
283037
281551
282430
279647
279817
278823
278296
278545
276396
273581
275232
274190
272812
272267
272020
269542
269011
268137
267236
267399
266254
263770
263456
261930
261869
260420
258688
259934
258907
257557
257653
254321
252996
253597
254445
252980
251720
251202
248797
247832
246888
248185
245471
244060
244427
243979
244060
241529
241494
237863
239613
237415
238144
236816
235014
234703
234112
233205
233446
232726
231524
228463
230204
228633
228044
226968
224926
224885
225147
222187
221314
222511
220715
220932
218526
217243
216973
216578
215074
215006
214927
213797
211991
212892
212428
209439
209029
209383
207480
207679
205514
206035
205664
204800
203921
202632
202281
201156
201529
199884
199310
198406
196530
195270
196331
194726
193108
192728
192104
192104
188582
189036
189354
187829
187436
187285
185818
186387
184071
183397
182411
182150
180922
180402
179721
180045
179044
178092
177367
176537
176447
175314
174685
174749
173064
172831
172543
171780
169444
169873
169245
168860
168143
167438
166482
164584
165667
164042
163377
163069
162295
162041
162294
160837
160029
159954
157730
157529
157700
157070
155502
155667
155190
152879
153055
153719
152714
151741
150572
150554
149894
149449
148414
148192
147345
146468
146842
146202
145659
143633
143338
143524
142309
141484
141240
140282
139911
138803
138914
138116
137896
135814
135328
136212
133737
133537
134160
131170
131363
131223
130726
129017
130019
128623
128819
127865
126269
127027
125142
126251
125219
124013
123896
123428
121816
122164
121413
120482
121047
120495
120489
119742
118292
117649
117945
116175
116624
115777
116065
116374
115610
114127
113391
113247
113677
111256
110707
110429
110607
110274
107995
109268
107966
108019
107298
106173
106166
106256
105181
104180
104576
104390
103609
102641
103483
100634
101845
100797
100060
100144
100729
 99589
 97871
 97977
 98345
 98415
 96328
 95954
 95759
 95429
 95006
 94646
 93098
 94097
 93118
 91556
 91280
 91390
 90844
 90990
 90482
 89083
 89042
 89083
 88033
 87319
 87270
 87527
 86718
 86148
 86599
 84653
 85167
 86012
 83909
 83967
 83463
 82685
 82787
 82736
 81318
 80836
 81386
 79459
 79830
 79992
 80481
 79356
 78375
 78738
 77817
 77470
 77398
 75795
 76401
 75026
 75351
 75408
 73233
 73231
 73918
 74396
 72369
 72006
 71678
 70973
 70348
 70537
 70047
 69233
 68765
 68531
 68341
 67986
 67013
 66494
 66464
 66869
 66020
 65608
 65526
 66136
 64923
 64392
 64072
 63858
 63764
 63524
 62906
 62592
 61618
 61621
 61625
 60724
 60615
 60651
 60000
 59898
 59218
 59521
 58513
 58998
 57820
 57649
 57477
 56532
 56940
 56787
 56334
 55962
 55310
 55479
 54504
 54169
 54418
 54045
 53708
 53687
 52939
 53271
 52596
 52914
 52482
 52148
 51987
 50678
 51179
 51308
 50082
 50499
 49542
 49601
 49285
 48911
 48719
 47942
 48251
 47419
 47587
 47124
 46787
 46566
 46587
 46075
 46003
 46256
 45550
 45186
 46171
 45099
 44279
 44028
 43820
 43750
 43793
 43342
 42613
 42675
 42902
 41450
 41946
 41189
 41604
 40723
 40807
 40407
 40309
 40455
 39858
 39240
 39322
 39602
 39158
 38501
 38482
 37224
 38317
 37924
 37662
 36969
 36719
 37269
 36463
 36887
 36442
 35763
 36054
 34917
 35537
 34909
 34998
 34445
 34519
 34342
 34025
 32923
 33541
 33113
 33311
 33107
 32424
 32285
 32498
 32180
 31903
 30953
 31577
 31860
 31578
 31103
 30575
 31100
 30008
 30131
 30104
 30100
 30156
 29405
 29174
 29123
 28937
 28517
 28623
 28613
 27822
 27984
 27720
 27205
 27474
 27332
 27689
 26614
 26536
 26694
 26714
 26284
 25839
 25696
 25257
 25064
 25495
 25242
 24929
 24673
 25019
 24490
 24530
 24127
 24165
 23894
 23177
 23619
 23095
 23344
 23467
 22787
 22716
 22511
 22748
 22471
 22477
 22089
 21888
 21582
 21195
 21468
 21424
 21406
 21423
 20951
 20240
 20626
 20671
 20312
 20444
 19943
 19715
 19937
 19012
 19578
 19476
 19202
 19460
 19323
 19093
 19192
 18284
 18355
 18181
 18175
 17845
 18157
 17841
 17895
 17624
 17423
 17615
 17384
 17262
 17272
 16723
 16510
 16383
 16963
 16672
 16386
 16239
 16132
 16258
 16048
 15759
 15628
 16106
 15550
 15481
 15298
 15463
 14290
 14730
 15044
 14640
 14508
 14487
 14057
 13907
 14224
 13851
 14232
 14083
 13703
 13648
 13643
 13894
 13402
 13184
 13336
 12923
 12910
 12720
 12988
 12641
 12962
 12512
 12784
 12520
 12702
 12544
 11947
 11752
 11820
 11996
 11570
 11253
 11497
 11228
 11239
 11484
 10710
 11123
 11108
 11023
 10949
 10727
 10918
 10684
 10690
 10528
 10549
 10418
 10136
 10271
 10028
  9869
  9948
  9862
  9958
  9912
  9618
  9573
  9437
  9482
  9188
  9672
  9221
  9249
  9318
  9405
  9264
  8738
  8800
  8909
  8737
  8697
  8601
  8497
  8696
  8619
  8566
  8075
  8100
  8374
  8235
  8454
  8278
  8200
  8038
  8014
  7872
  7505
  7574
  7827
  7581
  7412
  7491
  7421
  7413
  7130
  7146
  7080
  7300
  7191
  6813
  6943
  6913
  6660
  6828
  6859
  6898
  6682
  6820
  6965
  6728
  6537
  6254
  6435
  6272
  6232
  6256
  6755
  6192
  5893
  6089
  6095
  5831
  5894
  5859
  5558
  5628
  5601
  5774
  5577
  5525
  5577
  5397
  5430
  5605
  5738
  5534
  5378
  5267
  5300
  5352
  5139
  5063
  5089
  5278
  5009
  5068
  5055
  4751
  5012
  4615
  4969
  4777
  4768
  4918
  4714
  4761
  4538
  4509
  4482
  4724
  4467
  4354
  4457
  4363
  4417
  4200
  4472
  4108
  4336
  4120
  4268
  4310
  4080
  4095
  3896
  3868
  3868
  3773
  3933
  3702
  3606
  3781
  3712
  3808
  3817
  3679
  3697
  3750
  3599
  3557
  3606
  3520
  3465
  3348
  3534
  3484
  3432
  3447
  3384
  3312
  3175
  3390
  3353
  3251
  3191
  3203
  3231
  3221
  3129
  2922
  3107
  3134
  3198
  2829
  3005
  2995
  3062
  2941
  2994
  3129
  2601
  2638
  2918
  2864
  2733
  2684
  2800
  2730
  2813
  2521
  2609
  2505
  2554
  2431
  2473
  2477
  2438
  2616
  2375
  2334
  2323
  2361
  2316
  2420
  2304
  2357
  2343
  2249
  2364
  2230
  2230
  2055
  2057
  1954
  2165
  2049
  2084
  2043
  2124
  2084
  1871
  2019
  2013
  1879
  1940
  1855
  1907
  1808
  1890
  1787
  1823
  1692
  1810
  1723
  1809
  1794
  1717
  1514
  1522
  1694
  1669
  1643
  1677
  1730
  1583
  1660
  1600
  1593
  1673
  1534
  1603
  1572
  1460
  1528
  1541
  1536
  1460
  1577
  1421
  1344
  1536
  1286
  1417
  1341
  1239
  1389
  1451
  1285
  1233
  1216
  1266
  1164
  1307
  1239
  1228
  1195
  1135
  1244
  1175
  1126
  1115
  1109
  1176
  1192
  1224
  1158
  1072
  1108
  1052
  1015
   998
  1014
  1100
   932
  1028
  1052
  1064
   977
   986
  1065
   902
   985
   975
   894
   912
   933
   882
   805
   929
   860
   794
   811
   842
   816
   892
   784
   820
   775
   792
   811
   735
   754
   807
   743
   733
   728
   786
   844
   812
   675
   768
   706
   686
   619
   601
   734
   698
   580
   569
   627
   556
   630
   670
   581
   599
   535
   553
   633
   594
   627
   434
   609
   566
   486
   540
   571
   489
   467
   545
   521
   456
   474
   481
   491
   476
   484
   434
   429
   467
   437
   499
   421
   452
   454
   413
   424
   414
   404
   410
   410
   426
   385
   482
   386
   380
   410
   352
   354
   382
   403
   363
   418
   351
   352
   327
   362
   343
   324
   332
   275
   399
   323
   340
   277
   361
   349
   288
   303
   291
   291
   287
   323
   307
   282
   332
   274
   238
   231
   311
   302
   277
   262
   299
   263
   213
   204
   234
   244
   241
   290
   204
   217
   219
   215
   226
   210
   221
   213
   193
   235
   234
   239
   210
   205
   192
   226
   208
   206
   160
   250
   165
   212
   226
   206
   187
   172
   197
   193
   198
   155
   207
   196
   187
   113
   181
   190
   142
   168
   187
   178
   186
   149
   148
   154
   172
   164
   117
   180
   174
   166
   166
   160
   168
   142
   177
   159
   137
   154
   168
   122
   122
   113
   110
   152
   130
   129
   122
   120
   154
   120
   140
   128
   170
   115
   142
   115
   132
   152
   143
   121
   113
   113
   127
   101
   107
   117
   108
   113
    99
   104
    62
    86
   116
   116
   103
    86
   116
    96
    93
    93
    85
   104
    85
    98
    75
   105
    70
   117
    70
    76
    76
    70
    68
    97
    88
    46
    67
    84
    62
    78
   103
    66
    71
    49
    69
    90
    95
    85
    82
    52
    53
    64
    62
    69
    77
    60
    57
    84
    78
    60
    73
    63
    72
    62
    59
    71
    64
    56
    55
    54
    53
    66
    80
    74
    64
    75
    73
    93
    88
    52
    82
    83
    76
    64
    60
    66
    63
    58
    50
    36
    43
    55
    61
    39
    50
    33
    44
    43
    47
    27
    47
    61
    38
    44
    37
    34
    51
    41
    57
    87
    41
    54
    44
    53
    42
    28
    42
    34
    49
    43
    30
    44
    47
    30
    49
    37
    38
    24
    27
    45
    44
    46
    35
    27
    25
    31
    39
    29
    32
    30
    39
    47
    20
    34
    27
    28
    15
    28
    31
    38
    23
    21
    27
    17
    14
    20
    32
    14
    29
    26
    26
    32
    16
    42
    24
    31
    28
    46
    36
    25
    37
    29
    28
    26
    11
    18
    36
    54
    48
    49
    19
    22
    25
    34
    19
    38
    13
    27
    12
    18
    16
    31
    22
    23
    30
    28
    30
    11
     9
    15
    12
    17
     7
    29
    23
    17
    18
     8
     9
    20
    21
    17
     6
    13
    16
     7
    18
    14
     6
     7
     5
     8
     2
     1
     7
    13
     2
     7
     2
     6
     6
     8
    14
    10
     5
    10
    11
     2
     3
    15
     5
     2
     5
     8
     6
    11
     5
     3
     6
     2
     3
     5
    10
     3
     2
    13
     5
     7
     5
     0
     3
     3
     1
     2
     2
     0
     1
     2
    10
     0
     0
     7
     6
     1
     1
     6
     2
     1
     5
     5
    12
     5
     9
     0
     4
     1
     2
     0
     8
     2
     3
     0
     0
     0
     0
     2
     0
     0
     0
     0
     0
     0
     0
     0
     2
     0
     0
     1
     0
     0
     0
     0
     0
     0
     0
     0
     0
     0
     0
     0
     0
     0
     0
     0
     0
     0
     0
     0
     0
     0
     0
     0
     0
     0
     0
     0
     0
     0
     0
     0
     0
     0
     0
     0
     0
     0
     0
     0
     0
     0
     0
     0
     0
     0
     0
     0
     0
     0
     0
     0
     0
     0
     0
     0
     0
     0
     0
     0
     0
     0
     0
     0
     0
     0
     0
     0
     0
     0
     0
     0
     0
     0
     0
     0
     0
     0
     0
     0
     0
     0
     0
     0
     0
     0
     0
     0
     0
     0
     0
     0
     0
     0
     0
     0
     0
     0
     0
     0
     0
     0
     0
     0
     0
     0
     0
     0
     0
     0
     0
     0
     0
     0
     0
     0
     0
     0
     0
     0
     0
     0
     0
     0
     0
     0
     0
     0
     0
     0
     0
     0
     0
     0
     0
     0
     0
     0
     0
     0
     0
     0
     0
     0
     0
     0
     0
     0
     0
     0
     0
     0
     0
     0
     0
     0
     0
     0
     0
     0
     0
     0
     0
     0
     0
     0
     0
     0
     0
     0
     0
     0
     0
     0
     0
     0
     0
     0
     0
     0
     0
     0
     0
     0
     0
     0
     0
     0
     0
     0
     0
     0
     0
     0
     0
     0
     0
     0
     0
     0
     0
     0
     0
     0
     0
     0
     0
