   4185
  12546
  19454
  28650
  36747
  44025
  53785
  60845
  69657
  77307
  85179
  93904
 102282
 110447
 118932
 126145
 134557
 142415
 149722
 158619
 167920
 174644
 183339
 191207
 198963
 207348
 216365
 224679
 230939
 239255
 247422
 254569
 264778
 271331
 279306
 288094
 297546
 303515
 311999
 319969
 327707
 337381
 342572
 351497
 358510
 367327
 377058
 383616
 391606
 399271
 406705
 413193
 421130
 432595
 439056
 443339
 454950
 461177
 467870
 477315
 484856
 491568
 500622
 508974
 513689
 521957
 530527
 536467
 545677
 555161
 562051
 566059
 574030
 581432
 589551
 596701
 604816
 611366
 618400
 628135
 634218
 642152
 649679
 654573
 663691
 668474
 673450
 684192
 692217
 695767
 704166
 710461
 720203
 724675
 733453
 741836
 745863
 754384
 759095
 764089
 773147
 781278
 786047
 793121
 799783
 805701
 818110
 824098
 826916
 834522
 841537
 846396
 853664
 863835
 870075
 874941
 885151
 885989
 892872
 900535
 906244
 912232
 918410
 926312
 930236
 936265
 940509
 948653
 954370
 961427
 965575
 972738
 977186
 983701
 989390
 994089
 999511
1004676
1010414
1017945
1018517
1028282
1034476
1040766
1046049
1047823
1054679
1058849
1064149
1069107
1074268
1080642
1084258
1090712
1096628
1100851
1101416
1111612
1117508
1120209
1126395
1125403
1134369
1138264
1143953
1146166
1148455
1155627
1159193
1165194
1171659
1173133
1179762
1183238
1186786
1188066
1191672
1196313
1203339
1208622
1207059
1216829
1219078
1219101
1228613
1232065
1233411
1235270
1236611
1246532
1246499
1252011
1252767
1260471
1261798
1263215
1269081
1270898
1272648
1276488
1280956
1280681
1287065
1286077
1289676
1295371
1298156
1298252
1301076
1304354
1307498
1309566
1310264
1313695
1319737
1316717
1321539
1323203
1325618
1328261
1330798
1332318
1332620
1335358
1336381
1339327
1340839
1342422
1340344
1341047
1345428
1346236
1352770
1350232
1350210
1351192
1355003
1356002
1357457
1358282
1357948
1359674
1361594
1360370
1360656
1364501
1363656
1361399
1366045
1364221
1365350
1367881
1364765
1370181
1369670
1364519
1366449
1368331
1371268
1363472
1367223
1367084
1369108
1369999
1371702
1367296
1361197
1367000
1367893
1362319
1361515
1364662
1365784
1365618
1364551
1364213
1361439
1361316
1361931
1365205
1362334
1359625
1355779
1356954
1355697
1358512
1352347
1356053
1353079
1350608
1350325
1348455
1343059
1342635
1345730
1341112
1337229
1338383
1334900
1336945
1335577
1333153
1332405
1324012
1325145
1325493
1320430
1321426
1317257
1312770
1311021
1314563
1307563
1305025
1309031
1300852
1303252
1297695
1295452
1292628
1289442
1288715
1283684
1282823
1279270
1276750
1276238
1273983
1267901
1268505
1264104
1260507
1259866
1253329
1250895
1248247
1244362
1241425
1238547
1235647
1233231
1231422
1225757
1222477
1221440
1215266
1210923
1212043
1204538
1199594
1196626
1193250
1195009
1188789
1185902
1182033
1177795
1171349
1170711
1163531
1164009
1162844
1155621
1150373
1148540
1146420
1143830
1140412
1132365
1134374
1124926
1123758
1118873
1112530
1111949
1108212
1102595
1097640
1093960
1092504
1088018
1083739
1074296
1073779
1070176
1064344
1060528
1054861
1049602
1047936
1043038
1042405
1034502
1032275
1030526
1023446
1021382
1012976
1010234
1007802
1002696
 998473
 996871
 988850
 988715
 982702
 978432
 972148
 968175
 962897
 957211
 955203
 948407
 946260
 944966
 938914
 936874
 926895
 923913
 921964
 913647
 909139
 903138
 903598
 895950
 889085
 885622
 883791
 878742
 873949
 872281
 865320
 859137
 854074
 851930
 845254
 841363
 837854
 835268
 828128
 822018
 820614
 812569
 810317
 806507
 800922
 797747
 792340
 788707
 785235
 777717
 774562
 770424
 766365
 762644
 757949
 753150
 749057
 746136
 740050
 735247
 731071
 724765
 722939
 718270
 713985
 710209
 701239
 699179
 694255
 690179
 685553
 683944
 675137
 674295
 667203
 665317
 662672
 658246
 653330
 648479
 643812
 642191
 636406
 630652
 628795
 622920
 617867
 613831
 609293
 604486
 600263
 597511
 591378
 590417
 584259
 580445
 576525
 571006
 567808
 565166
 560631
 556433
 550935
 548915
 546190
 539925
 535486
 533588
 530256
 524074
 520293
 514538
 511891
 506657
 505900
 501338
 497349
 494631
 489192
 486630
 482954
 479245
 476356
 472041
 466919
 465725
 460334
 458030
 452803
 449909
 446598
 441132
 440249
 434708
 432808
 429787
 423749
 421783
 417702
 414674
 412395
 408153
 404110
 401979
 397629
 395457
 391584
 387241
 385185
 381264
 379351
 375715
 372454
 367527
 366273
 361283
 357778
 354893
 349739
 351147
 345152
 343375
 341520
 338318
 334347
 329668
 328870
 326582
 322771
 319431
 316329
 313254
 311180
 308838
 304498
 304759
 298769
 297534
 295387
 290835
 289652
 285210
 282821
 279875
 278232
 277842
 273118
 271441
 266995
 266570
 263351
 258771
 258098
 256200
 251795
 252113
 248370
 246159
 242389
 240661
 237284
 236851
 233381
 229871
 229476
 227502
 223705
 223171
 221030
 217906
 216075
 213510
 211390
 210074
 207935
 205084
 202226
 200018
 197334
 196988
 196026
 191578
 190410
 188476
 186644
 184341
 182084
 181975
 179358
 177438
 174676
 173399
 172227
 170146
 167656
 164023
 164040
 162676
 160061
 158526
 155929
 156476
 155009
 151516
 149834
 147448
 145843
 145562
 143898
 143238
 140227
 138413
 137207
 135549
 133598
 133433
 130224
 130103
 128635
 127168
 125390
 123865
 122820
 121009
 120704
 119942
 117051
 116117
 115484
 113627
 112252
 109970
 110082
 108110
 107099
 105722
 103515
 102920
 101931
 100492
  99973
  98671
  97084
  96410
  94366
  93855
  92553
  92226
  90471
  89029
  87757
  86775
  85118
  84505
  83690
  81990
  81473
  81330
  79674
  78128
  77996
  76675
  75456
  74988
  74227
  72373
  72388
  71473
  70440
  68836
  67620
  67621
  67093
  65488
  64572
  64485
  64438
  63086
  61980
  61306
  60121
  59400
  58544
  57774
  58237
  57192
  55619
  54927
  54084
  54209
  53096
  52757
  51462
  50962
  50548
  49411
  49687
  48444
  46917
  46596
  45409
  46325
  45302
  44409
  43404
  43600
  42778
  42025
  41425
  40825
  40466
  39937
  38996
  38458
  37834
  37836
  37707
  36261
  36364
  35909
  35749
  35015
  34415
  33140
  33615
  32873
  32026
  32042
  31488
  31542
  30563
  30012
  29518
  28966
  28498
  28135
  28708
  28021
  27496
  26573
  26507
  26278
  25726
  25316
  25195
  24696
  24172
  24095
  23594
  23253
  23103
  22756
  22323
  21519
  22192
  21265
  21493
  20656
  20300
  20402
  19828
  19484
  18914
  19084
  19335
  18230
  18215
  17778
  17775
  17317
  16729
  16537
  16380
  16058
  16119
  15434
  15310
  15196
  14911
  14675
  14169
  14173
  14371
  14125
  13634
  13258
  12998
  12840
  12662
  12416
  12510
  12162
  11997
  11830
  11645
  11493
  11127
  10776
  10813
  10642
  10495
  10561
  10358
  10069
  10126
   9518
   9630
   9425
   9162
   9118
   9075
   8843
   8964
   8614
   8757
   8155
   7889
   8096
   7964
   7923
   7545
   7617
   7212
   7421
   7156
   6822
   6625
   6853
   6903
   6887
   6441
   6142
   6056
   6254
   6028
   5982
   6052
   5992
   5645
   5636
   5539
   5656
   5232
   5435
   5266
   5051
   5027
   4799
   4762
   4740
   4848
   4720
   4437
   4225
   4344
   4175
   4084
   4020
   3940
   4059
   4015
   3544
   3739
   3573
   3699
   3537
   3531
   3428
   3305
   3396
   3296
   3229
   3185
   2913
   3155
   2937
   2867
   2899
   2869
   2753
   2831
   2621
   2527
   2639
   2513
   2437
   2532
   2428
   2312
   2393
   2296
   2322
   2259
   2070
   2066
   2019
   2070
   2038
   2015
   1952
   2022
   1768
   1898
   1679
   1687
   1767
   1748
   1672
   1643
   1394
   1487
   1587
   1452
   1557
   1479
   1406
   1444
   1371
   1440
   1394
   1228
   1337
   1329
   1238
   1307
   1190
   1101
   1094
   1149
   1070
    998
   1015
   1025
   1009
   1037
    978
    998
    909
    951
    829
    855
    865
    866
    857
    745
    791
    818
    797
    758
    695
    780
    655
    721
    690
    632
    745
    693
    695
    646
    594
    631
    581
    531
    600
    544
    481
    556
    456
    462
    422
    469
    502
    467
    529
    473
    423
    351
    353
    322
    357
    413
    483
    406
    377
    392
    349
    355
    322
    408
    340
    344
    280
    341
    287
    309
    269
    261
    256
    254
    294
    259
    263
    233
    239
    194
    202
    259
    231
    201
    244
    227
    189
    191
    152
    191
    159
    174
    178
    183
    155
    170
    155
    160
    209
    169
    134
    135
    129
    138
    146
    147
    136
    190
    135
    136
    116
    135
    137
    110
    145
    119
    105
     97
     77
    110
    115
    106
    115
     76
     96
     94
    101
     63
    100
    100
     81
     72
     67
     43
     74
     54
     83
     50
     55
     59
     54
     48
     53
     55
     63
     58
     44
     64
     48
     43
     60
     28
     46
     57
     36
     46
     36
     20
     26
     40
     23
     43
     45
     27
     29
     21
     47
     27
     23
     26
     33
     24
     17
     36
     27
     39
     30
     27
     24
     47
     18
     34
     13
     16
     20
     26
     21
     19
     23
     14
     28
     27
     11
     17
     19
     10
      6
     13
     21
      7
     11
     16
     19
      8
      5
     23
     11
      6
      8
     20
      7
     12
     13
     15
      8
      8
     28
     13
      9
     12
      6
      8
      9
     12
      8
     10
      9
      3
      9
      6
      6
     11
      3
      3
      3
      2
      5
     12
     11
      5
      2
      9
      3
      4
      4
      7
      2
      3
     11
      4
      3
      3
      4
      7
      0
      6
     12
      0
      7
      0
      8
      5
      8
     11
      6
      3
      2
      8
      2
      7
      3
      2
      2
      6
      2
     11
      1
      5
      2
      3
      1
      0
      3
      2
      4
      5
      3
      2
      1
      2
      2
      8
      0
      0
      1
      3
      0
      5
      0
      3
      0
      3
      0
      0
      1
      0
      0
      3
      0
      4
      1
      0
      0
      2
      4
      0
      0
      1
      2
      0
      3
      0
      4
      3
      2
      1
      0
      0
      2
      2
      2
      0
      1
      0
      3
      5
      2
      0
      0
      0
      4
      2
      4
      2
      2
      1
      2
      1
      4
      0
      1
      0
      0
      1
      0
      0
      0
      1
      0
      2
      0
      0
      0
      0
      2
      0
      0
      0
      0
      0
      0
      0
      0
      0
      0
      0
      0
      0
      0
      0
      0
      0
      0
      0
      0
      0
      0
      0
      0
      0
      0
      0
      0
      0
      0
      0
      0
      0
      0
      0
      0
      0
      0
      0
      0
      0
      0
      0
      0
      0
      0
      0
      0
      0
      0
      0
      0
      0
      0
      0
      0
      0
      0
      0
      0
      0
      0
      0
      0
      0
      0
      0
      0
      0
      0
      0
      0
      0
      0
      0
      0
      0
      0
      0
      0
      0
      0
      0
      0
      0
      0
      0
      0
      0
      0
      0
      0
      0
      0
      0
      0
      0
      0
      0
      0
      0
      0
      0
      0
      0
      0
      0
      0
      0
      0
      0
      0
      0
      0
      0
      0
      0
      0
      0
      0
      0
      0
      0
      0
      0
      0
      0
      0
      0
      0
      0
      0
      0
      0
      0
      0
      0
      0
      0
      0
      0
      0
      0
      0
      0
      0
      0
      0
      0
      0
      0
      0
      0
      0
      0
      0
      0
      0
      0
      0
      0
      0
      0
      0
      0
      0
      0
      0
      0
      0
      0
      0
      0
      0
      0
      0
      0
      0
      0
      0
      0
      0
      0
      0
      0
      0
      0
      0
      0
      0
      0
      0
      0
      0
      0
      0
      0
      0
      0
      0
      0
      0
      0
      0
      0
      0
      0
      0
      0
      0
      0
      0
      0
      0
      0
      0
      0
      0
      0
      0
      0
      0
      0
      0
      0
      0
      0
      0
      0
      0
      0
      0
      0
      0
      0
      0
      0
      0
      0
      0
      0
      0
      0
      0
      0
      0
      0
      0
      0
      0
      0
      0
      0
      0
      0
      0
      0
      0
      0
      0
      0
      0
      0
      0
      0
      0
      0
      0
      0
      0
      0
      0
      0
      0
      0
      0
      0
      0
      0
      0
      0
      0
      0
      0
      0
      0
      0
      0
      0
      0
      0
      0
      0
      0
      0
      0
      0
      0
      0
      0
      0
      0
      0
      0
      0
      0
      0
      0
      0
      0
      0
      0
      0
      0
      0
      0
      0
      0
      0
      0
      0
      0
      0
      0
      0
      0
      0
      0
      0
      0
      0
      0
      0
      0
      0
      0
      0
      0
      0
      0
      0
      0
      0
      0
      0
      0
      0
      0
      0
      0
      0
      0
      0
      0
      0
      0
      0
      0
      0
      0
      0
      0
      0
      0
      0
      0
      0
      0
      0
      0
      0
      0
      0
      0
      0
      0
      0
      0
      0
      0
      0
      0
      0
      0
      0
      0
      0
      0
      0
      0
      0
      0
      0
      0
      0
      0
      0
      0
      0
      0
      0
      0
      0
      0
      0
      0
      0
      0
      0
      0
      0
      0
      0
      0
      0
      0
      0
      0
      0
      0
      0
      0
      0
      0
      0
      0
      0
      0
      0
      0
      0
      0
      0
      0
      0
      0
      0
      0
      0
      0
      0
      0
      0
      0
      0
      0
      0
      0
      0
      0
      0
      0
      0
      0
      0
      0
      0
      0
      0
      0
      0
      0
      0
      0
      0
      0
      0
      0
      0
      0
      0
      0
      0
      0
      0
      0
      0
      0
      0
      0
      0
      0
      0
      0
      0
      0
      0
      0
      0
      0
      0
      0
      0
      0
      0
      0
      0
      0
      0
      0
      0
      0
      0
      0
      0
      0
      0
      0
      0
      0
      0
      0
      0
      0
      0
      0
      0
      0
      0
      0
      0
      0
      0
      0
      0
      0
      0
      0
      0
      0
      0
      0
      0
      0
      0
      0
      0
      0
      0
      0
      0
      0
      0
      0
      0
      0
      0
      0
      0
      0
      0
      0
      0
      0
      0
      0
      0
      0
      0
      0
      0
      0
      0
      0
      0
      0
      0
      0
      0
      0
      0
      0
      0
      0
      0
      0
      0
      0
      0
      0
      0
      0
      0
      0
      0
      0
      0
      0
      0
      0
      0
      0
      0
      0
      0
      0
      0
      0
      0
      0
      0
      0
      0
      0
      0
      0
      0
      0
      0
      0
      0
      0
      0
      0
      0
      0
      0
      0
      0
      0
      0
      0
      0
      0
      0
      0
      0
      0
      0
      0
      0
      0
      0
      0
      0
      0
      0
      0
      0
      0
      0
      0
      0
      0
      0
      0
      0
      0
      0
      0
      0
      0
      0
      0
      0
      0
      0
      0
      0
      0
      0
      0
      0
      0
      0
      0
      0
      0
      0
      0
      0
      0
      0
      0
      0
      0
      0
      0
      0
      0
      0
      0
      0
      0
      0
      0
      0
      0
      0
      0
      0
      0
      0
      0
      0
      0
      0
      0
      0
      0
      0
      0
      0
      0
      0
      0
      0
      0
      0
      0
      0
      0
      0
      0
      0
      0
      0
      0
      0
      0
      0
      0
      0
      0
      0
      0
      0
      0
      0
      0
      0
      0
      0
      0
      0
      0
      0
      0
      0
      0
      0
      0
      0
      0
      0
      0
      0
      0
      0
      0
      0
      0
      0
      0
      0
      0
      0
      0
      0
      0
      0
      0
      0
      0
      0
      0
      0
      0
      0
      0
      0
      0
      0
      0
      0
      0
      0
      0
      0
      0
      0
      0
      0
      0
      0
      0
      0
      0
      0
      0
      0
      0
      0
      0
      0
      0
      0
      0
      0
      0
      0
      0
      0
      0
      0
      0
      0
      0
      0
      0
      0
      0
      0
      0
      0
      0
      0
      0
      0
      0
      0
      0
      0
      0
      0
      0
      0
      0
      0
      0
      0
      0
      0
      0
      0
      0
      0
      0
      0
      0
      0
      0
      0
      0
      0
      0
      0
      0
      0
      0
      0
      0
      0
      0
      0
      0
      0
      0
      0
      0
      0
      0
      0
      0
      0
      0
      0
      0
      0
      0
      0
      0
      0
      0
      0
      0
      0
      0
      0
      0
      0
      0
      0
      0
      0
      0
      0
      0
      0
      0
      0
      0
      0
      0
      0
      0
      0
      0
      0
      0
      0
      0
      0
      0
      0
      0
      0
      0
      0
      0
      0
      0
      0
      0
      0
      0
      0
      0
      0
      0
      0
      0
      0
      0
      0
      0
      0
      0
      0
      0
      0
      0
      0
      0
      0
      0
      0
      0
      0
      0
      0
      0
      0
      0
      0
      0
      0
      0
      0
      0
      0
      0
      0
      0
      0
      0
      0
      0
      0
      0
      0
      0
      0
      0
      0
      0
      0
      0
      0
      0
      0
      0
      0
      0
      0
      0
      0
      0
      0
      0
      0
      0
      0
      0
      0
      0
      0
      0
      0
      0
      0
      0
      0
      0
      0
      0
      0
      0
      0
      0
      0
      0
      0
      0
      0
      0
      0
      0
      0
      0
      0
      0
      0
      0
      0
      0
      0
      0
      0
      0
      0
      0
      0
      0
      0
      0
      0
      0
      0
      0
      0
      0
      0
      0
      0
      0
      0
      0
      0
      0
      0
      0
      0
      0
      0
      0
      0
      0
      0
      0
      0
      0
      0
      0
      0
      0
      0
      0
      0
      0
      0
      0
      0
      0
      0
      0
      0
      0
      0
      0
      0
      0
      0
      0
      0
      0
      0
      0
      0
      0
      0
      0
      0
      0
      0
      0
      0
      0
      0
      0
      0
      0
      0
      0
      0
      0
      0
      0
      0
      0
      0
      0
      0
      0
      0
      0
      0
      0
      0
      0
      0
      0
      0
      0
      0
      0
      0
      0
      0
      0
      0
      0
      0
      0
      0
      0
      0
      0
      0
      0
      0
      0
      0
      0
      0
      0
      0
      0
      0
      0
      0
      0
      0
      0
      0
      0
      0
      0
      0
      0
      0
      0
      0
      0
      0
      0
      0
      0
      0
      0
      0
      0
      0
      0
      0
      0
      0
      0
      0
      0
      0
      0
      0
      0
      0
      0
      0
      0
      0
      0
      0
      0
      0
      0
      0
      0
      0
      0
      0
      0
      0
      0
      0
      0
      0
      0
      0
      0
      0
      0
      0
      0
      0
      0
      0
      0
      0
      0
      0
      0
      0
      0
      0
      0
      0
      0
      0
      0
      0
      0
      0
      0
      0
      0
      0
      0
      0
      0
      0
      0
      0
      0
      0
      0
      0
      0
      0
      0
      0
      0
      0
      0
      0
      0
      0
      0
      0
      0
      0
      0
      0
      0
      0
      0
      0
      0
      0
      0
      0
      0
      0
      0
      0
      0
      0
      0
      0
      0
      0
      0
      0
      0
      0
      0
      0
      0
      0
      0
      0
      0
      0
      0
      0
      0
      0
      0
      0
      0
      0
      0
      0
      0
      0
      0
      0
      0
      0
      0
      0
      0
      0
      0
      0
      0
      0
      0
      0
      0
      0
      0
      0
      0
      0
      0
      0
      0
      0
      0
      0
      0
      0
      0
      0
      0
      0
      0
      0
      0
      0
      0
      0
      0
      0
      0
      0
      0
      0
      0
      0
      0
      0
      0
      0
      0
      0
      0
      0
      0
      0
      0
      0
      0
      0
      0
      0
      0
      0
      0
      0
      0
      0
      0
      0
      0
      0
      0
      0
      0
      0
      0
      0
      0
      0
      0
      0
      0
      0
      0
      0
      0
      0
      0
      0
      0
      0
      0
      0
      0
      0
      0
      0
      0
      0
      0
      0
      0
      0
      0
      0
      0
      0
      0
      0
      0
      0
      0
      0
      0
      0
      0
      0
      0
      0
      0
      0
      0
      0
      0
      0
      0
      0
      0
      0
      0
      0
      0
      0
      0
      0
      0
      0
      0
      0
      0
      0
      0
      0
      0
      0
      0
      0
      0
      0
      0
      0
      0
      0
      0
      0
      0
      0
      0
      0
      0
      0
      0
      0
      0
      0
      0
      0
      0
      0
      0
      0
      0
      0
      0
      0
      0
      0
      0
      0
      0
      0
      0
      0
      0
      0
      0
      0
      0
      0
      0
      0
      0
      0
      0
      0
      0
      0
      0
      0
      0
      0
      0
      0
      0
      0
      0
      0
      0
      0
      0
      0
      0
      0
      0
      0
      0
      0
      0
      0
      0
      0
      0
      0
      0
      0
      0
      0
      0
      0
      0
      0
      0
      0
      0
      0
      0
      0
      0
      0
      0
      0
      0
      0
      0
      0
      0
      0
      0
      0
      0
      0
      0
      0
      0
      0
      0
      0
      0
      0
      0
      0
      0
      0
      0
      0
      0
      0
      0
      0
      0
      0
      0
      0
      0
      0
      0
      0
      0
      0
      0
      0
      0
      0
      0
      0
      0
      0
      0
      0
      0
      0
      0
      0
      0
      0
      0
      0
      0
      0
      0
      0
      0
      0
      0
      0
      0
      0
      0
      0
      0
      0
      0
      0
      0
      0
      0
      0
      0
      0
      0
      0
      0
      0
      0
      0
      0
      0
      0
      0
      0
      0
      0
      0
      0
      0
      0
      0
      0
      0
      0
      0
      0
      0
      0
      0
      0
      0
      0
      0
      0
      0
      0
      0
      0
      0
      0
      0
      0
      0
      0
      0
      0
      0
      0
      0
      0
      0
      0
      0
      0
      0
      0
      0
      0
      0
