      0
   4074
  11720
  19932
  28003
  36509
  43905
  51974
  59507
  68228
  76385
  84873
  92520
 100016
 107943
 117135
 124058
 133959
 140905
 149210
 157152
 164210
 172393
 180195
 188477
 196088
 204409
 214061
 222245
 228370
 236557
 244574
 253482
 259769
 268560
 276368
 283742
 288902
 300488
 307590
 316458
 322914
 331152
 338775
 344083
 354791
 363984
 369888
 375612
 386207
 391801
 400185
 408738
 415925
 424486
 431719
 438445
 446621
 454890
 460493
 471148
 477320
 484294
 492173
 499935
 509423
 514718
 522185
 528190
 537419
 544606
 553935
 558448
 567515
 575093
 582374
 586811
 592430
 602829
 609430
 619189
 623827
 630928
 636454
 645868
 649612
 658462
 666555
 673724
 678618
 688279
 697462
 701810
 709094
 716296
 722209
 727393
 736022
 741757
 748936
 755630
 762852
 768111
 776712
 785182
 790239
 796408
 801847
 808832
 815724
 819808
 827366
 837242
 838414
 845271
 854989
 858943
 863795
 873868
 875785
 884167
 891675
 897149
 901656
 908054
 915677
 919549
 925128
 932836
 936391
 941813
 948299
 952202
 960505
 966672
 970756
 978718
 983301
 988228
 991983
 999135
1004006
1010906
1012597
1020834
1025616
1030211
1035768
1040617
1045754
1053542
1053951
1062489
1064859
1068738
1078989
1083184
1084820
1090658
1096515
1098694
1102629
1105576
1112601
1121172
1123979
1128765
1130013
1135296
1139500
1143041
1146573
1152419
1155781
1164688
1166488
1170284
1170593
1174905
1178351
1183998
1187353
1193056
1195150
1199163
1202530
1210219
1209177
1214493
1216310
1221355
1223595
1228707
1229469
1231370
1233830
1239285
1242796
1248005
1247112
1253852
1252132
1256986
1261738
1260764
1265676
1268199
1274699
1275724
1279307
1279287
1284185
1284054
1285300
1285192
1295523
1294567
1298163
1299204
1300624
1300397
1308116
1306973
1309226
1312466
1313055
1315608
1316761
1316463
1319887
1318606
1321244
1321748
1325236
1324193
1326150
1327528
1327300
1330475
1332133
1332198
1337278
1335155
1333100
1337542
1332832
1340023
1339484
1338102
1338879
1339439
1344347
1342620
1342702
1344757
1342690
1343575
1342842
1345784
1345721
1343782
1346755
1341262
1346577
1347356
1343733
1347146
1344948
1346297
1344585
1344321
1345362
1345849
1348762
1347270
1344648
1344121
1343454
1342017
1339891
1338135
1338595
1338003
1340020
1339511
1335150
1332780
1330925
1331053
1331975
1331956
1332907
1329783
1325421
1326260
1326560
1323292
1322538
1320704
1317907
1317105
1316681
1317152
1311124
1308448
1306411
1308010
1307120
1305405
1303537
1301805
1297831
1297210
1292927
1292487
1292661
1287341
1287767
1286134
1283512
1277178
1278452
1278125
1273705
1274671
1268518
1265954
1264735
1256512
1259189
1256942
1251776
1250833
1249587
1247037
1242580
1241457
1238442
1231122
1232129
1227140
1223514
1226016
1217378
1216944
1213491
1214011
1210067
1203784
1201031
1198008
1195007
1191465
1191120
1186940
1182797
1178841
1176730
1171868
1170702
1167028
1159016
1159170
1156262
1150650
1147478
1144961
1138516
1138776
1135703
1133338
1124156
1123592
1116348
1112222
1110643
1109013
1103003
1103108
1098426
1093594
1086882
1083605
1079427
1076981
1073253
1067692
1066464
1060710
1055798
1056383
1052239
1043998
1042952
1038575
1030164
1031282
1026420
1019381
1017011
1014790
1005133
1003954
1001406
 998158
 992964
 987638
 988326
 982654
 973174
 971899
 968931
 962991
 961242
 955977
 952319
 947130
 941882
 941988
 936212
 930796
 924235
 923833
 918980
 915396
 908660
 908413
 900403
 895864
 887048
 887113
 882226
 881392
 875813
 867359
 863751
 861623
 853712
 853599
 849759
 843913
 841762
 832744
 830205
 825673
 822418
 818114
 812127
 807428
 807309
 801330
 796799
 792978
 789913
 781065
 779851
 777186
 772361
 767123
 760867
 754636
 756029
 749733
 743711
 739975
 737694
 731447
 726305
 722627
 718508
 713412
 708959
 706583
 699240
 695110
 693430
 689710
 683992
 680738
 674383
 672588
 665625
 661258
 658134
 653213
 651295
 646280
 641297
 637335
 634413
 630389
 628014
 619569
 618046
 614520
 611863
 603972
 601230
 597199
 592618
 590044
 585987
 580694
 577281
 573844
 570315
 566637
 561965
 557718
 551110
 551301
 546031
 543551
 538469
 536368
 531927
 527993
 524568
 520471
 518000
 511357
 508671
 504134
 501917
 496406
 494335
 490761
 488007
 481419
 477217
 477335
 472853
 466274
 466528
 461434
 457328
 454105
 452705
 448953
 441616
 439783
 436385
 433016
 428932
 427134
 423155
 420003
 415752
 410188
 410898
 405171
 404080
 400179
 394761
 392519
 390175
 384349
 383099
 379219
 377156
 374598
 370243
 367613
 364404
 362656
 357378
 354762
 352963
 350626
 347284
 344203
 338138
 338720
 333991
 331313
 328408
 324991
 321808
 320368
 316252
 312894
 311570
 308050
 304706
 303353
 298540
 296131
 294757
 292624
 287921
 287341
 284463
 281196
 279375
 276755
 274385
 270034
 268230
 263978
 264138
 261787
 256931
 256477
 254040
 250565
 248811
 245643
 243285
 241137
 239196
 237110
 235163
 232190
 229829
 227598
 223938
 222646
 220683
 219447
 216558
 214297
 212200
 208648
 206954
 204905
 204553
 201537
 200324
 196967
 195507
 192761
 191694
 188970
 188182
 185860
 184149
 181213
 180175
 177902
 176851
 173744
 172273
 169559
 168262
 167605
 164617
 162135
 160775
 159802
 157103
 156884
 154692
 152541
 151396
 149678
 148177
 146283
 145579
 142910
 142144
 138973
 137979
 137264
 135151
 132883
 131586
 129882
 128073
 127914
 124984
 124066
 121719
 121593
 120628
 118420
 117722
 116292
 115753
 112381
 111422
 110272
 110164
 108689
 106576
 106601
 103455
 103717
 102645
 100811
  99252
  97917
  96530
  95572
  95847
  93859
  92187
  91865
  90861
  88637
  88574
  86165
  86565
  85016
  83331
  82445
  80647
  81477
  79594
  78205
  78804
  75792
  75316
  73726
  73092
  72256
  71833
  70136
  70122
  69001
  67803
  68049
  65896
  65086
  65125
  64089
  62590
  62844
  61826
  60415
  59998
  59060
  59172
  57965
  57051
  56158
  56016
  54345
  53510
  51834
  52121
  51190
  50444
  50576
  49328
  48439
  48067
  47572
  46661
  46182
  44941
  44490
  43396
  43821
  43185
  42095
  41439
  41162
  39981
  40580
  39453
  39305
  38399
  37598
  37290
  36463
  35873
  35727
  35277
  34958
  34138
  33435
  33476
  32885
  31929
  31855
  31390
  31089
  30494
  30046
  29440
  29539
  28140
  28183
  27741
  27458
  26969
  26701
  26667
  25961
  25267
  24977
  24431
  24029
  23597
  23322
  23197
  23167
  22161
  22042
  22014
  21305
  20718
  20779
  20757
  19707
  20137
  19326
  18826
  18952
  18612
  18596
  18508
  17630
  17367
  17229
  16588
  16612
  16501
  16445
  15715
  15686
  15234
  15289
  14735
  15106
  14411
  14269
  13963
  13558
  13610
  13229
  12833
  12701
  12593
  12166
  12366
  11568
  11393
  11565
  11182
  11105
  11002
  10675
  10721
  10229
  10101
  10340
   9803
   9602
   9723
   9386
   9221
   9020
   8850
   8488
   8436
   8315
   8371
   8261
   7722
   7969
   7391
   7704
   7490
   7091
   7267
   7233
   7176
   6965
   6766
   6478
   6656
   6289
   6467
   6099
   5956
   6071
   5539
   5510
   5677
   5736
   5298
   5375
   5258
   5082
   5110
   4868
   4717
   4711
   4603
   4683
   4372
   4384
   4148
   4337
   4289
   4246
   3991
   3971
   3961
   3773
   3845
   3654
   3751
   3554
   3444
   3263
   3339
   3134
   3154
   3104
   3262
   3071
   3089
   3031
   2689
   2747
   2634
   2709
   2733
   2745
   2599
   2539
   2481
   2429
   2217
   2329
   2221
   2324
   2315
   2110
   2063
   2037
   2044
   1949
   1871
   1787
   1987
   1817
   1810
   1748
   1706
   1765
   1599
   1747
   1677
   1566
   1450
   1565
   1461
   1425
   1479
   1385
   1240
   1262
   1302
   1271
   1260
   1257
   1221
   1155
   1119
   1154
   1017
   1025
   1053
    965
    912
    991
    871
   1012
    912
    912
    876
    886
    753
    808
    803
    703
    805
    639
    675
    755
    649
    647
    654
    600
    608
    740
    618
    662
    609
    568
    558
    637
    586
    564
    507
    503
    491
    470
    486
    420
    459
    397
    434
    434
    380
    417
    368
    378
    413
    415
    335
    342
    357
    323
    396
    331
    351
    254
    313
    331
    255
    285
    238
    269
    300
    320
    276
    240
    283
    202
    241
    211
    234
    233
    206
    199
    173
    193
    163
    209
    181
    197
    158
    158
    189
    158
    166
    151
    131
    184
    154
    146
    155
    121
    110
    123
    146
    120
    136
    143
    118
    116
     89
    141
     84
    100
    118
    134
    118
    116
     76
     86
     72
     98
    113
     89
     81
    128
     66
     90
     65
     74
     91
     63
     42
     57
     56
     77
     97
     59
     55
     52
     69
     55
     35
     69
     37
     33
     47
     49
     28
     42
     48
     62
     56
     52
     54
     33
     36
     41
     40
     22
     45
     29
     44
     41
     31
     51
     23
     27
     33
     29
     39
     33
     33
     14
     32
     15
     43
     24
     28
     17
     13
     26
     11
     14
      8
      9
     16
     13
     20
      8
     19
     12
      8
     24
     15
     24
      8
     13
      5
      2
     17
      7
     17
      9
      8
     19
      5
      9
      7
      6
     13
     10
     20
      3
      8
      9
      8
     10
     11
      7
      5
      1
     11
      4
      4
      6
     13
      0
      8
      4
      6
      0
      0
      8
      2
      0
      4
      0
      1
      1
      3
      2
      3
      3
      6
      0
      3
      5
      0
      1
      1
      2
      0
      1
      2
      2
      2
      0
      0
      1
      0
      6
      2
      0
      1
      4
      6
      3
      3
      4
      0
      3
      2
      0
      1
      1
      4
      3
      0
      2
      0
      0
      0
      0
      3
      0
      0
      1
      0
      0
      4
      0
      0
      2
      3
      2
      0
      0
      0
      0
      0
      0
      0
      0
      1
      1
      5
      0
      0
      0
      1
      0
      0
      0
      0
      0
      0
      0
      0
      1
      0
      0
      0
      0
      0
      0
      0
      0
      0
      0
      0
      0
      0
      0
      0
      0
      0
      0
      0
      0
      0
      0
      0
      0
      0
      0
      0
      0
      0
      0
      3
      0
      0
      0
      0
      0
      0
      0
      0
      0
      0
      0
      0
      0
      0
      0
      0
      0
      0
      0
      0
      0
      0
      0
      0
      0
      0
      0
      0
      0
      0
      0
      0
      0
      0
      0
      0
      0
      0
      0
      0
      0
      0
      0
      0
      0
      0
      0
      0
      0
      0
      0
      0
      0
      0
      0
      0
      0
      0
      0
      0
      0
      0
      0
      0
      0
      0
      0
      0
      0
      0
      0
      0
      0
      0
      0
      0
      0
      0
      0
      0
      0
      0
      0
      0
      0
      0
      0
      0
      0
      0
      0
      0
      0
      0
      0
      0
      0
      0
      0
      0
      0
      0
      0
      0
      0
      0
      0
      0
      0
      0
      0
      0
      0
      0
      0
      0
      0
      0
      0
      0
      0
      0
      0
      0
      0
      0
      0
      0
      0
      0
      0
      0
      0
      0
      0
      0
      0
      0
      0
      0
      0
      0
      0
      0
      0
      0
      0
      0
      0
      0
      0
      0
      0
      0
      0
      0
      0
      0
      0
      0
      0
      0
      0
      0
      0
      0
      0
      0
      0
      0
      0
      0
      0
      0
      0
      0
      0
      0
      0
      0
      0
      0
      0
      0
      0
      0
      0
      0
      0
      0
      0
      0
      0
      0
      0
      0
      0
      0
      0
      0
      0
      0
      0
      0
      0
      0
      0
      0
      0
      0
      0
      0
      0
      0
      0
      0
      0
      0
      0
      0
      0
      0
      0
      0
      0
      0
      0
      0
      0
      0
      0
      0
      0
      0
      0
      0
      0
      0
      0
      0
      0
      0
      0
      0
      0
      0
      0
      0
      0
      0
      0
      0
      0
      0
      0
      0
      0
      0
      0
      0
      0
      0
      0
      0
      0
      0
      0
      0
      0
      0
      0
      0
      0
      0
      0
      0
      0
      0
      0
      0
      0
      0
      0
      0
      0
      0
      0
      0
      0
      0
      0
      0
      0
      0
      0
      0
      0
      0
      0
      0
      0
      0
      0
      0
      0
      0
      0
      0
      0
      0
      0
      0
      0
      0
      0
      0
      0
      0
      0
      0
      0
      0
      0
      0
      0
      0
      0
      0
      0
      0
      0
      0
      0
      0
      0
      0
      0
      0
      0
      0
      0
      0
      0
      0
      0
      0
      0
      0
      0
      0
      0
      0
      0
      0
      0
      0
      0
      0
      0
      0
      0
      0
      0
      0
      0
      0
      0
      0
      0
      0
      0
      0
      0
      0
      0
      0
      0
      0
      0
      0
      0
      0
      0
      0
      0
      0
      0
      0
      0
      0
      0
      0
      0
      0
      0
      0
      0
      0
      0
      0
      0
      0
      0
      0
      0
      0
      0
      0
      0
      0
      0
      0
      0
      0
      0
      0
      0
      0
      0
      0
      0
      0
      0
      0
      0
      0
      0
      0
      0
      0
      0
      0
      0
      0
      0
      0
      0
      0
      0
      0
      0
      0
      0
      0
      0
      0
      0
      0
      0
      0
      0
      0
      0
      0
      0
      0
      0
      0
      0
      0
      0
      0
      0
      0
      0
      0
      0
      0
      0
      0
      0
      0
      0
      0
      0
      0
      0
      0
      0
      0
      0
      0
      0
      0
      0
      0
      0
      0
      0
      0
      0
      0
      0
      0
      0
      0
      0
      0
      0
      0
      0
      0
      0
      0
      0
      0
      0
      0
      0
      0
      0
      0
      0
      0
      0
      0
      0
      0
      0
      0
      0
      0
      0
      0
      0
      0
      0
      0
      0
      0
      0
      0
      0
      0
      0
      0
      0
      0
      0
      0
      0
      0
      0
      0
      0
      0
      0
      0
      0
      0
      0
      0
      0
      0
      0
      0
      0
      0
      0
      0
      0
      0
      0
      0
      0
      0
      0
      0
      0
      0
      0
      0
      0
      0
      0
      0
      0
      0
      0
      0
      0
      0
      0
      0
      0
      0
      0
      0
      0
      0
      0
      0
      0
      0
      0
      0
      0
      0
      0
      0
      0
      0
      0
      0
      0
      0
      0
      0
      0
      0
      0
      0
      0
      0
      0
      0
      0
      0
      0
      0
      0
      0
      0
      0
      0
      0
      0
      0
      0
      0
      0
      0
      0
      0
      0
      0
      0
      0
      0
      0
      0
      0
      0
      0
      0
      0
      0
      0
      0
      0
      0
      0
      0
      0
      0
      0
      0
      0
      0
      0
      0
      0
      0
      0
      0
      0
      0
      0
      0
      0
      0
      0
      0
      0
      0
      0
      0
      0
      0
      0
      0
      0
      0
      0
      0
      0
      0
      0
      0
      0
      0
      0
      0
      0
      0
      0
      0
      0
      0
      0
      0
      0
      0
      0
      0
      0
      0
      0
      0
      0
      0
      0
      0
      0
      0
      0
      0
      0
      0
      0
      0
      0
      0
      0
      0
      0
      0
      0
      0
      0
      0
      0
      0
      0
      0
      0
      0
      0
      0
      0
      0
      0
      0
      0
      0
      0
      0
      0
      0
      0
      0
      0
      0
      0
      0
      0
      0
      0
      0
      0
      0
      0
      0
      0
      0
      0
      0
      0
      0
      0
      0
      0
      0
      0
      0
      0
      0
      0
      0
      0
      0
      0
      0
      0
      0
      0
      0
      0
      0
      0
      0
      0
      0
      0
      0
      0
      0
      0
      0
      0
      0
      0
      0
      0
      0
      0
      0
      0
      0
      0
      0
      0
      0
      0
      0
      0
      0
      0
      0
      0
      0
      0
      0
      0
      0
      0
      0
      0
      0
      0
      0
      0
      0
      0
      0
      0
      0
      0
      0
      0
      0
      0
      0
      0
      0
      0
      0
      0
      0
      0
      0
      0
      0
      0
      0
      0
      0
      0
      0
      0
      0
      0
      0
      0
      0
      0
      0
      0
      0
      0
      0
      0
      0
      0
      0
      0
      0
      0
      0
      0
      0
      0
      0
      0
      0
      0
      0
      0
      0
      0
      0
      0
      0
      0
      0
      0
      0
      0
      0
      0
      0
      0
      0
      0
      0
      0
      0
      0
      0
      0
      0
      0
      0
      0
      0
      0
      0
      0
      0
      0
      0
      0
      0
      0
      0
      0
      0
      0
      0
      0
      0
      0
      0
      0
      0
      0
      0
      0
      0
      0
      0
      0
      0
      0
      0
      0
      0
      0
      0
      0
      0
      0
      0
      0
      0
      0
      0
      0
      0
      0
      0
      0
      0
      0
      0
      0
      0
      0
      0
      0
      0
      0
      0
      0
      0
      0
      0
      0
      0
      0
      0
      0
      0
      0
      0
      0
      0
      0
      0
      0
      0
      0
      0
      0
      0
      0
      0
      0
      0
      0
      0
      0
      0
      0
      0
      0
      0
      0
      0
      0
      0
      0
      0
      0
      0
      0
      0
      0
      0
      0
      0
      0
      0
      0
      0
      0
      0
      0
      0
      0
      0
      0
      0
      0
      0
      0
      0
      0
      0
      0
      0
      0
      0
      0
      0
      0
      0
      0
      0
      0
      0
      0
      0
      0
      0
      0
      0
      0
      0
      0
      0
      0
      0
      0
      0
      0
      0
      0
      0
      0
      0
      0
      0
      0
      0
      0
      0
      0
      0
      0
      0
      0
      0
      0
      0
      0
      0
      0
      0
      0
      0
      0
      0
      0
      0
      0
      0
      0
      0
      0
      0
      0
      0
      0
      0
      0
      0
      0
      0
      0
      0
      0
      0
      0
      0
      0
      0
      0
      0
      0
      0
      0
      0
      0
      0
      0
      0
      0
      0
      0
      0
      0
      0
      0
      0
      0
      0
      0
      0
      0
      0
      0
      0
      0
      0
      0
      0
      0
      0
      0
      0
      0
      0
      0
      0
      0
      0
      0
      0
      0
      0
      0
      0
      0
      0
      0
      0
      0
      0
      0
      0
      0
      0
      0
      0
      0
      0
      0
      0
      0
      0
      0
      0
      0
      0
      0
      0
      0
      0
      0
      0
      0
      0
      0
      0
      0
      0
      0
      0
      0
      0
      0
      0
      0
      0
      0
      0
      0
      0
      0
      0
      0
      0
      0
      0
      0
      0
      0
      0
      0
      0
      0
      0
      0
      0
      0
      0
      0
      0
      0
      0
      0
      0
      0
      0
      0
      0
      0
      0
      0
      0
      0
      0
      0
      0
      0
      0
      0
      0
      0
      0
      0
      0
      0
      0
      0
      0
      0
      0
      0
      0
      0
      0
      0
      0
      0
      0
      0
      0
      0
      0
      0
      0
      0
      0
      0
      0
      0
      0
      0
      0
      0
      0
      0
      0
      0
      0
      0
      0
      0
      0
      0
      0
      0
      0
      0
      0
      0
      0
      0
      0
      0
      0
      0
      0
      0
      0
      0
      0
      0
      0
      0
      0
      0
      0
      0
      0
      0
      0
      0
      0
      0
      0
      0
      0
      0
      0
      0
      0
      0
      0
      0
      0
      0
      0
      0
      0
      0
      0
      0
      0
      0
      0
      0
      0
      0
      0
      0
      0
      0
      0
      0
      0
      0
      0
      0
      0
      0
      0
      0
      0
      0
      0
      0
      0
      0
      0
      0
      0
      0
      0
      0
      0
      0
      0
      0
      0
      0
      0
      0
      0
      0
      0
      0
      0
      0
      0
      0
      0
      0
      0
      0
      0
      0
      0
      0
      0
      0
      0
      0
      0
      0
      0
      0
      0
      0
      0
      0
      0
      0
      0
      0
      0
      0
      0
      0
      0
      0
      0
      0
      0
      0
      0
      0
      0
      0
      0
      0
      0
      0
      0
      0
      0
      0
      0
      0
      0
      0
      0
      0
      0
      0
      0
      0
      0
      0
      0
      0
      0
      0
      0
      0
      0
      0
      0
      0
      0
      0
      0
      0
      0
      0
      0
      0
      0
      0
      0
      0
      0
      0
      0
      0
      0
      0
      0
      0
      0
      0
      0
      0
      0
      0
      0
      0
      0
      0
      0
      0
      0
      0
      0
      0
      0
      0
      0
      0
      0
      0
      0
      0
      0
      0
      0
      0
      0
      0
      0
      0
      0
      0
      0
      0
      0
      0
      0
      0
      0
      0
      0
      0
      0
      0
      0
      0
      0
      0
      0
      0
      0
      0
      0
      0
      0
      0
      0
      0
      0
      0
      0
      0
      0
      0
      0
      0
      0
      0
      0
      0
      0
      0
      0
      0
      0
      0
      0
      0
      0
      0
      0
      0
      0
      0
      0
      0
      0
      0
      0
      0
      0
      0
      0
      0
      0
      0
      0
      0
      0
      0
      0
      0
      0
      0
      0
      0
      0
      0
      0
      0
      0
      0
      0
      0
      0
      0
      0
      0
      0
      0
      0
      0
      0
      0
      0
      0
      0
      0
      0
      0
      0
      0
      0
      0
      0
      0
      0
      0
      0
      0
      0
      0
      0
      0
      0
      0
      0
      0
      0
      0
      0
      0
      0
      0
      0
      0
      0
      0
      0
      0
      0
      0
      0
      0
      0
      0
      0
      0
      0
      0
      0
      0
      0
      0
      0
      0
      0
      0
      0
      0
      0
      0
      0
      0
      0
      0
      0
      0
      0
      0
      0
      0
      0
      0
      0
      0
      0
      0
      0
      0
      0
      0
      0
      0
      0
      0
      0
      0
      0
      0
      0
      0
      0
      0
      0
      0
