335.859
338.151
337.573
338.069
337.069
336.805
336.938
337.051
336.706
336.346
336.499
336.591
336.049
336.204
335.571
335.618
335.166
335.29
335.019
334.679
335.004
334.861
334.703
334.289
334.319
334.131
334.152
333.451
333.989
333.683
333.392
332.984
332.965
332.809
332.959
332.909
332.316
331.962
332.225
331.963
332.076
331.433
331.297
331.704
331.275
331.208
331.026
330.837
330.707
330.182
330.298
330.122
329.644
329.645
329.724
329.424
329.618
329.622
328.943
329.291
329.106
328.833
328.896
328.694
328.245
328.093
327.877
328.273
327.834
327.229
327.398
327.7
327.615
327.117
326.944
327.174
326.897
326.393
326.78
326.362
326.145
326.224
325.94
325.667
325.706
325.963
325.776
325.617
325.254
325.397
325.589
325.227
324.648
325.316
324.703
324.891
324.465
324.283
324.313
324.196
323.969
323.609
323.471
323.599
323.391
323.406
323.344
323.066
323.177
322.888
322.72
322.572
322.376
322.221
322.325
322.131
322.04
322.18
321.631
322.15
322.095
321.59
321.465
321.392
321.715
321.218
320.993
320.757
320.461
320.733
320.812
320.768
320.945
320.417
320.5
320.567
321.209
320.017
319.817
319.931
319.905
319.617
319.555
319.499
319.645
319.607
319.221
319.359
319.519
318.947
319.085
318.788
318.789
318.717
318.741
318.536
319.167
318.502
318.57
318.507
317.983
318.307
318.41
318.69
318.002
318.371
318.079
318.032
318.058
317.629
317.573
317.735
318.214
317.549
317.686
317.534
317.61
317.565
317.397
317.259
317.46
317.287
317.391
317.227
317.406
317.356
317.116
317.209
317.015
316.727
316.742
316.842
316.604
317.004
316.847
316.747
316.713
316.73
316.77
316.948
316.742
316.774
316.67
316.627
316.558
316.512
316.606
316.443
316.389
316.508
316.502
316.607
316.562
316.209
316.228
316.121
315.914
316.127
316.327
316.185
316.055
316.062
316.204
316.041
315.874
315.978
315.994
316.222
315.929
315.863
315.861
315.723
316.264
315.744
316.113
315.931
315.667
315.89
315.617
315.702
315.738
315.615
315.985
315.837
315.78
315.768
315.726
315.623
315.632
315.659
315.777
315.719
315.789
315.66
315.746
315.626
315.45
315.662
315.766
315.467
315.69
315.54
315.323
315.746
315.468
315.401
315.527
315.228
315.325
315.348
315.479
315.637
315.355
315.102
315.523
315.092
315.594
315.364
315.407
315.284
315.401
315.245
315.336
315.205
315.329
315.269
315.265
315.394
315.397
315.407
315.368
315.324
314.977
315.27
315.412
315.458
315.485
315.343
315.169
315.436
315.283
315.299
315.127
315.142
315.272
315.171
315.15
315.424
315.014
315.095
314.934
314.969
314.999
315.04
315.089
315.093
315.17
315.004
315.313
315.175
314.786
314.883
314.897
314.984
315.154
315.056
314.92
315.229
315.202
315.121
314.93
315.114
315.094
315.159
315.151
315.111
314.879
314.837
314.801
314.857
314.791
314.913
315.179
315.342
314.948
315.033
314.821
315.006
314.874
315.066
315.009
314.766
314.902
315.166
314.789
314.884
314.944
314.728
314.749
314.728
314.928
314.792
314.93
314.929
315.067
314.676
314.84
314.782
314.828
315.03
314.892
315.267
314.768
314.781
314.99
314.741
315.067
315.055
314.82
314.868
314.824
314.511
314.688
314.774
314.777
314.676
314.701
314.68
314.748
314.688
314.849
314.515
314.771
314.893
314.757
314.733
314.743
314.693
314.832
314.874
314.73
314.897
314.807
314.829
314.792
314.543
314.687
314.781
314.523
314.813
314.763
314.61
314.639
314.676
314.558
314.736
314.792
314.612
314.795
314.437
314.575
314.734
315.083
314.847
314.543
314.49
314.598
314.828
314.673
314.675
314.671
314.595
314.625
314.434
314.691
314.689
314.752
314.565
315.179
314.723
314.509
314.516
314.668
314.673
314.542
314.763
314.525
314.529
314.764
314.634
314.624
314.718
314.442
314.451
314.427
314.554
314.455
314.604
314.578
314.637
314.436
314.51
314.556
314.484
314.585
314.577
314.557
314.514
314.563
314.466
314.494
314.335
314.533
314.563
314.534
314.334
314.397
314.712
314.397
314.596
314.493
314.334
314.533
314.617
314.411
314.31
314.307
314.343
314.474
314.417
314.399
314.54
314.502
314.396
314.42
314.632
314.482
314.314
314.454
314.436
314.285
314.427
314.346
314.402
314.246
314.256
314.603
314.32
314.311
314.338
314.357
314.323
314.586
314.243
314.325
314.473
314.004
314.389
314.488
314.358
314.375
314.3
314.578
314.429
314.288
314.374
314.358
314.41
314.198
314.399
314.36
314.395
314.306
314.15
314.44
314.342
314.419
314.366
314.306
314.361
314.263
314.419
314.26
314.134
314.602
314.445
314.307
314.268
314.384
314.214
314.465
314.341
314.221
314.042
314.206
314.419
314.402
314.04
314.578
314.313
314.388
314.403
314.15
314.413
314.254
314.129
314.352
314.197
314.231
314.069
314.441
314.203
314.283
314.201
314.333
314.046
314.407
314.26
314.07
314.219
314.271
314.35
314.186
314.19
314.263
314.104
314.139
314.199
314.16
314.281
314.327
314.163
314.068
314.349
314.128
314.246
314.235
314.085
314.307
314.174
314.521
314.192
314.299
314.334
314.125
314.25
313.982
314.24
314.186
314.212
314.108
313.953
314.203
313.832
314.122
314.365
314.089
313.939
314.232
314.139
314.183
313.87
314.122
314.229
314.053
314.033
313.994
314.235
313.944
313.807
314.205
313.913
314.183
314.128
314.111
313.996
314.14
314.073
314.114
313.933
314.043
314.116
314.102
314.26
314.075
314.168
313.966
313.955
314.189
313.956
314.051
314.153
313.952
314.043
313.795
314.005
314.081
314.154
313.982
314.076
313.951
314.042
314.141
313.822
314.169
314.062
313.986
314.024
313.868
314.132
314.266
313.818
313.94
313.951
314.001
313.872
313.875
313.922
313.894
313.671
313.793
314.166
313.901
313.865
313.863
314.041
313.875
314.088
313.961
313.886
313.876
314.031
314.082
314.111
314.115
313.952
313.84
313.889
313.886
313.899
314.105
314.149
314.133
313.804
314.07
313.667
313.951
314.04
313.756
313.93
313.73
313.847
313.643
314.002
313.901
313.769
313.923
313.696
313.998
313.803
313.842
314.208
314.105
313.873
313.907
313.619
314.008
313.89
313.829
313.854
313.792
313.905
314.059
313.82
313.824
313.913
313.833
313.768
313.914
313.743
313.785
313.692
313.748
313.894
313.698
313.842
313.874
313.813
313.84
314.044
313.811
313.899
313.924
313.739
314.199
313.835
314.023
314.75
313.676
313.713
313.829
313.754
313.673
313.839
313.753
313.567
313.916
313.76
313.773
313.795
313.847
313.894
313.897
313.744
313.808
313.695
313.86
313.863
313.732
313.888
313.818
313.804
313.762
313.711
313.753
313.907
313.706
313.761
313.889
313.635
313.795
313.723
313.852
313.677
313.831
313.777
313.828
313.739
313.699
313.86
313.83
313.695
313.844
313.716
313.891
313.698
313.687
313.797
313.536
313.602
313.694
313.797
313.816
313.777
313.713
313.702
313.565
313.559
313.617
313.77
313.817
313.713
313.613
313.632
313.594
314.034
313.591
313.65
313.688
313.646
313.641
313.569
313.868
313.698
313.428
313.764
313.656
313.752
313.833
313.752
313.518
313.761
313.567
313.897
313.7
313.822
313.575
313.697
313.647
313.521
313.636
313.531
313.55
313.584
313.626
313.579
313.639
313.559
313.716
313.577
313.579
313.528
313.44
313.716
313.499
313.55
313.513
313.57
313.719
313.674
313.639
313.602
313.615
313.509
313.536
313.525
313.476
313.709
313.563
313.477
313.549
313.575
313.435
313.681
313.535
313.529
313.696
313.432
313.58
313.624
313.814
313.528
313.448
313.447
313.61
313.645
313.518
313.547
313.62
313.713
313.514
313.532
313.645
313.603
313.575
313.389
313.559
313.561
313.345
313.373
313.503
313.59
313.567
313.417
313.386
313.428
313.535
313.424
313.377
313.466
313.588
313.482
313.563
313.358
313.687
313.501
313.375
313.593
313.678
313.604
313.649
313.367
313.576
313.565
313.36
313.529
313.797
313.471
313.236
313.431
313.474
313.431
313.368
313.359
313.565
313.377
313.524
313.349
313.481
313.381
313.356
313.402
313.596
313.714
313.386
313.555
313.568
313.583
313.305
313.531
313.626
313.404
313.317
313.514
313.435
313.629
313.448
313.563
313.509
313.309
313.279
313.684
313.287
313.496
313.487
313.338
313.267
313.349
313.459
313.559
313.451
313.238
313.615
313.276
313.623
313.609
313.328
313.359
313.378
313.271
313.366
313.278
313.3
313.481
313.358
313.509
313.227
313.355
313.414
313.397
313.381
313.381
313.327
313.552
313.444
313.275
313.368
313.348
313.539
313.383
313.218
313.373
313.408
313.359
313.331
313.631
313.425
313.204
313.324
313.234
313.427
313.384
313.294
313.304
313.439
313.236
313.477
313.404
313.417
313.204
313.388
313.304
313.512
313.403
313.237
313.469
313.256
313.404
313.493
313.245
313.296
313.429
313.32
313.479
313.352
313.331
313.537
313.44
313.5
313.331
313.391
313.365
313.221
313.323
313.384
313.454
313.216
313.336
313.427
313.291
313.152
313.23
313.222
313.391
313.249
313.245
313.569
313.186
313.379
313.537
313.28
313.082
313.097
313.637
313.517
313.232
313.773
313.39
313.266
313.236
313.2
313.289
313.255
313.349
313.341
313.279
313.161
313.266
313.389
313.302
313.317
313.295
313.276
313.204
313.413
313.174
313.19
313.292
313.148
313.364
313.318
313.104
313.394
313.144
313.477
313.559
313.27
313.344
313.24
313.116
313.025
313.398
313.302
313.246
313.189
313.284
313.322
313.232
313.357
313.087
313.16
313.053
313.448
313.368
313.17
313.207
313.363
313.285
313.044
313.534
313.114
313.354
313.331
313.24
313.153
313.109
313.244
313.231
313.083
313.018
313.216
313.348
313.326
313.207
313.171
313.068
313.634
313.13
313.424
313.225
313.123
313.231
313.153
313.083
313.174
313.19
313.334
313.202
313.096
313.306
313.211
313.215
313.305
313.165
313.28
313.099
313.248
313.552
313.315
313.264
313.209
313.163
313.364
313.25
313.179
313.043
313.382
313.259
313.197
313.078
313.334
313.163
313.266
313.183
313.227
313.272
313.118
313.172
313.17
313.137
313.143
313.257
313.322
313.06
313.244
313.178
313.15
313.232
313.085
312.974
313.209
313.199
313.284
313.304
313.253
313.154
313.18
312.972
313.078
313.249
313.251
313.178
313.052
313.163
313.17
312.915
313.413
313.128
313.127
313.106
313.236
313.132
313.106
313.159
313.229
313.415
313.051
313.255
313.102
313.128
313.246
313.067
313.13
313.108
313.231
313.176
313.233
313.258
313.168
313.064
313.038
313.162
313.12
313.181
313.136
312.996
313.205
313.153
313.195
313.185
313.078
313.094
312.922
313.11
313.137
313.345
313.202
313.138
313.183
313.119
313.056
313.051
313.231
313.181
312.918
313.126
312.957
313.157
313.043
312.969
312.956
313.102
313.165
313.729
312.912
313.043
313.069
313.004
313.086
313.081
313.03
313.069
313.038
312.964
313.157
313.078
312.954
313.223
313.046
312.957
313.104
313.04
313.254
313.081
313.185
313.15
313.032
313.193
313.02
313.116
313.071
313.041
313.112
313.068
313.16
312.98
312.964
313.11
313.025
312.875
313.359
313.105
313.057
312.765
313.175
313.057
312.975
312.978
313.058
313.084
313.175
313.229
313.283
312.973
313.008
313.087
313.031
312.997
312.963
312.906
313.398
313.021
313.033
313.184
312.92
313.08
313.064
313.107
312.981
313.078
312.975
313.106
313.077
312.957
313.346
313.056
313.156
312.957
312.878
312.984
313.198
313.003
312.912
313.052
312.908
313.079
313.13
313.086
313.09
312.904
313.082
313.35
313.068
313.195
312.892
313.047
312.932
313.017
313.064
312.985
313.007
312.863
313.003
312.953
313.19
312.981
313.101
313.054
312.999
313.09
312.946
312.925
312.957
312.933
312.853
312.924
312.776
313.022
312.956
312.861
312.898
313.011
313.072
313.014
313.117
313.173
312.939
312.933
313.117
313.101
313.187
313.001
313.083
312.981
313.04
312.925
313.146
313.02
312.904
312.912
312.996
312.961
312.984
313.025
313.006
312.982
312.853
312.957
313.046
312.937
313.097
312.984
313.046
312.935
313.018
313.001
312.961
313.135
313.062
313.095
313.145
313.018
313.102
312.946
312.987
312.89
313.08
312.845
312.828
312.943
312.932
312.939
312.96
313.006
312.961
312.963
313.058
312.891
313.032
312.852
312.87
312.877
312.942
312.971
312.888
312.971
312.831
312.983
312.974
312.77
312.717
312.886
312.999
312.995
312.872
313.015
313.023
313.058
313.177
312.988
313.056
312.928
313.035
313.015
312.804
312.987
312.735
313.034
312.831
312.863
313.048
312.717
313.108
312.981
313.09
312.948
312.916
312.929
312.864
312.689
312.877
312.885
313.115
313.124
312.912
312.872
312.796
312.833
312.853
312.938
312.863
312.932
312.844
313.095
312.743
312.783
312.965
312.862
313.027
312.877
312.95
312.786
312.807
312.926
313.237
312.901
312.765
312.915
312.985
313.006
312.973
312.644
312.671
312.795
313.052
312.862
312.815
313.455
312.939
312.746
312.874
312.871
312.913
312.857
313.136
313.002
312.865
312.979
312.771
313.033
312.658
313.027
312.844
312.817
312.913
312.904
312.971
313.917
312.853
312.857
312.841
312.892
312.856
313.795
312.956
313.029
312.865
313.048
312.77
312.826
313.015
313.255
312.896
312.956
312.735
312.984
312.908
312.921
313.008
312.996
312.987
313.125
312.843
312.943
313.039
313.038
312.9
312.954
312.893
312.924
312.859
312.971
312.873
312.772
312.881
312.784
312.942
313.095
312.773
312.853
312.859
312.856
312.943
312.919
312.856
312.836
313.077
312.604
312.927
313.403
312.941
312.805
312.808
312.908
312.976
312.94
312.859
312.726
313.011
313.036
312.873
313.031
312.923
312.889
313.148
312.888
313.004
312.884
312.861
312.91
312.88
312.649
312.909
312.903
313.114
313.069
312.81
312.872
312.916
313.05
312.878
312.946
313.023
312.734
312.773
313.044
312.765
312.915
313.01
312.848
312.757
312.851
312.777
312.829
312.735
312.886
312.739
312.893
312.816
312.89
312.794
312.842
312.945
312.663
312.753
312.914
312.924
312.856
312.836
312.844
312.729
312.884
312.785
312.961
312.793
312.771
312.787
312.924
312.8
312.845
312.905
312.915
313.041
312.665
312.722
312.823
312.827
313.049
312.763
312.934
312.874
312.907
312.78
312.956
312.77
312.563
312.892
312.771
312.739
312.755
312.839
312.891
312.817
312.762
312.865
312.724
312.691
312.835
313.059
312.91
312.772
312.841
312.836
312.87
312.818
312.748
313.182
313.01
312.714
312.771
312.844
312.886
312.575
312.985
312.708
312.889
312.799
312.842
312.888
312.831
312.599
312.573
312.727
312.754
312.781
312.891
312.779
312.836
312.825
312.748
312.764
312.788
312.793
312.711
312.841
312.888
313.024
312.597
313.026
312.727
312.767
312.924
312.906
312.845
312.951
312.903
313.052
312.744
312.673
312.843
312.773
312.777
312.742
312.733
312.894
312.933
312.596
312.79
312.629
312.682
312.654
312.863
312.583
312.581
312.593
312.669
312.892
312.834
313.024
312.606
312.8
312.84
312.623
312.739
312.747
312.805
312.647
312.644
312.777
312.611
312.823
312.639
312.595
312.811
312.655
312.787
312.898
312.73
312.741
312.937
312.8
312.783
312.787
312.765
312.625
312.84
313.006
312.932
312.939
312.769
312.768
312.74
312.699
312.618
312.755
312.665
312.973
312.862
312.913
312.771
312.876
312.634
312.736
312.673
312.756
312.914
312.813
312.84
312.754
312.755
312.924
312.757
312.787
312.913
312.731
313.007
312.905
312.694
312.788
312.783
312.622
312.872
312.588
312.885
312.789
312.559
312.879
312.848
312.76
312.924
312.759
312.591
312.784
312.854
312.645
312.705
312.906
312.797
312.768
312.777
312.863
312.684
312.819
312.745
312.77
312.746
312.661
312.902
312.893
312.777
312.575
312.992
312.815
312.692
312.781
312.679
312.95
312.825
312.697
312.697
312.923
312.72
312.769
312.784
312.762
312.751
312.777
312.906
312.735
312.693
312.736
312.727
312.683
312.665
312.709
312.582
312.562
312.701
312.684
312.607
312.649
312.599
312.607
312.735
312.864
312.968
312.822
312.693
312.73
312.779
312.638
312.829
312.792
312.696
312.489
312.589
312.674
312.708
312.724
312.674
312.843
312.931
312.742
312.874
312.8
312.976
312.685
312.683
312.769
312.756
312.646
312.596
312.694
312.696
312.63
312.631
312.74
312.757
312.837
312.691
312.863
312.482
312.818
312.811
312.826
312.602
312.59
312.698
312.714
312.666
312.669
312.628
312.66
312.668
313.025
312.851
312.611
312.614
312.737
312.636
312.715
312.67
312.613
312.642
312.671
312.852
312.725
312.729
312.685
312.762
312.59
312.756
312.71
312.615
312.716
312.693
312.769
312.704
312.691
312.841
312.715
312.792
312.562
312.928
312.688
312.564
312.711
312.956
312.709
312.811
312.586
313.021
312.656
312.712
312.521
312.787
312.684
312.615
312.849
312.925
312.669
312.778
312.674
312.838
312.586
312.758
312.929
312.856
312.561
312.63
312.628
312.644
312.637
312.695
312.653
312.676
312.871
312.789
312.476
312.75
312.659
312.677
312.725
312.716
312.572
312.789
312.671
312.542
312.684
312.579
312.772
313.022
312.773
312.773
312.822
312.641
312.607
312.731
312.752
312.784
312.579
312.812
312.758
312.56
312.694
312.696
312.493
312.665
312.783
312.822
312.756
312.778
312.724
312.766
312.794
312.65
312.734
312.72
312.641
312.695
312.782
312.737
312.634
312.814
312.713
312.62
312.697
312.714
312.557
312.549
312.712
312.353
312.916
312.67
312.742
312.782
312.828
312.526
312.585
312.812
312.738
312.446
312.671
312.751
312.802
312.717
312.644
312.418
312.511
312.584
312.849
312.738
312.726
312.632
312.852
312.581
312.523
312.721
312.792
312.654
312.691
312.646
312.804
312.588
312.646
312.49
312.556
312.691
312.718
312.75
312.703
312.758
312.562
312.773
312.954
312.78
312.765
312.617
312.971
312.511
312.459
312.576
312.812
312.832
312.57
312.678
312.602
312.633
312.761
312.723
312.827
312.693
312.609
312.591
312.578
312.654
312.582
312.494
312.599
312.523
312.644
312.67
312.423
312.761
312.766
312.561
312.722
312.663
312.644
312.588
312.54
312.721
312.626
312.609
312.628
312.593
312.509
312.533
312.686
312.656
312.542
312.639
312.829
312.584
312.688
312.554
312.491
312.622
312.435
312.598
312.482
312.694
312.753
312.601
312.791
312.584
312.656
312.815
312.764
312.643
312.704
312.485
312.716
312.601
312.808
312.58
312.697
312.68
312.59
312.713
312.551
312.634
312.621
312.665
312.573
312.696
312.801
312.757
312.659
312.745
312.638
312.477
312.644
312.66
312.634
312.524
312.57
312.59
312.549
312.503
312.556
312.58
312.72
312.443
312.681
312.514
312.593
312.592
312.387
312.682
312.67
312.57
312.65
312.537
312.426
312.779
312.436
312.764
312.828
312.554
312.487
312.664
313.006
312.704
312.512
312.533
312.579
312.788
312.6
312.549
312.595
312.843
312.688
312.583
312.894
312.499
312.499
312.604
312.552
312.638
312.698
312.631
312.526
312.674
312.284
312.516
312.683
312.618
312.703
312.666
312.697
312.714
312.724
312.341
312.598
312.569
312.909
312.602
312.56
312.646
312.498
312.472
312.709
312.629
312.485
312.512
312.92
312.555
312.535
312.647
312.709
312.311
312.532
312.509
312.504
312.456
312.494
312.624
312.448
312.628
312.576
312.636
312.548
312.515
312.701
312.507
312.539
312.588
312.398
312.353
312.547
312.76
312.312
312.547
312.381
312.61
312.659
312.593
312.798
312.609
312.567
312.627
312.566
312.467
312.324
312.531
312.37
312.747
312.82
312.467
312.528
312.582
312.661
312.564
312.319
312.557
312.631
312.65
312.654
312.534
312.448
312.733
312.502
312.68
312.442
312.601
312.538
312.567
312.748
312.63
312.455
312.49
312.663
312.47
312.48
312.508
312.596
312.584
312.576
312.544
312.696
312.494
312.599
312.509
312.465
312.446
312.6
312.698
312.535
312.534
312.738
312.595
312.478
312.514
312.605
312.472
312.642
312.469
312.504
312.457
312.453
312.546
312.395
312.526
312.561
312.406
312.629
312.51
312.535
312.573
312.621
312.549
312.534
312.613
312.571
312.552
312.667
312.543
312.702
312.604
312.625
312.473
312.775
312.478
312.482
312.308
312.457
312.548
312.55
312.722
312.498
312.612
312.594
312.482
312.531
312.589
312.482
312.448
312.438
312.34
312.52
312.761
312.607
312.473
312.574
312.58
312.471
312.344
312.447
312.613
312.499
312.415
312.931
312.394
312.605
312.443
312.536
312.488
312.601
312.481
312.464
312.434
312.394
312.526
312.493
312.485
312.507
312.54
312.658
312.388
312.349
312.558
312.607
312.472
312.416
312.619
312.559
312.621
312.346
312.449
312.406
312.586
312.583
312.486
312.627
312.872
312.493
312.663
312.629
312.493
312.6
312.466
312.673
312.545
312.588
312.606
312.632
312.663
312.377
312.407
312.557
312.85
312.537
312.593
312.542
312.508
312.798
312.557
312.336
312.337
312.48
312.287
312.448
312.416
312.465
312.599
312.588
312.44
312.58
312.586
312.724
312.492
312.538
312.467
312.448
312.708
312.482
312.417
312.533
312.954
312.504
312.659
312.503
312.39
312.415
312.688
312.526
312.474
312.523
312.447
312.453
312.442
312.349
312.403
312.641
312.402
312.517
312.457
312.602
312.38
312.537
312.631
312.451
312.516
312.377
312.391
312.537
312.547
312.358
312.519
312.574
312.595
312.515
312.435
312.513
312.59
312.396
312.371
312.52
312.487
312.356
312.593
312.338
312.463
312.598
312.176
312.316
312.534
312.428
312.448
312.459
312.407
312.483
312.569
312.37
312.378
312.423
312.579
312.577
312.646
312.477
312.508
312.59
312.591
312.412
312.595
312.46
312.531
312.552
312.42
312.426
312.445
312.442
312.544
312.63
312.398
312.414
312.546
312.548
312.297
312.381
312.686
312.416
312.592
312.669
312.502
312.449
312.337
312.507
312.659
312.635
312.498
312.47
312.523
312.666
312.427
312.445
312.446
312.575
312.48
312.47
312.416
312.524
312.476
312.464
312.505
312.454
312.497
312.471
312.492
312.558
312.357
312.433
312.283
312.298
312.308
312.487
312.41
312.63
312.247
312.623
312.531
312.495
312.384
312.388
312.506
312.395
312.702
312.282
312.568
312.251
312.421
312.569
312.494
312.511
312.287
312.6
312.35
312.383
312.406
312.479
312.295
312.5
312.541
312.285
312.565
312.407
312.412
312.444
312.288
312.386
312.611
312.61
312.48
312.608
312.407
312.293
312.559
312.408
312.443
312.656
312.572
312.407
312.334
312.394
312.384
312.252
312.528
312.394
312.335
312.403
312.557
312.332
312.418
312.426
312.564
312.417
312.536
312.507
312.518
312.579
312.28
312.414
312.517
312.739
312.703
312.439
312.572
312.438
312.457
312.221
312.597
312.34
312.343
312.368
312.553
312.418
312.289
312.323
312.459
312.436
312.437
312.423
312.486
312.442
312.715
312.66
316.865
312.466
312.45
312.346
312.374
312.425
312.422
312.549
312.489
312.598
312.436
312.334
312.453
312.423
312.575
312.385
312.36
312.442
312.202
312.516
312.626
312.517
312.398
312.614
312.472
312.373
312.374
312.43
312.702
312.491
312.603
312.391
312.56
312.306
312.681
312.309
312.531
312.593
312.75
312.455
312.503
312.224
312.48
312.242
312.532
312.309
312.319
312.407
312.364
312.617
312.305
312.414
312.575
312.241
312.389
312.379
312.454
312.656
312.568
312.326
312.357
312.588
312.417
312.465
312.557
312.415
312.312
312.372
312.478
312.449
312.576
312.404
312.383
312.416
312.355
312.231
312.446
312.312
312.367
312.429
312.419
312.334
312.594
312.349
312.352
312.291
312.285
312.516
312.562
312.329
312.198
312.41
312.407
312.478
312.551
312.431
312.425
312.194
312.425
312.534
312.275
312.328
312.547
312.331
312.431
312.321
312.257
312.509
312.393
312.316
312.338
312.216
312.516
312.434
312.259
312.378
312.393
312.322
312.26
312.504
312.459
312.3
312.346
312.445
312.3
312.515
312.46
312.257
312.456
312.248
312.412
312.3
312.374
312.505
312.253
312.41
312.426
312.316
312.273
312.413
312.451
312.364
312.39
312.172
312.436
312.333
312.591
312.286
312.49
312.415
312.44
312.535
312.386
312.457
312.44
312.708
312.358
312.521
312.266
312.175
312.379
312.585
312.302
312.343
312.351
312.644
312.52
312.299
312.266
312.29
312.238
312.341
312.325
312.382
312.303
312.413
312.291
312.313
312.414
312.329
312.41
312.367
312.317
312.46
312.303
312.515
312.218
312.334
312.442
312.469
312.47
312.472
312.328
312.192
312.415
312.931
312.255
312.319
312.416
312.457
312.331
312.456
312.206
312.213
312.572
312.405
312.581
312.171
312.423
312.484
312.542
312.274
312.507
312.446
312.382
312.317
312.324
312.237
312.489
312.343
312.325
312.287
312.247
312.276
312.549
312.377
312.3
312.347
312.44
312.328
312.22
312.394
312.292
312.239
312.433
312.315
312.296
312.325
312.345
312.519
312.263
312.321
312.399
312.44
312.43
312.536
312.209
312.377
312.257
312.156
312.288
312.251
312.471
312.501
312.322
312.391
312.644
312.189
312.337
312.38
312.404
312.273
312.299
312.176
312.348
312.339
312.29
312.189
312.478
312.36
312.298
312.286
312.361
312.234
312.292
312.297
312.278
312.22
312.428
312.409
312.398
312.239
312.24
312.245
312.249
312.25
312.168
312.066
312.218
312.422
312.255
312.309
312.254
312.399
312.325
312.391
312.344
312.458
312.411
312.449
312.38
312.242
312.328
312.291
312.51
312.207
312.412
312.404
312.231
312.347
312.215
312.26
312.226
312.208
312.218
312.337
312.122
312.264
312.34
312.321
312.276
312.243
312.229
312.361
312.328
312.238
312.381
312.272
312.451
312.314
312.243
312.142
312.504
312.322
312.386
312.253
312.402
312.55
312.382
312.336
312.279
312.324
312.42
312.269
312.259
312.32
312.264
312.388
312.3
312.412
312.129
312.267
312.206
312.287
312.264
312.047
312.238
312.394
312.119
312.298
312.115
312.289
312.152
312.401
312.332
312.384
312.386
312.506
312.39
312.358
312.301
312.205
312.28
312.134
312.272
312.432
312.329
312.299
312.292
312.206
312.238
312.252
312.208
312.239
312.351
312.269
312.283
312.221
312.135
311.983
312.329
312.227
312.021
312.367
312.34
312.41
312.39
312.276
312.22
312.322
312.299
312.227
312.303
312.204
312.336
312.278
312.411
312.356
312.14
312.034
312.361
312.134
312.282
312.238
312.176
312.138
312.185
312.323
312.192
312.191
312.453
312.188
312.38
312.289
312.25
312.321
312.318
312.226
312.245
312.321
312.267
312.35
312.148
312.292
312.399
312.24
311.978
312.195
312.254
312.202
312.227
312.025
312.265
312.246
312.249
312.206
312.294
312.779
312.21
312.29
312.521
312.245
312.291
312.28
312.343
312.423
312.383
312.249
312.072
312.415
312.164
312.307
312.235
312.232
312.216
312.329
312.38
312.117
312.257
312.276
312.367
312.34
312.133
312.055
312.276
312.509
312.238
312.187
312.243
312.212
312.241
312.34
312.12
312.34
312.296
312.273
312.048
312.264
312.146
312.186
312.191
312.106
312.317
312.103
312.158
312.227
312.236
312.28
312.262
312.323
312.217
312.198
312.237
312.209
312.19
312.353
312.116
312.289
312.298
312.235
312.259
313.022
312.253
312.264
312.276
312.087
312.265
312.305
312.215
312.201
312.246
312.083
312.337
312.313
312.202
312.17
312.38
312.1
312.088
312.194
312.102
312.232
312.174
312.298
312.227
312.242
312.071
312.238
312.124
312.203
312.196
312.057
312.182
312.134
312.19
312.264
312.132
312.243
312.204
312.142
312.454
312.409
312.17
312.218
312.097
312.21
312.462
312.214
312.241
312.115
312.124
312.053
312.146
312.17
311.983
312.143
312.347
312.11
312.152
312.224
312.056
312.28
312.133
312.176
312.035
312.34
312.335
312.291
312.271
312.268
312.298
312.422
312.103
312.073
312.277
312.154
312.151
312.243
312.217
312.249
312.21
312.387
312.114
312.376
311.997
312.152
312.089
312.26
312.235
312.242
312.247
312.183
312.049
312.359
312.203
312.273
312.238
312.304
312.139
312.011
312.126
312.026
312.131
312.232
312.214
312.237
312.147
312.29
312.218
312.174
312.087
312.243
312.191
312.116
311.985
312.226
312.105
312.222
312.274
312.14
312.161
312.308
312.044
312.142
312.18
312.162
312.198
312.251
312.326
312.179
312.254
312.07
312.149
312.107
312.078
312.181
312.292
312.213
312.143
312.123
312.217
312.1
312.277
312.302
312.297
312.19
312.403
312.188
312.211
312.171
312.063
312.377
312.018
313.261
312.209
312.264
312.191
312.043
312.172
312.122
312.222
312.103
312.211
312.053
312.175
312.185
312.193
312.249
312.21
312.309
311.931
312.018
312.131
312.167
312.132
312.212
312.049
312.3
311.977
312.101
312.13
312.18
312.057
312.316
312.045
312.092
312.04
312.188
312.221
311.989
312.191
312.279
312.181
312.131
312.348
312.262
312.272
312.175
312.208
312.159
312.387
312.313
312.247
312.296
312.158
312.1
312.229
312.23
312.138
312.279
311.989
312.013
312.516
312.031
312.136
312.118
312.156
312.095
312.123
312.073
312.039
312.216
312.186
312.125
312.141
312.131
312.236
312.01
312.376
312.283
312.1
312.208
312.016
312.145
311.936
312.076
312.224
312.083
312.103
312.126
312.086
312.229
312.031
312.355
312.158
312.131
312.136
312.177
312.123
311.969
312.122
312.149
312.199
312.132
312.214
312.265
312.059
312.146
312.249
312.012
312.075
312.132
312.205
312.268
312.128
312.162
312.064
312.371
312.197
312.094
312.048
312.26
312.047
312.163
312.205
312.134
312.174
312.148
312.078
312.195
312.059
312.187
312.081
312.047
311.97
311.98
311.965
312.301
312.366
312.136
312.333
312.075
311.947
312.363
312.076
312.242
312.07
312.139
312.193
312.193
312.226
312.32
312.052
312.214
312.212
311.894
312.255
312.009
312.33
312.281
312.147
312.083
311.993
312.224
312.167
312.114
312.365
311.996
312.165
312.299
312.142
312.364
312.247
312.398
312.2
312.104
312.261
312.119
312.143
312.168
312.154
312.129
312.168
312.185
312.098
312.115
312.323
311.983
312.095
312.068
312.107
312.103
312.177
312.115
311.934
312.264
312.121
312.192
312.07
311.955
312.014
312.08
312.096
312.346
312.285
312.088
312.212
312.17
311.963
312.193
312.366
312.157
312.158
312.076
312.276
312.092
311.966
312.173
312.099
311.986
312.311
312.263
312.185
312.012
312.372
312.034
312.165
312.093
312.308
312.315
312.246
312.194
312.493
312.049
312.169
312.015
312.026
312.335
311.971
312.19
312.174
312.232
312.27
312.147
312.142
312.255
312.086
312.085
312.017
312.042
311.998
312.261
312.188
312.042
312.109
312.122
312.236
312.126
312.146
312.024
312.037
312.206
312.153
312.436
312.196
312.267
312.104
312.137
312.156
312.332
312.173
312.343
312.076
312.417
312.163
312.097
312.361
312.24
312.066
312.189
312.178
312.248
312.072
312.351
312.036
312.135
312.153
312.118
312.102
312.338
312.54
312.179
312.319
312.042
312.134
312.014
312.034
311.865
312.087
312.085
312.038
312.177
312.052
311.978
312.272
312.39
312.469
311.928
312.22
312.2
312.053
312.076
312.354
312.193
312.176
312.057
312.142
312.075
312.09
311.997
312.196
312.038
312.089
311.929
312.056
312.357
312.122
312.212
312.062
312.099
312.095
312.05
312.339
312.131
312.053
311.987
312.112
312.092
312.331
312.078
311.923
312.176
312.168
312.282
312.069
311.918
312.044
312.132
312.104
312.151
312.156
312.1
312.059
312.094
311.975
312.02
312.198
312.123
312.045
312.02
312.129
312.187
312.306
311.994
312.069
312.018
312.145
312.148
312.075
312.428
311.915
312.008
312.131
312.039
311.905
311.971
312.211
311.895
312.158
312.039
312.161
311.989
311.954
312.073
312.104
312.016
312.213
312.329
312.247
312.023
312.082
312.233
312.078
312.106
312.172
312.013
312.643
311.995
311.91
312.273
312.105
312.044
312.229
312.115
312.004
312.02
312.24
312.076
312.036
312.05
312.05
312.166
311.901
312.124
311.976
312.103
312.046
312.351
311.965
312.031
312.316
311.996
312.246
312.145
312.123
311.973
312.172
312.024
312.198
312.049
312.049
312.006
312.147
311.995
312.221
312.208
312.086
312.071
312.046
311.959
311.973
312.147
311.867
312.072
312.015
311.997
312.101
312.117
312.087
312.098
311.926
312.134
311.913
312.023
311.954
312.007
312.06
311.986
312.046
312.245
312.203
311.974
312.283
312.244
311.909
312.094
312.032
312.054
312.169
312.32
312.027
311.928
312.044
312.049
312.139
312.051
311.947
312.189
311.934
312.044
312.015
312.195
312.229
312.126
312.107
312.068
312.25
311.91
312.004
312.088
311.945
312.085
312.05
311.943
312.284
312.031
312.087
312.13
311.936
311.871
311.861
312.113
312.172
312.219
312.069
312.105
312.058
312.199
312.051
312.205
312.189
312.261
311.908
312.083
312.034
311.978
312.083
311.975
312.196
312.031
311.993
311.969
312.137
312.099
311.988
312.02
312.002
311.985
312.15
311.978
311.978
312.149
312.173
312.09
312.013
312.167
312.156
312.089
312.104
311.996
311.936
312.126
311.951
312.103
312.229
311.942
312.06
312.141
312.65
312.003
312.03
312.135
312.018
312.14
311.977
312.045
312.229
312.053
312.122
311.928
312.159
311.965
311.978
312.221
312.109
312.156
312.163
312.1
312.112
312.243
312.078
312.115
312.269
312.086
312.046
312.012
312.109
311.895
312.032
312.01
312.078
311.998
312.065
311.81
312.03
312.086
311.988
312.135
311.912
311.931
312.205
311.847
312.145
312.22
311.974
312.175
312.021
312.051
311.983
312.12
312.096
311.953
312.025
312.045
312.111
311.963
311.886
311.969
311.942
312.048
311.877
311.949
312.049
312
311.95
311.867
311.845
312.069
312.021
311.979
311.979
312.212
311.969
311.991
312.084
312.072
311.981
312.018
311.977
312.115
311.882
312.033
312.046
311.843
312.005
312.078
312.111
311.861
311.803
311.907
312.096
311.938
312.037
311.924
311.802
311.974
311.966
311.915
311.966
311.999
311.988
312.034
311.936
312.003
312.005
312.068
311.931
312.072
312.076
312.058
312.1
312.117
311.998
311.945
312.162
312.228
311.889
312.026
311.965
312.124
312.099
311.855
312.266
311.712
312.019
312.072
311.988
311.966
311.799
312.101
311.849
311.997
311.937
312.024
311.984
312.034
312.103
311.965
312.065
312.046
311.821
311.862
311.925
311.993
312.098
312.064
311.988
312.301
311.999
312.011
312.092
311.94
312.026
311.94
312.145
312.108
311.912
312.036
312.008
311.822
311.988
312.057
312.016
311.949
312.017
312.169
312.079
312.109
312.07
311.946
311.706
311.936
311.817
311.87
311.998
311.877
311.948
311.908
311.84
311.801
311.9
311.954
311.971
312.106
312.05
311.93
311.949
311.983
311.986
311.909
311.878
312.08
311.929
311.846
312.184
311.828
311.901
311.876
311.836
311.93
311.962
311.9
312.183
311.782
311.92
312.026
311.975
312.107
312.101
311.786
311.919
311.826
311.835
311.955
312.029
311.889
312.39
312.099
312.017
311.839
311.85
312.016
311.988
312.059
311.943
311.805
312.132
312.629
311.998
311.952
311.937
312.049
311.953
312.038
311.865
312.069
312.051
312.06
311.934
311.925
312.074
312.057
311.831
311.98
311.987
311.976
311.975
311.799
311.913
312.007
312.083
311.874
311.974
311.892
311.962
311.935
311.967
311.794
311.963
312.043
311.965
311.93
312.011
311.92
311.936
311.975
312.054
312.063
312.093
311.928
311.888
311.961
311.886
312.077
312.085
312.203
311.906
311.899
312.027
311.941
311.907
311.833
311.88
312.15
312.098
312.045
311.991
311.888
311.938
312.135
311.956
311.798
311.948
311.972
312.012
311.933
311.841
312.068
311.856
311.918
311.844
311.947
312.081
311.966
311.871
311.926
312.051
311.995
311.911
312.135
312.075
312.092
312.047
312.067
312.064
312.018
312.002
311.964
312.077
312.045
311.839
311.914
311.948
311.86
311.974
311.972
311.829
311.95
311.998
311.884
312.108
312.112
311.759
311.95
312.092
312.022
311.98
311.893
312.115
311.923
311.955
311.916
311.891
311.962
312.099
311.783
311.903
311.886
312.08
311.88
312.039
311.964
311.846
311.984
311.873
312.079
312.003
312.165
311.862
311.831
311.996
312.049
311.985
311.983
311.986
311.96
311.98
311.785
311.859
311.84
311.966
311.88
311.978
312.123
311.973
311.963
312.029
312.035
311.871
312.064
311.893
312.032
311.951
312.017
312.212
311.917
311.852
311.832
311.814
311.818
311.921
311.911
311.866
312.031
311.83
311.834
311.961
311.93
311.78
311.638
311.867
311.867
311.756
311.915
311.887
311.847
311.894
311.872
311.942
312.002
311.941
311.933
311.8
311.915
311.954
311.975
311.887
311.832
312.003
311.84
311.818
311.882
312.141
311.923
311.774
311.963
311.878
312.05
311.783
311.888
312.237
312.116
311.859
312.065
311.614
311.958
311.8
312.076
312.057
311.854
311.889
311.871
312.082
312.033
311.855
311.987
311.821
311.725
312.017
311.824
311.97
311.925
312.056
311.97
312.016
311.816
312.038
311.817
311.929
312.037
311.975
311.955
312.009
311.763
311.905
311.675
311.795
312.056
311.935
311.699
311.765
311.947
311.901
311.926
312.057
312.18
312.088
311.872
312.068
312.086
311.81
311.934
311.812
312.062
311.898
312.013
312.017
312.179
311.925
311.873
311.926
312.109
311.785
311.827
311.813
311.816
311.925
311.799
311.984
311.981
312.026
311.954
312.12
311.936
311.824
311.923
311.795
312.026
311.9
311.793
311.821
311.845
311.887
311.942
311.84
311.922
312.005
311.832
311.906
311.738
311.797
311.896
311.873
311.917
311.93
311.969
311.987
311.865
311.804
311.789
312.1
312
311.86
311.884
311.865
311.77
312.047
312.018
311.911
311.851
311.753
312.032
312.02
311.82
311.999
311.978
311.941
312.029
311.873
311.86
311.779
311.815
311.956
311.921
311.832
312.042
311.914
311.699
311.897
312.047
311.962
311.926
312.082
311.859
311.886
311.963
311.867
311.665
311.823
311.85
311.994
311.896
311.974
311.886
311.814
311.936
311.852
311.663
311.894
311.9
311.944
311.783
311.849
312.117
311.908
311.712
311.9
311.677
311.899
311.78
311.977
311.872
312.067
311.966
311.841
311.879
311.898
311.951
311.786
311.902
311.908
311.944
312.064
311.799
311.851
311.961
311.937
311.843
312.179
312.143
311.788
311.996
311.854
311.878
311.895
311.792
312.096
312.018
311.928
311.856
312.075
311.924
312.055
311.8
311.818
311.816
311.974
311.822
311.77
311.883
311.834
311.849
311.736
311.707
311.759
311.91
311.997
311.839
311.807
311.865
311.891
311.896
311.804
311.847
311.887
311.95
311.872
311.793
311.962
311.792
311.712
311.983
311.802
311.951
311.844
311.787
311.88
311.87
311.943
312.057
311.873
311.909
311.824
311.987
311.775
311.999
311.912
311.816
311.842
312.167
311.737
311.93
311.844
311.876
311.947
311.569
312.037
311.839
311.663
311.938
311.937
311.824
311.862
311.713
311.93
311.974
311.858
312.042
311.877
311.894
312.023
311.893
312.017
311.824
311.758
311.884
311.766
311.941
311.759
311.844
312.008
311.643
311.838
311.805
311.873
311.795
311.84
311.865
311.883
311.821
311.773
311.922
311.8
311.918
311.907
312.105
311.881
311.966
311.92
311.81
311.788
311.707
311.952
311.958
311.95
311.927
311.784
311.875
311.893
312.175
311.987
312.077
312.082
311.716
311.856
312.11
311.89
311.777
311.997
311.656
311.667
311.709
311.929
311.895
311.768
312.073
311.903
311.807
312.007
311.965
311.932
311.847
311.622
311.918
311.801
312.041
311.805
311.844
311.653
311.98
311.811
311.854
311.976
311.866
311.756
311.915
311.864
312.085
311.796
312.098
311.97
312.028
311.82
311.854
311.806
311.811
311.695
311.945
311.852
311.85
311.909
311.968
311.739
311.835
311.879
311.764
311.924
311.92
311.789
311.921
311.712
311.831
311.779
311.957
311.838
312.078
311.595
311.938
311.74
311.975
312.038
311.726
311.973
311.819
311.997
311.808
311.853
311.864
311.972
311.824
311.783
311.958
311.84
311.916
311.698
311.868
311.863
311.8
311.856
312.065
311.871
311.878
311.811
311.884
311.82
311.783
311.746
311.804
311.843
312.06
311.906
311.807
311.841
311.882
311.732
311.833
311.863
311.684
311.792
311.818
311.734
311.777
311.775
312.178
311.784
311.685
311.908
311.94
311.843
312.128
311.811
311.807
311.785
311.773
311.865
312.031
311.922
311.81
311.96
311.764
311.847
311.726
311.86
311.787
311.965
311.831
311.769
311.822
311.807
311.864
311.828
311.851
311.856
311.904
311.849
311.784
311.898
311.787
311.965
311.702
311.831
311.812
311.754
311.581
311.765
311.857
311.794
311.978
311.799
311.82
311.944
311.77
311.956
311.929
311.702
311.72
311.78
311.777
311.631
311.702
311.758
311.678
311.844
311.92
311.706
311.849
311.92
311.775
311.93
311.888
311.967
311.695
311.811
311.678
311.81
311.784
311.829
311.705
311.691
311.776
311.806
311.968
311.784
311.865
311.972
311.853
311.991
311.739
311.771
311.75
311.998
311.971
311.691
311.848
311.699
311.975
311.727
311.716
311.938
311.723
311.899
311.698
311.876
312.078
311.822
311.892
311.649
311.854
311.982
311.634
312.049
311.861
311.842
311.727
311.945
311.742
311.795
311.749
311.767
311.858
311.756
311.719
311.718
311.818
311.752
311.823
311.832
311.833
311.83
311.683
311.918
311.738
311.905
311.686
311.753
311.806
311.889
311.818
312.533
311.646
311.857
311.676
311.767
311.742
311.885
311.814
311.853
311.709
311.858
311.798
311.742
311.896
311.892
311.815
312
311.861
311.987
311.578
311.679
311.79
311.683
311.721
311.647
311.909
312.054
311.889
311.799
311.731
311.902
311.791
311.729
311.742
311.734
311.906
311.883
311.928
311.946
311.757
311.924
311.653
311.795
311.686
311.829
311.678
311.745
311.796
311.732
311.872
311.788
311.674
311.672
311.823
311.709
311.874
311.734
311.919
311.875
311.956
311.746
311.856
311.807
311.787
311.834
311.67
311.774
311.789
311.504
311.834
311.874
311.846
311.918
311.79
311.777
311.825
311.642
311.707
311.921
311.899
311.725
311.771
311.714
311.758
311.742
311.838
311.897
311.77
311.817
311.867
311.87
311.588
311.771
311.99
311.851
311.719
311.805
311.933
311.932
312.032
311.861
311.732
311.858
311.862
311.673
311.519
311.718
311.825
311.948
311.851
311.799
312.034
311.941
311.829
311.624
311.973
311.695
312.035
311.694
311.652
311.768
311.642
311.735
311.767
311.55
311.919
311.881
311.754
311.767
311.715
311.718
311.711
311.822
311.76
311.705
311.706
311.751
311.805
311.798
311.891
311.695
311.72
311.78
311.819
311.724
311.794
311.779
311.745
311.695
311.807
312.084
311.819
311.781
311.666
311.836
311.708
311.765
311.702
311.663
311.793
311.62
311.81
311.786
311.689
311.707
311.874
311.687
311.718
311.943
311.676
311.631
311.683
311.736
311.657
311.61
311.714
311.745
311.753
311.73
311.798
311.813
311.725
311.774
311.563
311.752
311.864
311.743
311.852
311.819
311.67
311.805
311.943
311.843
311.565
311.602
311.812
311.869
311.755
311.738
311.763
311.808
311.872
311.723
311.912
311.777
311.695
311.934
311.853
311.673
311.679
311.624
311.618
311.704
311.688
311.709
311.642
311.849
311.936
311.699
311.776
311.664
311.565
311.788
311.843
311.744
311.964
311.629
311.72
311.732
311.742
311.529
311.624
311.732
311.699
311.818
311.777
311.848
312.07
311.78
311.742
311.625
312.054
311.84
311.657
311.621
311.609
311.716
311.745
311.764
311.706
311.679
311.778
311.736
311.677
311.693
311.64
311.77
311.805
311.781
311.614
311.654
311.623
311.929
311.731
311.84
311.614
311.833
311.672
311.686
311.583
311.948
311.557
312.219
311.847
311.736
312.031
311.744
311.786
311.707
311.622
311.774
311.709
311.659
311.69
311.642
311.525
311.695
311.66
311.597
311.751
311.753
311.663
311.838
311.654
311.89
311.747
311.7
311.613
311.554
311.69
311.636
311.787
311.7
311.77
311.826
311.783
311.751
311.555
311.715
311.683
311.905
311.611
312.003
311.766
311.671
311.751
311.818
311.687
311.689
311.64
311.81
311.472
311.767
311.753
311.639
311.804
311.768
311.858
311.688
311.795
311.859
311.85
311.621
311.612
311.655
311.867
311.806
311.742
311.611
311.652
311.856
311.689
311.723
311.84
311.817
311.682
311.729
311.618
311.778
311.729
311.629
311.813
311.644
311.744
311.801
311.96
311.72
311.863
311.635
311.644
311.583
311.636
311.988
311.683
311.71
311.753
311.445
311.77
311.641
311.708
311.565
311.674
311.759
311.766
311.913
311.778
311.58
311.743
311.638
311.743
311.736
311.581
311.662
311.824
311.743
311.726
311.757
311.805
311.845
311.829
311.585
311.636
311.596
311.786
311.637
311.669
311.738
311.633
311.792
311.905
311.603
311.507
312.01
311.678
311.854
311.636
311.693
311.658
311.69
311.557
311.715
311.561
311.876
311.623
311.826
311.775
311.649
311.532
311.736
311.557
311.696
311.689
311.511
311.697
311.662
311.642
311.724
311.746
312.035
311.615
311.598
311.922
311.858
311.737
311.772
311.592
311.816
311.639
311.788
311.72
311.565
311.9
311.666
311.814
311.745
311.55
311.773
311.739
311.556
311.594
311.765
311.689
311.757
311.772
311.692
311.845
311.444
311.752
311.604
311.606
311.712
311.646
311.724
311.727
311.702
311.615
311.614
311.737
311.737
311.608
311.857
311.8
311.586
311.773
311.918
311.784
311.727
311.694
311.673
311.644
311.683
311.741
311.665
311.635
311.581
311.614
311.558
311.705
311.887
311.664
311.652
311.66
311.689
311.553
311.808
311.553
311.785
311.684
311.736
311.765
311.872
311.516
311.758
311.901
311.84
311.641
311.571
311.572
311.736
311.544
311.592
311.571
311.741
311.703
311.666
311.499
311.661
311.945
311.896
311.618
311.673
312.01
311.699
311.749
311.887
311.691
311.683
311.632
313.185
311.717
311.786
311.753
311.621
311.826
312.06
311.798
311.703
311.687
311.884
311.917
311.592
311.863
311.745
311.623
311.912
311.832
311.77
311.654
311.68
311.79
311.745
311.624
311.619
311.756
311.707
311.837
311.719
311.766
311.815
311.765
311.528
311.949
311.644
311.574
311.58
311.699
311.704
311.648
311.85
311.938
311.626
311.788
311.781
311.731
311.788
311.781
311.939
311.7
311.784
311.726
311.832
311.57
311.79
311.555
311.732
311.875
311.457
311.695
311.691
311.671
311.944
311.684
311.748
311.728
311.905
311.591
311.579
311.726
311.637
311.902
311.585
311.643
311.63
311.698
311.612
311.691
311.699
311.775
311.762
311.774
311.575
311.543
311.665
311.666
311.564
311.604
311.622
311.714
311.681
311.774
311.453
311.696
311.715
311.689
311.693
311.69
311.775
311.613
311.786
311.707
311.688
311.749
311.678
311.575
311.738
311.722
311.817
311.756
311.725
311.605
311.496
311.767
311.649
311.789
311.647
311.664
311.577
311.495
311.665
312.038
311.631
311.914
311.724
311.739
311.586
312.061
311.633
311.802
311.83
311.682
311.681
311.703
311.722
311.675
311.739
311.534
311.616
311.78
311.692
311.704
311.762
311.68
311.887
311.704
311.661
311.472
311.825
311.717
311.664
311.65
311.759
311.594
311.642
311.696
311.619
311.733
311.927
311.794
311.766
311.62
311.591
311.662
311.705
311.766
311.724
311.615
311.598
311.697
311.829
311.611
311.564
311.728
311.626
311.796
311.754
311.627
311.763
311.587
311.76
311.635
311.766
311.629
311.533
311.496
311.89
311.736
311.965
311.706
311.66
311.697
311.609
311.764
311.615
311.685
311.818
311.607
311.625
311.6
311.673
311.945
311.635
311.668
311.677
311.85
311.7
312.73
311.862
311.703
311.674
311.565
311.896
311.69
311.571
311.514
311.765
311.743
311.667
311.79
311.452
311.639
311.85
311.705
311.801
311.759
311.768
311.618
311.64
311.752
311.669
311.551
311.605
311.694
311.74
311.659
311.558
311.692
311.551
311.635
311.621
311.644
311.787
311.657
311.569
311.567
311.599
311.52
311.664
312.012
311.906
311.567
311.803
311.756
311.775
311.717
311.63
311.719
311.819
311.478
311.664
311.713
311.729
311.777
311.601
311.504
311.612
311.653
311.73
311.806
311.674
311.764
311.607
311.525
311.681
311.772
311.559
311.646
311.666
311.573
311.763
311.596
311.788
311.639
311.501
311.588
311.585
311.741
311.678
311.697
311.532
311.79
311.575
311.682
311.427
311.78
311.602
312.008
311.525
311.951
311.699
311.662
311.624
311.756
311.576
311.6
311.557
311.699
311.772
311.783
311.535
311.763
311.646
311.782
311.759
311.5
311.61
311.579
311.684
311.582
311.709
311.697
311.629
311.789
311.903
311.847
311.739
311.664
311.469
311.854
311.825
311.622
311.58
311.655
311.488
311.651
311.824
311.736
311.828
311.727
311.877
311.719
311.59
311.548
311.616
311.528
311.716
311.661
311.827
311.548
311.743
311.7
311.687
311.825
311.445
311.652
311.525
311.565
311.64
311.574
311.645
311.596
311.541
311.908
311.589
311.777
311.591
311.515
311.886
311.746
311.58
311.727
311.815
311.668
311.713
311.586
311.52
311.658
311.637
311.55
311.524
311.596
311.689
311.808
311.551
311.664
311.612
311.81
311.531
311.643
311.485
311.663
311.603
311.673
311.499
311.673
311.739
311.5
311.551
311.631
311.503
311.433
311.672
311.754
311.578
311.716
311.607
311.66
311.589
311.821
311.653
311.665
311.477
311.566
311.641
311.52
311.662
311.741
311.661
311.498
311.599
311.429
311.52
311.47
311.643
311.669
311.614
311.515
311.607
311.582
311.662
311.656
311.548
311.896
311.612
311.606
311.752
311.601
311.605
311.718
311.537
311.621
311.648
311.627
311.8
311.668
311.915
311.606
311.744
311.542
311.608
311.448
311.596
311.63
311.651
311.73
311.738
311.544
311.756
311.691
311.541
311.578
311.699
311.646
311.654
311.574
311.712
311.543
311.523
311.483
311.814
311.669
311.561
311.736
311.685
311.597
311.616
311.719
311.449
311.566
311.717
311.715
311.64
311.565
311.736
311.493
311.484
311.635
311.597
311.58
311.677
311.486
311.627
311.487
311.72
311.581
311.711
311.555
311.612
311.502
311.631
311.458
311.679
311.609
311.56
311.624
311.749
311.634
311.669
311.615
311.726
311.547
311.584
311.425
311.544
311.658
311.592
311.696
311.458
311.689
311.557
311.658
311.515
311.645
311.814
311.569
311.603
311.486
311.642
311.931
311.591
311.596
311.605
311.653
311.75
311.595
311.624
311.544
311.666
311.671
311.528
311.628
311.627
311.613
311.552
311.618
311.687
311.572
311.741
311.512
311.628
311.592
311.58
311.455
311.581
311.489
311.688
311.498
311.613
311.614
311.568
311.47
311.597
311.638
311.569
311.47
311.582
311.322
311.566
311.681
311.601
311.665
311.527
311.554
311.54
311.684
311.686
311.692
311.723
311.582
311.583
311.525
311.519
311.702
311.449
311.502
311.473
311.519
311.596
311.694
311.529
311.637
311.42
311.476
311.528
311.653
311.583
311.41
311.51
311.503
311.728
311.547
311.571
311.592
311.535
311.57
311.542
311.526
311.485
311.561
311.589
311.426
311.602
311.512
311.479
311.589
311.665
311.566
311.485
311.574
311.5
311.417
311.782
311.615
311.605
311.558
311.643
311.688
311.531
311.665
311.527
311.448
311.503
311.639
311.605
311.578
311.62
311.665
311.468
311.52
311.731
311.779
311.578
311.652
311.722
311.772
311.533
311.49
311.595
311.619
311.482
311.512
311.703
311.654
311.553
311.863
311.601
311.56
311.813
311.5
311.568
311.438
311.507
311.535
311.494
311.499
311.653
311.581
311.514
311.449
311.575
311.524
311.476
311.647
311.701
311.664
311.876
311.594
311.457
311.663
311.668
311.658
311.568
311.675
311.606
311.567
311.647
311.562
311.603
311.71
311.468
311.507
311.466
311.458
311.614
311.467
311.483
311.695
311.617
311.612
311.535
311.522
311.801
311.734
311.818
311.601
311.711
311.43
311.545
311.528
311.692
311.659
311.693
311.5
311.618
311.539
311.507
311.563
311.503
311.678
311.492
311.512
311.532
311.62
311.654
311.702
311.744
311.529
311.567
311.483
311.485
311.568
311.49
311.603
311.713
311.524
311.578
311.535
311.556
311.676
311.707
311.574
311.542
311.48
311.712
311.652
311.646
311.472
311.596
311.487
311.631
311.484
311.61
311.76
311.579
311.563
311.62
311.591
311.577
311.5
311.459
311.626
311.675
311.612
311.452
311.51
311.527
311.676
311.654
311.61
311.601
311.766
311.582
311.686
311.617
311.684
311.649
311.436
311.556
311.563
311.608
311.531
311.561
311.65
311.587
311.636
311.611
311.358
311.563
311.573
311.636
311.581
311.641
311.478
311.763
311.601
311.526
311.501
311.626
311.501
311.5
311.803
311.765
311.521
311.479
311.575
311.577
311.576
311.643
311.53
311.679
311.528
311.608
311.51
311.588
311.506
311.621
311.558
311.555
311.703
311.592
311.419
311.388
311.414
311.749
311.439
311.334
311.747
311.623
311.591
311.585
311.348
311.53
311.603
311.566
311.604
311.444
311.506
311.733
311.492
311.491
311.476
311.599
311.55
311.608
311.543
311.902
311.562
311.503
311.538
311.62
311.521
311.403
311.622
311.525
311.545
311.539
311.71
311.629
311.509
311.568
311.561
311.633
311.714
311.596
311.386
311.395
311.596
311.62
311.511
311.693
311.481
311.784
311.664
311.606
311.497
311.487
311.526
311.628
311.507
311.506
311.648
311.615
311.361
311.539
311.439
311.484
311.511
311.732
311.625
311.604
311.546
311.56
311.652
311.565
311.611
311.448
311.668
311.386
311.742
311.465
311.613
311.468
311.67
311.536
311.518
311.539
311.582
311.339
311.527
311.408
311.499
311.615
311.39
311.644
311.62
311.371
311.561
311.415
311.398
311.47
311.412
311.362
312.018
311.724
311.663
311.59
311.386
311.85
311.548
311.429
311.548
311.462
311.886
311.749
311.617
311.391
311.612
311.605
311.477
311.48
311.425
311.635
311.573
311.718
311.631
311.681
311.466
311.53
311.543
311.516
311.552
311.59
311.352
311.641
311.522
311.549
311.702
311.567
311.408
311.651
312.022
311.452
311.627
311.524
311.431
311.71
311.499
311.537
311.464
311.6
311.603
311.477
311.557
311.544
311.537
311.499
311.603
311.601
311.597
311.522
311.706
311.522
311.522
311.487
311.626
311.587
311.548
311.524
311.562
311.618
311.644
311.359
311.547
311.49
311.391
311.628
311.39
311.58
311.541
311.708
311.403
311.616
311.384
311.297
311.571
311.497
311.432
311.732
311.531
311.501
311.642
311.408
311.454
311.596
311.58
311.645
311.434
311.384
311.408
311.607
311.567
311.441
311.589
311.356
311.496
311.563
311.53
311.669
311.529
311.529
311.573
311.52
311.49
311.452
311.587
311.466
311.56
311.544
311.403
311.612
311.736
311.675
311.451
311.365
311.481
311.682
311.623
311.361
311.583
311.701
311.35
311.551
311.456
311.457
311.58
311.595
311.496
311.464
311.537
311.561
311.397
311.54
311.39
311.556
311.512
311.581
311.583
311.624
311.36
311.414
311.568
311.579
311.533
311.556
311.478
311.477
311.424
311.435
311.753
311.46
311.382
311.261
311.515
311.421
311.697
311.472
311.469
311.511
311.545
311.537
311.498
311.627
311.642
311.706
311.45
311.507
311.501
311.434
311.578
311.523
311.54
311.484
311.612
311.456
311.444
311.408
311.655
311.641
311.546
311.453
311.657
311.577
311.539
311.504
311.491
311.608
311.565
311.502
311.483
311.548
311.457
311.674
311.429
311.583
311.741
312.006
311.372
311.575
311.535
311.728
311.529
311.433
311.489
311.616
311.544
311.482
311.525
311.527
311.507
311.441
311.738
311.437
311.46
311.559
311.556
311.558
311.771
311.595
311.532
311.472
311.606
311.658
311.356
311.584
311.52
311.547
311.493
311.453
311.376
311.71
311.551
311.586
311.778
311.388
311.499
311.5
311.606
311.488
311.285
311.522
311.4
311.527
311.583
311.48
311.504
311.539
311.499
311.564
311.646
311.616
311.626
311.443
311.376
311.339
311.478
311.66
311.47
311.358
311.433
311.611
311.435
311.563
311.509
311.447
311.466
311.628
311.438
311.471
311.578
311.519
311.515
311.447
311.49
311.694
311.454
311.521
311.5
311.405
311.592
311.393
311.535
311.425
311.344
311.429
311.434
311.253
311.397
311.605
311.318
311.574
311.472
311.644
311.502
311.594
311.478
311.617
311.505
311.389
311.556
311.455
311.441
311.44
311.37
311.492
311.501
311.37
311.566
311.441
311.56
311.597
311.54
311.516
311.693
311.387
311.535
311.549
311.423
311.418
311.625
311.427
311.474
311.505
311.456
311.535
311.467
311.434
311.537
311.479
311.415
311.64
311.298
311.606
311.365
311.334
311.796
311.571
311.377
311.448
311.437
311.47
311.511
311.542
311.572
311.442
311.465
311.605
311.454
311.434
311.58
311.329
311.525
311.365
311.541
311.564
311.472
311.535
311.475
311.309
311.314
311.813
312.206
311.448
311.634
311.522
311.558
311.504
311.416
311.473
311.445
311.622
311.424
311.399
311.498
311.42
311.377
311.457
311.527
311.587
311.566
311.517
311.418
311.5
311.442
311.527
311.4
311.568
311.518
311.714
311.409
311.682
311.459
311.555
311.433
311.498
311.503
311.493
311.509
311.449
311.635
311.558
311.514
311.653
311.372
311.344
311.491
311.321
311.438
311.576
311.419
311.504
311.483
311.427
311.403
311.377
311.504
311.546
311.436
311.362
311.472
311.464
311.473
311.56
311.637
311.501
311.493
311.629
311.301
311.492
311.337
311.562
311.492
311.404
311.477
311.442
311.451
311.455
311.459
311.458
311.497
311.503
311.498
311.37
311.669
311.366
311.368
311.456
311.436
311.503
311.426
311.451
311.485
311.566
311.629
311.517
311.72
311.452
311.392
311.519
311.474
311.341
311.725
311.372
311.536
311.558
311.466
311.497
311.509
311.501
311.352
311.369
311.625
311.503
311.397
311.162
311.654
311.519
311.586
311.64
311.251
311.532
311.61
311.572
311.582
311.52
311.509
311.485
311.393
311.544
311.389
311.476
311.473
311.397
311.457
311.369
311.347
311.406
311.453
311.183
311.547
311.561
311.514
311.559
311.466
311.904
311.393
311.656
311.424
311.382
311.31
311.337
311.994
311.371
311.418
311.543
311.505
311.578
311.566
311.531
311.572
311.593
311.386
311.564
311.471
311.695
311.639
311.415
311.528
311.336
311.465
311.344
311.606
311.447
311.423
311.469
311.373
311.388
311.509
311.414
311.493
311.593
311.473
311.303
311.613
311.459
311.624
311.535
311.691
311.55
311.509
311.543
311.452
311.557
311.549
311.706
311.402
311.418
311.543
311.408
311.45
311.422
311.371
311.507
311.508
311.42
311.337
311.442
311.661
311.585
311.464
311.53
311.324
311.412
311.432
311.35
311.43
311.478
311.465
311.725
311.503
311.447
311.373
311.469
311.364
311.365
311.482
311.443
311.354
311.384
311.451
311.279
311.454
311.613
311.567
311.544
311.651
311.559
311.517
311.569
311.444
311.579
311.332
311.364
311.655
311.266
311.456
311.401
311.618
311.509
311.338
311.454
311.556
311.559
311.604
311.368
311.403
311.5
311.411
311.446
311.565
311.548
311.287
311.456
311.453
311.459
311.467
311.592
311.51
311.6
311.501
311.323
311.517
311.655
311.379
311.554
311.418
311.342
311.32
311.553
311.375
311.558
311.505
311.523
311.345
311.614
311.637
311.49
311.421
311.485
311.477
311.494
311.45
311.438
311.442
311.513
311.439
311.468
