894.677
886.155
887.426
886.198
886.24
886.374
885.818
886.119
886.427
886.012
886.547
886.28
886.446
885.36
887.115
887.575
886.934
885.903
887.413
885.805
886.208
886.189
886.713
886.739
886.761
886.615
886.699
886.267
886.216
887.026
886.551
886.859
886.758
886.275
887.525
886.412
886.442
886.11
886.158
886.179
887.142
886.72
886.167
885.939
885.973
886.8
886.739
885.719
887.301
886.24
885.674
886.453
886.568
886.836
886.385
886.359
886.595
886.439
886.118
886.155
885.268
886.245
885.992
886.869
885.989
885.771
887.038
886.421
885.777
885.662
886.504
885.586
886.089
885.913
885.598
885.8
885.595
885.661
885.883
885.951
886.072
886.387
886.148
885.673
886.437
886.606
886.51
886.958
885.832
885.39
886.378
886.578
885.485
886.927
886.788
885.724
885.261
886.201
885.912
885.361
886.049
886.029
885.986
885.683
885.316
885.573
885.971
885.568
886.001
886.07
886.532
886.116
886.25
886.431
886.158
885.855
885.733
886.142
885.939
886.109
885.935
885.877
886.449
885.757
886.49
886.073
886.177
885.854
885.368
885.523
885.78
885.959
885.702
885.4
886.076
885.972
885.941
885.531
885.751
884.555
886.454
885.737
885.486
885.595
885.306
885.377
885.643
885.382
885.283
885.417
885.814
884.37
884.938
885.934
885.513
885.245
884.878
886.261
885.382
885.704
886.32
885.881
885.782
885.478
885.228
886.254
885.843
884.985
885.466
885.535
885.462
885.049
885.007
884.795
885.54
885.358
885.155
885.48
885.349
885.261
885.97
885.551
885.621
885.144
885.037
885.829
885.105
885.615
885.574
885.481
885.045
886.064
885.373
884.543
884.835
884.838
885.046
885.259
884.839
884.914
885.059
885.025
885.449
884.763
884.951
885.506
885.259
885.02
884.752
885.234
885.478
884.962
885.67
885.683
884.715
885.014
885.007
884.835
885.207
885.208
884.261
885.537
884.914
885.111
885.337
884.966
884.57
885.053
884.862
885.34
884.763
884.18
885.289
884.739
884.915
884.644
885.149
884.752
884.462
884.525
884.346
885.61
884.868
885.037
885.074
885.145
884.789
884.566
884.583
884.786
884.557
884.998
885.506
884.384
884.119
885.045
884.848
884.846
884.956
884.711
884.153
884.725
884.858
884.661
883.772
883.689
884.823
884.943
884.885
884.173
883.931
884.074
883.987
884.68
884.662
884.887
884.126
885.03
884.208
884.5
884.615
884.704
884.657
884.942
883.94
884.939
883.778
884.254
884.702
883.637
883.653
884.198
884.054
883.631
884.79
883.722
884.596
885.637
884.99
883.882
884.095
884.594
884.366
883.595
883.721
884.915
884.143
884.837
884.337
883.735
884.031
883.713
884.761
884.441
884.011
884.564
884.014
884.032
884.272
884.668
884.162
884.019
883.732
883.98
884.71
884.884
883.697
883.104
884.062
884.791
884.66
884.342
884.249
884.451
884.763
883.93
883.684
884.279
884.296
884.103
883.742
883.953
884.672
883.978
884.277
885.295
884.354
883.849
884.049
883.152
883.522
884.15
884.695
883.504
883.426
883.798
883.082
883.769
883.713
884.149
883.866
884.231
884.217
884.243
883.944
883.774
884.499
884.223
883.638
883.907
883.629
883.513
883.967
883.11
884.021
883.674
883.17
883.548
883.25
884.128
883.601
883.964
884.136
883.789
883.292
884.253
884.01
883.875
884.154
883.293
883.503
883.991
883.945
884.166
884.02
883.462
883.563
883.676
882.753
883.886
883.631
884.095
883.364
883.374
883.353
883.852
883.772
883.381
883.588
883.492
883.79
882.778
883.659
883.969
883.716
882.94
883.667
882.915
882.743
883.13
884.124
883.813
883.888
883.583
883.114
883.859
883.413
882.665
882.773
883.154
883.213
883.057
883.705
883.391
882.454
882.665
883.73
882.946
883.427
883.692
883.174
883.946
883.628
883.646
882.959
883.79
883.67
882.834
882.929
882.606
883.707
882.883
882.978
883.154
883.294
882.574
883.627
882.795
883.219
882.851
882.818
882.985
883.619
882.807
884.06
882.71
883.462
883.349
882.848
883.68
883.298
883.399
883.909
882.553
882.944
883.313
881.785
882.806
883.076
883.228
883.016
883.324
882.669
883.652
883.365
883.415
883.675
883.247
882.655
882.591
883.118
883.441
882.546
882.241
882.753
883.663
882.578
882.556
882.918
881.995
882.738
883.698
882.995
882.935
882.36
883.206
883.02
882.43
882.603
882.779
883.175
882.423
882.962
882.65
883.11
882.565
882.862
883.187
882.588
882.842
882.706
882.893
883.101
883.045
881.922
883.493
882.416
883.096
882.499
882.142
882.585
882.625
882.712
882.407
882.798
882.873
882.61
882.305
882.2
883.203
883.548
881.858
882.466
881.963
883.003
883.05
881.846
882.281
882.534
882.22
882.567
881.881
881.847
882.75
882.023
882.372
882.08
882.349
882.228
882.852
882.317
882.196
882.769
881.971
882.333
882.487
882.791
882.643
882.52
882.201
882.146
882.975
882.733
882.722
882.641
882.651
882.484
882.892
882.244
882.689
881.914
882.593
882.585
882.523
882.697
882.968
882.158
882.554
882.575
882.413
882.59
882.401
882.379
883.125
882.669
882.022
882.739
882.918
882.458
882.18
882.535
882.592
882.398
882.384
882.92
881.853
882.1
882.188
882.193
882.453
883.018
882.78
882.713
882.347
882.046
881.695
882.048
881.068
882.791
882.008
881.89
882.264
881.553
881.544
881.601
882.3
882.121
882.211
881.66
882.491
881.459
880.993
882.351
882.646
881.543
881.714
882.043
881.769
881.546
881.696
881.862
881.839
882.147
882.624
881.709
881.2
881.964
882.456
881.938
882.325
881.36
882.051
881.561
882.248
882.367
882.013
881.858
882.126
881.41
881.518
882.162
882.624
882.461
882.403
882.031
881.021
881.245
881.691
881.845
881.731
881.981
882.278
881.892
881.769
880.853
881.384
882.387
881.591
881.366
881.553
881.842
881.706
881.798
882.011
882.5
881.519
881.841
881.418
881.508
881.919
881.921
881.314
880.749
881.612
882.268
881.863
881.382
881.169
881.312
881.473
881.401
881.782
881.558
881.499
882.15
881.383
881.366
882.197
881.366
881.314
880.926
881.76
881.275
882.101
881.561
881.12
881.188
881.309
881.594
881.425
881.17
881.786
880.828
881.341
882.057
880.917
881.455
881.292
880.522
881.122
881.981
881.527
881.655
881.298
881.086
881.219
881.394
881.591
881.129
880.922
881.605
881.824
880.554
880.442
881.733
881.366
881.716
882.026
880.989
880.45
881.11
881.08
880.91
881.434
880.629
881.885
880.71
880.62
881.795
881.534
881.036
881.133
881.139
881.02
880.562
880.578
881.066
880.948
880.899
881.49
881.217
881.189
880.723
881.398
881.65
881.153
881.103
881.798
882.236
880.167
880.925
881.375
880.881
880.346
880.957
880.329
880.729
880.737
881.03
880.495
881.29
881.572
881.278
881.259
880.318
879.896
880.099
880.612
881.304
881.187
880.719
880.565
880.669
880.69
881.042
881.345
880.725
881.244
880.705
880.249
880.662
880.362
880.963
881.574
879.998
881.317
880.216
880.927
881.264
880.918
881.452
881.169
880.936
880.729
880.113
880.883
880.844
880.723
880.802
880.726
881.388
880.527
880.175
881.128
879.946
881.114
880.814
880.649
880.568
880.386
880.859
880.82
880.811
880.778
881.149
880.668
880.908
880.698
881.179
880.72
883.128
880.643
880.718
880.161
880.519
881.006
879.768
880.111
880.073
881.063
880.088
880.578
881.626
880.816
880.882
880.818
880.914
880.819
881.164
881.148
881.182
880.494
880.885
880.447
880.819
880.687
881.381
880.555
880.99
880.074
880.963
880.209
880.159
880.285
880.784
881.123
882.043
881.527
880.592
880.174
880.795
885.684
879.947
880.645
880.877
880.511
881.187
880.707
880.501
880.739
880.802
881.062
880.566
879.987
880.886
880.796
881.031
880.634
880.263
880.945
881.171
880.866
881.469
880.73
880.526
880.432
880.059
880.448
880.576
880.883
881.256
880.502
879.975
880.682
880.652
880.802
881.161
880.236
880.584
880.488
880.656
880.979
880.985
880.431
881.113
880.232
880.627
881.328
880.91
880.803
881.094
880.981
881.018
880.599
880.675
880.34
880.778
880.446
880.824
881.032
880.606
880.668
880.237
880.589
880.358
880.698
879.76
880.11
880.23
880.629
880.99
880.876
880.974
880.119
879.953
880.388
880.348
880.174
879.463
880.918
880.408
880.352
880.041
879.919
880.552
880.118
880.53
880.287
881.298
880.483
880.801
881.151
880.889
879.983
880.821
880.268
880.671
879.983
879.727
880.117
880.612
880.668
880.15
880.77
880.171
880.309
879.594
880.309
879.547
880.348
881.062
879.441
880.03
880.147
880.411
880.361
880.074
880.959
880.748
880.784
880.668
879.79
880.361
879.855
880.649
880.4
880.467
879.788
880.456
880.498
879.895
879.659
880.407
880.623
879.878
880.007
880.53
879.284
880.579
880.372
879.383
880.236
880.787
879.76
879.909
880.148
879.825
880.118
880.101
880.29
880.411
880.181
879.553
880.45
879.572
880.021
880.429
879.922
880.09
879.756
880.214
880.231
880.42
880.129
880.405
880.007
879.964
879.846
880.631
879.642
879.697
879.532
879.705
880.346
880.282
880.516
879.793
879.326
879.67
880.416
879.844
880.509
880.06
878.954
880.085
880.262
879.272
879.878
880.365
880.464
879.923
879.786
879.422
879.436
880.564
879.735
880.073
879.493
879.694
879.838
879.74
879.837
879.496
879.564
879.486
880.115
879.15
879.862
879.546
879
880.308
879.718
880.005
879.161
879.43
879.787
880.005
879.885
879.704
879.025
880.137
878.827
880.058
879.509
879.797
879.559
880.096
878.992
879.886
879.475
879.735
880.428
880.135
879.616
879.737
879.987
879.634
879.672
879.1
879.608
879.908
880.105
879.713
879.749
880.097
879.986
879.864
879.825
878.68
878.877
879.161
879.233
879.506
880.278
879.743
878.847
879.822
879.121
879.436
878.917
879.537
879.671
879.494
879.238
879.883
879.595
879.712
880.188
879.161
879.816
878.966
879.21
879.504
879.608
879.636
879.518
878.797
879.184
879.721
879.708
879.225
879.443
879.203
879.047
879.727
879.448
879.423
879.417
878.866
879.672
879.101
879.88
879.608
879.489
878.746
879.084
879.749
879.529
879.456
879.202
879.169
879.495
879.488
878.892
878.93
879.495
879.669
878.601
880.024
879.325
878.979
878.725
879.642
879.302
878.882
879.542
878.895
878.757
879.181
878.03
879.235
879.584
879.675
878.999
879.833
879.338
878.602
878.865
879.315
879.343
879.465
878.259
879.673
879.725
879.186
878.97
879.532
878.565
879.51
879.057
878.905
878.804
878.512
878.456
879.557
879.431
879.169
879.413
879.568
878.686
879.273
879.746
878.952
879.25
879.189
878.829
878.847
879.69
878.874
879.307
878.54
879.171
879.11
879.157
879.478
878.818
878.199
878.893
879.292
879.337
879.025
878.806
879.113
878.309
879.117
878.241
878.893
879.257
878.994
879.218
878.506
878.664
878.633
878.938
878.477
878.795
878.997
878.868
878.893
878.297
879.41
878.664
878.47
878.188
879.379
878.551
878.929
878.981
878.613
879.139
878.498
878.824
878.921
878.686
879.05
878.654
878.898
878.919
879.53
878.661
878.317
878.242
878.532
878.818
879.206
878.596
878.477
878.654
878.751
878.159
878.986
878.506
878.091
877.816
879.227
878.262
877.746
878.197
878.785
878.763
878.205
878.669
878.983
878.514
878.446
878.597
878.783
878.647
878.457
878.366
878.483
878.37
878.039
878.617
878.59
878.009
878.727
877.954
878.568
879.462
878.892
877.793
878.449
878.741
878.651
878.311
877.855
878.28
878.887
878.553
878.089
878.789
879.129
879.102
878.142
878.198
877.967
878.107
878.68
878.845
878.614
878.277
878.327
878.626
878.742
878.332
878.293
878.385
878.223
878.691
878.739
878.539
877.864
877.991
878.373
878.591
878.103
878.323
878.457
878.034
877.763
878.107
877.94
878.039
878.454
877.647
878.554
878.8
878.533
878.489
878.531
878.078
878.342
878.326
878.318
877.579
877.959
877.844
878.314
878.038
878.771
879.125
878.213
877.632
878.47
877.423
878.372
877.824
878.235
878.405
878.652
877.401
878.409
877.345
877.689
877.93
878.001
877.727
877.146
877.897
877.713
878.308
878.184
877.785
877.32
877.743
878.566
878.243
877.43
878.457
877.831
877.393
877.877
878.102
878.025
878.472
878.034
878.228
877.723
878.415
877.561
878.541
878.329
877.899
877.652
878.382
878.053
877.533
877.874
878.298
877.888
878.058
877.206
877.364
878.095
877.652
877.562
878.314
878.453
877.821
878.085
878.161
878.203
878.106
878.708
877.858
877.9
878.079
877.814
877.818
877.979
878.175
877.474
877.431
877.465
876.906
877.475
877.796
877.527
877.563
877.996
877.931
877.581
877.986
877.732
877.32
877.702
877.878
877.947
877.859
877.998
877.575
876.994
878.145
877.729
877.607
877.324
878.206
877.702
877.261
877.807
877.524
878.029
877.379
877.318
877.224
877.734
877.633
877.516
878.012
877.034
877.768
877.767
877.908
877.263
877.406
877.21
877.269
877.673
877.899
877.08
877.205
877.484
878.282
877.589
876.521
876.753
877.109
878.013
877.693
877.689
877.407
877.967
876.934
877.147
877.682
877.418
877.595
877.599
877.565
877.201
877.099
877.832
877.826
876.654
877.533
876.994
877.131
877.238
877.231
876.884
876.975
876.777
876.806
877.389
876.793
877.697
877.62
877.562
877.771
876.9
877.256
877.573
876.979
877.696
876.933
877.285
876.9
876.949
877.152
877.704
876.949
877.414
877.623
877.144
876.895
876.55
876.451
876.839
877.397
877.361
876.896
876.711
877.468
876.724
876.809
876.573
877.006
877.092
877.593
876.693
877.215
876.878
877.072
876.295
876.228
876.106
876.586
876.87
876.961
877.042
877.723
876.963
877.017
877.137
877.192
876.556
877.578
876.93
876.804
876.677
876.654
877.111
877.418
876.922
876.648
876.323
877.427
876.953
877.446
876.804
876.386
876.594
876.448
877.296
876.757
876.53
877.618
877.073
876.316
876.492
877.045
877.524
876.981
876.836
876.86
875.94
876.627
876.875
876.574
877.099
876.79
876.546
876.398
877.316
876.665
876.488
876.543
876.598
876.956
876.892
876.947
876.398
876.058
877.441
876.593
876.82
877.499
876.527
876.404
876.395
876.831
876.999
876.193
876.525
876.391
876.802
876.545
876.252
876.476
875.82
876.542
876.606
876.145
876.953
876.259
876.456
876.052
876.877
876.866
877.305
876.331
877.026
875.622
875.898
876.74
877.082
876.336
876.54
877.228
876.907
875.829
876.237
876.169
876.685
875.629
876.486
877.744
876.516
876.691
876.304
876.888
876.672
876.844
876.509
876.322
876.248
875.895
876.998
876.537
876.286
876.314
876.63
876.733
876.439
875.972
875.376
876.456
877.224
876.162
876.697
876.802
877.071
876.086
876.719
875.947
875.98
876.769
876.403
876.558
876.716
876.205
876.211
876.545
877.337
876.227
876.42
876.641
876.376
876.309
876.855
876.662
876.33
876.454
876.394
875.498
875.57
876.103
876.104
876.253
876.575
875.553
875.53
876.082
876.031
876.282
875.842
876.101
876.016
875.855
876.025
876.182
875.839
876.018
876.525
876.092
876.219
875.827
876.016
875.334
876.387
876.22
876.393
875.846
876.527
876.289
876.281
876.203
875.189
875.766
875.537
876.217
875.335
876.024
875.827
875.973
876.346
876.139
876.351
876.016
875.88
875.159
875.94
875.404
876.279
877.007
875.745
876.605
875.603
875.871
876.014
876.002
875.53
876.18
876.141
875.953
875.928
875.427
876.153
875.837
875.771
876.032
875.683
875.868
875.902
876.716
875.762
875.573
875.382
876.149
875.368
875.991
875.685
875.976
875.641
876.065
875.603
875.036
876.424
875.459
875.89
875.232
875.608
875.82
875.66
876.707
876.057
875.816
876.108
875.3
875.11
875.588
875.641
875.557
876.076
875.82
876.342
875.395
875.776
875.609
875.598
875.002
875.227
875.375
875.349
874.998
876.302
875.77
875.672
874.997
875.574
874.908
875.412
875.492
875.149
875.932
875.875
875.857
875.363
875.631
875.144
875.304
875.706
875.328
875.357
874.591
875.769
874.834
875.448
876.038
875.081
875.428
874.797
876.451
874.979
875.337
875.087
875.709
875.642
875.368
875.273
875.815
874.868
875.363
875.936
875.17
875.458
874.894
875.554
875.225
875.4
875.285
875.418
875.144
875.394
875.449
875.746
875.476
875.203
875.386
874.973
875.335
875.72
875.589
875.014
875.157
875.531
875.253
875.722
875.571
875.338
875.588
875.537
874.336
875.215
874.649
876.01
875.25
875.57
875.231
875.093
875.321
875.166
874.89
875.47
874.618
874.954
874.871
874.771
875.159
875.13
875.232
874.879
875.873
874.662
875.434
875.426
875.185
874.943
875.284
874.949
874.469
874.718
874.609
874.452
875.211
874.895
875.14
874.86
875.23
875.167
875.722
874.865
875.167
874.861
874.364
875.206
874.681
875.702
874.79
875.396
874.776
874.666
875.364
875.128
875.06
875.155
874.817
875.398
874.451
875.002
875.003
874.452
874.951
875.287
874.631
875.086
875.096
874.794
874.435
874.685
873.969
875.156
874.325
874.664
875.125
874.927
874.604
875.331
875.234
874.497
874.949
874.782
874.954
874.835
874.086
874.291
874.98
875.394
874.725
875.398
874.394
874.675
874.389
874.688
874.737
874.477
874.244
874.46
874.423
874.787
874.21
874.676
874.709
875.175
875.16
875.395
875.108
874.933
874.714
875.129
874.245
874.726
874.629
874.351
875.172
874.576
873.878
875.075
874.3
874.297
874.836
874.201
874.623
874.739
874.949
874.673
874.455
874.512
874.731
874.272
874.078
874.835
874.974
874.312
874.711
874.921
874.791
875.01
874.489
874.943
874.702
874.598
874.626
874.465
874.445
873.673
874.429
874.651
874.414
874.326
874.929
874.018
874.892
874.947
874.986
874.79
874.957
874.354
873.939
874.121
874.4
874.538
874.134
874.17
873.648
874.295
874.019
874.924
874.032
874.33
874.316
874.719
874.725
874.251
874.036
874.413
874.483
873.942
874.152
874.596
874.617
874.901
874.398
874.591
874.915
874.36
874.852
874.866
874.877
875.096
874.791
874.397
873.602
873.564
874.445
874.75
874.074
874.338
874.142
873.592
874.609
874.44
874.156
874.6
874.043
874.221
874.57
874.763
873.795
874.056
874.597
873.639
873.92
874.071
874.264
873.455
874.821
874.331
873.927
874.141
873.895
874.846
874.482
874.065
874.127
874.263
874.795
874.334
874.397
874.403
874.582
874.656
873.866
874.164
873.37
873.186
873.927
873.625
873.827
874.83
873.415
873.751
873.925
873.966
873.399
873.665
873.77
873.825
873.563
873.204
873.195
873.513
873.618
874.413
873.973
874.145
874.257
873.874
874.164
873.437
874.379
874.248
873.337
873.505
873.45
873.529
873.261
874.417
874.256
874.06
873.865
873.95
874.106
873.115
873.219
873.981
874.316
874.089
873.608
873.758
872.919
874.129
873.55
874.03
873.693
872.946
873.74
873.902
873.322
873.317
873.593
873.629
874.121
873.281
873.312
873.469
874.286
873.685
873.255
873.854
873.576
873.936
873.874
873.681
874.501
873.417
872.833
874.039
873.234
873.74
874.233
873.008
873.581
873.915
874.216
874.199
873.27
873.598
873.053
873.194
874.113
873.943
873.764
873.464
873.8
873.852
873.933
873.311
873.444
873.923
873.357
873.19
873.119
873.783
874.044
873.503
874.018
873.761
873.146
873.152
873.423
872.899
873.278
872.428
873.816
873.348
873.622
872.887
873.516
873.765
873.597
873.825
873.935
873.617
873.873
873.84
873.365
873.377
872.276
873.174
873.415
873.29
873.034
873.248
872.902
873.577
873.352
874.106
873.489
872.523
874.239
873.662
873.548
873.249
873.003
873.478
873.38
872.612
873.269
873.643
873.004
872.863
873.356
872.848
872.607
873.276
873.468
872.744
872.828
873.29
873.027
872.773
873.047
872.755
873.1
872.326
873.257
873.213
873.515
873.069
872.503
872.55
872.377
873.197
873.178
873.214
872.862
872.739
873.417
873.334
872.908
873.531
872.892
873.173
873.06
872.796
872.824
872.813
873.576
873.671
873.013
873.17
873.359
872.843
872.675
872.958
873.023
873.298
872.624
873.097
873.061
873.506
872.723
872.362
872.896
873.189
872.813
873.035
872.581
873.163
873.317
872.324
873.508
873.314
873.053
872.677
873.205
872.701
872.712
872.408
872.965
872.566
873.401
872.6
873.372
873.471
872.816
872.742
872.389
872.56
872.78
872.792
872.801
872.708
872.339
873.149
873.155
872.794
873.69
872.123
872.963
873.182
872.309
872.61
872.928
872.147
872.706
872.593
872.793
872.939
872.743
872.627
872.642
873.287
871.875
872.263
872.672
872.187
873.189
873.102
872.695
872.229
872.429
872.315
872.551
872.52
872.343
872.451
873.028
872.57
873.048
872.6
872.539
872.311
872.418
873.175
872.219
872.376
872.093
872.09
872.913
871.964
871.835
872.295
872.324
872.25
872.502
871.67
872.875
872.571
872.911
872.22
872.286
872.706
871.69
871.926
872.571
872.81
873.273
871.929
872.502
872.85
872.195
872.097
871.847
872.232
872.427
872.049
872.446
872.857
872.545
872.176
872.807
872.476
872.433
872.185
871.912
872.111
871.607
872.177
872.338
871.893
872.009
871.998
871.888
872.501
872.256
871.949
871.809
872.598
871.949
872.146
871.471
872.594
872.521
872.062
872.025
871.786
872.777
871.592
871.892
871.091
871.289
872.128
872.515
871.415
872.351
872.523
871.821
871.834
871.704
872.663
872.586
871.853
872.39
871.697
872.234
871.928
871.549
872.201
872.259
871.634
872.385
872.212
871.553
872.216
871.796
872.495
872.077
871.43
872.397
871.87
871.469
871.529
872.902
872.68
871.379
872.255
871.749
871.616
871.78
872.21
871.712
872.363
871.749
871.547
871.477
871.459
871.599
872.028
871.956
871.595
872.031
872.07
871.771
871.743
871.852
871.953
871.728
871.765
871.199
872.184
872.662
871.335
871.598
871.2
871.304
871.048
871.542
871.691
870.957
872.175
871.547
871.804
872.166
871.2
871.725
871.877
871.878
871.368
871.129
871.613
871.92
871.75
871.313
871.785
871.455
871.193
871.025
871.9
871.704
871.643
871.761
871.09
871.691
871.95
871.508
871.511
871.584
871.743
871.64
871.802
871.26
871.519
870.616
871.412
871.348
871.163
871.373
870.819
871.616
870.603
870.863
871.309
870.998
871.705
871.899
871.046
872.104
871.905
871.175
871.137
872.014
870.767
871.433
871.081
870.916
871.43
871.179
871.361
871.323
871.394
871.339
871.41
871.307
871.402
871.241
871.11
871.53
871.37
871.782
871.665
871.446
871.554
871.307
871.33
871.159
870.682
871.256
871.381
871.341
871.428
871.1
870.917
870.739
871.471
870.84
871.063
871.704
871.445
871.698
870.929
870.736
870.741
871.663
871.537
871.415
871.148
870.849
870.699
871.302
870.372
871.014
871.365
871.036
871.29
871.33
870.904
871.408
870.572
870.973
871.367
871.538
870.79
870.798
870.802
871.243
871.108
871.018
871.072
870.887
871.115
870.757
871.282
870.908
870.346
871.165
871.582
871.049
870.558
870.936
871.077
871.246
871.304
871.002
870.278
870.723
871.046
870.868
871.319
871.354
871.251
870.535
870.467
870.382
870.79
870.979
870.285
870.576
871.361
871.642
871.343
870.98
870.746
870.834
870.436
870.768
871.575
871.092
870.568
870.913
870.97
870.515
870.705
870.777
870.235
870.756
871.293
870.532
870.97
870.347
871.066
870.567
870.402
870.776
871.27
870.725
870.677
870.684
871.116
870.092
871.254
870.247
870.61
870.791
870.564
870.478
869.749
870.189
871.239
871.748
870.42
870.579
870.568
870.797
870.884
870.742
870.091
870.438
870.705
870.007
870.697
870.534
870.943
870.539
870.472
870.427
870.518
870.969
869.95
870.322
870.395
870.653
870.701
870.88
870.84
870.296
870.316
870.425
870.079
870.414
870.326
871.212
870.449
870.117
869.948
870.049
870.087
870.335
870.663
870.486
870.006
869.93
870.63
870.782
870.036
870.376
870.914
870.925
870.36
870.437
869.88
870.05
870.643
870.44
869.942
870.485
870.466
870.532
869.941
870.093
870.206
869.956
870.146
870.134
870.351
870.12
870.716
869.792
870.513
870.305
870.273
870.376
870.206
869.913
870.22
870.02
869.846
869.985
869.965
870.394
870.074
870.147
869.634
869.836
870.527
870.551
870.711
870.373
869.968
869.867
869.769
869.967
870.539
869.785
869.921
870.509
869.718
870.547
869.894
870.3
870.087
869.996
869.527
870.419
869.669
870.122
870.19
869.458
869.574
870.292
869.799
869.307
870.462
869.945
869.562
869.906
869.553
869.841
869.727
869.746
869.976
870.592
869.56
870.405
869.578
870.252
869.562
870.085
870.255
869.731
869.846
869.634
869.859
870.354
870.088
869.6
869.32
869.391
869.876
870.019
869.961
870.127
869.394
869.765
869.875
869.652
869.732
869.618
869.595
870.156
869.865
869.243
869.606
869.936
870.161
869.366
869.922
869.823
869.975
869.778
869.591
869.545
869.631
869.95
869.361
869.069
869.326
869.596
869.423
869.993
869.842
870.042
869.903
869.26
869.393
868.924
869.657
869.597
869.614
869.542
869.817
869.458
869.877
869.018
869.18
869.523
869.976
869.223
870.078
869.9
869.552
869.395
869.295
869.833
868.931
869.771
869.932
869.341
869.694
869.432
869.602
869.309
869.598
869.547
869.235
869.503
869.802
869.007
868.992
869.001
869.171
869.471
869.173
868.967
869.773
870.547
869.669
869.767
870.114
869.485
869.391
869.452
869.345
869.253
869.272
869.153
869.036
869.548
868.852
869.43
869.763
869.983
869.264
869.277
869.616
870.076
869.512
869.071
869.448
869.231
869.732
868.915
868.259
869.202
868.942
868.992
869.695
869.382
869.046
868.447
868.886
868.586
869.605
869.593
869.312
869.533
869.817
869.489
869.208
869.176
869.596
868.54
869.683
869.133
869.75
869.494
868.9
869.294
868.837
868.887
869.328
869.628
868.867
869.359
868.008
869.352
869.01
868.824
869.261
869.232
868.666
869.189
868.619
869.308
869.202
869.386
868.786
868.758
869.286
868.809
868.659
868.839
869.343
868.945
868.958
869.366
868.805
869.218
869.745
868.297
868.89
869.116
868.794
868.962
869.538
868.713
868.951
868.428
868.725
869.185
868.995
868.991
869.273
868.52
868.865
868.966
869.3
869.291
868.941
869.019
868.628
868.761
868.942
869.379
868.64
869.173
868.851
868.601
868.705
868.532
868.663
869.033
868.512
868.431
868.734
868.616
869.287
868.344
867.867
868.577
868.617
868.512
868.354
868.531
868.539
868.427
868.722
869.037
869.209
868.788
868.587
867.997
869.194
868.231
868.274
868.429
868.761
868.836
869.03
867.816
868.269
868.438
868.421
868.602
868.929
868.716
867.898
868.382
868.054
869.148
868.442
868.434
868.761
868.503
868.374
868.513
868.074
868.672
868.002
868.587
869.311
868.471
868.353
868.511
868.494
868.516
869.069
867.935
868.649
868.583
868.52
868.138
868.584
868.461
868.554
868.725
868.315
868.135
868.07
868.717
868.835
868.396
868.113
867.983
868.44
868.614
868.397
869.086
868.555
868.781
868.383
868.237
868.207
868.528
868.187
867.546
868.366
868.327
868.363
867.972
867.878
868.069
867.846
868.323
867.589
868.368
867.89
867.831
867.679
868.277
868.118
868.154
867.818
867.824
868.096
867.867
867.968
867.673
868.429
868.047
868.206
868.326
868.555
867.952
868.169
868.449
868.37
868.006
867.982
868.092
868.163
867.663
867.666
867.93
868.544
868.021
867.573
868.033
867.77
867.538
869.018
868.107
867.779
868.127
868.254
867.456
867.954
868.913
868.121
867.996
868.627
867.997
868.386
868.508
868.049
868.263
867.962
867.855
867.52
868.312
867.995
867.974
868.439
867.778
868.083
867.771
867.892
867.413
867.491
867.903
867.273
868.225
867.449
867.679
868.124
867.54
867.687
867.825
867.092
868.064
867.877
867.616
867.689
868.13
867.529
867.793
867.878
867.635
867.628
867.518
867.751
868.109
867.703
867.469
867.123
867.366
867.641
867.44
867.482
867.42
867.791
867.988
867.285
867.372
868.447
867.926
867.388
867.762
867.494
867.823
867.276
867.776
867.327
867.586
867.496
867.297
867.834
867.168
867.467
867.798
867.861
867.822
867.573
867.791
866.916
867.094
867.144
867.435
867.644
867.852
867.777
867.726
867.85
867.619
867.077
867.617
867.523
867.145
867.545
867.23
867.31
867.214
867.471
867.094
867.323
866.82
867.684
867.248
867.207
867.641
867.482
867.554
867.214
867.547
867.055
866.931
867.344
867.731
866.826
866.766
867.482
866.719
867.283
867.317
867.246
867.72
866.575
866.423
867.759
867.263
867.192
867.704
866.853
867.564
866.76
867.323
867.382
866.919
866.99
867.77
867.291
866.738
867.377
867.059
866.819
867.212
867.353
866.973
866.429
866.383
867.359
867.447
866.729
866.851
867.753
867.13
867.2
866.673
867.054
868.221
867.529
866.699
867.747
867.145
867.131
866.48
867.164
867.617
867.097
866.34
867.281
867.306
866.466
867.192
866.715
866.935
867.064
866.845
867.025
867.392
866.776
866.598
866.909
867.096
866.657
867.091
866.489
867.439
866.253
866.564
867.043
866.734
866.975
866.884
867.092
866.434
867.224
867.001
866.863
867.195
866.785
866.935
866.782
866.705
866.966
867.477
866.312
866.265
867.095
866.405
866.273
866.475
866.999
865.758
866.66
866.43
866.093
866.984
866.67
866.889
867.132
866.917
866.754
866.585
866.445
867.019
866.889
866.531
866.627
866.664
866.262
866.765
866.741
866.997
866.838
866.257
866.262
866.617
866.751
866.587
866.753
867.251
866.466
866.791
867.043
866.526
865.921
866.856
866.825
866.842
866.713
866.603
866.739
866.768
866.772
867.205
866.406
866.941
866.283
865.933
866.456
866.664
866.621
866.299
866.968
866.441
866.633
866.537
866.756
866.438
866.031
867.23
866.375
866.686
866.149
866.514
866.969
866.813
866.692
866.924
866.787
866.697
866.183
866.302
866.369
866.253
865.928
866.115
866.409
866.397
866.331
866.122
865.791
865.822
865.444
866.622
866.952
866.254
866.15
866.159
866.196
866.154
865.83
865.957
866.761
866.528
866.791
866.79
866.411
866.01
866.177
866.188
865.782
866.577
866.403
865.99
865.661
866.387
865.794
866.329
865.755
866.014
866.513
865.618
866.371
865.674
866.091
866.295
865.805
866.073
865.653
866.229
866.285
865.603
866.093
865.638
866.356
866.048
865.992
865.677
866.003
865.895
865.948
865.781
866.143
866.317
866.461
865.853
866.127
866.141
865.843
865.611
866.484
865.574
865.928
866.05
865.609
866.007
866.34
866.142
866.001
865.829
865.989
865.101
865.93
865.729
866.212
865.971
866.339
865.547
865.878
865.639
866.119
866.35
865.898
865.862
866.063
865.73
865.871
865.752
866.212
865.726
866.008
865.639
865.441
865.669
865.9
865.626
865.506
865.435
866.38
865.392
866.076
866.129
865.519
865.963
866.048
866.068
865.397
865.682
865.391
865.716
865.786
865.795
865.443
865.806
865.738
865.634
865.19
865.88
865.203
865.925
865.624
865.936
865.537
865.913
865.917
865.853
865.729
866.455
866.168
864.982
864.737
865.355
865.908
866.321
865.79
865.257
865.872
864.888
865.776
865.751
865.802
865.896
864.936
865.953
865.549
865.16
865.155
865.639
865.113
865.335
865.883
865.2
865.335
865.65
865.163
865.445
865.884
865.296
865.254
865.81
865.235
864.658
865.711
865.74
865.262
865.446
865.166
865.472
865.977
865.346
865.054
864.924
864.83
865.334
865.322
865.61
865.528
865.618
864.819
865.346
865.923
865.488
864.756
864.485
864.965
865.222
865.079
865.61
865.108
865.041
865.283
865.035
864.761
865.072
865.069
865.627
864.62
865.444
865.165
865.025
865.002
865.355
866.093
865.56
865.005
865.105
865.295
865.255
865.03
865.418
864.612
864.602
865.661
865.234
865.437
865.119
865.027
865.208
864.73
865.239
864.839
865.013
865.054
865.224
864.775
864.606
864.502
864.813
864.63
864.76
864.902
865.517
864.955
864.666
864.708
864.973
864.926
865.144
864.809
865.124
864.839
865.252
865.092
865.417
865.003
865.321
864.46
864.637
864.474
864.457
864.721
864.241
864.501
864.513
865.315
864.144
864.604
864.951
864.58
864.949
864.49
865.15
864.571
864.76
864.25
864.837
864.403
864.387
864.243
864.416
864.844
864.434
864.681
864.275
864.978
864.468
864.667
864.683
864.462
865.039
864.097
865.225
864.319
864.484
864.453
864.458
864.503
865.148
864.583
864.24
864.427
865.136
864.291
864.889
864.682
864.305
864.537
864.861
864.356
865.076
863.578
864.221
864.652
864.014
864.056
864.386
865
865.096
864.393
864.115
864.57
864.235
864.24
864.671
864.187
864.099
864.351
864.642
864.76
864.315
864.276
864.152
864.761
864.589
863.876
863.718
863.464
864.246
865.135
864.304
864.564
864.159
864.089
864.225
864.454
864.056
864.054
863.401
863.775
863.865
864.008
864.194
864.333
864.577
864.515
865.083
864.252
864.391
864.396
864.623
864.32
864.324
863.707
864.244
864.02
863.652
864.014
864.533
864.192
864.049
864.09
864.063
863.965
864.283
863.585
863.887
865.473
863.8
863.666
864.203
863.952
864.025
863.841
863.915
863.732
864.415
863.865
863.649
864.37
863.987
863.826
864.293
864.197
863.911
864.079
864.563
863.743
864.093
864.191
863.606
863.706
864.105
864.089
864.322
863.862
863.822
863.645
863.662
863.444
863.956
865.088
864.405
864.135
864.11
863.863
864.23
864.381
864.419
864.154
863.943
863.526
864.087
864.059
863.018
863.949
864.016
863.679
863.519
864.023
863.79
863.803
864.088
863.766
864.252
863.345
863.393
863.553
864.051
863.676
863.669
863.658
864.219
863.167
863.735
864.067
863.311
863.575
863.494
863.187
864.208
864.244
863.285
864.342
863.672
863.769
864.429
863.709
863.529
863.831
863.536
863.621
863.964
863.875
863.199
863.711
863.078
863.286
863.582
863.777
863.485
864.256
863.603
863.245
863.425
863.047
863.65
862.958
863.823
863.359
863.583
864.069
863.585
862.628
863.84
864.076
864.029
863.554
863.487
863.84
863.443
863.677
863.081
863.499
863.688
863.769
863.837
863.17
863.338
863.401
863.178
863.714
863.754
863.36
863.12
864.027
863.836
863.659
863.339
863.359
863.254
863.602
863.393
862.903
863.222
862.685
862.918
863.344
863.669
862.784
862.854
863.495
863.636
862.908
864.017
863.622
863.165
863.403
863.104
863.67
862.995
863.485
864.105
863.04
862.975
863.158
862.826
863.366
862.683
863.291
863.394
863.623
862.502
863.328
862.772
862.902
863.458
862.917
863.568
863.021
863.302
863.408
863.519
863.339
862.811
862.662
862.715
863.249
862.884
862.759
862.652
863.004
863.595
863.249
863.305
863.079
862.944
863.323
862.334
863.186
862.995
863.139
862.895
863.08
862.567
862.983
863.542
863.477
863.345
863.064
863.123
862.694
862.244
862.628
862.625
863.469
863.389
862.868
863.153
863.271
862.498
863.025
862.938
862.233
863.089
862.38
862.758
862.552
862.785
863.039
862.923
863.175
863.473
862.575
863.163
862.577
863.728
862.896
862.578
862.591
862.439
862.605
862.86
862.854
862.483
862.31
861.903
862.418
862.769
863.119
862.515
862.752
862.211
862.79
862.598
862.597
862.153
862.898
862.996
863.056
862.727
862.706
862.535
863.003
862.94
862.594
863.355
862.899
862.162
863.008
862.008
862.785
863.421
863.297
862.603
862.644
862.49
862.495
862.576
862.528
862.442
862.31
862.64
862.515
862.5
862.661
862.72
863.11
862.822
862.245
862.623
863.753
862.885
862.13
862.733
862.649
862.577
862.227
862.076
862.404
862.426
863.187
861.987
862.405
862.513
862.843
862.044
861.72
861.787
861.955
862.76
862.451
862.432
862.74
862.215
862.849
862.497
862.45
863.004
862.286
862.398
861.835
862.319
862.052
862.939
862.16
862.938
862.732
862.605
861.933
861.862
862.311
862.172
862.08
862.233
862.029
861.583
862.753
862.117
862.254
862.79
862.412
862.585
862.567
861.969
861.738
862.366
862.391
862.075
862.159
862.375
862.357
862.904
862.14
861.795
861.988
862.051
862.081
862.021
861.645
861.892
862.163
862.248
861.745
861.826
862.095
861.897
862.462
861.311
861.809
861.586
861.68
861.962
862.152
861.827
862.317
862.198
862.165
861.916
862.191
862.575
862.166
862.087
862.218
862.072
861.785
862.306
861.695
861.529
862.392
862.357
862.479
861.929
861.59
861.715
861.887
861.838
861.69
861.591
862.039
861.852
862.162
862.056
862.052
861.332
862.13
861.541
861.717
861.909
862.291
861.542
861.353
861.709
861.331
862.259
861.684
860.997
861.75
861.824
861.863
861.785
861.126
861.818
861.885
861.733
861.98
861.488
861.853
861.733
861.753
861.326
861.72
861.517
861.944
861.461
861.301
861.859
861.623
861.895
861.432
861.63
861.706
861.541
861.403
861.702
862.16
861.054
861.408
861.603
861.798
861.392
861.288
861.53
861.36
861.63
861.412
861.792
862.06
861.227
861.276
861.161
861.697
861.375
861.921
861.382
861.684
861.448
861.509
861.345
861.381
861.788
860.956
861.117
861.896
861.607
861.516
861.23
861.876
861.657
861.866
860.924
861.037
861.596
861.725
861.322
860.958
861.526
861.411
861.08
860.836
861.279
860.64
860.896
861.071
860.615
861.021
860.774
861.485
860.87
861.012
861.101
861.063
861.54
861.167
860.976
860.647
861.362
861.148
861.253
861.267
861.641
860.651
861.526
861.224
861.827
861.663
861.425
861.632
861.358
861.169
860.334
860.688
860.863
861.125
861.504
861.057
861.224
861.33
861.174
861.405
861.82
861.412
861.08
861.064
861.492
860.819
861.518
861.188
860.634
860.539
860.543
860.933
860.946
860.767
861.202
860.79
861.549
861.113
861.242
860.734
861.062
860.567
860.688
860.699
860.879
861.562
861.338
861.19
861.315
860.881
861.292
861.166
861.048
861.172
861.125
860.614
860.68
860.677
861.041
861.261
860.798
860.6
861.086
860.955
861.203
860.83
861.133
860.824
860.478
861.078
860.416
861.01
861.043
860.896
860.643
860.823
860.974
861.159
860.812
860.535
860.861
860.391
860.554
860.926
860.996
861.088
861.521
861.018
860.852
860.982
860.519
861.2
860.834
860.546
861.018
860.158
860.548
860.531
860.298
861.008
861.013
860.33
860.647
860.766
860.709
860.674
860.585
861.256
860.782
860.894
860.159
860.739
860.607
860.211
861.018
860.812
860.385
860.786
861.167
860.58
861.102
860.602
860.391
860.476
860.753
861.18
860.663
860.898
860.825
860.428
860.433
860.58
860.732
860.811
860.59
860.84
860.837
860.596
860.06
860.6
860.512
860.559
860.863
860.42
860.372
860.42
860.706
860.177
861.156
860.84
860.078
860.946
860.083
860.63
860.117
860.707
860.356
860.228
859.7
860.426
861.048
859.875
860.825
860.696
860.523
860.168
859.887
860.397
860.251
860.037
860.47
860.351
860.054
859.84
860.589
860.298
860.69
860.287
860.534
860.328
860.239
860.328
860.516
859.92
860.389
859.924
860.275
860.698
860.186
860.301
860.676
860.21
860.046
859.884
860.15
859.875
859.92
860.609
860.377
860.384
860.547
860.566
860.078
860.258
860.427
859.975
860.144
859.779
860.394
860.604
860.23
860.508
860.308
860.913
859.958
860.584
859.846
860.037
859.917
860.162
859.393
860.197
859.826
859.886
859.472
860.371
859.687
860.291
859.481
859.733
859.907
860.327
860.237
859.904
859.898
859.388
860.331
859.589
859.78
859.492
859.663
859.694
859.832
859.37
860
860.334
859.639
859.955
859.624
859.446
859.87
859.94
859.76
859.58
860.023
859.7
859.877
859.336
859.321
859.997
859.584
859.441
859.784
860.049
859.612
859.438
859.596
859.382
860.307
859.553
859.89
860.005
859.614
859.639
859.555
859.103
859.909
859.296
859.972
859.8
859.719
859.812
859.49
859.604
859.327
859.347
859.646
859.648
859.476
859.619
859.556
859.31
860.015
859.143
859.472
859.622
859.454
859.05
859.331
859.162
864.113
858.945
859.471
859.359
859.783
859.276
859.711
859.926
859.454
859.593
859.282
859.167
859.539
859.781
859.88
859.821
859.591
859.781
859.701
859.765
860.142
859.365
859.408
859.873
859.709
859.607
859.363
859.49
859.187
859.122
859.066
859.529
859.4
859.268
859.745
859.931
859.682
859.267
859.351
859.316
859.433
859.611
859.736
859.508
859.642
859.711
859.289
859.125
859.656
858.899
859.273
859.617
859.266
859.715
859.763
859.507
859.147
858.731
858.999
859.568
858.967
859.263
859.213
859.159
858.934
859.243
859.14
859.784
858.868
859.586
859.077
859.298
859.587
858.658
859.352
858.944
858.848
859.294
858.604
859.017
858.988
859.006
859.432
859.599
859.059
859.376
859.345
859.02
859.167
859.439
859.291
858.725
859.06
858.542
859.194
859.13
859.539
859.05
858.632
859.134
859.054
859.331
859.413
859.289
859.513
858.976
858.99
858.965
858.63
858.756
858.738
859.408
859.035
858.721
858.961
858.182
858.979
858.842
859.048
859.415
858.666
859.05
859.125
859.69
858.768
858.831
859.585
858.858
858.72
859.437
858.855
859.271
859.76
858.737
859.599
857.901
859.081
858.655
858.361
858.852
858.643
859.045
858.927
858.71
859.031
859.139
859.105
859.146
858.857
859.223
859.111
858.454
858.67
859.228
859.135
859.123
859.243
858.679
858.93
858.805
858.838
859.313
859.043
858.885
858.493
858.687
858.72
858.07
858.721
858.681
858.3
858.99
858.97
858.803
858.973
858.823
858.527
858.8
858.546
858.691
858.661
858.574
858.689
858.809
858.859
858.813
858.59
858.339
858.652
858.764
858.254
858.092
858.792
859.273
858.735
858.796
858.408
858.63
858.34
858.719
858.597
858.236
858.306
858.308
858.697
858.581
857.905
858.654
858.095
858.437
859.115
858.206
858.04
858.258
858.07
858.393
858.391
859.149
858.973
859.076
858.839
858.447
858.705
858.451
858.102
858.331
858.318
858.083
858.52
858.145
858.621
858.528
858.166
858.371
858.275
858.332
858.725
857.896
858.106
857.972
858.058
858.065
858.306
858.563
858.954
858.471
857.845
858.495
858.518
858.573
858.253
858.431
857.924
857.928
858.178
858.245
858.395
857.821
857.67
858.455
858.224
858.255
858.215
858.436
858.269
858.377
857.949
858.257
857.953
858.129
858.85
858.549
858.014
857.807
858.349
858.028
858.115
858.391
858.235
857.952
858.307
858.169
858.417
857.902
857.625
857.612
857.445
857.852
857.717
857.97
857.745
857.824
857.735
858.075
857.812
857.764
857.994
858.417
858.192
858.324
858.068
857.669
857.612
858.437
858.236
857.715
858.164
858.561
858.156
857.768
857.905
857.96
857.911
858.285
858.146
857.953
857.375
857.856
857.373
856.962
857.467
857.585
857.782
857.707
857.682
857.944
858.117
857.774
857.915
857.837
857.727
857.942
858.327
857.582
857.341
857.32
857.94
857.738
857.591
857.706
857.792
857.638
857.609
857.325
857.939
858.35
857.738
857.724
858.177
857.63
857.975
857.688
857.672
857.798
857.835
857.595
857.325
857.517
857.21
857.633
857.537
857.564
857.574
857.872
857.564
857.86
857.323
857.625
857.736
857.608
856.983
857.226
857.544
856.899
857.486
857.9
857.28
857.176
857.563
857.734
857.605
858.031
857.472
857.209
857.285
857.649
856.936
857.622
857.644
857.708
857.494
857.344
857.234
858.014
857.348
857.075
857.146
856.999
857.094
857.412
857.013
857.879
856.919
857.64
857.244
857.206
856.912
857.072
856.82
857.329
857.156
857.368
857.414
857.574
857.328
857.049
857.12
857.442
857.585
857.527
857.113
857.734
857.377
857.258
857.264
857.3
857.114
857.168
857.166
857.144
856.901
856.872
857.336
856.962
857.264
856.874
856.807
856.87
856.98
857.338
857.402
857.241
856.761
857.424
857.165
856.731
856.882
856.781
857.164
857.058
857.477
856.996
856.745
857.416
857.137
856.503
856.386
856.823
856.689
856.822
857.151
856.581
856.835
857.044
856.871
857.235
857.231
857.408
856.731
856.986
856.614
856.635
856.883
856.69
857.128
857.187
856.94
857.01
857.019
856.192
857.126
856.845
857.568
856.722
856.78
857.246
856.513
856.868
857.406
857.156
856.959
857.014
856.737
857.149
856.692
856.857
856.59
857.062
857.33
856.903
857.108
856.981
856.858
857.013
856.798
857.148
856.585
856.438
856.651
856.807
857.227
856.462
857.006
856.537
856.197
856.359
856.06
856.603
856.577
856.905
856.594
856.486
856.466
856.278
856.299
857.137
856.951
857.197
856.759
857.09
856.073
856.412
856.656
856.784
857.203
856.724
856.968
856.308
856.414
856.861
856.296
856.565
856.211
856.785
856.37
856.454
857.151
856.321
856.479
856.464
855.994
856.821
856.834
856.619
856.692
856.112
856.855
856.404
856.881
856.242
856.692
856.047
856.21
856.431
856.359
856.408
856.503
856.291
856.44
856.135
856.694
856.347
856.458
856.112
856.301
855.907
856.884
855.995
855.745
856.196
856.317
856.146
856.356
856.311
855.566
856.174
855.835
856.301
856.262
856.455
856.56
855.953
856.378
855.844
856.263
856.305
856.61
855.971
856.521
856.424
855.8
855.62
856.633
856.151
856.462
856.14
856.344
856.516
856.177
855.529
856.402
855.946
855.804
856.19
855.992
856.147
856.449
856.194
856.176
856.036
856.51
855.812
855.936
856.677
856.523
856.102
856.056
855.849
855.709
855.733
855.869
855.815
856.183
856.287
855.72
855.816
855.439
855.78
855.793
855.919
855.754
856.176
855.757
856.033
856.102
855.811
855.873
855.535
856.191
856.01
855.854
855.758
855.71
855.957
855.885
856.074
856.278
855.665
855.913
856.272
856.129
855.485
855.577
855.999
855.896
855.462
855.213
855.759
856.264
856.139
856.217
855.956
856.289
856.044
856.031
855.585
855.731
855.514
855.958
855.176
856.126
855.337
855.766
856.146
856.09
855.897
856.034
855.674
855.767
855.406
855.5
855.196
855.542
855.086
855.611
856.008
855.611
855.761
855.221
855.428
855.789
855.683
855.888
855.319
855.702
855.496
855.37
855.621
855.336
855.261
855.684
855.036
855.122
855.351
855.922
855.584
855.582
855.203
855.67
856.03
855.588
855.486
855.675
855.855
855.233
855.543
855.206
855.23
855.658
855.835
855.49
856.098
855.08
855.78
855.468
855.171
855.724
855.596
855.15
855.187
855.228
855.208
855.114
855.821
855.334
854.958
854.882
855.215
854.772
855.157
855.533
855.594
854.869
855.191
854.817
855.224
854.956
855.358
855.428
854.751
854.951
854.958
855.692
854.934
855.506
855.434
854.696
855.294
855.496
855.433
854.673
854.796
855.101
855.148
854.446
855.285
854.987
855.244
855.408
854.657
855.133
855.342
855.101
855.028
855.327
855.22
854.795
855.123
854.677
855.135
854.754
854.95
854.721
855.243
855.111
854.71
854.702
854.841
854.606
855.055
855.039
854.369
855.25
855.232
854.75
854.897
854.534
855.038
855.192
855.045
855.18
854.842
855.373
854.851
854.856
854.786
854.739
854.916
854.796
855.051
855.131
854.404
854.822
854.658
854.795
855.297
855.437
855.015
854.82
854.474
854.575
854.334
854.725
854.827
854.812
854.137
854.951
854.932
855.099
854.875
854.713
854.801
855.033
855.036
854.455
854.702
854.7
854.77
854.651
854.778
854.708
854.676
855.112
855.23
854.622
854.762
854.725
854.47
854.739
854.694
854.631
853.908
854.104
854.276
854.017
854.411
854.667
854.418
854.711
854.587
854.448
854.586
855.002
854.571
854.232
854.397
854.483
854.63
855.004
854.388
854.368
854.717
854.406
854.476
854.49
854.533
854.591
854.45
854.435
854.822
854.177
853.522
854.449
854.31
853.719
853.925
854.269
854.231
854.253
853.961
853.831
854.072
854.14
854.333
854.114
854.412
853.641
854.211
854.086
854.379
854.509
853.527
853.803
854.191
854.623
854.2
853.947
854.321
854.202
853.902
854.513
854.583
854.186
854.044
854.325
854.614
853.546
854.113
853.835
853.959
854.104
854.31
854.215
854.184
854.339
854.391
854.348
854.222
853.901
854.239
854.217
854.157
854.071
854.406
853.731
854.549
853.642
854.04
854.078
853.679
854.004
854.82
853.822
853.14
853.518
854.48
853.832
854.36
854.073
853.786
853.861
854.445
853.463
853.815
853.858
854.393
853.584
853.468
854.005
853.784
853.91
854.513
854.433
853.776
853.85
854.172
853.801
854.24
853.837
854.319
854.088
853.891
853.662
854.307
854.325
853.378
853.894
853.684
853.114
853.391
853.833
854.11
853.99
853.695
853.574
854.293
853.531
854.305
854.387
853.599
854.648
853.564
853.514
854.034
853.769
853.414
853.551
854.173
853.682
853.485
853.814
853.615
853.978
853.62
853.89
853.524
854.107
853.553
852.897
853.622
853.195
853.478
853.8
854.009
854.115
853.593
853.574
853.827
853.358
853.546
853.77
853.712
853.461
853.514
853.25
853.858
853.606
853.853
853.686
853.723
853.384
853.573
853.367
853.754
853.448
852.946
853.465
853.461
853.731
853.545
852.99
853.4
853.86
853.31
853.366
854.214
853.419
853.696
853.221
852.871
853.338
853.047
853.498
853.6
852.804
852.841
853.607
852.833
853.887
853.076
853.345
853.1
853.171
853.57
853.313
853.126
853.59
853.738
853.995
853.201
852.994
853.454
852.994
853.002
853.59
852.807
853.213
853.347
853.269
853.409
853.268
853.098
853.069
853.428
853.365
852.737
853.011
853.57
852.915
853.554
853.134
852.621
853.237
852.721
853.47
853.142
853.057
853.461
852.971
853.377
853.383
852.982
852.925
852.968
852.832
852.65
852.909
852.852
852.939
852.777
852.549
852.965
852.744
853.351
853.382
853.14
852.698
852.762
852.485
853.11
853.241
852.888
852.95
853.42
852.733
852.601
852.755
852.794
852.902
853.071
853.582
853.225
853.098
853.44
852.675
853.281
853.166
852.983
852.85
852.879
853.348
852.455
853.381
852.565
852.457
852.989
853.077
853.222
853.232
852.944
852.712
852.984
852.742
852.63
853.149
852.854
852.773
853.179
852.708
852.814
852.9
852.959
852.671
852.124
852.579
852.802
852.291
852.665
852.49
852.249
852.372
852.765
852.624
852.604
852.731
852.532
853.203
852.843
852.882
852.632
852.643
853.016
852.357
852.958
852.338
852.511
852.538
852.51
852.757
852.761
852.842
852.775
852.588
852.711
852.254
853.152
852.85
853.192
852.204
852.27
852.75
852.717
852.811
852.467
852.667
852.363
852.355
852.331
853.105
852.606
852.56
852.094
852.206
852.598
852.021
852.281
852.607
852.959
851.986
853.198
852.108
852.242
852.624
852.15
852.428
852.244
851.825
852.337
852.74
852.194
852.689
852.425
852.228
852.164
852.163
852.609
852.535
852.351
851.982
852.147
852.013
852.633
852.865
852.21
851.668
852.048
852.152
852.178
852.481
851.797
852.235
852.01
851.929
852.093
851.871
852.38
852.135
852.234
852.217
852.255
852.102
852.486
852.18
852.482
852.131
852.548
852.32
852.316
852.464
851.818
852.162
852.483
852.048
851.615
851.916
851.936
852.234
851.656
851.945
852.256
852.265
851.796
852.214
852.26
851.561
852.149
851.986
852.3
851.948
852.146
852.412
852.324
852.021
851.92
851.848
852.039
851.123
851.975
852.141
851.772
851.674
852.299
851.978
851.359
851.913
852.155
852.042
851.834
852.113
851.43
851.943
851.882
851.789
851.919
852.023
851.919
851.578
851.828
852.07
851.566
852.121
852.439
851.863
851.977
851.608
852.078
852.052
851.905
851.874
851.441
851.64
851.963
851.901
851.478
851.601
851.672
851.44
852.016
851.203
851.611
851.672
851.527
851.739
851.524
851.653
851.553
851.789
851.791
851.411
851.821
851.926
851.323
852.01
851.544
851.859
851.697
851.745
851.43
851.245
851.684
851.881
851.809
851.464
851.909
851.311
851.925
851.404
851.806
851.437
851.637
851.526
851.396
851.464
851.355
851.463
851.697
851.128
851.44
851.13
851.591
851.555
851.399
851.27
851.521
851.171
851.754
851.373
851.595
851.366
851.253
851.283
851.139
851.372
851.728
851.907
851.383
851.439
851.177
851.142
851.447
851.186
851.511
850.42
851.624
851.455
850.954
851.409
851.232
851.465
851.019
851.218
851.168
851.062
851.316
851.09
850.965
851.764
851.265
851.351
851.642
851.042
851.34
850.851
851.227
850.827
851.02
851.437
850.747
851.276
850.907
850.763
851.231
851.078
851.321
850.527
851.249
851.063
851.035
851.219
851.408
850.719
851.127
850.717
851.489
851.221
850.829
851.296
851.284
850.918
851.025
851.071
850.999
851.26
851.233
851.23
850.473
851.082
851.51
850.676
851.417
850.816
851.3
851.548
851.01
850.653
851.111
850.842
851.005
851.475
850.949
851.15
850.896
850.566
850.713
850.726
850.621
851.01
850.51
851.228
851.25
850.924
851.097
850.906
850.405
850.758
850.927
850.727
850.751
851.192
850.87
850.918
851.546
851.075
850.636
851.063
850.447
850.941
850.703
850.58
850.915
850.491
850.322
850.643
850.218
850.757
850.631
850.745
850.736
850.345
850.347
851.449
850.599
851.019
850.176
850.689
850.706
850.562
850.373
850.715
849.958
850.651
850.298
850.342
850.521
850.512
850.782
850.121
850.38
850.204
850.474
850.578
850.583
850.324
850.721
850.566
850.781
850.366
850.275
850.609
851.09
850.448
850.466
850.445
850.431
850.545
850.603
850.211
850.606
850.704
850.735
850.592
850.225
850.729
850.697
850.524
850.821
850.504
850.482
850.374
850.743
850.291
850.383
850.416
850.636
850.041
850.732
850.646
850.039
850.426
850.365
850.285
850.25
850.328
850.2
850.174
850.3
850.44
849.986
850.143
850.489
850.573
850.115
850.532
850.148
850.481
849.955
850.146
850.446
850.469
850.294
850.095
850.134
849.757
850.556
850.082
850.269
850.456
850.185
849.914
850.226
850.12
850.013
849.985
850.089
849.693
849.947
850.425
850.14
850.114
850.297
850.339
850.38
850.145
850.125
849.858
850.467
849.892
849.948
850.065
849.918
849.934
849.687
850.165
849.918
850.266
850.458
849.298
849.609
850.113
850.064
849.554
850.025
850.264
850.076
849.986
849.659
849.923
849.524
849.752
850.091
850.302
850.18
849.772
850.151
850.046
849.745
849.816
849.495
850.202
849.094
849.496
849.595
850.236
850.056
850.072
849.976
849.689
849.482
849.651
850.047
849.699
849.567
849.578
849.627
849.579
849.355
849.899
849.449
849.569
849.599
849.475
849.038
849.632
849.699
849.951
850.159
849.7
849.505
850.02
849.608
849.645
849.716
849.549
849.638
849.68
849.74
849.667
849.883
849.505
849.536
849.676
849.652
849.592
849.474
849.801
849.778
849.676
849.602
849.319
849.655
848.873
849.708
849.658
849.584
849.563
849.383
849.362
849.786
849.232
849.594
849.79
849.156
849.165
849.286
849.292
849.73
849.829
849.645
849.76
849.206
849.735
849.62
849.531
849.029
849.423
849.394
849.662
849.438
850.025
849.569
849.69
848.89
849.253
849.427
849.349
849.843
849.421
849.192
849.571
849.257
849.054
849.29
849.531
849.282
849.281
849.287
849.128
848.768
849.502
848.965
849.237
849.352
849.085
849.35
849.557
849.305
849.114
849.298
849.519
849.469
849.343
849.025
849.397
848.792
848.911
848.907
848.888
849.024
849.28
849.217
849.001
849.236
849.173
848.769
849.116
849.583
848.999
849.595
848.742
849.346
848.815
848.9
849.303
848.592
849.012
849.276
849.252
849.04
849.217
849.097
849.073
848.73
848.935
848.618
848.798
849.273
849.143
849.088
849.001
849.449
848.842
848.794
849.141
848.994
848.772
848.922
848.559
848.862
848.768
848.536
849.31
849.299
849.28
849.127
848.918
848.788
848.721
848.772
849.576
848.572
848.714
848.643
848.926
848.984
849.149
848.813
848.692
849.068
848.735
848.661
848.936
848.724
849.052
848.829
848.388
848.424
848.655
849.108
848.722
848.699
849.032
848.675
848.571
848.51
848.694
848.629
849.037
848.391
848.649
848.561
848.454
848.674
848.476
848.79
848.582
848.994
848.662
848.484
848.813
848.63
848.626
848.827
848.757
848.837
848.34
848.321
848.654
848.791
848.956
848.551
848.599
848.307
848.368
848.93
848.517
848.51
848.245
848.534
848.551
848.612
848.812
848.378
848.674
848.568
848.248
848.442
848.628
848.769
848.075
848.685
848.849
848.151
848.598
848.508
848.526
848.342
848.359
848.837
848.308
848.491
848.103
848.302
848.181
848.471
848.107
848.332
848.105
848.706
848.339
848.588
848.539
848.401
848.586
848.142
848.117
848.074
847.864
847.999
848.369
848.028
848.361
848.701
848.08
848.228
848.558
848.323
848.369
847.937
848.369
848.214
848.007
847.964
848.409
848.058
847.81
848.257
848.213
848.328
848.115
848.619
848.467
847.864
848.15
848.325
848.323
848.442
848.216
848.382
848.309
847.79
848.339
847.999
848.279
847.915
847.976
848.175
848.27
847.936
847.734
847.801
848.008
848.092
848.202
847.896
848.756
848.555
848.088
847.898
847.551
847.564
847.925
848.351
848.181
848.19
847.719
847.877
847.964
847.976
847.608
847.708
847.965
848.033
848.266
848.098
847.927
847.876
847.957
848.048
848.031
847.933
848.232
847.909
847.904
848.075
847.384
847.551
847.68
847.836
847.47
847.706
847.894
847.501
848.036
847.731
847.812
847.652
847.379
847.449
848.067
848.055
847.483
847.919
848.08
847.921
847.666
847.766
848.025
847.846
847.924
847.733
847.968
847.657
847.572
847.96
848.043
848.093
847.746
847.568
847.772
847.736
847.795
847.466
847.926
847.424
847.656
848.047
848.292
847.878
847.57
847.449
847.833
847.642
847.744
847.695
847.317
847.592
847.355
847.26
847.667
847.673
847.65
847.845
847.872
847.817
848.172
847.774
848.156
847.666
847.701
847.652
847.646
847.907
847.634
847.315
847.319
847.496
847.369
847.674
847.395
847.572
847.405
847.748
847.546
847.873
847.536
847.482
847.256
847.63
847.689
847.483
847.304
847.785
848.21
847.117
847.578
847.632
847.42
847.787
847.681
847.662
847.52
847.34
847.505
847.71
847.499
847.043
847.595
847.237
847.309
847.358
847.083
846.686
847.064
846.993
847.227
847.032
847.149
847.207
847.027
847.163
847.293
847.121
847.423
847.538
847.337
847.439
847.369
846.87
847.592
847.093
847.424
847.19
846.911
847.283
847.397
847.189
847.284
847.448
847.431
847.433
846.971
846.772
847.262
847.17
847.153
846.886
847.052
847.276
847.239
846.825
846.906
846.9
847.149
846.973
847.29
846.737
846.595
847.057
846.947
847.164
847.207
846.632
847.014
846.972
846.97
847.004
846.853
847.2
846.728
847.09
846.862
847.034
846.175
846.95
847.108
846.87
847.204
846.992
846.443
847.15
847.02
847.031
846.965
846.511
846.549
846.58
846.435
846.869
846.655
847.133
846.981
847.148
846.783
846.917
846.954
847.207
846.541
846.677
846.922
847.123
846.833
846.751
846.719
846.555
847.363
846.057
846.445
846.682
846.781
846.56
846.653
846.788
846.665
846.412
847.011
846.864
846.847
846.887
846.596
847.411
846.742
846.79
846.87
846.937
846.931
846.982
846.891
846.385
846.94
846.812
846.554
846.579
846.625
846.984
847.036
846.222
846.005
846.393
846.308
846.368
846.712
846.401
846.249
846.177
846.983
846.73
846.621
846.761
846.582
846.473
846.784
846.576
846.346
846.477
846.299
846.321
846.293
846.586
846.53
846.687
846.451
846.82
846.185
846.214
846.526
846.197
846.053
846.575
846.198
846.483
846.507
846.357
846.152
846.203
846.087
846.231
846.323
846.593
846.29
846.478
846.408
846.805
846.788
846.357
846.21
846.153
846.249
846.444
846.696
846.579
845.899
846.391
846.21
846.472
846.17
846.175
846.173
845.85
846.083
846.35
846.107
846.408
846.261
845.651
846.217
845.93
846.119
846.126
846.053
846.125
845.611
845.907
846.129
846.237
846.424
846.369
846.179
846.082
846.192
846.144
846.065
846.064
846.072
846.12
846.131
846.144
846.07
