14.6027
14.5996
14.6245
13.0653
12.4183
12.282
12.1782
12.1152
12.0783
12.0528
12.0438
12.0349
12.0366
12.0212
12.0104
12.0037
11.9894
11.9925
11.9654
11.9614
11.9592
11.9661
11.9568
11.9622
11.9512
11.945
11.9367
11.9312
11.9256
11.9269
11.9217
11.9231
11.9234
11.9218
11.9201
11.9154
11.9064
11.9071
11.9047
11.9047
11.8984
11.8942
11.8983
11.8973
11.8943
11.8893
11.8909
11.887
11.8846
11.8871
11.8807
11.886
11.8811
11.8827
11.8759
11.8811
11.8755
11.8737
11.8701
11.869
11.8728
11.8757
11.8734
11.8699
11.8665
11.8669
11.8626
11.8634
11.8677
11.8599
11.8631
11.8603
11.8594
11.8587
11.8606
11.8559
11.8557
11.8596
11.8543
11.8522
11.8545
11.8533
11.8542
11.8588
11.852
11.8536
11.85
11.8484
11.8491
11.8478
11.8505
11.8492
11.8495
11.8469
11.8491
11.8454
11.8497
11.8462
11.8446
11.8429
11.8442
11.846
11.8477
11.8428
11.8421
11.8444
11.8426
11.8395
11.8414
11.8377
11.837
11.8419
11.8407
11.84
11.841
11.8399
11.8376
11.8381
11.84
11.837
11.8355
11.8387
11.8366
11.8359
11.8393
11.8381
11.8341
11.8344
11.8347
11.834
11.8337
11.8324
11.8342
11.8341
11.8329
11.8297
11.8359
11.8279
11.8328
11.8315
11.8306
11.8312
11.8303
11.8307
11.8326
11.8347
11.8345
11.8314
11.8341
11.8317
11.8325
11.8302
11.8308
11.8263
11.8285
11.8299
11.8259
11.8324
11.8304
11.827
11.8288
11.8275
11.8305
11.8297
11.8275
11.8277
11.8275
11.8287
11.8302
11.8253
11.8255
11.8282
11.827
11.8276
11.8254
11.8261
11.8255
11.8244
11.8245
11.8257
11.826
11.8265
11.8257
11.8269
11.8244
11.8253
11.826
11.8281
11.823
11.8252
11.8235
11.8249
11.8221
11.8231
11.8239
11.8236
11.8225
11.827
11.8246
11.8228
