354.524
354.475
354.702
354.909
354.457
354.637
354.327
354.552
354.04
354.778
354.999
354.23
354.42
354.114
354.53
354.119
354.286
354.884
354.344
354.726
354.768
354.468
353.989
354.707
354.089
354.082
354.007
354.043
354.377
353.779
353.82
353.948
354.091
352.698
354.003
354.162
353.794
353.782
353.781
353.561
354.208
353.17
353.695
353.729
353.9
353.98
353.604
353.773
353.641
353.408
353.352
353.789
353.438
353.223
353.515
353.222
353.208
352.879
353.114
353.031
353.558
352.708
356.662
352.967
352.947
353.052
352.974
352.7
352.375
352.862
352.571
352.764
352.329
352.309
352.154
352.575
351.727
352.073
352.268
351.764
352.279
352.451
351.961
351.761
351.682
352.262
351.977
351.45
351.284
351.402
351.413
351.228
350.636
351.245
351.126
350.641
350.834
351.014
350.774
350.726
350.407
350.669
350.377
350.126
349.073
350.472
349.793
350.285
350.94
349.549
350.01
349.521
349.389
349.349
349.526
349.517
349.082
349.086
348.923
348.922
348.989
348.677
348.758
347.953
348.286
348.395
348.158
348.203
347.842
347.53
347.414
347.072
347.28
347.243
347.073
346.798
346.594
346.57
346.235
346.36
346.468
346.083
346.379
346.311
346.212
345.997
345.616
345.679
345.408
345.676
345.165
345.485
345.06
345.129
344.789
344.348
344.505
344.519
344.416
344.348
345.651
344.276
343.958
343.941
343.891
343.305
343.892
343.597
343.618
343.171
343.139
342.911
343.191
343.047
342.808
342.667
342.556
342.374
342.325
342.291
341.846
342.044
341.968
341.716
341.797
341.574
341.528
341.143
341.063
341.012
340.938
341.199
340.976
340.425
340.689
340.508
340.269
340.616
340.317
340.439
340.365
339.977
340.033
339.916
339.898
339.855
340.022
339.841
339.809
339.641
339.379
339.433
339.863
339.785
342.244
339.375
339.519
339.408
339.11
339.46
339.242
338.865
339.161
339.281
339.043
339.265
338.99
338.938
339.18
339.174
339.005
338.86
338.9
338.903
338.856
338.93
338.984
338.728
338.874
338.806
339.263
338.95
338.827
338.465
338.587
338.578
339.404
338.601
338.737
338.529
338.405
338.369
338.409
338.469
338.739
338.421
338.333
338.053
338.359
338.409
337.994
338.52
338.246
338.107
337.983
338.492
338.451
338.211
338.21
338.177
338.149
338.292
338.08
338.285
337.899
337.721
338.155
338.203
337.944
337.853
337.899
337.922
337.961
337.868
338.013
337.906
337.705
337.79
338.153
337.608
337.84
337.55
337.848
337.711
337.694
337.649
337.747
337.848
337.59
337.913
337.34
337.516
337.732
337.664
337.402
337.226
337.565
337.366
337.593
337.015
337.465
337.683
337.463
337.594
337.59
337.654
337.577
337.24
337.353
337.238
337.623
337.383
337.57
337.322
337.115
337.096
337.524
337.523
337.139
337.053
336.948
337.437
337.142
337.02
352.673
337.266
337.471
337.246
337.276
336.416
337.263
337.615
337.435
337.533
337.438
337.532
337.583
337.458
337.67
338.278
337.505
337.46
337.451
337.401
337.616
339.255
337.48
337.775
338.445
337.586
337.551
338.006
337.253
337.566
337.491
337.635
338.009
337.547
337.696
354.596
337.769
337.771
337.965
337.859
338.392
337.77
337.733
337.978
337.328
337.825
338.028
337.952
337.904
337.568
337.935
337.997
337.906
337.952
337.712
338.042
337.874
337.93
338.283
333.032
337.732
338.189
338.139
338.127
338.112
337.989
337.863
337.829
338.237
337.902
337.709
338.15
338.032
337.901
337.962
337.834
337.828
337.885
337.741
337.973
338.086
337.989
337.93
337.6
337.815
337.749
340.387
337.832
338.075
338.066
337.734
338.097
338.629
337.74
337.642
337.693
338.015
338.152
337.943
337.921
337.883
338.115
337.708
338.001
337.969
337.736
337.88
337.989
338.02
338.102
337.934
338.025
337.794
338.06
337.988
337.902
337.744
337.784
337.793
337.945
342.855
337.55
338.552
337.845
337.919
337.778
337.896
338.291
338.007
338.409
337.85
338.007
335.257
338.314
338.431
338.582
338.492
338.41
338.746
338.824
338.729
338.606
338.678
339.041
338.917
338.717
338.934
338.762
339.024
338.977
339.275
339.068
338.76
338.825
339.449
338.873
339.029
339.009
339.156
339.05
339.074
339.106
339.162
338.949
339.778
339.221
339.297
339.686
339.576
339.117
339.099
339.143
339.151
339.128
339.172
339.011
339.805
339.905
339.465
339.188
338.976
338.897
338.809
339.263
339.132
338.943
339.235
339.194
338.875
338.996
339.06
339.02
339.069
339.124
339.163
339.339
339.143
338.535
339.082
339.22
339.243
339.854
339.196
338.808
339.126
338.795
339.035
338.885
338.971
339.198
339.227
339.143
339.03
338.702
338.598
338.835
338.684
339.023
338.787
338.931
338.925
339.007
339.125
339.294
338.697
338.981
338.958
338.938
338.758
360.858
338.735
339.061
338.906
339.185
339.205
339.101
339.098
339.178
339.241
339.19
339.182
339.15
338.952
338.894
338.874
339.112
339.193
339.115
338.797
338.472
338.978
339.006
338.832
338.658
338.934
338.967
338.633
338.82
338.735
338.903
339.164
338.981
338.691
338.89
338.56
338.545
338.659
338.547
338.806
338.409
338.639
338.566
338.515
338.743
338.747
338.637
338.618
338.523
338.371
338.562
338.954
338.486
338.533
338.466
338.697
338.042
338.684
338.271
338.462
338.419
338.639
338.304
338.277
338.553
338.555
338.689
338.523
338.316
338.385
338.474
338.534
338.518
338.701
338.269
338.332
338.351
338.384
338.273
338.473
338.375
338.203
338.241
338.412
338.607
338.381
338.248
338.422
338.296
338.473
338.134
338.189
338.396
338.264
338.467
338.161
338.464
338.36
338.17
338.295
338.069
338.393
338.141
338.159
338.327
338.187
338.388
338.212
338.122
338.291
338.085
338.289
338.304
338.209
338.39
337.982
338.35
337.966
338.07
337.907
338.262
337.952
337.988
338.379
338.192
337.774
338.397
338.129
337.881
338.092
338.189
337.724
338.194
337.847
338.105
338.176
338.112
337.937
338.139
337.84
338.046
337.968
337.967
338.361
338.034
338.002
337.888
337.85
338.077
337.85
337.808
338.461
337.91
337.674
338.045
337.735
337.951
337.958
338.046
337.962
337.754
337.857
356.508
337.718
337.98
339.205
338.291
337.954
338.171
338.2
338.383
338.122
338.516
338.489
338.261
338.291
338.031
338.364
338.052
338.518
338.222
338.445
338.397
338.201
338.427
338.528
338.072
338.297
338.581
338.528
338.455
338.55
338.367
338.239
338.189
338.404
338.53
338.175
338.293
338.518
338.454
338.197
338.294
337.968
338.087
338.426
337.911
338.06
338.15
337.991
337.893
338.059
338.116
338.163
338.135
337.988
337.997
338.049
338.117
338.093
338.305
337.889
337.961
337.895
337.926
338.187
338.059
338.181
337.945
338.072
337.948
337.98
337.532
337.956
337.824
337.9
337.694
338.018
337.671
337.68
337.944
337.827
338.054
337.852
337.728
337.604
338.014
337.975
337.856
338.095
