354.82
354.359
353.27
352.202
352.146
350.994
350.347
349.401
347.869
347.377
346.585
345.701
344.969
344.249
343.3
342.06
340.792
339.987
339.062
337.907
337.223
336.582
335.873
335.286
334.718
334.084
333.775
333.37
332.788
332.744
332.461
332.233
332.225
332.217
332.121
332.058
332.056
332.125
332.097
332.021
331.899
332.092
332.107
332.077
332.059
331.898
332.147
332.071
332.004
331.828
331.945
332.028
332.284
331.951
332.183
332.237
331.909
331.914
332.118
332.155
331.968
332.067
331.959
331.908
331.878
331.971
331.942
331.953
331.9
331.881
331.955
331.799
331.817
331.897
331.898
331.971
331.947
334.523
