      0
   3757
  10715
  17062
  23856
  31295
  39611
  44662
  52051
  58937
  65710
  71902
  81493
  86607
  93903
  99737
 107103
 114708
 122617
 127759
 135838
 143260
 149759
 155836
 164146
 171265
 177415
 188323
 189776
 200495
 205311
 212705
 219213
 227031
 233694
 241207
 251586
 257502
 262118
 271832
 279158
 286356
 290283
 296855
 307948
 312572
 319799
 326657
 331314
 342011
 345767
 354392
 365220
 369663
 376052
 379636
 394641
 400100
 407190
 417468
 423871
 427385
 439223
 446845
 448724
 457291
 465358
 469866
 478150
 489324
 493260
 504012
 511763
 512774
 523142
 533381
 538133
 546419
 551535
 559899
 565062
 577961
 586880
 596046
 599457
 606745
 611583
 621190
 628617
 638218
 642874
 653676
 658225
 670498
 678211
 685220
 689805
 704836
 712570
 714211
 721781
 735160
 745550
 750547
 755184
 768090
 771871
 777384
 782928
 796356
 803544
 810538
 822206
 828341
 839157
 844921
 855825
 863131
 864079
 881051
 879092
 890511
 899499
 916160
 919125
 923578
 928955
 938699
 952637
 955021
 965701
 969479
 977065
 988794
1000320
1004021
1013369
1022989
1027733
1043413
1048576
1050516
1065790
1075155
1082310
1092943
1102232
1106367
1121762
1128026
1126414
1140381
1161654
1161632
1165118
1174221
1187959
1198046
1200845
1204193
1215996
1228006
1239981
1251925
1256816
1272820
1267382
1285892
1286314
1302368
1308332
1315380
1319682
1331865
1339407
1347560
1363923
1365624
1376996
1386364
1388537
1403393
1418762
1422653
1423937
1444786
1445946
1462392
1467459
1474355
1490260
1495273
1498966
1512217
1524440
1535975
1540343
1542452
1557970
1563859
1576875
1589147
1591356
1596142
1610132
1622517
1634456
1645899
1650047
1660779
1666505
1679382
1684562
1689022
1702439
1709576
1721443
1735295
1743919
1753876
1760122
1767929
1785226
1786439
1799279
1810234
1820023
1823023
1842237
1847784
1849155
1868246
1872444
1880934
1894239
1896863
1915425
1921699
1933622
1935491
1943725
1957623
1961405
1971092
1975871
1988240
2013314
2019498
2015228
2030119
2036444
2041316
2053253
2062725
2075410
2082962
2092314
2107467
2107091
2116516
2129048
2132323
2145289
2158516
2166846
2164951
2180880
2199992
2191394
2209708
2220128
2229380
2232787
2236179
2242413
2259331
2265785
2281100
2287244
2298316
2299504
2314090
2317315
2328525
2340459
2337812
2356628
2360941
2380171
2380891
2392857
2402826
2404662
2410784
2419111
2438190
2437335
2444482
2455247
2472369
2466614
2476552
2489531
2501767
2508970
2506488
2518643
2529894
2542387
2548838
2557479
2560593
2570947
2577977
2587106
2598155
2598659
2603393
2628450
2630882
2634968
2640552
2645298
2641321
2655231
2668385
2677282
2681059
2697605
2701779
2707501
2716848
2729701
2731036
2735479
2744345
2749087
2761717
2761926
2768296
2780469
2776079
2795886
2802576
2802203
2810761
2811319
2825607
2825986
2844219
2835824
2850888
2854383
2857496
2853760
2864094
2877281
2890909
2882638
2896032
2906638
2908074
2909389
2914149
2924037
2922283
2934406
2938200
2947898
2953475
2959278
2954765
2968403
2972150
2985243
2969233
2991328
2977558
3002079
3009711
3009663
3011376
3023498
3015118
3030606
3038587
3042208
3045203
3052906
3043246
3046082
3054248
3050218
3064522
3069469
3057931
3075443
3074790
3084174
3086814
3090472
3099703
3098424
3092271
3119639
3105141
3115696
3110716
3110009
3111154
3120064
3130877
3123023
3133847
3130371
3131918
3139293
3132326
3141757
3141951
3138814
3148348
3148109
3153217
3151743
3166968
3154865
3170120
3177938
3170239
3158772
3166257
3169058
3172852
3161070
3174558
3177431
3181752
3172229
3178981
3175601
3180653
3178984
3177564
3178530
3180596
3177831
3175404
3173822
3174394
3179398
3174374
3190141
3182045
3184721
3184997
3170383
3181175
3186503
3181137
3176091
3171923
3168700
3185809
3169157
3176835
3174613
3163699
3168251
3162269
3167194
3168437
3165987
3168850
3156597
3159611
3160056
3163560
3145529
3144454
3145566
3142228
3127869
3141846
3145802
3138633
3128479
3137294
3131576
3121779
3117890
3113191
3121801
3114243
3111040
3109699
3111557
3105749
3102794
3103872
3090934
3098505
3067861
3073667
3077229
3074464
3074447
3056145
3049478
3057641
3042896
3044352
3046746
3044894
3034491
3032930
3035533
3025126
3012631
3009151
3005881
3004561
2993769
2992661
2987082
2977755
2964576
2965505
2971937
2959036
2961433
2933939
2944091
2938488
2933343
2923598
2919411
2921933
2899382
2905929
2897737
2886859
2885290
2879057
2874851
2863971
2864580
2855307
2863948
2840579
2841376
2833314
2820709
2813517
2803077
2810956
2796118
2797368
2787909
2777359
2773129
2759677
2744260
2740806
2751986
2731664
2719254
2722798
2703312
2704591
2703690
2689636
2680855
2684671
2657409
2652348
2646218
2636431
2629225
2622087
2613398
2603486
2606142
2591512
2587138
2577927
2566718
2567206
2546119
2541634
2538636
2528268
2528424
2517280
2496868
2493046
2490107
2475032
2479220
2465146
2444733
2444638
2434188
2434496
2416940
2404967
2396643
2384305
2371976
2372520
2361433
2358938
2352791
2343446
2321456
2316118
2311463
2313763
2297768
2279414
2269373
2273120
2258343
2249798
2241012
2235768
2228205
2218575
2209350
2192029
2184577
2170484
2168914
2162323
2143249
2127185
2128811
2115835
2107166
2102882
2085937
2080727
2074612
2059172
2044439
2038896
2037502
2027946
2018001
2005357
1996557
1992854
1979454
1962930
1960360
1950850
1943749
1929333
1920174
1920797
1894714
1904792
1884634
1870457
1860393
1848668
1846891
1826820
1827494
1808993
1806123
1801364
1794159
1786446
1779233
1768986
1748493
1736962
1742011
1723069
1716507
1696789
1701359
1692947
1675380
1664708
1659292
1651835
1638013
1628716
1621290
1612761
1597239
1595247
1584951
1575439
1568746
1555473
1538138
1538376
1522301
1515962
1503082
1503106
1490834
1471920
1469975
1462754
1450232
1442464
1435435
1429546
1415732
1401835
1408435
1384480
1382447
1373667
1357362
1356856
1343484
1340861
1331694
1318638
1315180
1298239
1298348
1285571
1272269
1263065
1256342
1242700
1245272
1236897
1220827
1217595
1203884
1206407
1186950
1191623
1177201
1163594
1158132
1152395
1148651
1136680
1120788
1117949
1107512
1104531
1085678
1083556
1083881
1076658
1061847
1059753
1046942
1044002
1031261
1024660
1018838
1011680
1000077
 992466
 980834
 980502
 966024
 959838
 959240
 952442
 941870
 931940
 930603
 921085
 913333
 905032
 902287
 894150
 890901
 876740
 872902
 868481
 857356
 849717
 844578
 839883
 829510
 820042
 820458
 803569
 804202
 796815
 783040
 783536
 782181
 765389
 768205
 761344
 754251
 742118
 735371
 733011
 724159
 713010
 710684
 705113
 705226
 691648
 690451
 685543
 677633
 670735
 664598
 657180
 650432
 651169
 636984
 635725
 630156
 622154
 618314
 613726
 607926
 603316
 592581
 591340
 587997
 579387
 573895
 566049
 564144
 557942
 556435
 550690
 544365
 540715
 531337
 527907
 525812
 519360
 512475
 512018
 500180
 499563
 494860
 486709
 482520
 480622
 473600
 469476
 464987
 463168
 455089
 449023
 444635
 444348
 439994
 435019
 430716
 423587
 425954
 417459
 411168
 409865
 404336
 403309
 400431
 393604
 388362
 386680
 381029
 378507
 374366
 367731
 364869
 362886
 356221
 351424
 350524
 348415
 341972
 341839
 332817
 330601
 327543
 328203
 322246
 319866
 315146
 308519
 307762
 306286
 299950
 302415
 293987
 290225
 291428
 284012
 284871
 280980
 278842
 270687
 268410
 268005
 262055
 259786
 254910
 257723
 256477
 248839
 245696
 243185
 237555
 239174
 236847
 233095
 228836
 227524
 227187
 223736
 217824
 219472
 215733
 210649
 210984
 205612
 203962
 201681
 200747
 199848
 196210
 191002
 189282
 187016
 184779
 182983
 182652
 179009
 174698
 173654
 174918
 171099
 167262
 168911
 165979
 161680
 158763
 158890
 158755
 156047
 153151
 150319
 150403
 147583
 147429
 144003
 143433
 140679
 137763
 137829
 134876
 133631
 133568
 128913
 127370
 126678
 124253
 124102
 123584
 122832
 118448
 115639
 116509
 114106
 112291
 113135
 109341
 109116
 106199
 106025
 106399
 104096
 100285
 102262
 100351
  98130
  97653
  95705
  94057
  92795
  91339
  90097
  88554
  89721
  87514
  84405
  83672
  82561
  82295
  80762
  78782
  79917
  77710
  76623
  74483
  74579
  73729
  72936
  73178
  72858
  69810
  67407
  67323
  66449
  66122
  64483
  64192
  61865
  61724
  60570
  59799
  61246
  58733
  58534
  57457
  57156
  56791
  54150
  53641
  53508
  52585
  51722
  51886
  49288
  49358
  48440
  47357
  47148
  46033
  45925
  44138
  44819
  44007
  44337
  43693
  42134
  43136
  39984
  40158
  40879
  38723
  38626
  36948
  36430
  36760
  36255
  35656
  34842
  33706
  33993
  34570
  32556
  32471
  32152
  30871
  30577
  30273
  29740
  29786
  28978
  28467
  28093
  28034
  27160
  27540
  27761
  25652
  25819
  26228
  24928
  24623
  23717
  24260
  23552
  23161
  22190
  22668
  21549
  21093
  20974
  21110
  19681
  20395
  20364
  20282
  18978
  19401
  18740
  18380
  18282
  18971
  17362
  17471
  17134
  16484
  15429
  16655
  15989
  16222
  14956
  15442
  15660
  14469
  13937
  14756
  13496
  13220
  12636
  13725
  13278
  12882
  12773
  13145
  11756
  12308
  12278
  11791
  10960
  11210
  10452
  11876
  10267
   9976
  10015
   9950
  10424
   9309
   9667
   9286
   9293
   8913
   8995
   9392
   8582
   8501
   8520
   8466
   7593
   7685
   7793
   7219
   7683
   7405
   6567
   7172
   7506
   7101
   6997
   6711
   6714
   6187
   6197
   5874
   5695
   5505
   6146
   5532
   5976
   5511
   5287
   5366
   5278
   5081
   5227
   4493
   5112
   4734
   4486
   4942
   4596
   4945
   4383
   4101
   4083
   4147
   3764
   4049
   3883
   3457
   3500
   3640
   3660
   4036
   3538
   3398
   3672
   3534
   3760
   3237
   3317
   3053
   3129
   2896
   2702
   3005
   2777
   2659
   2661
   2795
   2614
   2557
   2385
   2728
   2269
   2423
   2168
   2361
   2487
   2027
   2118
   2112
   2063
   2257
   2509
   2069
   2171
   1898
   1907
   1716
   1839
   1684
   1832
   1922
   1705
   1720
   1734
   1533
   1685
   1685
   1688
   1353
   1426
   1338
   1676
   1395
   1436
   1415
   1162
   1332
   1196
   1292
   1167
   1112
   1170
   1083
   1325
   1168
   1129
   1066
    931
    862
    921
    827
   1059
    945
    825
    803
   1066
    806
    931
    746
    694
    697
    711
    789
    806
    735
    816
    526
    830
    538
    520
    621
    506
    552
    683
    599
    615
    498
    387
    683
    567
    548
    700
    450
    462
    513
    574
    513
    441
    516
    345
    386
    415
    441
    351
    365
    354
    393
    354
    319
    363
    296
    408
    291
    300
    295
    288
    217
    353
    246
    304
    237
    419
    221
    211
    279
    110
    220
    294
    363
    200
    205
    216
    174
    175
    207
    273
    206
    204
    229
    235
    143
    175
    146
    192
    210
    153
    228
    175
    197
     91
    162
    200
    123
    172
    207
    124
    144
    104
    126
    126
    183
     96
     99
    151
    140
     95
     48
     83
    119
    125
    138
     54
     85
     87
     86
     67
    118
    119
     46
     52
    101
     57
     58
      8
     58
     70
     69
    112
     68
     92
     41
     44
     67
     35
     59
     27
     20
     28
     19
     17
     66
     58
     24
     32
      9
     40
     51
     64
     32
     33
     59
     51
     54
     55
      6
     31
     59
     47
     25
     14
     20
     51
     21
     56
     13
     19
     16
     22
      2
     11
      8
     46
     15
      8
     16
     53
     30
     42
     22
     18
     12
     28
     41
      7
      3
     26
      7
     10
     16
     41
     29
     22
     27
      7
     36
      0
      9
     11
     19
      2
     33
     10
     20
      8
      7
     34
     13
     14
      9
     28
     19
      5
     19
     17
     14
      5
      3
      0
     16
     15
     10
      2
      8
      8
      7
      4
      1
     21
      7
      0
     11
      6
      2
      0
     27
      9
     10
     14
     11
      0
      8
     15
      0
      4
     12
      3
      4
     11
      5
      0
      2
      2
     10
      7
      0
     13
      0
      0
      3
      9
      3
      2
      0
      0
     62
     37
      1
      0
      7
     20
     11
     25
      4
      2
      0
      6
      0
      0
      1
      0
      1
     20
      3
      0
      0
      0
      0
      6
      0
      4
      0
      3
      5
      0
     31
      0
      0
      0
      0
      2
      0
      0
      8
      2
      0
     14
      0
      0
      0
      0
      0
      4
      9
      0
      0
      0
      0
      0
      2
     10
     35
      0
      0
      0
      0
      0
      0
      0
      0
      3
      0
      0
      0
      7
      7
     11
      0
     10
      0
      0
      1
      0
      4
      1
      0
      0
      2
      2
      2
     18
      0
      0
      0
      2
      0
      3
      3
      4
      5
      0
      0
      0
      0
      0
      0
      0
      0
      0
      0
      0
     31
      0
      2
      3
      0
      0
      0
      0
      0
      0
      0
     27
      0
      5
      8
      0
      1
      0
      0
      0
      4
      0
      0
      0
      0
      0
      0
      0
      0
      0
      0
      7
      0
     14
      0
      0
      4
      0
      0
      0
      1
      0
      0
      0
      0
      0
      0
     15
      8
      0
      0
      0
      0
      5
      0
      0
      0
      0
      0
     10
      5
      0
      4
      0
      0
      0
      5
      0
      0
      5
      0
      0
      0
      0
      9
      0
      0
      0
      0
      0
      0
      0
      4
      0
      5
      2
      1
      4
      7
      2
     15
      0
      0
     18
      0
      0
      0
      0
     11
      0
      0
      0
      0
      0
      0
      1
      0
      1
      0
      3
      0
      0
      0
      0
      0
      0
      0
      0
      0
      0
      0
      0
     12
      0
      0
      6
      0
      7
      0
      0
      2
      0
      4
      9
      0
      0
      0
      1
      0
      2
      0
      0
      0
     26
      0
     13
      0
      0
      0
      0
      0
      0
      7
     10
      6
      6
     17
      2
      0
     14
      4
      0
     37
      9
      4
      0
      0
      0
      0
      0
      6
      0
      3
      8
      0
      2
      0
      0
      3
      0
      4
      6
      6
      0
      0
     20
      0
      0
      0
     11
      0
      0
      0
      0
      0
      0
      0
      0
      0
      0
      0
      0
      0
      0
      0
      3
      0
      1
      0
      0
      0
      0
      0
      2
      0
      4
      0
      6
      0
      0
      3
      0
      4
     23
     13
      0
      0
      0
      0
      0
      0
      5
      0
      0
      0
      2
      0
      0
      0
      0
      0
      0
      1
      0
      0
      0
      0
      0
      3
      0
      1
      0
      0
      0
      0
      0
      1
      0
      0
      0
      0
      0
      0
      0
      0
      0
      0
      0
      0
      0
      0
      0
      0
      0
      0
      0
      0
      5
      0
      0
      0
      0
      0
      0
      0
      0
      0
      0
      0
      0
      0
      0
      0
      0
      0
      0
      9
      0
      0
      0
      0
      5
      5
      0
      0
      0
      0
      0
      0
      0
      0
      0
      0
      0
      0
      0
      0
      0
      0
      0
      0
      0
      0
      0
      0
      0
      0
      0
      0
      0
      0
      0
      0
      0
      0
      0
      0
      0
      0
      0
      0
      0
      0
      0
      0
      0
      0
      0
      0
      0
      0
      0
      0
      1
      0
      0
      0
      0
      0
      0
      0
      0
      0
      0
      0
      0
      0
      0
      0
      0
      0
      0
      0
      0
      0
      0
      0
      0
      0
      0
      0
      0
      0
      0
      0
      0
      0
      0
      0
      0
      0
      0
      4
      0
      0
      0
      0
      0
      0
      0
      0
      0
      0
      1
      0
      0
      0
      0
      0
      0
      0
      0
      0
      8
      0
      0
     32
      0
      0
      0
      0
      0
      0
      0
      0
      0
      0
      0
      0
      0
      0
      0
      0
      0
      0
      0
      0
      0
      0
      0
      0
      0
      0
      6
     18
      0
      7
      0
      7
      4
      0
      0
      0
      5
      0
      1
      0
      0
      1
      0
      0
      0
      6
      5
      0
      0
      0
      2
      0
      0
      0
      0
      0
      0
     13
      8
      0
     19
      3
      7
      0
      0
      0
      0
      0
      6
      4
      0
      0
      0
      0
      0
     11
      0
      0
      0
      0
      0
      0
      0
      0
      4
      0
      0
      0
      0
      0
      0
      0
      0
      0
      0
      0
      0
      0
      0
      2
      0
      0
      0
      2
      0
      0
      0
      0
      0
      0
      0
      0
      0
      0
      0
      0
     10
      0
      0
      8
      0
      0
      0
      0
      0
      0
      0
      0
      0
      0
     14
      4
      0
      0
      0
      0
      0
      0
      0
      0
      0
      0
      0
      0
      0
      0
      0
      0
      0
      0
      0
      0
      0
      0
      0
      0
      0
      0
      0
      0
      0
      0
      0
      0
      0
      0
      0
      0
      0
      0
      0
      0
      0
      0
      0
      0
      0
      0
      0
      0
      0
      0
      0
      6
      0
      0
     10
      0
      0
      0
      0
      0
      0
      0
      0
      0
      0
      0
      0
      0
      0
      0
      0
      0
      0
      0
      0
      0
      0
      0
      0
      0
      0
      0
      0
      0
      0
      0
      0
      0
      0
      0
      0
      0
      0
      0
      0
      4
      0
      0
      0
      0
      0
      0
      0
      0
      0
      0
      0
      0
     12
      0
      0
      0
      0
      0
      0
      0
      0
      0
      0
      0
      0
      0
      0
      0
      0
      0
      0
      0
      0
      0
      0
      4
      0
      0
      0
      0
      0
      0
      0
      0
      0
      0
      0
      0
      2
      0
      0
      3
      0
      8
      0
      0
      0
      0
      0
      0
      0
      0
      0
      0
      0
      0
      0
      0
      0
      0
      0
      0
      1
      0
      0
      0
      0
      0
      0
      0
      0
      0
      0
      0
      0
      0
      0
      0
      0
      0
      0
     12
      0
      0
      0
      0
      0
      0
      0
      0
      0
      0
      0
      0
      0
      0
      0
      0
      0
      0
      0
      0
      0
      0
      0
      0
      0
      0
      0
      0
      0
      0
      3
      0
      0
      0
      0
      0
      3
      0
      0
      0
      0
      0
      0
      0
      0
      0
      0
      0
      0
      0
      0
      0
      0
      0
      0
      0
      0
      0
      0
      0
      0
      0
      0
      0
      0
      0
      0
      0
      0
      0
      0
      0
      0
      0
      0
      0
      0
      0
      0
      0
      0
      0
      0
      0
      0
      0
      0
      0
      0
      0
      0
      0
      0
      0
      7
      0
      0
      0
      0
      0
      0
      0
      0
      0
      0
      0
      0
      0
      0
      0
      0
      0
      0
      0
      0
      0
      0
      9
      0
      0
      0
     11
     13
      0
      0
      0
      0
      0
      0
      0
      0
      6
      0
      0
      0
      0
      0
      0
      0
      0
      0
      0
      0
      0
      0
     20
      0
      0
      1
      0
      0
      0
      0
      0
      0
      0
      0
      0
      0
      0
      0
      0
      0
      0
      0
      0
      0
      0
      0
      0
      0
      0
      0
      0
      0
      0
      0
      0
      0
      0
      0
      0
      0
      0
      0
      0
      0
      0
      0
      0
      0
      0
      0
      0
      0
      0
      0
      0
      0
      0
      0
      1
      0
      0
      0
      0
      0
      0
      0
      0
      0
      0
      0
      0
      0
      0
      0
      0
      0
      0
      0
      0
      0
      0
      0
      0
      0
      1
      0
      0
      0
      0
      0
      0
      0
      0
      0
      0
      0
      0
      0
      0
      0
      0
      0
      0
      0
      0
      0
      0
      0
      0
      0
      0
      0
      0
      0
      0
      0
      0
      0
      0
      0
      0
      0
      0
      0
      1
      5
      0
      0
      0
      0
      0
      3
      0
      0
      0
      0
      0
      0
      0
      0
      0
      0
      0
      0
      0
      0
      0
      0
      0
      0
      0
      0
      0
      0
      0
      0
      0
      0
      0
      0
      0
      0
      0
      0
      0
      0
      0
      0
      0
      0
      0
      0
      0
      0
      0
      0
      0
      7
      0
      0
      0
      0
      0
      0
      3
      1
      0
      0
      0
      0
      0
      0
      0
      0
      0
      0
      0
      0
      0
      0
      0
      0
      0
      0
      0
      0
      0
      0
      0
      0
      0
      0
      0
      0
      0
      0
      0
      0
      0
      0
      0
      0
      0
      0
      0
      0
      0
      0
      0
      0
      0
      0
      0
      0
      0
      0
      0
      0
      2
      0
      0
      0
      0
      0
      0
      0
      0
      0
      0
      3
      0
      0
      0
      0
      0
      0
      0
      0
      0
      0
      0
      0
      0
      0
      0
      0
      0
      0
      0
      0
      0
      0
      0
      0
      0
      0
      0
      0
      0
      0
      0
      0
      0
      0
      0
      0
      0
      0
      0
      0
      0
      0
      0
      0
      0
      0
      0
      0
      0
      0
      0
      0
      0
      0
      0
      0
      0
      0
      0
      0
      0
      0
      0
      0
      0
      0
      0
      0
      7
      0
      0
      0
      0
      0
      0
      0
      0
      0
      0
      0
      0
      0
      0
      0
      0
      0
      0
      0
      7
      0
      0
      0
      7
      0
      0
      0
      0
      0
      0
      0
      0
      0
      0
      0
      0
      0
      0
      0
      0
      0
      0
      0
      0
      0
      0
      0
      0
      0
      0
      0
      0
      0
      0
      0
      0
      0
      0
      0
      0
      0
      0
      0
      0
      0
      0
      0
      0
      0
      0
      0
      0
      0
      0
      0
      0
      0
      0
      0
      0
      0
      0
      0
      0
      0
      0
      0
      0
      0
      0
      0
      0
      0
      0
      0
      0
      0
      0
      0
      0
      0
      0
      0
      0
      0
      0
      0
      0
      0
      0
      0
      0
      0
      0
      0
      0
      0
      0
      0
      0
      0
      0
      0
      0
      0
      0
      0
      0
      0
      0
      0
      0
      0
      0
      0
      8
      0
      0
      0
      0
      0
      0
      3
      0
      0
      0
      0
      0
      0
      0
      0
      0
      0
      0
      0
      0
      0
      0
      0
      0
      0
      0
      0
      0
      0
      0
      0
      0
      0
