221.532
218.173
216.811
216.237
216.726
215.888
215.035
214.961
214.506
213.977
213.77
213.021
213.152
212.092
212.315
211.186
211.23
210.459
210.039
209.063
208.851
208.572
208.161
207.307
206.777
206.355
205.862
205.039
204.893
204.584
203.895
203.043
202.675
202.229
201.734
201.372
200.982
200.53
200.33
200.063
199.102
199.093
198.758
198.593
198.034
197.748
197.904
197.162
197.091
196.667
196.617
196.45
196.275
195.841
195.733
195.533
195.731
194.916
195.015
195.056
194.754
194.755
194.826
194.524
194.181
194.279
194.118
194.014
194.134
193.963
193.965
193.942
193.817
193.701
193.488
193.672
193.6
193.423
193.434
193.405
193.183
193.165
193.272
193.246
193.027
193.167
193.019
193.041
193.173
192.971
193.126
192.963
192.907
192.84
192.941
192.805
192.858
192.953
192.831
192.876
192.965
192.828
192.676
192.703
192.643
192.678
192.688
192.522
192.867
192.539
192.42
193.054
192.491
192.511
192.436
192.474
192.512
192.571
192.478
192.411
192.268
192.445
192.358
192.552
192.403
192.266
192.2
192.396
192.272
192.289
192.362
192.401
192.314
192.636
192.473
192.34
192.225
192.537
192.228
192.268
192.219
192.211
192.241
192.175
192.256
192.183
192.044
192.31
192.288
192.176
192.125
192.243
192.349
192.18
191.967
192.266
192.182
192.143
192.106
192.158
192.281
192.068
192.208
192.051
192.23
192.173
192.261
192.236
192.077
192.175
192.015
192.1
192.136
192.069
191.998
191.899
192.142
192.082
191.955
191.967
191.996
191.97
192.097
191.976
191.984
191.888
191.914
191.918
192.054
192.043
191.969
191.913
192.03
191.959
192.08
191.877
191.967
192.024
192.025
192.032
191.962
191.993
191.729
192.073
192.018
191.69
191.881
191.802
191.782
191.864
191.852
191.896
192.045
191.78
191.937
192.021
191.898
191.877
191.89
191.842
191.975
191.9
191.961
191.923
191.858
191.85
191.856
191.793
191.848
191.781
191.861
191.78
191.717
191.887
191.803
191.789
191.748
191.755
192.005
191.747
191.718
191.612
191.798
191.732
191.828
191.729
191.783
191.776
191.846
191.743
191.733
191.671
191.736
191.711
191.649
191.754
191.745
191.838
191.839
191.67
191.697
191.625
191.808
191.649
191.852
191.705
191.671
191.698
191.541
191.62
191.77
191.704
191.691
191.658
191.634
191.788
191.648
191.555
191.643
191.491
191.683
191.704
191.631
191.533
191.524
191.597
191.617
191.497
191.544
191.544
191.473
191.743
191.448
191.69
191.742
191.751
191.698
191.531
191.628
191.656
191.569
191.678
191.702
191.43
191.646
191.609
191.696
191.656
191.646
191.607
191.75
191.664
191.608
191.595
191.571
191.498
191.731
191.718
191.628
191.581
191.61
191.581
191.622
191.747
191.746
191.472
191.534
191.734
191.689
191.671
191.677
191.636
191.706
191.548
191.613
191.595
191.634
191.472
191.649
191.691
191.535
191.56
191.695
191.462
191.649
191.722
191.457
191.517
191.676
191.561
191.564
191.656
191.739
191.627
191.741
191.507
191.671
191.486
191.507
191.752
191.735
191.537
191.704
191.519
191.492
191.609
191.482
191.597
191.623
191.583
191.54
191.582
191.477
191.701
191.618
191.725
191.515
191.628
191.825
191.808
191.673
191.438
191.728
191.579
191.612
191.506
191.641
191.524
191.529
191.541
191.397
191.429
191.69
191.542
191.665
191.598
191.42
191.628
191.611
191.571
191.456
191.501
191.419
191.602
191.735
191.564
191.527
191.511
191.672
191.574
191.387
191.469
191.518
191.439
191.569
191.486
191.56
191.599
191.659
191.556
191.531
191.649
191.478
191.459
191.472
191.521
191.56
191.566
191.425
191.594
191.452
191.668
191.412
191.409
191.54
191.477
191.55
191.529
191.483
191.613
191.648
191.592
191.408
191.514
191.612
191.489
191.594
191.422
191.519
191.573
191.419
191.522
191.447
191.482
191.473
191.533
191.343
191.44
191.537
191.607
191.375
191.749
191.418
191.372
191.582
191.728
191.713
191.402
191.536
191.4
191.701
191.573
191.461
191.546
191.585
191.494
191.405
191.418
191.433
191.443
191.383
191.527
191.6
191.565
191.498
191.592
191.301
191.516
191.641
191.574
191.574
191.7
191.361
191.504
191.481
191.502
191.49
191.588
191.465
191.475
191.337
191.463
191.469
191.502
191.832
191.49
191.56
191.449
191.427
191.42
191.54
191.461
191.435
191.565
191.442
191.491
191.352
191.528
191.516
191.658
191.534
191.577
191.453
191.474
191.437
191.326
191.585
191.528
191.485
191.399
191.61
191.32
191.465
191.504
191.404
191.515
191.509
191.555
191.368
191.565
191.386
191.545
191.554
191.413
191.63
191.446
191.513
191.522
191.43
191.623
191.37
191.44
191.467
191.623
191.666
191.517
191.563
191.548
191.424
191.459
191.615
191.596
191.507
191.581
191.438
191.392
191.475
191.439
191.627
191.449
191.524
191.467
191.53
191.432
191.574
191.364
191.653
191.527
191.474
191.453
191.634
191.471
191.52
191.578
191.417
191.518
191.707
191.262
191.582
191.525
191.492
191.512
191.336
191.457
191.581
191.493
191.449
191.593
191.44
191.501
191.45
191.447
191.5
191.537
191.435
191.477
191.583
191.494
191.597
191.464
191.488
191.588
191.488
191.675
191.398
191.534
191.529
191.474
191.419
191.559
191.521
191.789
191.592
191.845
191.67
191.441
191.493
191.391
191.481
191.422
191.545
191.565
191.451
191.454
191.465
191.514
191.44
191.565
191.48
191.618
191.489
191.639
191.484
191.481
191.434
191.431
191.623
191.53
191.582
191.48
191.467
191.544
191.501
191.476
191.568
191.541
191.393
191.529
191.455
191.48
191.348
191.522
191.622
191.568
191.491
191.519
191.513
191.364
191.464
191.556
191.456
191.457
191.483
191.543
191.601
191.489
191.67
191.734
191.628
191.466
191.457
191.464
191.395
191.456
191.541
191.499
191.515
191.308
191.441
191.529
191.511
191.396
191.409
191.568
191.458
191.358
191.678
191.348
191.647
191.459
191.547
191.572
191.516
191.528
191.714
191.651
191.668
191.629
191.531
191.509
191.572
191.375
191.337
191.443
191.43
191.407
191.499
191.424
191.571
191.46
191.46
191.498
191.384
191.442
191.442
191.452
191.567
191.579
191.549
191.927
191.591
191.482
191.567
191.663
191.763
191.6
191.635
191.525
191.571
191.584
191.506
191.453
191.58
191.545
191.55
191.635
191.575
191.492
191.523
191.519
191.535
191.465
191.666
191.581
191.757
191.733
191.51
191.445
191.492
191.572
191.595
191.566
191.553
191.601
191.537
191.56
191.531
191.555
191.779
191.734
191.596
191.483
191.516
191.429
191.522
191.55
191.493
191.55
191.694
191.427
191.632
191.573
191.591
191.386
191.661
191.401
191.54
191.579
191.339
191.607
191.415
191.65
191.605
191.423
191.523
191.435
191.421
191.637
191.581
191.535
191.566
191.498
191.424
191.504
191.642
191.446
191.509
191.588
191.607
191.521
191.43
191.446
191.425
191.563
191.532
191.497
191.44
191.601
191.597
191.345
191.575
191.684
191.562
191.436
191.531
191.404
191.354
191.402
191.436
191.309
191.353
191.351
191.523
191.774
191.57
191.437
191.435
191.513
191.655
191.552
191.619
191.464
191.388
191.534
191.432
191.5
191.699
191.443
191.692
191.591
191.675
191.426
191.557
191.723
191.652
191.546
191.496
191.584
191.583
191.443
191.616
191.482
191.417
191.714
191.397
191.616
191.7
191.608
191.521
191.537
191.453
191.539
191.49
191.659
191.501
191.522
191.428
191.508
191.369
191.291
191.471
191.602
191.564
191.475
191.488
191.601
191.733
191.426
191.53
191.601
191.616
191.58
191.407
191.816
191.643
191.48
191.586
191.479
191.578
191.46
191.44
191.46
191.521
191.734
191.514
191.467
191.549
191.584
191.524
191.552
191.599
191.536
191.476
191.397
191.572
191.587
191.645
191.415
191.457
191.665
191.49
191.559
191.48
191.567
191.513
191.461
191.323
191.509
191.527
191.575
191.529
191.421
191.582
191.475
191.479
191.356
191.647
191.77
191.403
191.494
191.517
191.613
191.517
191.497
191.586
191.484
191.587
191.585
191.457
191.504
191.508
191.721
191.575
191.423
191.541
191.492
191.651
191.831
191.484
191.694
191.603
191.525
191.482
191.578
191.674
191.601
191.542
191.5
191.411
191.581
191.465
191.441
191.384
191.612
191.45
191.679
191.504
191.597
191.534
191.693
191.482
191.515
191.509
191.517
191.497
191.415
191.246
191.524
191.409
191.353
191.58
191.486
191.33
191.618
191.49
191.59
191.774
191.52
191.597
191.512
191.53
191.622
191.518
191.553
191.373
191.457
191.634
191.597
191.3
191.557
191.576
191.617
191.453
191.42
191.434
191.562
191.612
191.622
191.534
191.529
191.532
191.539
191.795
191.434
191.451
191.457
191.293
191.498
191.508
191.539
191.578
191.512
191.387
191.475
191.57
191.507
191.669
191.419
191.484
191.516
191.386
191.478
191.51
191.613
191.523
191.594
191.413
191.728
191.602
191.512
191.539
191.491
191.494
191.64
191.494
191.445
191.515
191.527
191.47
191.445
191.431
191.339
191.581
191.542
191.392
191.424
191.787
191.555
191.623
191.477
191.751
191.629
191.432
191.308
191.439
191.603
191.464
191.719
191.578
191.423
191.418
191.512
191.559
191.603
191.383
191.529
191.442
191.508
191.453
191.66
191.618
191.385
191.398
191.504
191.473
191.593
191.453
191.51
191.371
191.385
191.562
191.617
191.414
191.443
191.462
191.389
191.574
191.512
191.61
191.443
191.474
191.426
191.445
191.571
191.527
191.594
191.561
191.56
191.542
191.611
191.467
191.495
191.386
191.53
191.592
191.659
191.706
191.505
191.529
191.518
191.541
191.483
191.421
191.472
191.566
191.693
191.691
191.513
191.532
191.426
191.572
191.531
191.546
191.542
191.363
191.452
191.456
191.502
191.561
191.575
191.615
191.49
191.42
191.422
191.513
191.652
191.434
191.5
191.529
191.582
191.679
191.573
191.525
191.493
191.476
191.517
191.551
191.639
191.417
191.61
191.661
191.602
191.63
191.624
191.411
191.252
191.624
191.519
191.34
191.479
191.314
191.569
191.488
191.455
191.426
191.575
191.594
191.452
191.569
191.521
191.587
191.591
191.322
191.491
191.595
191.546
191.462
191.574
191.578
191.359
191.419
191.603
191.463
191.443
191.591
191.491
191.494
191.611
191.385
191.375
191.415
191.497
191.679
191.558
191.36
191.659
191.541
191.455
191.379
191.405
191.443
191.47
191.529
191.568
191.65
191.521
191.543
191.593
191.6
191.579
191.596
191.533
191.572
191.543
191.549
191.566
191.5
191.472
191.673
191.61
191.297
191.378
191.576
191.723
191.534
191.581
191.526
191.46
191.556
191.506
191.474
191.576
191.517
191.549
191.573
191.439
191.379
191.567
191.652
191.531
191.503
191.559
191.462
191.699
191.578
191.423
191.647
191.441
191.593
191.494
191.615
191.522
191.481
191.634
191.441
191.435
191.609
191.485
191.597
191.468
191.514
191.52
191.451
191.551
191.593
191.719
191.515
191.363
191.44
191.422
191.437
191.549
191.403
191.63
191.409
191.52
191.531
191.653
191.509
191.369
191.561
191.477
191.619
191.573
191.454
191.505
191.547
191.686
191.393
191.423
191.507
191.554
191.562
191.492
191.518
191.324
191.658
191.679
191.467
191.463
191.531
191.438
191.539
191.553
191.452
191.508
191.56
191.586
191.398
191.464
191.59
191.493
191.486
191.435
191.555
191.663
191.447
191.382
191.493
191.444
191.51
191.476
191.546
191.58
191.695
191.574
191.653
191.809
191.545
191.558
191.563
191.351
191.447
191.504
191.556
191.592
191.456
191.56
191.629
191.561
191.481
191.645
191.326
191.393
191.703
191.555
191.511
191.605
191.593
191.45
191.611
191.492
191.554
191.603
191.492
191.559
191.54
191.396
191.535
191.624
191.529
191.449
191.568
191.456
191.507
191.607
191.499
191.552
191.356
191.601
191.499
191.616
191.525
191.486
191.341
191.458
191.494
191.637
191.394
191.507
191.495
191.362
191.531
191.395
191.576
191.481
191.631
191.613
191.648
191.388
191.516
191.689
191.529
191.469
191.538
191.571
191.599
191.466
191.639
191.403
191.481
191.509
191.313
191.508
191.487
191.627
191.477
191.498
191.627
191.711
191.533
191.539
191.507
191.496
191.534
191.584
191.57
191.528
191.368
191.452
191.376
191.668
191.5
191.329
191.522
191.381
191.522
191.575
191.398
191.285
191.41
191.548
191.473
191.51
191.481
191.556
191.537
191.651
191.514
191.513
191.504
191.529
191.518
191.532
191.473
191.46
191.591
191.603
191.41
191.537
191.345
191.538
191.533
191.548
191.441
191.62
191.417
191.617
191.422
191.58
191.403
191.547
191.595
191.386
191.736
191.694
191.512
191.53
191.441
191.445
191.492
191.468
191.573
191.534
191.611
191.582
191.645
191.74
191.56
191.474
191.559
191.502
191.685
191.595
191.596
191.467
191.55
191.457
191.839
191.652
191.37
191.432
191.566
191.771
191.603
191.465
191.582
191.643
191.412
191.691
191.507
191.494
191.531
191.504
191.557
191.793
191.599
191.643
191.6
191.505
191.51
191.784
191.498
191.522
191.546
191.545
191.587
191.53
191.543
191.541
191.445
191.35
191.677
191.455
191.593
191.469
191.623
191.677
191.532
191.699
191.537
191.502
191.719
191.423
191.512
191.553
191.489
191.567
191.542
191.477
191.625
191.529
191.704
191.608
191.492
191.601
191.625
191.657
191.613
191.498
191.398
191.631
191.728
191.592
191.464
191.722
191.667
191.661
191.352
191.662
191.455
191.625
191.509
191.512
191.566
191.628
191.53
191.654
191.574
191.466
191.561
191.568
191.315
191.599
191.467
191.548
191.461
191.492
191.576
191.721
191.445
191.329
191.605
191.533
191.48
191.51
191.611
191.456
191.671
191.526
191.349
191.56
191.478
191.57
191.354
191.566
191.572
191.478
191.537
191.556
191.448
191.497
191.427
191.505
191.614
191.548
191.587
191.589
191.561
191.431
191.396
191.504
191.421
191.464
191.716
191.565
191.379
191.442
191.577
191.439
191.538
191.557
191.573
191.336
191.423
191.565
191.539
191.439
191.485
191.431
191.405
191.461
191.422
191.464
191.457
191.602
191.386
191.373
191.534
191.584
191.681
191.376
191.532
191.46
191.46
191.527
191.52
191.419
191.541
191.629
191.468
191.479
191.592
191.528
191.576
191.541
191.336
191.53
191.531
191.56
191.78
191.529
191.458
191.545
191.471
191.446
191.448
191.472
191.613
191.564
191.371
191.507
191.371
191.337
191.426
191.461
191.623
191.605
191.432
191.227
191.355
191.493
191.453
191.465
191.586
191.538
191.371
191.437
191.657
191.35
191.553
191.51
191.613
191.563
191.366
191.521
191.545
191.526
191.596
191.644
191.378
191.584
191.687
191.552
191.735
191.649
191.477
191.523
191.528
191.428
191.534
191.536
191.438
191.561
191.35
191.673
191.606
191.567
191.438
191.595
191.498
191.391
191.474
191.558
191.662
191.54
191.512
191.451
191.404
191.548
191.378
191.351
191.439
191.541
191.455
191.512
191.398
191.293
191.579
191.556
191.41
191.688
191.414
191.743
191.48
191.727
191.495
191.556
191.613
191.635
191.543
191.408
191.483
191.644
191.51
191.538
191.509
191.391
191.394
191.526
191.371
191.457
191.505
191.475
191.531
191.543
191.452
191.491
191.642
191.405
191.7
191.657
191.492
191.528
191.557
191.375
191.489
191.594
191.39
191.583
191.628
191.453
191.547
191.742
191.494
191.473
191.533
191.571
191.565
191.498
191.543
191.44
191.486
191.389
191.517
191.594
191.466
191.539
191.582
191.588
191.511
191.552
191.483
191.414
191.554
191.784
191.463
191.501
191.489
191.516
191.551
191.483
191.438
191.473
191.47
191.514
191.351
191.502
191.502
191.534
191.592
191.567
191.445
191.491
191.673
191.355
191.455
191.446
191.533
191.652
191.589
191.533
191.44
191.535
191.422
191.459
191.527
191.558
191.641
191.54
191.52
191.573
191.445
191.426
191.495
191.565
191.506
191.242
191.509
191.433
191.627
191.699
191.516
191.526
191.589
191.486
191.441
191.376
191.483
191.723
191.662
191.529
191.611
191.572
191.629
191.532
191.531
191.472
191.493
191.62
191.602
191.392
191.746
191.645
191.539
191.443
191.514
191.464
191.418
191.488
191.479
191.512
191.652
191.684
191.656
191.511
191.434
191.559
191.687
191.385
191.432
191.518
191.681
191.413
191.527
191.387
191.373
191.556
191.4
191.397
191.495
191.483
191.446
191.632
191.506
191.537
191.7
191.606
191.509
191.414
191.585
191.416
191.961
191.472
191.602
191.446
191.424
191.554
191.538
191.523
191.476
191.388
191.621
191.472
191.643
191.574
191.579
191.471
191.477
191.5
191.663
191.615
191.595
191.486
191.43
191.501
191.508
191.548
191.487
191.567
191.525
191.555
191.786
191.526
191.504
191.432
191.454
191.614
191.933
191.607
191.659
191.651
191.418
191.628
191.73
191.416
191.503
191.521
191.531
191.529
191.524
191.789
192.064
191.627
191.608
191.515
191.543
191.596
191.605
191.662
191.664
191.434
191.522
191.687
191.632
191.614
191.544
191.574
191.427
191.459
191.513
191.469
191.551
191.435
191.468
191.527
191.4
191.658
191.616
191.561
191.646
191.563
191.404
191.615
191.355
191.583
191.587
191.514
191.584
191.545
191.511
191.476
191.495
191.553
191.576
191.693
191.608
191.621
191.59
191.579
191.465
191.345
191.488
191.579
191.581
191.614
191.599
191.492
191.509
191.625
191.55
191.517
191.572
191.712
191.555
191.456
191.388
191.558
191.422
191.608
191.49
191.548
191.438
191.728
191.525
191.609
191.553
191.526
191.506
191.559
191.534
191.587
191.787
191.544
191.556
191.54
191.448
191.671
191.359
191.531
191.377
191.571
191.541
191.587
191.412
191.482
191.7
191.365
191.486
191.498
191.477
191.585
191.498
191.397
191.508
191.65
191.44
191.581
191.353
191.45
191.439
191.638
191.639
191.528
191.442
191.559
191.397
191.587
191.408
191.56
191.611
191.481
191.46
191.585
191.542
191.536
191.549
191.486
191.525
191.397
191.45
191.399
191.478
191.539
191.658
191.653
191.301
191.502
191.643
191.537
191.596
191.565
191.48
191.526
191.472
191.503
191.44
191.424
191.616
191.469
191.556
191.555
191.641
191.603
191.592
191.581
191.559
191.53
191.489
191.502
191.46
191.612
191.556
191.487
191.504
191.568
191.634
191.353
191.663
191.553
191.394
191.344
191.415
191.564
191.525
191.462
191.429
191.409
191.353
191.442
191.512
191.619
191.496
191.452
191.457
191.497
191.574
191.62
191.594
191.58
191.45
191.488
191.381
191.544
191.589
191.32
191.581
191.474
191.632
191.675
191.513
191.513
191.604
191.379
191.379
191.625
191.58
191.658
191.47
191.423
191.297
191.682
191.568
191.308
191.536
191.65
191.529
191.527
191.637
191.662
191.645
191.61
191.47
191.524
191.43
191.493
191.531
191.563
191.446
191.535
191.427
191.448
191.434
191.554
191.706
191.549
191.44
191.522
191.353
191.49
191.538
191.424
191.605
191.501
191.633
191.422
191.571
191.654
191.503
191.444
191.422
191.567
191.505
191.396
191.493
191.595
191.61
191.507
191.52
191.388
191.474
191.547
191.566
191.504
191.532
191.732
191.388
191.479
191.49
191.494
191.446
191.781
191.581
191.508
191.576
191.494
191.411
191.45
191.53
191.39
191.463
191.597
191.642
191.575
191.606
191.546
191.557
191.473
191.536
191.553
191.591
191.501
191.47
191.482
191.668
191.486
191.431
191.526
191.508
191.553
191.598
191.563
191.502
191.652
191.663
191.492
191.538
191.686
191.591
191.513
191.64
191.71
191.431
191.711
191.546
191.457
191.604
191.448
191.5
191.594
191.522
191.497
191.534
191.545
191.614
191.581
191.46
191.525
191.569
191.556
191.483
191.561
191.635
191.398
191.517
191.429
191.446
191.438
191.685
191.555
191.658
191.397
191.451
191.486
191.581
191.448
191.677
191.577
191.552
191.416
191.556
191.598
191.455
191.617
191.423
191.409
191.481
191.576
191.506
191.283
191.504
191.442
191.649
191.482
191.381
191.441
191.5
191.49
191.523
191.473
191.452
191.458
191.578
191.549
191.473
191.605
191.554
191.67
191.556
191.573
191.513
191.47
191.571
191.682
191.601
191.618
191.613
191.465
191.675
191.515
191.523
191.592
191.661
191.662
191.607
191.458
191.638
191.631
191.571
191.613
191.56
191.455
191.422
191.621
191.823
191.574
191.596
191.629
191.505
191.638
191.667
191.548
191.357
191.418
191.549
191.539
191.403
191.574
191.499
191.444
191.734
191.572
191.534
191.507
191.397
191.466
191.48
191.525
191.476
191.55
191.545
191.478
191.592
191.462
191.522
191.484
191.559
191.631
191.416
191.697
191.67
191.453
191.52
191.618
191.436
191.61
191.286
191.576
191.613
191.611
191.494
191.604
191.542
191.453
191.509
191.56
191.619
191.669
191.458
191.536
191.402
191.495
191.645
191.603
191.53
191.707
191.498
191.433
191.686
191.556
191.455
191.304
191.657
191.6
191.463
191.635
191.535
191.569
191.499
191.47
191.517
191.629
191.574
191.448
191.51
191.453
191.596
191.646
191.596
191.649
191.563
191.432
191.656
191.53
191.556
191.552
191.589
191.515
191.672
191.527
191.548
191.722
191.625
191.479
191.464
191.479
191.656
191.389
191.31
191.479
191.582
191.538
191.584
191.589
191.68
191.561
191.525
191.437
191.581
191.359
191.592
191.494
191.532
191.398
191.529
191.665
191.54
191.352
191.405
191.424
191.569
191.627
191.668
191.433
191.546
191.484
191.607
191.655
191.562
191.436
191.622
191.618
191.474
191.725
191.59
191.553
191.462
191.352
191.504
191.666
191.466
191.522
191.47
191.52
191.369
191.398
191.432
191.593
191.489
191.492
191.624
191.46
191.646
191.481
191.605
191.531
191.493
191.431
191.44
191.584
191.614
191.544
191.489
191.608
191.542
191.451
191.542
191.595
191.526
191.395
191.506
191.74
191.548
191.407
191.715
191.497
191.524
191.652
191.521
191.402
191.564
191.35
191.535
191.517
191.65
191.482
191.469
191.633
191.599
191.588
191.438
191.4
191.523
191.402
191.435
191.741
191.477
191.512
191.631
191.558
191.41
191.438
191.502
191.485
191.432
191.584
191.478
191.663
191.491
191.549
191.567
191.595
191.509
191.605
191.611
191.624
191.595
191.501
191.556
191.459
191.685
191.596
191.563
191.545
191.577
191.447
191.551
191.509
191.52
191.412
191.589
191.607
191.431
191.581
191.493
191.312
191.574
191.504
191.719
191.517
191.417
192.022
191.615
191.656
191.479
191.481
191.597
191.591
191.555
191.592
191.486
191.541
191.66
191.544
191.688
191.566
191.506
191.671
191.76
191.473
191.603
191.5
191.452
191.683
191.423
191.495
191.604
191.605
191.661
191.831
191.615
191.418
191.522
191.504
191.416
191.64
191.625
191.561
191.747
191.535
191.482
191.787
191.424
191.593
191.731
191.674
191.488
191.579
191.756
191.378
191.604
191.582
191.721
191.367
191.484
191.459
191.652
191.469
191.57
191.49
191.477
191.562
191.522
191.513
191.515
191.534
191.513
191.503
191.388
191.558
191.437
191.488
191.558
191.377
191.357
191.652
191.505
191.588
191.395
191.589
191.531
191.526
191.547
191.502
191.326
191.546
191.351
191.49
191.378
191.455
191.468
191.535
191.495
191.294
191.486
191.548
191.384
191.582
191.469
191.469
191.567
191.659
191.696
191.475
191.636
191.457
191.411
191.422
191.502
191.525
191.552
191.428
191.495
191.409
191.52
191.617
191.382
191.46
191.627
191.726
191.49
191.554
191.438
191.582
191.658
191.617
191.527
191.585
191.571
191.569
191.454
191.429
191.505
191.464
191.599
191.649
191.473
191.529
191.555
191.564
191.482
191.559
191.372
191.521
191.429
191.465
191.551
191.617
191.477
191.536
191.558
191.494
191.391
191.572
191.542
191.429
191.43
191.448
191.447
191.604
191.502
191.499
191.522
191.597
191.805
191.53
191.667
191.62
191.359
191.497
191.372
191.541
191.533
191.668
191.512
191.53
191.442
191.53
191.432
191.487
191.73
191.505
191.553
191.565
191.43
191.623
191.568
191.463
191.54
191.609
191.537
191.548
191.472
191.529
191.566
191.566
191.503
191.583
191.669
191.721
191.532
191.659
191.599
191.584
191.492
191.469
191.528
191.53
191.57
191.383
191.499
191.443
191.365
191.606
191.465
191.752
191.652
191.476
191.579
191.507
191.48
191.575
191.442
191.457
191.55
191.493
191.507
191.398
191.403
191.588
191.488
191.423
191.504
191.728
191.609
191.469
191.446
191.453
191.58
191.54
191.439
191.765
191.564
191.488
191.504
191.517
191.604
191.558
191.516
191.48
191.593
191.514
191.661
191.654
191.513
191.542
191.489
191.573
191.504
191.623
191.283
191.69
191.571
191.566
191.61
191.605
191.379
191.32
191.583
191.527
191.491
191.476
191.546
191.481
191.443
191.361
191.557
191.509
191.554
191.434
191.556
191.532
191.53
191.586
191.548
191.449
191.384
191.372
191.468
191.488
191.556
191.533
191.444
191.429
191.557
191.583
191.414
191.68
191.495
191.608
191.567
191.42
191.585
191.525
191.658
191.589
191.47
191.521
191.558
191.574
191.389
191.591
191.606
191.467
191.264
191.558
191.661
191.382
191.505
191.574
191.435
191.424
191.386
191.737
191.625
191.519
191.402
191.633
191.386
191.506
191.435
191.553
191.458
191.556
191.372
191.497
191.656
191.491
191.335
191.558
191.606
191.611
191.688
191.627
191.58
191.534
191.487
191.606
191.673
191.639
191.473
191.772
191.612
191.608
191.47
191.446
191.515
191.6
191.585
191.503
191.631
191.645
191.776
191.463
191.69
191.697
191.477
191.501
191.333
191.417
191.564
191.706
191.7
191.47
191.595
191.717
191.667
191.572
191.473
191.507
191.556
191.498
191.609
191.545
191.544
191.396
191.58
191.386
191.693
191.539
191.532
191.554
191.553
191.492
191.417
191.557
191.454
191.628
191.479
191.57
191.573
191.363
191.514
191.558
191.684
191.416
191.532
191.656
191.601
191.603
191.553
191.477
191.607
191.671
191.515
191.34
191.66
191.538
191.747
191.51
191.41
191.501
191.5
191.605
191.514
191.409
191.528
191.456
191.462
191.508
191.468
191.455
191.576
191.466
191.675
191.568
191.658
191.549
191.431
191.623
191.568
191.618
191.625
191.477
191.567
191.58
191.527
191.378
191.511
191.442
191.55
191.536
191.299
191.491
191.458
191.452
191.553
191.586
191.585
191.497
191.526
191.683
191.359
191.487
191.572
191.668
191.592
191.432
191.507
191.565
191.692
191.441
191.549
191.46
191.577
191.577
191.457
191.61
191.554
191.48
191.502
191.358
191.357
191.519
191.501
191.617
191.513
191.465
191.581
191.461
191.501
191.483
191.45
191.646
191.541
191.646
191.554
191.642
191.46
191.512
191.53
191.544
191.471
191.463
191.614
191.587
191.582
191.435
191.573
191.528
191.443
191.469
191.519
191.443
191.587
191.649
191.666
191.527
191.617
191.508
191.398
191.539
191.6
191.708
191.628
191.506
191.514
191.641
191.488
191.408
191.618
191.58
191.737
191.605
191.537
191.569
191.461
191.344
191.395
191.581
191.393
191.52
191.512
191.6
191.517
191.521
191.579
191.479
191.49
191.514
191.535
191.49
191.426
191.374
191.668
191.432
191.6
191.548
191.71
191.709
191.581
191.564
191.404
191.59
191.554
191.68
191.462
191.64
191.643
191.612
191.666
191.424
191.582
191.66
191.573
191.657
191.515
191.422
191.498
191.575
191.596
191.517
191.38
191.388
191.366
191.475
192.056
191.52
191.556
191.626
191.423
191.409
191.605
191.484
191.537
191.569
191.608
191.478
191.525
191.622
191.58
191.647
191.651
191.759
191.58
191.561
191.369
191.583
191.588
191.544
191.566
191.538
191.506
191.463
191.512
191.549
191.441
191.431
191.449
191.592
191.633
191.663
191.641
191.493
191.503
191.459
191.268
191.451
191.413
191.435
191.419
191.553
191.484
191.555
191.438
191.446
191.499
191.429
191.454
191.451
191.516
191.499
191.604
191.47
191.71
191.606
191.663
191.469
191.598
191.569
191.53
191.431
191.475
191.594
191.49
191.539
191.561
191.555
191.741
191.466
191.431
191.393
191.415
191.441
191.361
191.377
191.568
191.435
191.61
191.524
191.624
191.492
191.699
191.388
191.666
191.499
191.616
191.539
191.619
191.567
191.341
191.571
191.51
191.445
191.483
191.464
191.376
191.413
191.337
191.503
191.524
191.62
191.52
191.563
191.461
191.383
191.523
191.768
191.496
191.462
191.665
191.442
191.44
191.352
191.501
191.511
191.198
191.506
191.54
191.507
191.502
191.531
191.608
191.637
191.598
191.6
191.584
191.499
191.414
191.586
191.524
191.507
191.478
191.491
191.56
191.372
191.476
191.419
191.613
191.609
191.681
191.51
191.643
191.483
191.529
191.55
191.642
191.459
191.529
191.568
191.507
191.392
191.536
191.667
191.707
191.574
191.418
191.47
191.591
191.439
191.404
191.577
191.502
191.582
191.444
191.678
191.415
191.753
191.408
191.625
191.565
191.418
191.603
191.556
191.476
191.484
191.56
191.603
191.36
191.484
191.49
191.656
191.4
191.413
191.7
191.467
191.377
191.508
191.532
191.494
191.518
191.578
191.507
191.561
191.431
191.547
191.489
191.514
191.493
191.416
191.388
191.501
191.516
191.706
191.676
191.51
191.786
191.578
191.542
191.417
191.521
191.496
191.44
191.497
191.487
191.512
191.566
191.639
191.497
191.411
191.772
191.535
191.603
191.509
191.497
191.573
191.389
191.688
191.628
191.645
191.671
191.547
191.611
191.619
191.698
191.572
191.509
191.496
191.577
191.535
191.452
191.657
191.59
191.502
191.584
191.485
191.597
191.495
191.457
191.664
191.416
191.411
191.507
191.582
191.454
191.539
191.475
191.536
191.449
191.567
191.513
191.6
191.452
191.452
191.538
191.747
191.598
191.454
191.374
191.426
191.547
191.484
191.463
191.511
191.463
191.637
191.442
191.527
191.469
191.46
191.399
191.382
191.457
191.477
191.393
191.325
191.357
191.466
191.493
191.503
191.425
191.668
191.516
191.78
191.618
191.598
191.611
191.503
191.485
191.468
191.653
191.429
191.516
191.534
191.488
191.503
191.637
191.518
191.393
191.422
191.611
191.588
191.336
191.522
191.621
191.61
191.63
191.461
191.649
191.608
191.587
191.541
191.576
191.486
191.53
191.347
191.497
191.552
191.418
191.645
191.257
191.454
191.461
191.412
191.722
191.539
191.661
191.506
191.536
191.61
191.508
191.518
191.46
191.47
191.462
191.572
191.321
191.583
191.497
191.671
191.467
191.529
191.522
191.44
191.401
191.578
191.53
191.429
191.403
191.546
191.46
191.725
191.679
191.614
191.491
191.489
191.596
191.481
191.457
191.673
191.659
191.723
191.549
191.657
191.39
191.57
191.574
191.526
191.422
191.437
191.452
191.509
191.642
191.305
191.435
191.559
191.402
191.611
191.475
191.454
191.504
191.605
191.499
191.588
191.343
191.483
191.648
191.619
191.526
191.476
191.557
191.522
191.538
191.697
191.461
191.578
191.434
191.552
191.466
191.351
191.533
191.663
191.64
191.541
191.622
191.43
191.366
191.692
191.567
191.664
191.344
191.552
191.632
191.471
191.33
191.62
191.48
191.591
191.267
191.525
191.472
191.349
191.535
191.331
191.476
191.503
191.393
191.663
191.671
191.523
191.65
191.513
191.551
191.618
191.575
191.644
191.571
191.303
191.624
191.622
191.648
191.495
191.517
191.649
191.56
191.629
191.482
191.539
191.449
191.526
191.423
191.592
191.542
191.462
191.476
191.549
191.491
191.435
191.547
191.599
191.459
191.433
191.687
191.687
191.422
191.422
191.486
191.603
191.658
191.595
191.439
191.679
191.512
191.305
191.374
191.483
191.614
191.576
191.503
191.648
191.376
191.509
191.663
191.458
191.43
191.407
191.48
191.445
191.483
191.585
191.528
191.656
191.437
191.513
191.588
191.631
191.495
191.562
191.795
191.53
191.573
191.619
191.498
191.499
191.65
191.605
191.403
191.509
191.445
191.611
191.461
191.524
191.467
191.583
191.689
191.799
191.491
191.623
191.638
191.415
191.465
191.459
191.617
191.46
191.476
191.581
191.498
191.58
191.631
191.488
191.407
191.486
191.584
191.574
191.466
191.444
191.505
191.678
191.729
191.616
191.437
191.5
191.53
191.509
191.488
191.484
191.567
191.361
191.472
191.442
191.485
191.73
191.355
191.52
191.495
191.482
191.364
191.778
191.528
191.69
191.524
191.61
191.633
191.471
191.517
191.596
191.575
191.684
191.455
191.619
191.716
191.481
191.432
191.589
191.566
191.536
191.703
191.75
191.554
191.616
191.694
191.542
191.63
191.525
191.68
191.489
191.4
191.639
191.723
191.433
191.493
191.498
191.552
191.671
191.514
191.618
191.563
191.479
191.545
191.606
191.514
191.518
191.471
191.5
191.491
191.659
191.663
191.608
191.566
191.716
191.564
191.489
191.525
191.497
191.573
191.418
191.612
191.522
191.698
191.423
191.433
191.489
191.602
191.595
191.443
191.428
191.581
191.59
191.653
191.491
191.376
191.459
191.675
191.582
191.655
191.533
191.55
191.463
191.403
191.427
191.544
191.615
191.635
191.661
191.551
191.621
191.511
191.62
191.505
191.548
191.605
191.572
191.475
191.44
191.607
191.534
191.587
191.616
191.614
191.557
191.409
191.467
191.705
191.558
191.544
191.528
191.481
191.462
191.505
192.345
191.589
191.564
191.474
191.524
191.574
191.598
191.482
191.658
191.727
191.677
191.502
191.571
191.623
191.772
191.393
191.605
191.596
191.66
191.686
191.516
191.709
191.498
191.533
191.658
191.633
191.585
191.681
191.611
191.473
191.674
191.767
191.361
191.708
191.368
191.397
191.547
191.575
191.625
191.543
191.647
191.368
191.495
191.361
191.558
191.588
191.554
191.709
191.663
191.575
191.54
191.587
191.566
191.456
191.549
191.613
191.404
191.684
191.521
191.7
191.63
191.478
191.361
191.417
191.47
191.482
191.468
191.576
191.745
191.491
191.59
191.572
191.432
191.57
191.612
191.566
191.605
191.55
191.416
191.73
191.43
191.396
191.565
191.457
191.571
191.534
191.427
191.524
191.492
191.487
191.54
191.595
191.538
191.52
191.554
191.588
191.467
191.564
191.639
191.425
191.38
191.55
191.533
191.297
191.558
191.639
191.539
191.636
191.432
191.54
191.548
191.609
191.605
191.489
191.573
191.331
191.46
191.525
191.486
191.495
191.597
191.354
191.52
191.561
191.51
191.356
191.471
191.389
191.565
191.584
191.502
191.505
191.654
191.398
191.558
191.471
191.439
191.437
191.541
191.75
191.714
191.604
191.607
191.491
191.629
191.547
191.455
191.504
191.761
191.513
191.573
191.551
191.481
191.486
191.544
191.462
191.581
191.531
191.493
191.551
191.555
191.667
191.594
191.52
191.558
191.499
191.474
191.389
191.493
191.536
191.641
191.602
191.48
191.563
191.356
191.571
191.571
191.622
191.6
191.532
191.756
191.398
191.623
191.287
191.499
191.381
191.413
191.506
191.587
191.519
191.544
191.599
191.586
191.738
191.525
191.511
191.411
191.554
191.382
191.48
191.509
191.487
191.598
191.513
191.483
191.561
191.492
191.431
191.563
191.642
191.652
191.415
191.458
191.619
191.532
191.454
191.479
191.344
191.415
191.467
191.361
191.408
191.402
191.529
191.547
191.601
191.533
191.433
191.691
191.594
191.648
191.407
191.416
191.478
191.519
191.524
191.476
191.295
191.533
191.447
191.603
191.552
191.611
191.507
191.427
191.619
191.615
191.533
191.527
191.419
191.362
191.404
191.431
191.409
191.449
191.506
191.527
191.682
191.592
191.431
191.489
191.421
191.391
191.565
191.535
191.677
191.447
191.434
191.539
191.478
191.508
191.472
191.419
191.754
191.598
191.806
191.658
191.689
191.605
191.517
191.604
191.71
191.45
191.468
191.632
191.583
191.807
191.453
191.561
191.588
191.6
191.474
191.556
191.491
191.609
191.594
191.603
191.578
191.699
191.427
191.457
191.621
191.54
191.47
191.733
191.553
191.578
191.6
191.572
191.432
191.505
191.517
191.463
191.769
191.447
191.58
191.535
191.728
191.593
191.623
191.574
191.733
191.455
191.553
191.688
191.536
191.646
191.662
191.808
191.581
191.488
191.43
191.369
191.578
191.55
191.474
191.613
191.516
191.559
191.486
191.449
191.446
191.587
191.639
191.452
191.397
191.5
191.599
191.427
191.354
191.469
191.459
191.404
191.53
191.508
191.54
191.536
191.378
191.426
191.62
191.557
191.413
191.351
191.576
191.865
191.708
191.377
191.423
191.561
191.881
191.556
191.473
191.554
191.486
191.476
191.533
191.363
191.411
191.797
191.538
191.618
191.515
191.482
191.535
191.485
191.477
191.673
191.444
191.645
191.556
191.518
191.448
191.49
191.382
191.538
191.398
191.36
191.467
191.312
191.347
191.394
191.669
191.59
191.487
191.403
191.484
191.635
191.597
191.523
191.543
191.627
191.451
191.435
191.535
191.435
191.798
191.908
191.623
191.624
191.555
191.529
191.569
191.502
191.592
191.647
191.517
191.494
191.576
191.603
191.572
191.327
191.511
191.578
191.502
191.563
191.553
191.455
191.541
191.612
191.538
191.614
191.406
191.561
191.556
191.509
191.565
191.464
191.582
191.461
191.614
191.44
191.553
191.768
191.59
191.534
191.524
191.633
191.55
191.441
191.486
191.481
191.477
191.517
191.447
191.425
191.679
191.568
191.779
191.724
191.628
191.488
191.79
191.542
191.515
191.505
191.731
191.491
191.531
191.564
191.534
191.567
191.688
191.644
191.476
191.424
191.511
191.68
191.543
191.478
191.512
191.602
191.53
191.408
191.565
191.588
191.593
191.553
191.506
191.46
191.452
191.615
191.387
191.585
191.356
191.389
191.524
191.647
191.535
191.616
191.604
191.434
191.369
191.374
191.549
191.474
191.569
191.566
191.532
191.666
191.592
191.521
191.476
191.417
191.608
191.527
191.539
191.586
191.52
191.643
191.57
191.619
191.402
191.457
191.696
191.606
191.538
191.411
191.476
191.504
191.549
191.593
191.505
191.378
191.296
191.69
191.572
191.498
191.37
191.557
191.377
191.414
191.45
191.502
191.536
191.571
191.499
191.415
191.531
191.4
191.56
191.436
191.478
191.587
191.569
191.422
191.584
191.613
191.575
191.413
191.408
191.442
191.471
191.481
191.56
191.633
191.457
191.439
191.486
191.437
191.584
191.531
191.443
191.7
191.409
191.592
191.501
191.576
191.434
191.45
191.586
191.539
191.556
191.438
191.566
191.433
191.568
191.449
191.516
191.352
191.341
191.349
191.721
191.692
191.39
191.471
191.568
191.83
191.684
191.444
191.483
191.568
191.48
191.502
191.45
191.644
191.446
191.585
191.662
191.504
191.541
191.671
191.431
191.59
191.707
191.611
191.366
191.603
191.607
191.461
191.65
191.648
191.668
191.632
191.533
191.455
191.412
191.498
191.464
191.406
191.506
191.628
191.463
191.791
191.476
191.464
191.575
191.66
191.491
191.559
191.6
191.566
191.38
191.652
191.477
191.43
191.405
191.647
191.404
191.648
191.657
191.478
191.643
191.288
191.408
191.574
191.597
191.63
191.518
191.414
191.507
191.467
191.611
191.613
191.644
191.463
191.451
191.44
191.55
191.261
191.573
191.606
191.567
191.474
191.616
191.47
191.509
191.488
191.485
191.664
191.386
191.437
191.411
191.44
191.43
191.362
191.553
191.615
191.395
191.483
191.522
191.505
191.529
191.65
191.522
191.464
191.495
191.628
191.462
191.502
191.6
191.4
191.594
191.598
191.468
191.539
191.517
191.53
191.404
191.487
191.429
191.67
191.66
191.554
191.633
191.432
191.334
191.485
191.473
191.512
191.388
191.574
191.463
191.525
191.525
191.479
191.6
191.381
191.716
191.573
191.563
191.58
191.763
191.469
191.377
191.549
191.577
191.622
191.586
191.551
191.595
191.531
191.621
191.484
191.502
191.645
191.6
191.451
191.564
191.425
191.639
191.731
191.569
191.413
191.471
191.54
191.385
191.43
191.52
191.548
191.43
191.644
191.604
191.631
191.597
191.707
191.681
191.616
191.461
191.332
191.58
191.673
191.499
191.467
191.339
191.516
191.486
191.331
191.425
191.547
191.655
191.559
191.533
191.376
191.563
191.536
191.479
191.579
191.484
191.533
191.4
191.655
191.536
191.383
191.745
191.589
191.696
191.57
191.535
191.466
191.453
191.493
191.414
191.425
191.711
191.489
191.582
191.584
191.388
191.658
191.56
191.413
191.602
191.467
191.519
191.594
191.391
191.348
191.537
191.529
191.6
191.539
191.592
191.519
191.497
191.721
191.438
191.542
191.709
191.639
191.525
191.455
191.625
191.446
191.641
191.538
191.443
191.413
191.526
191.401
191.68
191.678
191.412
191.52
191.565
191.441
191.543
191.539
191.539
191.436
191.506
191.699
191.487
191.484
191.653
191.491
191.535
191.536
191.433
191.509
191.448
191.601
191.491
191.317
191.789
191.569
191.549
191.552
191.392
191.457
191.529
191.466
191.513
191.696
191.471
191.493
191.558
191.562
191.512
191.713
191.564
191.497
191.425
191.619
191.555
191.621
191.671
191.688
191.528
191.586
191.528
191.567
191.533
191.603
191.368
191.539
191.63
191.564
191.323
191.505
191.551
191.377
191.371
191.584
191.432
191.523
191.499
191.663
191.481
191.318
191.537
191.47
191.573
191.56
191.581
191.535
191.411
191.54
191.448
191.639
191.33
191.394
191.466
191.507
191.464
191.531
191.665
191.529
191.488
191.482
191.467
191.47
191.567
191.532
191.519
191.488
191.454
191.439
191.614
191.47
191.575
191.514
191.432
191.358
191.404
191.548
191.509
191.353
191.66
191.483
191.627
191.5
191.436
191.6
191.515
191.414
191.412
191.573
191.618
191.55
191.439
191.482
191.512
191.533
191.328
191.545
191.527
191.474
191.375
191.556
191.525
191.553
191.442
191.639
191.518
191.494
191.526
191.595
191.526
191.502
191.56
191.493
191.63
191.474
191.426
191.342
191.419
191.473
191.489
191.43
191.389
191.477
191.575
191.631
191.401
191.437
191.587
191.586
191.642
191.59
191.358
191.422
191.451
191.457
191.659
191.508
191.488
191.484
191.389
191.353
191.496
191.429
191.491
191.648
191.446
191.375
191.405
191.759
191.714
191.484
191.546
191.565
191.501
191.552
191.487
191.398
191.393
191.517
191.441
191.448
191.637
191.491
191.552
191.51
191.54
191.524
191.402
191.543
191.456
191.408
191.569
191.442
191.512
191.4
191.484
191.67
191.567
191.548
191.66
191.61
191.314
191.46
191.563
191.4
191.528
191.35
191.591
191.537
191.465
191.52
191.527
191.47
191.355
191.475
191.443
191.557
191.31
191.534
191.522
191.439
191.569
191.733
191.494
191.464
191.533
191.541
191.596
191.621
191.522
191.548
191.521
191.546
191.59
191.55
191.581
191.365
191.567
191.521
191.471
191.406
191.519
191.475
191.385
191.518
191.454
191.431
191.508
191.528
191.612
191.556
191.484
191.73
191.473
191.582
191.496
191.58
191.522
191.508
191.561
191.465
191.575
191.447
191.582
191.501
191.515
191.486
191.635
191.662
191.54
191.501
191.578
191.591
191.484
191.755
191.474
191.557
191.541
191.472
191.556
191.464
191.582
191.495
191.577
191.63
191.619
191.648
191.741
191.502
191.583
191.453
191.523
191.447
191.38
191.498
191.687
191.706
191.61
191.687
191.615
191.607
191.496
191.312
191.605
191.475
191.325
191.508
191.495
191.385
191.522
191.517
191.464
191.609
191.566
191.531
191.512
191.6
191.509
191.532
191.35
191.488
191.412
191.601
191.452
191.564
191.695
191.515
191.582
191.613
191.598
191.62
191.391
191.639
191.488
191.437
191.409
191.503
191.542
191.488
191.537
191.61
191.467
191.554
191.305
191.621
191.508
191.587
191.53
191.359
191.402
191.398
191.442
191.56
191.57
191.582
191.609
191.45
191.619
191.467
191.588
191.618
191.51
191.601
191.476
191.538
191.51
191.556
191.545
191.441
191.558
191.39
191.558
191.626
191.586
191.484
191.549
191.446
191.535
191.526
191.667
191.669
191.522
191.691
191.539
191.59
191.554
191.448
191.577
191.632
191.375
191.521
191.594
191.557
191.513
191.527
191.432
191.522
191.553
191.541
191.575
191.559
191.534
191.548
191.503
191.577
191.458
191.531
191.491
191.547
191.583
191.48
191.553
191.497
191.587
191.219
191.444
191.547
191.508
191.513
191.45
191.476
191.573
191.534
191.49
191.422
191.575
191.595
191.541
191.719
191.828
191.494
191.545
191.518
191.693
191.623
191.48
191.64
191.588
191.57
191.643
191.548
191.406
191.5
191.643
191.68
191.629
191.565
191.427
191.478
191.617
191.641
191.525
191.551
191.539
191.721
191.468
191.377
191.516
191.514
191.493
191.475
191.481
191.493
191.585
191.484
191.292
191.702
191.47
191.386
191.478
191.442
191.649
191.733
191.614
191.678
191.495
191.451
191.508
191.511
191.44
191.494
191.435
191.625
191.509
191.563
191.479
191.572
191.438
191.588
191.537
191.706
191.629
191.417
191.505
191.535
191.547
191.549
191.548
191.418
191.457
191.468
191.584
191.466
191.544
191.613
191.496
191.476
191.555
191.474
191.476
191.498
191.552
191.44
191.336
191.547
191.442
191.558
191.587
191.511
191.611
191.584
191.372
191.421
191.455
191.59
191.487
191.393
191.454
191.332
191.533
191.418
191.476
191.428
191.52
191.605
191.477
191.439
191.574
191.465
191.383
191.564
191.506
191.509
191.544
191.52
191.538
191.571
191.638
191.541
191.422
191.554
191.366
191.524
191.457
191.463
191.635
191.381
191.435
191.504
191.359
191.649
191.488
191.49
191.403
191.569
191.466
191.576
191.379
191.509
191.493
191.431
191.467
191.323
191.46
191.53
191.575
191.56
191.396
191.462
191.519
191.547
191.53
191.409
191.462
191.649
191.566
191.539
191.478
191.643
191.508
191.432
191.365
191.493
191.623
191.688
191.502
191.519
191.577
191.522
191.359
191.486
191.732
191.53
191.52
191.459
191.499
191.613
191.331
191.447
191.446
191.644
191.496
191.61
191.487
191.457
191.474
191.488
191.36
191.571
191.431
191.531
191.58
191.348
191.818
191.39
191.479
191.625
191.475
191.456
191.465
191.408
191.509
191.515
191.613
191.429
191.571
191.467
191.493
191.425
191.375
191.629
191.725
191.434
191.466
191.588
191.455
191.722
191.599
191.537
191.524
191.327
191.354
191.541
191.428
191.439
191.368
191.557
191.693
191.361
191.512
191.674
191.422
191.486
191.354
191.702
191.451
191.453
191.546
191.575
191.492
191.603
191.498
191.258
191.684
191.471
191.464
191.417
191.374
191.51
191.688
191.423
191.574
191.465
191.539
191.558
191.534
191.532
191.391
191.377
191.546
191.585
191.502
191.399
191.3
191.367
191.471
191.493
191.232
191.461
191.386
191.527
191.689
191.62
191.516
191.576
191.329
191.533
191.531
191.488
191.519
191.387
191.594
191.408
191.506
191.461
191.716
191.351
191.56
191.524
191.547
191.584
191.554
191.612
191.559
191.534
191.424
191.528
191.464
191.464
191.549
191.455
191.643
191.484
191.405
191.503
191.516
191.546
191.39
192.107
191.523
191.436
191.379
191.598
191.579
191.667
191.488
191.612
191.643
191.568
191.48
191.591
191.454
191.513
191.784
191.572
191.523
191.535
191.592
191.502
191.402
191.583
191.514
191.482
191.592
191.324
191.558
191.614
191.514
191.575
191.499
191.51
191.507
191.523
191.491
191.546
191.535
191.745
191.755
191.603
191.586
191.592
191.562
191.597
191.5
191.72
191.438
191.386
191.678
191.455
191.639
191.516
191.662
191.642
191.493
191.557
191.615
191.599
191.462
191.518
191.416
191.462
191.605
191.415
191.512
191.388
191.513
191.487
191.434
191.566
191.49
191.606
191.546
191.545
191.375
191.493
191.485
191.679
191.505
191.407
191.605
191.627
191.401
191.474
191.559
191.41
191.432
191.618
191.462
191.429
191.512
191.641
191.546
191.511
191.519
191.38
191.589
191.594
191.678
191.525
191.52
191.637
191.497
191.669
191.565
191.433
191.712
191.547
191.454
191.434
191.493
191.423
191.401
191.688
191.446
191.467
191.618
191.428
191.465
191.527
191.411
191.488
191.513
191.641
191.514
191.551
191.464
191.493
191.441
191.506
191.511
191.488
191.437
191.442
191.606
191.585
191.622
191.549
191.546
191.407
191.372
191.734
191.427
191.503
191.322
191.382
191.607
191.507
191.535
191.388
191.659
191.671
191.52
191.695
191.441
191.358
191.427
191.655
191.547
191.422
191.554
191.435
191.347
191.527
191.678
191.49
191.672
191.514
191.469
191.546
191.553
191.425
191.47
191.436
191.6
191.668
191.461
191.602
191.43
191.623
191.532
191.468
191.504
191.402
191.501
191.458
191.442
191.499
191.63
191.456
191.421
191.656
191.677
191.495
191.427
191.573
191.548
191.646
191.317
191.437
191.374
191.53
191.572
191.579
191.637
191.513
191.691
191.58
191.616
191.474
191.714
191.53
191.499
191.583
191.481
191.447
191.556
191.344
191.53
191.492
191.477
191.462
191.562
191.554
191.678
191.565
191.419
191.625
191.602
191.524
191.531
191.307
191.477
191.443
191.66
191.455
191.599
191.42
191.585
191.54
191.582
191.572
191.537
191.679
191.537
191.734
191.649
191.541
191.464
191.473
191.461
191.572
191.787
191.419
191.487
191.431
191.564
191.547
191.583
191.63
191.552
191.405
191.563
191.612
191.552
191.629
191.572
191.561
191.5
191.54
191.579
191.456
191.581
191.743
191.487
191.492
191.345
191.558
191.629
191.536
191.649
191.648
191.692
191.603
191.489
191.655
191.672
191.623
191.713
191.59
191.513
191.521
191.844
191.476
191.448
191.509
191.651
191.461
191.591
191.551
191.645
191.353
191.438
191.429
191.558
191.571
191.328
191.662
191.614
191.783
191.455
191.424
191.366
191.574
191.433
191.588
191.536
191.639
191.515
191.429
191.535
191.391
191.624
191.327
191.417
191.478
191.476
191.396
191.411
191.557
191.48
191.693
191.557
191.413
191.622
191.686
191.524
191.371
191.535
191.626
191.553
191.408
191.512
191.611
191.304
191.74
191.594
191.597
191.367
191.455
191.587
191.362
191.422
191.369
191.574
191.632
191.691
191.525
191.327
191.576
191.528
191.514
191.603
191.619
191.735
191.594
191.436
191.632
191.508
191.364
191.499
191.521
191.435
191.606
191.554
191.424
191.495
191.605
191.663
191.545
191.549
191.664
191.47
191.504
191.53
191.483
191.524
191.397
191.605
191.711
191.588
191.395
191.522
191.469
191.541
191.291
191.471
191.608
191.574
191.617
191.468
191.541
191.612
191.42
191.585
191.564
191.667
191.452
191.391
191.488
191.507
191.539
191.411
191.516
191.427
191.412
191.534
191.435
191.299
191.371
191.537
191.48
191.346
191.407
191.594
191.592
191.417
191.531
191.575
191.381
191.425
191.506
191.525
191.441
191.607
191.561
191.532
191.334
191.507
191.606
191.563
191.582
191.574
191.58
191.688
191.483
191.379
191.612
191.392
191.541
191.745
191.471
191.461
191.481
191.423
191.486
191.467
191.335
191.302
191.531
191.465
191.676
191.532
191.567
191.428
191.546
191.401
191.324
191.388
191.416
191.488
191.549
191.481
191.428
191.583
191.479
191.682
191.564
191.489
191.465
191.426
191.409
191.462
191.537
191.635
191.588
191.574
191.522
191.478
191.621
191.524
191.602
191.621
191.51
191.498
191.5
191.626
191.516
191.494
191.622
191.4
191.517
191.608
191.715
191.562
191.644
191.53
191.477
191.581
191.506
191.563
191.53
191.44
191.694
191.489
191.373
191.621
191.342
191.443
191.757
191.53
191.457
191.525
191.483
191.568
191.617
191.684
191.433
191.389
191.501
191.705
191.355
191.434
191.357
191.433
191.785
191.517
191.417
191.611
191.651
192.586
191.572
191.477
191.55
191.42
191.619
191.525
191.507
191.607
191.615
191.693
191.684
191.733
191.676
191.598
191.944
191.668
191.587
191.726
191.83
191.746
191.654
191.725
191.59
191.693
191.524
191.699
191.625
191.798
191.661
191.669
191.777
191.598
191.497
191.565
191.647
191.558
191.547
191.635
191.509
191.46
191.425
191.509
191.581
191.447
191.616
191.786
191.525
191.44
191.545
191.69
191.574
191.647
191.384
191.566
191.568
191.534
191.47
191.441
191.431
191.546
191.565
191.597
191.496
191.499
191.526
191.472
191.436
191.583
191.495
191.676
191.474
191.605
191.504
191.773
191.518
191.725
191.374
191.54
191.584
191.577
191.573
191.428
191.635
191.53
191.395
191.492
191.524
191.582
191.488
191.499
191.641
191.768
191.567
191.576
191.618
191.523
191.539
191.552
191.566
191.614
191.585
192.696
191.535
191.537
191.594
191.621
191.586
191.737
191.664
191.563
191.768
191.635
191.561
191.761
191.649
191.889
191.724
191.733
191.396
191.63
191.691
191.565
191.671
191.927
191.542
191.566
191.671
191.63
191.585
191.462
191.605
191.681
191.504
191.48
191.563
191.579
191.681
191.65
191.393
191.598
191.517
191.551
191.509
191.531
191.537
191.515
191.666
191.468
191.615
191.521
191.462
191.589
192.232
191.466
191.457
191.492
191.514
191.428
191.52
191.6
191.382
191.542
191.713
191.403
191.523
191.643
191.545
191.553
191.603
191.738
191.453
191.546
191.481
191.527
191.652
191.504
191.609
191.586
191.739
191.597
191.356
191.792
191.482
191.449
191.336
191.528
191.473
191.614
191.53
191.455
191.499
191.573
191.614
191.419
191.739
191.391
191.551
191.687
191.684
191.688
191.523
191.72
191.536
191.433
191.518
191.37
191.583
191.598
191.578
191.61
191.381
191.371
191.505
191.413
191.512
191.49
192.541
191.683
191.581
191.43
191.516
191.578
191.557
191.669
191.715
191.642
191.664
191.634
191.616
191.786
191.601
191.476
191.55
191.588
191.715
191.62
191.582
191.739
191.654
191.585
191.799
191.507
191.626
191.561
191.534
191.597
191.366
191.468
191.625
191.563
191.502
191.559
191.391
191.501
191.413
191.646
191.755
191.597
191.625
191.487
191.543
191.484
191.596
191.45
191.45
191.505
191.48
191.452
191.531
191.552
191.518
191.391
191.49
191.498
191.532
191.396
191.588
191.445
191.494
191.477
191.47
191.457
191.534
191.578
191.483
191.531
191.341
191.536
191.675
191.671
191.563
191.464
191.594
191.637
191.429
191.482
191.379
191.477
191.344
191.467
191.407
191.479
191.33
191.503
191.402
191.531
191.603
191.481
191.501
191.496
191.478
191.56
191.544
191.451
191.393
191.627
191.564
191.589
191.732
191.523
191.457
191.305
191.398
191.613
191.622
191.4
191.474
191.617
191.534
191.309
191.386
191.446
191.415
191.51
191.508
191.42
191.457
191.592
191.582
191.535
191.545
191.421
191.399
191.48
191.392
191.489
191.537
191.444
191.615
191.551
191.634
191.438
191.575
191.491
191.489
191.62
191.664
191.609
191.65
191.474
191.437
191.484
191.511
191.646
191.551
191.515
191.475
191.533
191.5
191.329
191.607
191.348
191.48
191.485
191.332
191.537
191.553
191.602
191.495
191.538
191.418
191.438
191.453
191.612
191.625
191.46
191.528
191.592
191.632
191.582
191.592
191.505
191.442
191.433
191.403
191.671
191.494
191.447
191.523
191.525
191.504
191.488
191.582
191.56
191.548
191.42
191.359
191.642
191.42
191.634
191.423
191.635
191.373
191.506
191.418
191.495
191.455
191.573
191.528
191.544
191.426
191.471
191.596
191.355
191.534
191.433
191.442
191.56
191.526
191.606
191.669
191.454
191.47
191.553
191.51
191.439
191.387
191.381
191.313
191.492
191.444
191.649
191.525
191.341
191.501
191.62
191.356
191.583
191.523
191.252
191.616
191.473
191.603
191.499
191.61
191.487
191.511
191.495
191.467
191.6
191.66
191.646
191.472
191.64
191.494
191.594
191.645
191.575
191.491
191.567
191.439
191.424
191.295
191.528
191.579
191.526
191.345
191.335
191.438
191.517
191.508
191.455
191.456
191.502
191.49
191.494
191.466
191.534
191.531
191.512
191.452
191.619
191.353
191.43
191.38
191.517
191.543
191.436
191.367
191.578
191.484
191.491
191.599
191.512
191.466
191.407
191.387
191.482
191.613
191.432
191.605
191.406
191.494
191.47
191.546
191.677
191.353
191.57
191.526
191.702
191.559
191.642
191.424
191.474
191.516
191.718
191.441
191.487
191.604
191.634
191.604
191.504
191.661
191.496
191.457
191.303
191.478
191.612
191.583
191.548
191.488
191.449
191.418
191.572
191.489
191.511
191.558
191.281
191.463
191.524
191.433
191.531
191.624
191.399
191.401
191.478
191.491
191.593
191.572
191.435
191.446
191.524
191.463
191.433
191.322
191.481
191.443
191.311
191.365
191.321
191.511
191.697
191.453
191.832
191.563
191.563
191.593
191.495
191.426
191.739
191.65
191.534
191.599
191.468
191.583
191.498
191.522
191.506
191.454
191.542
191.616
191.55
191.574
191.674
191.489
191.591
191.653
191.511
191.695
191.672
191.552
191.373
191.464
191.683
191.577
191.614
191.609
191.701
191.575
191.631
191.561
191.62
191.469
191.612
191.549
191.556
191.486
191.502
191.392
191.455
191.466
191.604
191.389
191.382
191.446
191.593
191.536
191.567
191.436
191.503
191.731
191.62
191.493
191.373
191.371
191.577
191.402
191.278
191.483
191.517
191.447
191.501
191.492
191.5
191.466
191.694
191.987
191.464
191.527
191.517
191.545
191.456
191.35
191.451
191.526
191.473
191.454
191.395
191.408
191.51
191.476
191.469
191.476
191.542
191.426
191.333
191.476
191.462
191.517
191.407
191.378
191.508
191.682
191.568
191.486
191.468
191.456
191.45
191.573
191.474
191.393
191.369
191.542
191.549
191.491
191.54
191.36
191.417
191.454
191.291
191.491
191.508
191.536
191.407
191.549
191.577
191.582
191.565
191.439
191.609
191.543
191.429
191.664
191.475
191.456
191.56
191.505
191.569
191.759
191.555
191.508
191.543
191.63
191.436
191.36
191.418
191.501
191.503
191.452
191.384
191.584
191.541
191.651
191.468
191.63
191.591
191.482
191.412
191.518
191.358
191.607
191.559
191.779
191.618
191.645
191.526
191.573
191.511
191.526
191.576
191.421
191.501
191.353
191.548
191.495
191.537
191.524
191.534
191.521
191.568
191.65
191.497
191.532
191.474
191.419
191.535
191.318
191.571
191.587
191.639
191.541
191.445
191.532
191.477
191.497
191.477
191.516
191.479
191.508
191.593
191.475
191.496
191.635
191.378
191.512
191.498
191.518
191.4
191.397
191.597
191.402
191.527
191.431
191.329
191.376
191.488
191.578
191.388
191.423
191.515
191.586
191.648
191.568
191.702
191.464
191.469
191.54
191.462
191.675
191.592
191.475
191.56
191.53
191.459
191.432
191.704
191.49
191.582
191.576
191.692
191.602
191.523
191.769
191.497
191.441
191.392
191.47
191.506
191.41
191.45
191.653
191.501
191.465
191.43
191.443
191.493
191.583
191.58
191.625
191.626
191.543
191.497
191.438
191.486
191.664
191.361
191.495
191.504
191.395
191.584
191.543
191.552
191.466
191.441
191.61
191.551
191.509
191.542
191.493
191.593
191.457
191.432
191.495
191.399
191.582
191.467
191.442
191.49
191.493
191.401
191.5
191.464
191.508
191.373
191.528
191.407
191.574
191.511
191.465
191.447
191.621
191.461
191.396
191.353
191.368
191.434
191.498
191.48
191.494
191.526
191.398
191.471
191.48
191.554
191.441
191.472
191.448
191.505
191.471
191.469
191.694
191.525
191.43
191.32
191.451
191.582
191.39
191.463
191.482
191.497
191.485
191.687
191.35
191.462
191.537
191.503
191.549
191.514
191.561
191.483
191.718
191.568
191.49
191.45
191.649
191.549
191.604
191.616
191.405
191.524
191.388
191.463
191.413
191.605
191.512
191.487
191.391
191.513
191.573
191.722
191.638
191.374
191.515
191.275
191.563
191.494
191.532
191.435
191.509
191.504
191.484
191.501
191.469
191.698
191.587
191.607
191.483
191.474
191.47
191.58
191.626
191.62
191.515
191.552
191.565
191.556
191.478
191.516
191.557
191.524
191.55
191.476
191.495
