2.02793
2.02784
2.02727
2.02683
2.02809
2.02729
2.02649
2.02632
2.0252
2.02583
2.02526
2.02456
2.02475
2.02465
2.02387
2.02501
2.02396
2.0241
2.02475
2.02336
2.02356
2.02203
2.02309
2.02207
2.02235
2.02279
2.02151
2.02257
2.02213
2.01979
2.02131
2.02055
2.02055
2.02107
2.02173
2.02079
2.01951
2.01997
2.02029
2.01944
2.01966
2.02079
2.0208
2.02006
2.02015
2.01902
2.0193
2.01995
2.0197
2.02025
2.01906
2.0195
2.02028
2.01823
2.01885
2.02034
2.01884
2.01739
2.01881
2.01913
2.01934
2.01861
2.01773
2.0188
2.01784
2.01794
2.01907
2.01812
2.01867
2.01772
2.01742
2.0178
2.01875
2.01787
2.01691
2.01756
2.01888
2.01823
2.0183
2.0169
2.0175
2.01729
2.01735
2.01821
2.01709
2.01693
2.01684
2.01747
2.01718
2.01658
2.01759
2.01732
2.01587
2.0177
2.01712
2.01698
2.01649
2.01783
2.01805
2.01649
2.0173
2.01712
2.01658
2.01656
2.01726
2.01622
2.01795
2.01687
2.01652
2.01729
2.01689
2.01643
2.01626
2.01781
2.01663
2.01715
2.017
2.01665
2.01678
2.01564
2.01699
2.01536
2.01635
2.01675
2.01554
2.01683
2.01722
2.01719
2.01631
2.01557
2.01549
2.01534
2.01634
2.01647
2.016
2.01682
2.0153
2.01594
2.01497
2.01628
2.01626
2.01587
2.01636
2.01423
2.01578
2.01595
2.01653
2.01516
2.01671
2.01658
2.01691
2.01513
2.01602
2.01626
2.01598
2.01573
2.01582
2.01496
2.01545
2.01578
2.01696
2.01674
2.01588
2.01558
2.01417
2.01629
2.0153
2.0164
2.01464
2.01657
2.01599
2.01531
2.0149
2.01638
2.01549
2.01792
2.01643
2.01532
2.0154
2.01679
2.01494
2.01558
2.0149
2.01539
2.01615
2.01569
2.0155
2.01514
2.01533
2.01518
2.01537
2.01544
2.01557
2.01566
2.01541
2.01534
2.01532
2.01499
2.01622
2.01489
