     0
     0
    12
    19
    52
    81
   118
   144
   177
   331
   359
   440
   575
   700
   814
   916
   923
  1137
  1216
  1631
  1581
  1745
  1897
  2155
  2366
  2432
  2756
  2770
  3062
  3271
  3463
  3890
  4069
  4363
  4668
  4926
  5214
  5631
  5966
  6050
  6399
  6578
  6762
  7421
  7821
  8095
  8377
  8847
  9565
  9775
 10178
 10544
 11388
 11443
 12069
 12406
 12534
 13087
 13591
 14037
 14593
 14759
 15284
 16058
 16882
 17139
 18072
 18211
 18760
 19804
 19708
 20360
 20722
 21617
 22007
 23096
 23384
 24196
 24600
 24984
 25823
 26473
 26663
 27342
 28067
 28773
 29852
 30501
 31131
 32078
 33026
 33289
 33971
 34836
 35332
 36250
 37060
 37922
 38304
 39333
 40009
 41001
 41781
 42253
 43214
 44170
 44957
 46078
 46144
 47774
 48699
 49441
 50439
 50782
 52276
 52564
 53810
 55349
 55173
 56633
 57397
 58139
 59402
 60599
 61723
 63120
 63302
 64321
 66249
 66321
 67697
 68952
 69206
 70360
 70714
 72791
 73739
 74062
 75137
 76948
 78032
 79331
 79585
 80951
 81424
 83239
 84946
 85055
 85033
 87900
 88374
 90019
 91070
 92068
 93970
 94287
 95812
 96982
 97806
 98983
101146
100501
102550
103627
105744
105712
108787
109102
109028
111393
114242
113951
115491
116501
118248
119880
121651
121445
122266
123340
126802
126303
128476
128945
130400
131830
132151
134470
136931
137656
139144
139305
141364
141717
144035
144743
146887
147443
150437
151264
152358
154733
155541
157056
158945
159926
161003
162201
164602
166829
167050
168075
169626
170526
173590
173540
176504
177936
178156
180360
183488
184229
185691
186729
187030
189142
191463
191520
192936
194937
196053
198501
200581
202712
203482
205400
206632
209091
209403
212050
212670
213172
216926
217119
217986
222232
223646
225074
226050
227116
228252
229715
231198
233198
235930
236044
237471
242080
241205
241691
243434
245877
248747
249069
251504
254083
256059
257133
256898
260544
260357
264430
263323
265971
267097
269115
271045
272025
275486
276568
278618
279729
281609
282375
285274
286372
289788
287549
290944
291747
296118
297427
298073
299055
301920
304090
303567
305348
308340
311816
312834
315449
318609
316338
320485
319392
323939
325934
326690
327469
329489
332722
333565
335396
337027
338335
340185
340735
344444
345493
346618
347972
351145
352379
354143
354819
356904
358086
358899
361948
363634
365810
369338
368884
372437
373200
376236
376967
378445
378576
381735
382985
385870
386469
388100
389868
392729
392402
395532
398178
399154
402681
402066
404896
405504
407116
408628
409639
411817
415116
415460
418522
420519
418550
421064
424740
427237
425144
428936
431736
433517
434704
434285
436570
440544
441789
445151
443080
447708
448664
449782
453782
453636
455198
456701
459187
458639
462377
463932
464033
465366
466629
468713
470580
471744
475111
476862
480457
480787
481280
482716
486355
486635
487159
491328
490530
492795
492620
496563
496649
497924
501343
502175
503486
505864
505729
510209
509693
508513
512494
514051
516735
519235
519400
523160
521419
526418
525443
526754
528722
529419
532196
534825
535053
537766
538109
539713
539900
542567
543427
545439
549428
547225
549128
550469
552865
555333
554745
557158
559164
556174
561545
561684
562240
564630
567125
567159
570892
569201
571944
573035
575872
576450
576461
578829
580018
578404
584951
581662
583445
586641
587621
589826
590225
591663
594553
596865
596708
595978
598265
599706
601247
604186
606708
608340
606514
610207
609184
611614
612171
613939
612186
615155
615440
616323
619976
617557
621349
620515
623903
622718
625424
626961
627804
629912
631322
631391
631489
634417
636240
635844
637037
637663
642604
640557
641639
644071
643461
644375
645712
647044
645870
647781
649005
649383
651165
653190
650613
655833
655320
656209
657348
659764
658206
659611
663170
660930
665867
664232
664422
663064
664912
667199
666747
670841
670847
669751
673429
670842
669550
674275
675079
676631
677696
681125
676440
679223
681043
685119
679574
682847
684120
688234
683664
684714
685488
685236
688199
688492
688964
687210
691246
690724
692268
692735
691246
690865
695599
695535
697693
698639
698231
698513
695499
699466
699688
698845
702589
699796
701222
703207
701839
702611
700811
701337
705809
705049
705694
705312
705994
707335
704660
709893
707883
710605
708667
711277
710265
709957
712010
711410
712098
711211
715113
709798
711175
712031
712376
713345
711604
715185
714144
715940
716178
715008
714875
714692
715789
718637
717129
718417
716758
715775
719118
716752
715643
717553
720321
718976
718892
717446
718098
721141
719558
719402
719265
717439
719075
719644
720975
721269
720453
720626
721278
721480
721680
720827
721093
722171
720553
720466
721196
721573
723373
719287
719708
721204
722484
719991
720054
719357
720779
718937
722366
719139
717506
717926
719192
721924
720895
719567
718789
716719
719135
719013
716236
715562
719108
718904
717841
716389
717631
713409
717483
715750
713222
714635
716704
714154
714301
712873
713471
714677
714644
712725
712246
714233
711657
714233
709708
710873
709597
711856
709475
709859
710139
709602
709584
710286
710531
707718
707616
707141
708052
706612
703947
706036
704012
703128
702684
701648
700313
703320
700510
699848
698997
698356
701567
699787
698560
698807
696251
698810
696851
695009
692323
694775
693113
694897
692559
691382
689749
686677
688324
688795
687033
691018
687314
687040
683548
685347
685001
683095
684485
682906
681024
683554
680307
679738
678393
679163
677959
675997
674250
675141
674977
673407
671905
670549
670863
669606
670401
666209
668946
665275
666626
666312
664652
661872
666347
660396
662265
661047
660294
660266
656434
656653
656914
658323
656241
652162
649096
652588
650727
649384
649791
649912
648197
647091
642873
644290
642740
643414
644448
642607
640179
637294
638767
636946
637037
634508
634460
631623
633196
632282
629555
629029
629859
628002
625887
625278
624220
623937
621840
621087
621088
618614
618438
618288
614009
615127
612264
612023
612939
609665
607763
607382
607373
607166
606808
604049
603808
602896
599380
601236
597458
597455
597563
596343
593617
592862
591903
593038
588465
591214
585332
585750
585726
582630
580083
578288
582205
580692
575229
574142
575764
575965
574248
573663
568866
570909
566596
567275
567646
564589
564178
562366
558782
559071
559557
559672
555788
555272
555948
554121
551546
548377
548365
548632
545601
546288
545101
543260
542716
539873
538399
537795
535759
535332
536514
532525
533081
529637
528747
526461
526768
525041
524310
523368
519861
520691
517535
517092
514411
514751
512324
509489
510856
510444
509885
507308
505712
504038
502564
503891
501871
501193
497019
496965
496365
495715
492462
491163
491338
488863
488510
486436
485726
485726
485264
484054
480208
478586
476896
475868
476464
475537
472642
470521
471556
469269
467670
464391
465564
462755
461504
461664
460177
457390
455747
453953
452047
451843
452741
449791
449254
449722
446957
445508
443654
440525
441223
439549
437887
437196
436299
431795
432092
432206
430193
429397
427770
425675
423963
422733
423517
420752
421065
418095
416217
417794
413973
412814
413008
409685
410311
407846
406294
405361
404772
403653
402308
400995
399812
397916
397803
395300
393704
393028
391916
389001
388734
386542
388038
386080
383524
382289
381338
381569
379259
377966
376986
376811
372646
372770
372576
369501
368935
364623
366239
363690
364123
362184
362203
360521
357008
357422
355020
354616
354443
351829
352998
349864
347774
347014
347899
345267
343511
343972
342689
340246
338262
337797
333077
334983
333046
333084
330105
330453
329430
328093
327910
326919
323147
321972
322691
320257
318130
318665
314632
315298
314125
312755
313217
312703
309930
308260
306760
304352
306253
304081
304081
301239
301400
300993
297943
297781
296065
295115
293777
291455
291936
292386
288700
287982
286481
285050
285544
284281
281704
282641
278854
278209
279043
275712
274629
273379
273139
271277
271258
270946
271742
269650
265050
264823
263339
263170
262995
261295
260642
259723
257404
256431
254808
252649
255429
254284
251712
250354
248028
250090
247475
244910
245362
243606
243164
242673
241266
240196
238376
238548
237385
234512
234063
234471
232157
231286
230789
231710
228506
225755
226225
227042
225264
224381
222682
222949
220212
220227
219120
218030
215569
216776
215272
214619
213102
212372
210666
209957
209657
208225
205851
205814
202993
204615
203787
202005
202490
199510
199367
198484
198803
198150
196005
195752
194716
194042
192970
190918
192112
190184
189565
188105
187849
186555
185227
185090
182856
181844
182589
181284
179978
179985
177647
176663
177075
173717
172771
174503
172523
171330
171129
170289
169699
169721
167857
167372
165930
165344
164352
164280
163635
162225
162131
161911
158944
158453
158564
158312
156962
155642
155145
153713
153275
151967
152351
151707
151403
149450
149124
148342
147608
147601
146423
145508
145344
144223
143792
142977
142177
140268
139057
139630
138865
137777
137307
135820
136444
135085
134913
133780
134030
132437
131069
130066
130210
128776
127908
127666
126995
126927
127360
126127
125797
123717
122539
122645
122846
122661
121026
121083
119893
118888
117689
117520
117455
117328
115713
115094
114456
114678
113580
111484
111428
110846
111534
110832
110022
109045
107919
108360
107723
106416
105665
106361
104436
104109
103020
103143
102357
102629
101830
100694
100113
 99813
 99443
 97490
 98551
 97050
 96812
 95482
 95233
 95193
 94422
 94376
 93194
 93457
 91638
 92132
 90889
 91262
 91171
 88963
 89601
 88436
 88349
 88668
 86553
 86960
 86935
 85549
 85169
 85012
 84120
 83916
 83060
 83615
 83019
 82173
 80360
 80110
 79003
 78843
 79687
 79054
 78286
 78595
 76504
 76557
 77164
 75760
 75610
 75774
 74117
 74285
 74082
 72541
 72528
 72502
 72529
 71540
 71204
 70783
 71028
 69851
 69209
 69829
 68595
 67800
 67915
 67459
 66642
 65898
 66369
 65815
 65406
 65166
 63858
 63853
 63976
 62898
 62598
 61583
 61766
 61844
 61174
 60578
 60732
 59356
 59073
 59987
 58415
 57935
 57209
 57965
 58030
 56696
 56738
 55922
 55909
 55560
 55758
 55359
 54298
 53918
 53541
 53679
 52339
 53563
 52624
 52489
 51084
 51689
 51040
 51158
 50858
 50459
 49822
 50209
 49140
 47748
 48844
 48095
 47585
 47176
 46678
 46609
 46867
 46721
 45701
 46364
 45476
 44661
 44918
 44877
 44537
 44194
 44423
 43568
 43018
 42626
 42810
 42217
 42480
 41544
 40795
 41138
 41194
 40279
 40294
 39369
 40081
 39795
 39392
 39115
 38737
 38842
 37691
 38203
 37560
 37078
 37471
 37218
 36772
 36686
 36389
 35967
 35678
 35191
 34818
 35438
 34549
 34048
 34992
 34383
 33502
 33655
 33552
 33030
 33230
 33357
 33338
 32143
 31962
 31297
 31549
 31293
 31427
 30503
 31085
 30577
 29985
 30316
 30117
 29461
 29307
 29452
 29115
 28931
 28594
 28518
 28557
 27984
 27806
 27259
 26768
 27313
 26744
 26977
 26494
 26120
 25844
 25777
 25848
 26277
 25790
 25409
 25221
 25343
 24393
 24608
 23893
 24212
 23644
 24088
 23635
 23886
 23858
 22978
 22906
 23242
 22637
 22211
 22358
 22398
 22196
 21640
 21804
 21636
 21117
 20641
 21402
 20436
 20772
 20707
 20597
 20194
 20046
 19589
 20087
 19465
 19759
 19590
 19496
 19015
 18980
 18940
 18868
 18303
 18521
 18196
 18337
 18316
 17904
 17452
 17185
 17526
 17283
 17178
 16816
 17092
 16539
 16493
 16476
 16614
 16267
 16009
 16202
 16006
 15687
 15639
 15610
 15234
 14984
 15186
 15207
 15097
 15131
 14769
 14942
 14941
 14583
 14350
 14622
 14296
 13643
 13717
 13705
 13744
 13770
 13586
 13538
 13422
 13197
 12962
 13132
 12823
 12384
 12732
 12478
 12476
 12535
 12114
 12012
 12029
 11908
 11742
 11523
 11697
 11781
 11620
 11181
 11733
 11211
 11269
 11211
 10845
 10937
 10791
 10268
 10859
 10685
 10243
 10243
  9914
 10030
 10173
 10008
  9939
 10020
  9697
  9486
  9567
  9317
  9470
  9277
  9318
  9260
  9090
  9107
  9173
  8747
  8542
  8966
  8930
  8307
  8351
  8468
  8623
  8276
  8100
  8297
  8286
  8179
  8093
  7752
  7760
  7760
  7707
  7642
  7904
  7505
  7595
  7649
  7821
  7253
  7215
  7073
  7032
  6938
  7016
  6807
  6763
  6628
  6426
  6926
  6740
  6534
  6537
  6452
  6352
  6524
  6228
  6416
  6289
  6251
  6093
  5995
  6140
  6042
  5887
  6125
  5897
  5682
  5684
  5779
  5507
  5353
  5523
  5458
  5372
  5566
  5407
  5472
  5369
  4879
  4900
  4964
  4963
  5158
  5018
  4966
  4783
  5062
  4712
  4755
  4895
  4873
  4608
  4416
  4714
  4503
  4447
  4422
  4544
  4122
  4440
  4129
  4305
  4286
  4298
  3966
  4228
  4027
  3805
  4141
  3857
  3811
  3681
  3869
  3657
  3556
  3864
  3674
  3716
  3713
  3482
  3456
  3558
  3710
  3448
  3379
  3450
  3528
  3421
  3372
  3507
  3110
  3389
  3061
  3109
  3058
  3262
  2905
  3028
  2894
  2910
  3054
  2871
  3046
  2942
  2822
  2681
  2685
  2731
  2813
  2654
  2761
  2736
  2700
  2661
  2574
  2537
  2490
  2600
  2554
  2526
  2658
  2473
  2439
  2500
  2521
  2270
  2408
  2176
  2437
  2336
  2308
  2259
  2322
  2359
  2231
  2230
  2194
  2114
  2113
  2095
  1905
  2056
  1961
  1997
  2043
  1954
  1985
  1964
  1950
  1933
  1866
  1753
  1747
  1842
  1780
  1816
  1785
  1704
  1743
  1790
  1733
  1664
  1741
  1717
  1640
  1586
  1609
  1521
  1550
  1639
  1576
  1459
  1548
  1478
  1485
  1546
  1376
  1356
  1412
  1346
  1457
  1399
  1293
  1353
  1370
  1314
  1332
  1189
  1383
  1273
  1257
  1282
  1254
  1236
  1168
  1244
  1249
  1276
  1002
  1183
  1189
  1067
  1033
  1105
  1191
  1135
   998
  1164
  1099
  1025
  1028
  1082
  1015
  1059
   980
   926
  1072
   904
  1161
   953
   991
   947
   904
   895
   863
  1052
   924
   885
   786
   825
   860
   934
   894
   752
   835
   724
   756
   827
   736
   686
   778
   708
   722
   761
   710
   715
   785
   867
   767
   722
   630
   735
   638
   663
   669
   715
   607
   665
   514
   547
   633
   571
   549
   578
   541
   615
   571
   541
   524
   533
   604
   607
   522
   586
   554
   622
   539
   487
   457
   549
   499
   538
   499
   551
   561
   489
   492
   430
   439
   396
   546
   447
   433
   484
   402
   469
   402
   418
   450
   375
   436
   365
   367
   370
   383
   408
   400
   441
   424
   431
   349
   410
   362
   394
   352
   396
   353
   405
   324
   326
   350
   337
   358
   321
   315
   286
   385
   332
   259
   295
   316
   359
   298
   269
   310
   295
   262
   259
   301
   277
   329
   296
   263
   306
   298
   283
   248
   269
   259
   181
   259
   300
   259
   233
   271
   240
   206
   253
   220
   254
   237
   255
   228
   245
   262
   183
   195
   264
   188
   197
   218
   170
   196
   160
   198
   149
   177
   181
   208
   194
   189
   182
   190
   162
   168
   182
   175
   173
   149
   168
   151
   172
   158
   146
   223
   144
   159
   155
   147
   159
   212
   136
   147
   137
   119
   129
   129
   129
   174
   123
   133
   147
   165
   120
   168
   109
   131
   161
    89
   126
   112
   122
    97
   110
   141
   100
   116
   148
    98
   105
   114
    91
    87
   108
    86
   106
    98
   118
   116
    86
   108
   122
    75
   103
    79
    78
   113
   113
    86
    90
   101
   104
    71
    73
    90
    98
   117
    72
    71
    68
    84
    89
    52
    68
    80
    81
    93
    58
    86
    85
    85
    89
    90
    75
    77
    85
    44
    80
    93
    57
    89
    45
    68
    58
    77
    57
    51
    82
    46
    63
    62
    55
    53
    43
    48
    65
    30
    48
    39
    48
    36
    59
    43
    40
    30
    53
    56
    44
    47
    54
    73
    43
    30
    51
    57
    46
    40
    45
    51
    32
    26
    42
    36
    31
    34
    33
    42
    40
    29
    31
    38
    31
    33
    34
    27
    25
    30
    27
    47
    35
    31
    42
    34
    40
    19
    26
    16
    25
    11
    25
    15
    13
    26
    34
    13
    36
    22
    35
    17
    41
    11
    25
    10
    14
    28
    21
    20
    33
    27
    30
    11
    25
    16
    27
    20
    15
     8
    17
    14
    15
     9
    22
    28
    11
    10
    22
    11
     5
    16
    13
    14
    19
    14
    24
    20
    18
    11
    36
     8
    21
    17
     7
    14
    11
    20
    15
     6
     7
     7
    11
    11
     8
     4
     8
     8
    15
     7
     6
    12
     7
    11
     8
     2
     8
     4
    12
     6
     1
    19
     3
     4
    12
     7
     0
     1
     4
     4
     3
     1
     7
     2
     7
     2
     2
    12
     4
     2
     0
    11
     0
     0
     1
     6
    11
     1
     9
     6
     9
    14
     3
     3
     8
    11
     5
     1
     0
     4
     4
     2
     2
     0
     1
     2
     5
    10
     7
     3
     3
     4
     0
     3
     1
     1
     3
     0
     0
     5
     0
     4
     0
     4
     0
     3
     1
     1
     0
     7
     2
     1
    10
     0
     2
     5
     2
     0
     5
     0
     3
     1
     8
     0
     2
     3
     2
     4
     3
     0
     1
     4
     0
     0
     0
     2
     0
     3
     4
     4
     6
     1
     1
     2
     0
     0
     0
     3
     2
     0
     0
     3
     0
     0
     5
     0
     2
     3
     3
     1
     5
     0
     0
     0
     0
     0
     1
     0
     0
     1
     0
     0
     1
     5
     3
     5
     0
     0
     3
     0
     3
     1
     2
     0
     0
     0
     3
     3
     1
     3
     0
     0
     2
     0
     2
     0
     2
     0
     0
     0
     1
     0
     1
     5
     0
     0
     2
     0
     0
     0
     0
     0
     0
     0
     0
     0
     0
     3
     0
     0
     2
     0
     0
     2
    10
     0
     0
     0
     0
     2
     0
     0
     0
     0
     2
     0
     0
     1
     2
     0
     1
     0
     0
     0
     0
     0
     5
     3
     0
     0
     0
     0
     0
     0
     0
     0
     1
     0
     0
     0
     2
     0
     0
     0
     0
     0
     0
     5
     0
     0
     7
     0
     1
     0
     0
     0
     1
     0
     2
     0
     0
     0
     0
     0
     0
     0
     2
     0
     0
     0
     0
     0
     0
     1
     0
     0
     0
     0
     0
     0
     0
     0
     0
     0
     0
     0
     0
     0
     0
     0
     0
     0
     0
     0
     0
     0
     0
     0
     0
     0
     0
     0
     0
     0
     3
     0
     0
     0
     0
     0
     0
     0
     0
     3
     0
     0
     0
     0
     0
     0
     0
     0
     0
     0
     0
     0
     0
     0
     0
     0
     0
     0
     0
     0
     0
     0
     0
     0
     0
     0
     0
     0
     0
     0
     0
     0
     0
     0
     0
     0
     0
     0
     0
     0
     0
     0
     0
     0
     0
     0
     0
     0
     0
     0
     0
     0
     0
     0
     0
     0
     0
     0
     0
     0
     0
     0
     0
     0
     0
     0
     0
     0
     0
     0
     0
     0
     0
     0
     0
     0
     0
     0
     0
     0
     0
     0
     0
     0
     0
     0
     0
     0
     0
     0
     0
     0
     0
     0
     0
     0
     0
     0
     0
     0
     0
     0
     0
     0
     0
     0
     0
     0
     0
     0
     0
     0
     0
     0
     0
     0
     0
     0
     0
     0
     0
     0
     0
     0
     0
     0
     0
     0
     0
     0
     0
     0
     0
     0
     0
     0
     0
     0
     0
     0
     0
     0
     0
     0
     0
     0
     0
     0
     0
     0
     0
     0
     0
     0
     0
     0
     0
     0
     0
     0
     0
     0
     0
     0
     0
     0
     0
     0
     0
     0
     0
     0
     0
     0
     0
     0
     0
     0
     0
     0
     0
     0
     0
     0
     0
     0
     0
     0
     0
     0
     0
     0
     0
     0
     0
     0
     0
     0
     0
     0
     0
     0
     0
     0
     0
     0
     0
     0
     0
     0
     0
     0
     0
     0
     0
     0
     0
     0
     0
     0
     0
     0
     0
     0
     0
     0
     0
     0
     0
     0
     0
     0
     0
     0
     0
     0
     0
     0
     0
     0
     0
     0
     0
     0
     0
     0
     0
     0
     0
     0
     0
     0
     0
     0
     0
     0
     0
     0
     0
     0
     0
     0
     0
     0
     0
     0
     0
     0
     0
     0
     0
     0
     0
     0
     0
     0
     0
     0
     0
     0
     0
     0
     0
     0
     0
     0
     0
     0
     0
     0
     0
     0
     0
     0
     0
     0
     0
     0
     0
     0
     0
     0
     0
     0
     0
     0
     0
     0
     0
     0
     0
     0
     0
     0
     0
     0
     0
     0
     0
     0
     0
     0
     0
     0
     0
     0
     0
     0
     0
     0
     0
     0
     0
     0
     0
     0
     0
     0
     0
     0
     0
     0
     0
     0
     0
     0
     0
     0
     0
     0
     0
     0
     0
     0
     0
     0
     0
     0
     0
     0
     0
     0
     0
     0
     0
     0
     0
     0
     0
     0
     0
     0
     0
     0
     0
     0
     0
     0
     0
     0
     0
     0
