     0
     5
    16
   129
   154
   224
   337
   468
   561
   829
  1006
  1132
  1449
  1857
  2001
  2236
  2798
  2845
  3082
  3707
  4112
  4524
  5065
  5535
  5918
  6813
  7217
  7769
  8074
  8972
  9518
 10371
 10886
 11469
 11830
 12987
 13575
 14276
 15555
 15803
 16943
 17654
 18660
 19595
 20493
 21457
 22418
 23578
 24123
 25623
 26240
 27766
 28799
 29713
 30513
 31743
 33478
 34404
 35552
 35896
 38187
 40313
 39743
 41569
 43008
 45137
 45525
 46861
 48425
 49994
 51368
 53307
 54367
 56790
 57194
 59023
 61126
 62414
 63217
 65858
 67071
 68433
 70845
 72657
 73221
 75742
 77429
 78957
 81814
 82083
 84900
 86018
 87764
 90168
 92375
 93908
 95581
 97408
 99749
101204
103605
106144
108126
110457
110801
113897
116203
119005
120338
122412
125314
128068
128721
131872
134203
136170
138257
140092
142566
144802
147837
148296
153486
153251
157699
158282
160842
164104
168489
167538
171199
175125
177023
177414
180715
184570
186787
188389
191756
194510
197409
197762
202361
204609
206152
211197
213281
215049
216487
219398
222685
225203
228298
231024
234972
237036
238966
242863
246190
247403
250996
255522
256191
260545
263009
264873
268827
270804
274017
277053
279380
284011
285093
288471
291968
295347
297478
300874
303666
305665
310395
311881
316012
319324
323279
324811
327496
333768
335462
337273
340800
344703
345034
350362
354074
357187
359094
362560
366084
367999
370454
375009
377445
381479
383756
388698
390439
395345
397831
401009
401798
405676
409777
413023
415044
417704
421268
426892
429754
432589
434514
437444
440310
447861
448462
450149
455199
457371
461902
463406
468328
469252
471975
477034
482079
483803
486284
489598
493458
497105
500454
504034
506845
507020
509449
516315
519137
523535
524768
529314
533471
535613
536607
542210
544377
547482
551882
553413
556747
559469
562938
568441
571622
573174
577208
581763
583975
589017
590082
590585
592657
598435
603278
603086
609729
612818
612664
615575
617873
623395
623652
626927
633955
634350
636749
639344
645994
648552
648362
654982
656120
661766
663534
668394
669072
670621
675041
680914
680456
685448
684636
690838
691332
693760
697597
702326
702908
706565
707703
713695
716410
715872
720776
721776
727526
729448
736063
731853
736597
741652
741715
744182
748233
750160
753257
755027
758498
760651
764938
764931
768190
771891
773918
777103
778326
781187
785119
789203
789959
791983
792739
795042
799412
805739
807915
806477
811192
812395
813487
816444
821446
818721
825044
825128
829314
827483
832104
832723
836586
835972
841148
843235
842073
843170
848732
853884
853115
857199
857764
861171
862744
860199
866160
865616
870261
873604
869851
874799
875069
880283
882027
878935
885070
884713
889034
891916
890237
893795
896039
897077
898878
899803
903203
901608
904977
905133
904815
910205
911633
911296
912037
916288
917573
916219
918087
921002
922895
921494
926617
927243
926155
923288
931741
931553
929232
932564
935545
933810
936549
939133
938147
940953
944110
941070
944807
943825
946446
946553
948631
947131
949515
950239
952979
954952
957566
952968
954509
953541
957264
958760
956902
960329
960320
959338
959762
960205
958904
960734
964335
964662
963053
966797
963735
961953
967596
968242
965392
968859
971065
967492
971502
967521
969770
972247
967544
971528
970134
972489
971932
970946
968933
973270
972279
975867
969746
975974
972049
973652
973966
974486
970695
974347
970328
973682
970546
975485
970426
971581
972851
973348
972177
970399
971306
971917
972562
973801
972361
970783
967952
969913
970161
968560
964567
969755
968109
970201
964427
966487
969540
962754
963417
967262
962065
961983
960044
958779
962046
962135
957935
958727
959373
959410
958984
954864
953022
956067
953205
952508
953185
952329
952723
947328
947113
947537
948475
945963
942892
944095
942036
943691
941115
939075
941176
938746
939189
935213
937501
932531
933730
932477
925834
931157
928869
924765
925729
922927
923701
922424
921787
920022
920519
918115
915230
913136
911309
909910
909424
908412
906927
908043
904131
900617
899652
898918
894778
897873
896936
893681
893556
890364
890107
890651
885821
885013
881130
881546
880126
878681
877697
873284
874349
871176
873179
866376
865019
864594
863243
859545
858010
855694
855649
852026
851289
849304
847111
846107
844983
841783
840271
836811
834157
833113
831581
831408
830410
826585
822226
824081
819993
820143
815199
816080
814941
808687
807677
808279
806304
803084
802133
798157
796879
794185
794254
790384
789053
785732
783096
783306
779887
778576
778653
774705
773491
770440
769819
766416
766356
764135
758000
757869
754371
754176
751868
748709
746335
744875
742333
742042
737265
736079
732327
731054
727270
725557
725712
720376
719794
717655
713441
713524
709231
708362
705872
701439
700015
700088
695802
695479
689446
690560
683425
684627
683520
679590
677949
675253
670841
672251
666303
666186
661733
660750
660876
655121
654209
653518
649061
645242
642660
640798
640961
638361
635517
633533
628887
627703
624194
625455
620666
618373
619853
614494
612195
610032
608758
602782
601033
602407
598645
596425
592415
591134
586790
586441
583671
581593
580601
574489
574386
569639
567942
567684
564350
564362
560372
554914
554042
551971
550341
549549
548337
543627
541666
539695
536986
536581
530257
528474
529243
525907
520917
519993
518332
516724
513014
510539
509237
507449
503494
501504
499096
498458
495625
493059
491082
486781
486797
484069
482344
480291
477837
476175
472926
472153
468677
466887
465108
461857
459769
457274
453651
450726
451638
448687
448494
444262
441178
440339
438435
433952
434310
430138
429951
425193
426363
423629
421346
420422
418219
414024
414466
408864
407905
409171
404640
401418
400627
397719
396151
395298
391006
391469
388255
384306
382306
382518
380478
376587
377772
372502
370900
369150
367765
363963
362967
362597
360465
357868
354894
353166
350635
350052
349134
346504
342848
342023
338015
338660
335415
334141
331847
330602
328470
324868
323823
323358
320244
320280
316726
315918
312475
310390
309336
308233
306662
304620
301786
299386
298319
297814
295062
293268
292712
287596
286628
285520
285274
284017
281342
278067
277097
277337
275101
271240
270618
270028
267464
267749
263635
262746
261116
259052
258139
254860
254342
253377
251118
249416
248213
247853
245495
244798
243303
241339
238064
238638
235434
232769
232728
230954
229554
229366
227688
224679
225223
223808
219942
219436
218534
218521
215968
212169
211737
211081
210073
207868
208031
205654
203263
203697
202467
198247
198263
197235
195550
195548
193233
192254
191009
189294
186852
187427
185858
184274
183375
181451
179984
178437
178765
176090
175819
174294
172851
171374
171008
168926
168588
166973
166318
163837
163841
162134
161149
158696
158418
157649
157383
157259
154146
153075
152298
149985
150581
150490
148434
145439
146217
143133
142691
140884
141532
140323
138849
137950
136632
135735
135070
134477
133554
132253
131431
129696
128532
128349
127447
126334
124910
123943
123678
122435
121401
120891
119463
118579
117705
117094
116376
114960
114579
113303
112388
110814
111171
109961
108121
107325
107614
107046
105824
103638
104299
102094
101779
101186
100707
 99984
 99415
 97955
 97972
 97128
 96035
 95165
 94653
 93271
 92173
 92513
 91074
 89904
 89639
 89314
 88091
 88380
 85625
 85527
 85401
 85173
 84494
 83063
 82563
 82299
 80822
 79490
 79335
 78008
 77382
 78183
 77154
 75926
 75549
 74822
 74914
 73455
 73227
 72865
 72672
 71488
 70469
 69900
 69598
 68335
 67918
 68565
 67427
 66730
 65900
 66088
 64742
 64220
 63623
 62839
 62441
 61953
 61376
 61695
 60529
 59596
 59374
 59008
 58280
 57377
 57740
 57054
 55915
 55427
 55686
 55132
 54274
 54003
 53250
 53729
 52045
 52203
 51423
 51121
 50532
 50250
 49745
 48548
 49253
 48568
 48549
 46894
 47788
 46185
 46196
 45780
 45474
 44726
 45299
 44529
 43279
 43169
 43311
 42250
 42298
 41941
 41411
 40928
 40702
 40129
 39426
 39488
 38566
 38459
 38837
 37991
 37473
 37214
 37263
 36975
 36359
 35832
 34475
 35468
 34469
 34631
 34064
 34500
 34078
 33317
 32894
 32340
 33303
 32053
 31809
 30578
 31154
 30465
 30620
 30060
 30450
 30109
 29794
 29392
 28396
 28110
 28048
 28091
 27060
 26995
 27174
 26749
 27299
 26236
 25707
 25727
 25450
 24962
 24882
 24350
 24240
 24018
 23873
 23723
 23384
 23136
 23035
 22944
 22439
 22304
 22195
 22140
 21950
 21408
 21225
 21164
 20546
 20578
 20702
 20175
 20195
 19905
 19643
 19613
 19375
 18945
 18374
 18329
 18463
 18427
 17733
 17550
 17388
 17353
 17280
 17538
 17225
 16676
 16922
 16468
 16424
 15642
 16112
 15471
 15617
 15566
 15502
 14966
 14558
 14255
 14659
 14525
 14471
 13759
 13894
 14101
 13478
 13332
 13437
 12821
 13383
 12696
 12647
 12643
 12407
 12543
 12416
 11828
 12148
 12069
 11608
 11254
 11277
 11508
 10828
 11065
 10904
 10907
 10871
 10666
 10420
 10548
 10269
 10168
  9915
  9811
  9595
  9354
  9437
  9557
  9429
  9039
  9467
  9128
  8705
  8854
  8810
  8810
  8422
  8410
  8277
  8280
  8270
  8171
  8380
  7546
  7617
  7657
  7840
  7629
  7393
  7445
  7379
  7345
  7237
  6808
  6654
  7015
  6750
  6513
  6826
  6647
  6424
  6438
  6304
  6148
  6255
  6330
  6068
  6171
  5972
  5794
  5788
  5693
  5773
  5767
  5406
  5519
  5426
  5277
  5149
  5296
  5044
  5255
  4996
  4906
  5020
  4802
  4724
  4668
  4517
  4537
  4662
  4320
  4291
  4375
  4612
  4413
  4329
  4178
  4252
  4289
  3942
  4019
  4090
  3913
  4045
  3750
  3564
  3850
  3837
  3708
  3580
  3670
  3490
  3409
  3523
  3455
  3296
  3425
  3107
  3126
  3249
  3093
  3056
  2942
  2895
  3055
  3011
  2865
  2821
  2817
  2841
  2716
  2753
  2622
  2759
  2467
  2573
  2373
  2394
  2479
  2496
  2514
  2397
  2387
  2372
  2310
  2312
  2411
  2389
  2304
  2343
  2232
  2126
  2133
  1987
  2120
  2039
  2033
  1982
  2004
  1959
  1978
  1763
  1845
  1932
  1908
  1819
  1792
  1883
  1671
  1621
  1556
  1630
  1570
  1553
  1501
  1594
  1569
  1513
  1454
  1424
  1374
  1320
  1342
  1521
  1508
  1246
  1356
  1198
  1276
  1272
  1408
  1217
  1346
  1240
  1062
  1161
  1192
  1169
  1188
  1010
  1122
  1043
  1109
  1204
  1073
  1139
  1012
  1007
   962
  1067
  1039
   975
   995
   905
   927
  1008
   860
   890
   800
   903
   871
   787
   849
   794
   742
   822
   819
   788
   879
   815
   737
   733
   673
   823
   697
   711
   656
   756
   647
   648
   712
   653
   681
   520
   593
   682
   585
   637
   616
   561
   579
   585
   524
   590
   588
   628
   571
   460
   552
   512
   516
   486
   534
   498
   528
   413
   402
   505
   462
   446
   362
   479
   425
   376
   399
   441
   418
   451
   349
   465
   443
   371
   324
   360
   330
   321
   284
   384
   331
   295
   321
   325
   301
   319
   340
   291
   302
   362
   233
   313
   310
   247
   268
   322
   263
   259
   303
   225
   222
   196
   254
   251
   240
   207
   190
   229
   232
   246
   226
   190
   234
   198
   206
   195
   159
   210
   212
   220
   172
   211
   138
   166
   164
   199
   172
   146
   157
   170
   152
   186
   167
   143
   138
   146
   179
   162
   139
   129
   162
   142
   116
   116
    90
   115
   115
   104
   156
   145
   123
   116
   133
   131
   101
   125
   119
   135
    94
    94
   117
   107
    86
    87
   106
   129
    77
    96
   132
    83
    67
   107
    82
   101
    76
    81
    79
    63
    74
    87
    76
    86
    33
    59
    82
    52
    78
    55
    75
    55
    58
    58
    73
    72
    63
    31
    48
    49
    59
    34
    67
    69
    91
    52
    41
    60
    55
    71
    68
    67
    33
    45
    59
    56
    39
    68
    69
    51
    80
    23
    31
    34
    44
    34
    32
    41
    25
    49
    32
    18
    37
    29
    50
    41
    31
    25
    26
    22
    32
    33
    27
    38
    23
    37
    36
    37
    26
    13
    14
    30
    37
    26
    29
    19
    25
     7
    14
    19
    18
    10
    22
    12
    18
    22
    18
    12
    26
    14
    21
     8
    14
    14
    33
    16
    18
    22
     9
    19
    25
    10
    16
    10
    10
    20
    14
    23
     5
    18
     9
     7
     8
    14
    12
     7
     0
    10
     6
     4
     5
    14
     4
    12
     7
    17
     8
     7
     3
     3
    23
     5
     2
     9
     9
     8
    12
    14
     9
     9
     4
     7
     3
     6
    12
     5
    11
    16
     0
    11
     4
    12
     8
     8
     3
     0
     4
     3
     3
     5
     1
     5
     3
     6
    11
     4
     5
     3
     9
     0
     1
     7
     7
     2
     5
     5
     3
    19
     1
     5
     2
    11
     2
     1
     1
     6
     5
     0
     3
     4
     1
     4
     6
     0
     1
     5
     1
     9
     0
     3
     1
     1
     6
     0
     4
     0
     0
     1
     0
     3
     1
     2
     6
     0
     0
     1
     1
     0
     0
     2
     1
     0
     0
     0
     0
     7
     2
     3
    11
     0
     1
     4
     0
     0
     4
     4
     1
     0
     0
     2
     0
     1
     0
     0
     1
     0
     0
     7
     0
     2
     0
     1
     0
     1
     1
     0
     0
     0
     0
     0
     2
     0
     0
     0
     1
     0
     9
     0
     0
     3
     0
     0
     0
     0
     0
     0
     0
     0
     0
     0
     0
     0
     2
     0
     1
     5
     2
     2
     4
     0
     0
     0
     0
     0
     0
     0
     0
     0
     0
     0
     0
     0
     0
     4
     0
     0
     0
     0
     0
     0
     0
     0
     0
     0
     0
     0
     0
     0
     0
     0
     0
     0
     0
     0
     0
     0
     0
     0
     0
     0
     0
     0
     0
     0
     0
     0
     0
     0
     0
     0
     0
     0
     0
     0
     0
     0
     0
     0
     0
     0
     0
     0
     0
     0
     0
     0
     1
     0
     0
     0
     0
     0
     0
     0
     0
     0
     0
     0
     0
     3
     0
     1
     1
     0
     0
     0
     0
     0
     1
     0
     0
     0
     0
     0
     0
     0
     1
     0
     0
     0
     0
     0
     2
     0
     0
     0
     1
     1
     0
     0
     0
     0
     0
     2
     0
     0
     0
     0
     0
     2
     0
     1
     0
     0
     0
     0
     0
     1
     0
     0
     1
     0
     0
     0
     0
     0
     0
     0
     0
     0
     0
     0
     0
     0
     0
     0
     0
     0
     0
     0
     0
     0
     0
     0
     0
     0
     0
     0
     0
     0
     0
     0
     0
     0
     0
     0
     0
     0
     0
     0
     0
     0
     0
     0
     0
     0
     0
     0
     0
     0
     0
     0
     0
     0
     0
     0
     0
     0
     0
     0
     0
     0
     0
     0
     0
     0
     0
     0
     0
     0
     0
     0
     0
     0
     0
     0
     0
     0
     0
     0
     0
     0
     0
     0
     0
     0
     0
     0
     0
     0
     0
     0
     0
     0
     0
     0
     0
     0
     0
     0
     0
     0
     0
     0
     0
     0
     0
     0
     0
     0
     0
     0
     0
     0
     0
     0
     0
     0
     0
     0
     0
     0
     0
     0
     0
     0
     0
     0
     0
     0
     0
     0
     0
     0
     0
     0
     0
     0
     0
     0
     0
     0
     0
     0
     0
     0
     0
     0
     0
     0
     0
     0
     0
     0
     0
     0
     0
     0
     0
     0
     0
     0
     0
     0
     0
     0
     0
     0
     0
     0
     0
     0
     0
     0
     0
     0
     0
     0
     0
     0
     0
     0
     0
     0
     0
     0
     0
     0
     0
     0
     0
     0
     0
     0
     0
     0
     0
     0
     0
     0
     0
     0
     0
     0
     0
     0
     0
     0
     0
     0
     0
     0
     0
     0
     0
     0
     0
     0
     0
     0
     0
     0
     0
     0
     0
     0
     0
     0
     0
     0
     0
     0
     0
     0
     0
     0
     0
     0
     0
     0
     0
     0
     0
     0
     0
     0
     0
     0
     0
     0
     0
     0
     0
     0
     0
     0
     0
     0
     0
     0
     0
     0
     0
     0
     0
     0
     0
     0
     0
     0
     0
     0
     0
     0
     0
     0
     0
     0
     0
     0
     0
     0
     0
     0
     0
     0
     0
     0
     0
     0
     0
     0
     0
     0
     0
     0
     0
     0
     0
     0
     0
     0
     0
     0
     0
     0
     0
     0
     0
     0
     0
     0
     0
     0
     0
     0
     0
     0
     0
     0
     0
     0
     0
     0
     0
     0
     0
     0
     0
     0
     0
     0
     0
     0
     0
     0
     0
     0
     0
     0
     0
     0
     0
     0
     0
     0
     0
     0
     0
     0
     0
     0
     0
     0
     0
     0
     0
     0
     0
     0
     0
     0
     0
     0
     0
     0
     0
     0
     0
     0
     0
     0
     0
     0
     0
     0
     0
     0
     0
     0
     0
     0
     0
     0
     0
     0
     0
     0
     0
     0
     0
     0
     0
     0
     0
     0
     0
     0
     0
     0
     0
     0
     0
     0
     0
     0
     0
     0
     0
     0
     0
     0
     0
     0
     0
     0
     0
     0
     0
     0
     0
     0
     0
     0
     0
     0
     0
     0
     0
     0
     0
     0
     0
     0
     0
     0
     0
     0
     0
     0
     0
     0
     0
     0
     0
     0
     0
     0
     0
     0
     0
     0
     0
     0
     0
     0
     0
     0
     0
     0
     0
     0
     0
     0
     0
     0
     0
     0
     0
     0
     0
     0
     0
     0
     0
     0
     0
     0
     0
     0
     0
     0
     0
     0
     0
     0
     0
     0
     0
     0
     0
     0
     0
     0
     0
     0
     0
     0
     0
     0
     0
     0
     0
     0
     0
     0
     0
     0
     0
     0
     0
     0
     0
     0
     0
     0
     0
     0
     0
     0
     0
     0
     0
     0
     0
     0
     0
     0
     0
     0
     0
     0
     0
     0
     0
     0
     0
     0
     0
     0
     0
     0
     0
     0
     0
     0
     0
     0
     0
     0
     0
     0
     0
     0
     0
     0
     0
     0
     0
     0
     0
     0
     0
     0
     0
     0
     0
     0
     0
     0
     0
     0
     0
     0
     0
     0
     0
     0
     0
     0
     0
     0
     0
     0
     0
     0
     0
     0
     0
     0
     0
     0
     0
     0
     0
     0
     0
     0
     0
     0
     0
     0
     0
     0
     0
     0
     0
     0
     0
     0
     0
     0
     0
     0
     0
     0
     0
     0
     0
     0
     0
     0
     0
     0
     0
     0
     0
     0
     0
     0
     0
     0
     0
     0
     0
     0
     0
     0
     0
     0
     0
     0
     0
     0
     0
     0
     0
     0
     0
     0
     0
     0
     0
     0
     0
     0
     0
     0
     0
     0
     0
     0
     0
     0
     0
     0
     0
     0
     0
     0
     0
     0
     0
     0
     0
     0
     0
     0
     0
     0
     0
     0
     0
     0
     0
     0
     0
     0
     0
     0
     0
     0
     0
     0
     0
     0
     0
     0
     0
     0
     0
     0
     0
     0
     0
     0
     0
     0
     0
     0
     0
     0
     0
     0
     0
     0
     0
     0
     0
     0
     0
     0
     0
     0
     0
     0
     0
     0
     0
     0
     0
     0
     0
     0
     0
     0
     0
     0
     0
     0
     0
     0
     0
     0
     0
     0
     0
     0
     0
     0
     0
     0
     0
     0
     0
     0
     0
     0
     0
     0
     0
     0
     0
     0
     0
     0
     0
     0
     0
     0
     0
     0
     0
     0
     0
     0
     0
     0
     0
     0
     0
     0
     0
     0
     0
     0
     0
     0
     0
     0
     0
     0
     0
     0
     0
     0
     0
     0
     0
     0
     0
     0
     0
     0
     0
     0
     0
     0
     0
     0
     0
     0
     0
     0
     0
     0
     0
     0
     0
     0
     0
     0
     0
     0
     0
     0
     0
     0
     0
     0
     0
     0
     0
     0
     0
     0
     0
     0
     0
     0
     0
     0
     0
     0
     0
     0
     0
     0
     0
     0
     0
     0
     0
     0
     0
     0
     0
     0
     0
     0
     0
     0
     0
     0
     0
     0
     0
     0
     0
     0
     0
     0
     0
     0
     0
     0
     0
     0
     0
     0
     0
     0
     0
     0
     0
     0
     0
     0
     0
     0
     0
     0
     0
     0
     0
     0
     0
     0
     0
     0
     0
     0
     0
     0
     0
     0
     0
     0
     0
     0
     0
     0
     0
     0
     0
     0
     0
     0
     0
     0
     0
     0
     0
     0
     0
     0
     0
     0
     0
     0
     0
     0
     0
     0
     0
     0
     0
     0
     0
     0
     0
     0
     0
     0
     0
     0
     0
     0
     0
     0
     0
     0
     0
     0
     0
     0
     0
     0
     0
     0
     0
