1.23803
1.23835
1.23852
1.23544
1.23281
1.23083
1.22927
1.22767
1.22765
1.22632
1.22509
1.22539
1.22509
1.22422
1.22468
1.224
1.22372
1.22389
1.22377
1.22388
1.22345
1.22371
1.22353
1.22314
1.22257
1.22345
1.22301
1.22355
1.22281
1.22316
1.22398
1.22235
1.22361
1.22269
1.22265
1.22261
1.22378
1.22296
1.22305
1.22285
1.2225
1.22297
1.22313
1.22268
1.22219
1.22241
1.22287
1.22282
1.2222
1.22209
1.22334
1.22289
1.22205
1.22094
1.22188
1.22133
1.2223
1.22174
1.22214
1.22161
1.2214
1.22099
1.22131
1.22215
1.22137
1.22147
1.22222
1.22143
1.22099
1.22104
1.22134
1.22101
1.22102
1.22089
1.22076
1.22129
1.22081
1.21994
1.2208
1.22099
1.22067
1.22061
1.21978
1.2207
1.21939
1.21975
1.21977
1.21986
1.21983
1.21991
1.22015
1.22002
1.22002
1.21977
1.21985
1.21913
1.21958
1.21923
1.21936
1.21953
1.21945
1.21856
1.21879
1.21924
1.21943
1.21846
1.21854
1.21873
1.21785
1.21826
1.21869
1.21863
1.21829
1.21809
1.2179
1.21854
1.21847
1.21742
1.21758
1.21702
1.21708
1.21719
1.21802
1.21777
1.21796
1.21674
1.21773
1.2171
1.21632
1.21661
1.21611
1.21627
1.21614
1.21641
1.21615
1.21653
1.21599
1.21595
1.21519
1.21503
1.21513
1.21523
1.21474
1.21538
1.21448
1.2153
1.21532
1.21513
1.21443
1.21466
1.21339
1.21375
1.21423
1.21427
1.21345
1.21398
1.21373
1.21323
1.21324
1.21354
1.2135
1.21226
1.21278
1.21164
1.21229
1.21218
1.21184
1.21153
1.21187
1.2115
1.21094
1.21088
1.21148
1.2107
1.21036
1.21071
1.21043
1.21041
1.2105
1.20957
1.20964
1.20962
1.2096
1.20954
1.20964
1.2089
1.20882
1.20848
1.20855
1.20861
1.2077
1.20784
1.20824
1.20742
1.20773
1.20741
1.20737
1.20707
1.20682
1.20677
1.20666
1.20608
1.20633
1.20668
1.20605
1.20594
1.20559
1.20536
1.20568
1.2051
1.20485
1.205
1.20488
1.20515
1.20487
1.20471
1.20427
1.20423
1.2043
1.20399
1.20395
1.20389
1.20379
1.20377
1.20349
1.20341
1.20356
1.20329
1.20326
1.2033
1.20318
1.20309
1.20307
1.20311
1.20294
1.20271
1.20284
1.20284
1.20281
1.20276
1.20262
1.20256
1.2025
1.20249
1.20264
1.20237
1.20239
1.20232
1.20223
1.20226
1.20227
1.20215
1.20225
1.20226
1.20228
1.20214
1.20225
1.20212
