       0
    8863
   31576
   54882
   70679
   98157
  117580
  138898
  160075
  184101
  202386
  230043
  246511
  269041
  285996
  308132
  328618
  347309
  366509
  377869
  420842
  435443
  450471
  474586
  501145
  523780
  550547
  555230
  588706
  616044
  619429
  646619
  654703
  677710
  706606
  718784
  765699
  761836
  790176
  809363
  831083
  843380
  853052
  926430
  911870
  942732
  965446
  982647
 1000323
  974139
 1026011
 1035807
 1068720
 1082958
 1087657
 1100918
 1131429
 1176005
 1187087
 1191949
 1212260
 1205249
 1254313
 1309421
 1297751
 1321809
 1324638
 1338818
 1356418
 1372310
 1416061
 1433877
 1423006
 1456560
 1465965
 1486929
 1492156
 1532215
 1552289
 1564800
 1541267
 1590364
 1631242
 1648780
 1648806
 1670760
 1704724
 1694673
 1716824
 1742096
 1766074
 1746968
 1814611
 1802441
 1842607
 1847677
 1848216
 1863941
 1917495
 1923398
 1899902
 1920383
 1939867
 1983775
 1981496
 2039694
 2002406
 2018995
 2051667
 2065708
 2077939
 2112415
 2126627
 2123561
 2134372
 2168805
 2166739
 2201789
 2213754
 2232874
 2210851
 2260448
 2246329
 2278080
 2285724
 2330478
 2323388
 2322356
 2341960
 2364274
 2401966
 2427844
 2401904
 2419195
 2436808
 2459342
 2472154
 2532968
 2514299
 2536191
 2543668
 2548216
 2560842
 2572741
 2630919
 2665647
 2659445
 2635332
 2690136
 2679945
 2682393
 2710789
 2724746
 2741667
 2765747
 2766008
 2792519
 2761829
 2803924
 2814955
 2847959
 2871732
 2883485
 2886649
 2879967
 2890548
 2929024
 2937447
 2965661
 2959833
 2980644
 3021361
 3027208
 3041412
 3063225
 3044729
 3074795
 3062909
 3106370
 3122221
 3121804
 3174249
 3166576
 3205310
 3183958
 3246306
 3257272
 3258898
 3302593
 3318420
 3331706
 3318167
 3311979
 3356457
 3345993
 3383164
 3400289
 3415286
 3443661
 3442705
 3504576
 3462812
 3512539
 3462795
 3576039
 3481323
 3574154
 3571060
 3567646
 3628584
 3650025
 3650617
 3678391
 3686988
 3728790
 3743288
 3739980
 3744153
 3735414
 3757209
 3827812
 3820101
 3842235
 3884562
 3890836
 3895484
 3922711
 3976244
 3954945
 3951207
 3966574
 4058159
 4035356
 4041231
 4042414
 4040692
 4098176
 4093591
 4118469
 4126004
 4184367
 4239157
 4170482
 4221240
 4213972
 4273579
 4241955
 4272014
 4284545
 4294400
 4320628
 4370946
 4401177
 4416402
 4396059
 4428082
 4462991
 4420325
 4485922
 4524384
 4508493
 4522697
 4544475
 4563974
 4581382
 4585431
 4612900
 4645234
 4689496
 4693004
 4681771
 4718341
 4761299
 4711565
 4765322
 4740474
 4812439
 4852435
 4830198
 4904012
 4880440
 4874145
 4901724
 4960011
 4972407
 5015539
 4974697
 5003061
 5042813
 5058147
 5073059
 5082891
 5110068
 5125598
 5158525
 5137086
 5153736
 5231915
 5314958
 5252152
 5287528
 5272563
 5350524
 5321768
 5322024
 5357507
 5350198
 5403086
 5420587
 5395051
 5468187
 5464340
 5523979
 5526325
 5475305
 5535554
 5549222
 5560664
 5666461
 5593932
 5626455
 5664652
 5684516
 5713036
 5699254
 5712584
 5817679
 5790611
 5809829
 5824984
 5791169
 5846058
 5846662
 5860026
 5863934
 5963705
 5950258
 5963418
 6021053
 6032196
 5992052
 6035596
 6012890
 6005311
 6088049
 6072337
 6174952
 6222244
 6219046
 6166514
 6214971
 6208656
 6251667
 6242843
 6254145
 6279327
 6252297
 6322060
 6339387
 6418488
 6398920
 6378333
 6377139
 6429705
 6506719
 6480053
 6482537
 6549704
 6539972
 6564705
 6570998
 6630034
 6593643
 6649527
 6683685
 6647063
 6751970
 6773123
 6743864
 6804398
 6785756
 6832570
 6818183
 6826964
 6869461
 6941488
 6880321
 6935541
 6963590
 6966684
 7011712
 6980568
 7052237
 7047989
 7041695
 7065246
 7089549
 7096420
 7121733
 7120205
 7220037
 7213059
 7228762
 7211493
 7278693
 7253630
 7260575
 7309194
 7278597
 7332184
 7345989
 7363824
 7393927
 7415811
 7445533
 7437064
 7468283
 7539101
 7502311
 7457839
 7556501
 7581158
 7596501
 7598020
 7569945
 7631056
 7633802
 7687732
 7664862
 7674986
 7749202
 7731776
 7804870
 7783973
 7797479
 7810216
 7766949
 7872674
 7865263
 7851758
 7907057
 7917354
 7967487
 7978817
 7987631
 8011604
 8048764
 8052651
 8029384
 8024562
 8091990
 8048424
 8129994
 8126534
 8177588
 8166265
 8195634
 8192632
 8219820
 8284101
 8297050
 8345688
 8335455
 8352818
 8380244
 8333278
 8402330
 8407528
 8414702
 8435158
 8472332
 8489145
 8545823
 8534647
 8553978
 8511550
 8575000
 8517148
 8585994
 8679281
 8624855
 8638979
 8666843
 8681799
 8664447
 8672916
 8712117
 8770678
 8703712
 8797113
 8807219
 8834427
 8780155
 8805189
 8852555
 8799608
 8853467
 8894585
 8917259
 8890185
 8903630
 8881605
 8965995
 8930816
 8918975
 9035161
 8984629
 9023146
 9036281
 9059368
 9039463
 9088632
 9091030
 9127395
 9146434
 9181054
 9169081
 9184259
 9186755
 9194166
 9197096
 9217645
 9270223
 9208393
 9259060
 9314143
 9256056
 9303348
 9312264
 9319684
 9315900
 9379247
 9310730
 9475551
 9383190
 9420735
 9414253
 9450744
 9436646
 9499162
 9454137
 9438838
 9473884
 9519013
 9580505
 9552992
 9612121
 9568000
 9544276
 9636916
 9577150
 9603962
 9589234
 9662762
 9566964
 9600892
 9695821
 9680006
 9623306
 9677392
 9693769
 9693467
 9735765
 9734136
 9710838
 9718032
 9745450
 9794227
 9840251
 9799594
 9770339
 9769483
 9762575
 9802967
 9805836
 9786497
 9870343
 9890611
 9841933
 9859932
 9890963
 9919400
 9948818
 9937935
 9918808
 9894134
 9933650
 9905220
 9948730
 9964195
10010754
 9941014
 9927452
 9952794
10020735
 9999852
10008657
10012725
10066426
 9995364
10051355
10024354
10064863
10118170
10063025
10064560
10104566
10067273
10102416
10217915
10154355
10184290
10174451
10206351
10215180
10165793
10227639
10229198
10243154
10207704
10212604
10273306
10215916
10203806
10299319
10278655
10238444
10273584
10371239
10323498
10254700
10330906
10281326
10394274
10357385
10351656
10361289
10371648
10365441
10451958
10426604
10440780
10413941
10465123
10485348
10477592
10467483
10417023
10483092
10426395
10502270
10509533
10476483
10570646
10593084
10537912
10533579
10566309
10614505
10575383
10563643
10640060
10697439
10628405
10658542
10669488
10709541
10703170
10697439
10732817
10741168
10761967
10752821
10738803
10732636
10803586
10826397
10874481
10796544
10873885
10850715
10944905
10874829
10825003
10889576
10900177
10825338
10980372
10949061
10954283
10942129
10950663
11018871
10987319
11031118
11003742
11074264
11060704
11090849
11175790
11114675
11186832
11195083
11137663
11129302
11198566
11222039
11219569
11235383
11278005
11248572
11340768
11260981
11361678
11391286
11381669
11319428
11332030
11398623
11467965
11457801
11465785
11474610
11537682
11478307
11538823
11592681
11559688
11612017
11635677
11578422
11722499
11609467
11682001
11699537
11716463
11744531
11747494
11822349
11816056
11801902
11822670
11862928
11935276
11915847
11939217
11940488
11972324
12034396
12048162
11995990
12048694
12093710
12077651
12164042
12154064
12204347
12260173
12225247
12295817
12177989
12259750
12324564
12340861
12214283
12352700
12356209
12319387
12457339
12463604
12475712
12458068
12546950
12564007
12485540
12554270
12626263
12646075
12582992
12706938
12637144
12706712
12695998
12746316
12734239
12754134
12751897
12850376
12847762
12858610
12920292
12905011
12877940
12946452
13071869
12967339
12993758
12996311
13035819
13041563
13092008
13168869
13109067
13093549
13100153
13203596
13215935
13243428
13208926
13249480
13280407
13284372
13299029
13320460
13279261
13342771
13373789
13412567
13376880
13348408
13494513
13448615
13518986
13465320
13546356
13576264
13489335
13588383
13626137
13563744
13582126
13563354
13624274
13607837
13663370
13683469
13679473
13685980
13726891
13795331
13754370
13783025
13784652
13809440
13752587
13828391
13829071
13856963
13860734
13884860
13826930
13917280
13869438
13907393
13890214
13868976
13886040
13896448
13918041
13991320
13967602
13963142
13955730
13955831
13987667
14002081
14091663
13945300
14006594
13993678
14054760
14085016
14012190
14134101
14100499
14131139
14094299
14080125
14128230
14137094
14108869
14063336
14109423
14115013
14079937
14063126
14106028
14224115
14071117
14093169
14134040
14078294
14101112
14087546
14116462
14111520
14178643
14115936
14121526
14144999
14110423
14142063
14144790
14064258
14140179
14212931
14083231
14070454
14127925
14153715
14113269
14121192
14111132
14126735
14146435
14099787
14121722
14158663
14019396
14104120
14085731
14106460
14079647
13945505
14046722
14060963
14098077
14110027
14024482
14110083
14005024
13988958
14031677
14046319
13942502
13959929
14108489
13913803
13915239
13938112
13871036
13961679
13890756
13923393
13917499
13899262
13927043
13912078
13912211
13885054
13850109
13876805
13874731
13892527
13849193
13789023
13838743
13756551
13742696
13867246
13774890
13771871
13754815
13722706
13788232
13727989
13743049
13765554
13741719
13676341
13647948
13665989
13686228
13661498
13606272
13639717
13605607
13681167
13665144
13690388
13635674
13723885
13705112
13527827
13477456
13551538
13569963
13585145
13587569
13519932
13560316
13580045
13517630
13560506
13532888
13486257
13489142
13407174
13425028
13380202
13539469
13422251
13425320
13523015
13444047
13479705
13403492
13449714
13436186
13390415
13348487
13409212
13459407
13347160
13350790
13386560
13306284
13395720
13400707
13318585
13362825
13416586
13337218
13310769
13361546
13375455
13359768
13281498
13212185
13337104
13301795
13276386
13314125
13384272
13325653
13299804
13286818
13283973
13378766
13317451
13323388
13389347
13249145
13333457
13382306
13298079
13340462
13376053
13298088
13309221
13326079
13311716
13331626
13347549
13417446
13365584
13337598
13345959
13360871
13371891
13377564
13412765
13405780
13336270
13316938
13395466
13425793
13411815
13448155
13447955
13438001
13455655
13489549
13425836
13446472
13463643
13458382
13471900
13477482
13527909
13492344
13495859
13571182
13568338
13507166
13539982
13591006
13623904
13614627
13620521
13573924
13506264
13679077
13626811
13606563
13649550
13647683
13772380
13733693
13682526
13703312
13740481
13688303
13786332
13826066
13868525
13799342
13879516
13899728
13836052
13890009
13886166
13889961
13965055
13961165
14036099
14023044
14006600
14019081
14059573
14013647
14054663
14005065
14117838
14134137
14160769
14230454
14223110
14164753
14183576
14308920
14287525
14271215
14352947
14347064
14368514
14322564
14302501
14414698
14355665
14530413
14447444
14427209
14441096
14535821
14432265
14488699
14600390
14648665
14563027
14618140
14623038
14720942
14644505
14676338
14771431
14714591
14715275
14804959
14786665
14822819
14787202
14812003
14801402
14837311
14872370
14973119
14934583
14987788
14910591
14970825
14994667
14940327
15065430
15008528
15109006
15121331
15032896
15046010
15173683
15185731
15148157
15096966
15160975
15162299
15267286
15240526
15262817
15298135
15339907
15330349
15347710
15344111
15416680
15327428
15260851
15294614
15393959
15352169
15463669
15453578
15473745
15544669
15450115
15521815
15589855
15494101
15479414
15532699
15542449
15586805
15528232
15557478
15609068
15633364
15584195
15606428
15581847
15651776
15683823
15601297
15643952
15647310
15652931
15719630
15694563
15777542
15724989
15723031
15744062
15746635
15707030
15758321
15751675
15676820
15729743
15700566
15720998
15709101
15744736
15753661
15804323
15802382
15823900
15798472
15814332
15715606
15746937
15737559
15677941
15780879
15804105
15778306
15738894
15709991
15700315
15725407
15688066
15675462
15749158
15739729
15628877
15703133
15605344
15632528
15701473
15666049
15681023
15640717
15686634
15563022
15589756
15546715
15560411
15574883
15476941
15479426
15481481
15479797
15522815
15433001
15376835
15355502
15454467
15390794
15363354
15392437
15277306
15308452
15243513
15270625
15289941
15201706
15183689
15197768
15193700
15120824
15146869
15010960
14978907
14997507
15050774
14956488
14887191
14977935
14920902
14900190
14863198
14889548
14761407
14745674
14738113
14709327
14694514
14616639
14642606
14501639
14513527
14589791
14493031
14363241
14421344
14344575
14308421
14333591
14184707
14261479
14172040
14207635
14190219
14054928
14060950
13994830
13922456
13960040
13842883
13846125
13770782
13722072
13687925
13663282
13599722
13574673
13558043
13455257
13407071
13381895
13390676
13329773
13233685
13214294
13099736
13112753
13079747
13035024
12961200
12958855
12862542
12825034
12808410
12801357
12733292
12603681
12567500
12535877
12479342
12399513
12405694
12301979
12278144
12254666
12185388
12133043
12080310
11976381
11995803
11901411
11800487
11777500
11740807
11640912
11656986
11628166
11505181
11489485
11468597
11362877
11315820
11189750
11217953
11176794
11049145
11028372
10943366
10912442
10898049
10770556
10774625
10725690
10660300
10515739
10461580
10438242
10338099
10300715
10234483
10183689
10154931
10049559
10051433
 9960858
 9949240
 9853955
 9812079
 9705878
 9706789
 9648810
 9564376
 9497549
 9417227
 9326412
 9360438
 9248264
 9174850
 9096847
 9047199
 8990330
 8907919
 8896027
 8877585
 8806159
 8694700
 8615804
 8625541
 8480406
 8526039
 8424910
 8312228
 8297481
 8235861
 8206553
 8087158
 8044704
 8013718
 7932866
 7873612
 7835801
 7728171
 7667554
 7600563
 7552832
 7532748
 7436246
 7436274
 7331295
 7281230
 7227302
 7148546
 7124756
 7011155
 7058530
 6922356
 6851103
 6773316
 6735785
 6678490
 6681448
 6561515
 6552657
 6497473
 6438845
 6347856
 6250724
 6258926
 6206381
 6134819
 6069429
 6052572
 5947012
 5901051
 5899815
 5861908
 5752108
 5697003
 5667850
 5602395
 5576718
 5516493
 5444994
 5415222
 5332733
 5282955
 5301820
 5200782
 5175920
 5084288
 5031656
 5039353
 4974121
 4918971
 4871359
 4861227
 4781631
 4726704
 4703807
 4694548
 4552973
 4572061
 4485367
 4459985
 4424105
 4346332
 4310605
 4246889
 4232206
 4195514
 4155438
 4157053
 4035100
 4043540
 3968963
 3948441
 3907065
 3827357
 3780386
 3756686
 3689620
 3651354
 3635304
 3658747
 3564011
 3544468
 3476072
 3432412
 3390889
 3403665
 3334917
 3280905
 3237541
 3227712
 3175852
 3147057
 3127154
 3058136
 3043063
 3019618
 3002222
 2920919
 2874657
 2872802
 2865980
 2811357
 2792339
 2728793
 2718626
 2692918
 2646753
 2608103
 2592455
 2565680
 2510259
 2516810
 2481917
 2406693
 2396376
 2408344
 2344023
 2277277
 2292642
 2255374
 2220798
 2208004
 2186561
 2155100
 2145216
 2107517
 2082065
 2040230
 2009298
 1980518
 1971585
 1934220
 1928613
 1883931
 1883175
 1844214
 1810723
 1781781
 1775863
 1741452
 1714138
 1695622
 1686335
 1657182
 1630881
 1616016
 1609355
 1576305
 1544760
 1528579
 1501291
 1485511
 1468305
 1450443
 1420360
 1405517
 1391640
 1352800
 1371771
 1324425
 1324013
 1272484
 1277115
 1252806
 1234851
 1231737
 1204653
 1203172
 1193489
 1152585
 1142845
 1114290
 1132824
 1101051
 1078982
 1069739
 1033778
 1028271
 1021325
  993316
 1001698
  955852
  976885
  941910
  939943
  918616
  886841
  900779
  894804
  850197
  834543
  848351
  817454
  827632
  792084
  791388
  760156
  766044
  757111
  745738
  711954
  727184
  714065
  710540
  678762
  675784
  661768
  655320
  662780
  630951
  615251
  646659
  596277
  596134
  587369
  588297
  573222
  575579
  548439
  529351
  540592
  521249
  521146
  502335
  511575
  483069
  485937
  479390
  469973
  452017
  464864
  448807
  434552
  426782
  425112
  402332
  390945
  406912
  404309
  390381
  394218
  380520
  365891
  366687
  353284
  360351
  346846
  333240
  333336
  330813
  321232
  316116
  309213
  294652
  303272
  296987
  289531
  290057
  281652
  280528
  261417
  267858
  255665
  244523
  252774
  244316
  233636
  241528
  228203
  230641
  219905
  226540
  215019
  211309
  213269
  201263
  204619
  190917
  198762
  189941
  188417
  184819
  180388
  172039
  172363
  170106
  169335
  159066
  165508
  157012
  158197
  161444
  148041
  146355
  145183
  141494
  138881
  130384
  137698
  141118
  127940
  123441
  124993
  126214
  120880
  121412
  112209
  116426
  115440
  110825
  112076
  105036
  108454
   99313
  113130
  103118
   95506
   92428
  101025
   86197
   96284
   89021
   84727
   89141
   84667
   76119
   84333
   79483
   74513
   74712
   75831
   73020
   77756
   67610
   64158
   65223
   66195
   70383
   64218
   59402
   61620
   61388
   58021
   55340
   57877
   56143
   54267
   51750
   54567
   50273
   44464
   45391
   45137
   46237
   43469
   49861
   41371
   43177
   42356
   42580
   42674
   40233
   40484
   42179
   38852
   37501
   37142
   36221
   35267
   36314
   32029
   29743
   33563
   27441
   33389
   30871
   28088
   30023
   27734
   27625
   29417
   29565
   24456
   25871
   21991
   20665
   24712
   24256
   18546
   23686
   23526
   23025
   19753
   22574
   19392
   21766
   18868
   19507
   19515
   19814
   20099
   20442
   16661
   15868
   18704
   14889
   16478
   18059
   16032
   17913
   15117
   14905
   16320
   12793
   12502
   12936
   15283
   10891
   13443
   11438
   12538
   10131
   11560
   10058
    9063
    9038
   10259
   10423
    9157
    8919
   10234
   11112
    9361
   10106
    9971
    9139
    7758
    9158
   10449
    8344
    7980
    7738
    8397
    6982
    6163
    7974
    6789
    8458
   10196
    6164
    5051
    5822
    6341
    6240
    7835
    4489
    6753
    5299
    4881
    4362
    5198
    5999
    3876
    4449
    4074
    4782
    5388
    5961
    5754
    3688
    5559
    6038
    5542
    3268
    3867
    5608
    4927
    2910
    5030
    3740
    2998
    3962
    4730
    4301
    2630
    2464
    3160
    2212
    4124
    2949
    3245
    2454
    2783
    2512
    3827
    3242
    2540
    1784
    2881
    2783
    2762
    2076
    3006
    1516
    2607
    2803
    2254
    1584
    2595
    1775
    2081
    1641
    1993
    2138
    1950
    2630
    2510
    1688
    1638
    1274
    1902
    1145
    1432
    1349
    2026
    1399
    1563
    1056
     923
     761
    1895
    1249
    1431
    1127
    1775
    1884
    1509
    1709
    1113
    1757
    1796
    1156
     549
    1142
    1115
    1202
    1187
    2190
    1220
     389
     822
    1050
     923
    1065
    1282
     991
     583
     258
     634
     480
     722
     735
     650
     743
     578
     887
     415
     702
     853
     548
     701
     385
      32
     807
     553
     616
     386
     636
     726
     336
     340
     297
     550
     599
     243
     105
     520
     127
     375
     477
     338
     308
     215
     452
     142
     101
     416
     743
     349
     188
     235
     591
     337
     703
     120
     372
     158
     427
     136
      79
     308
     183
     109
     228
       0
     170
     598
     176
      39
       4
     364
     316
     100
     193
       0
      38
     125
      72
       0
     296
     708
     326
     225
      94
      70
     103
      74
     465
     133
     329
     203
     440
       0
     245
     283
     144
     124
     250
      65
      49
     120
       0
      12
     245
     115
       0
     154
      84
      27
      11
      29
      61
     226
     355
     418
     204
     165
       0
     143
     167
     277
       5
       0
       0
       0
      79
      12
       0
       0
       0
      57
       9
      29
      72
       9
     164
       0
       1
       0
       0
       0
     160
      28
      92
      99
      71
       0
     102
      14
      71
       0
      71
     161
      22
      10
       0
       0
     120
     217
       6
     196
      19
      79
     230
     170
      17
     116
     119
       0
      74
     190
       0
      20
     103
       0
     197
       0
      62
       0
       0
      31
      36
      11
      60
      20
       0
       0
      43
       0
       0
      78
     166
     508
     160
      12
       0
       0
       5
      51
       0
     187
       0
      54
       0
      16
       0
       0
       0
     125
       0
       0
       0
      47
       0
       0
      53
     173
      74
     122
      35
     145
      22
       0
      86
       8
      37
       0
       3
       0
       0
       0
       0
       0
       0
       0
       0
       0
       0
     111
      85
       0
       0
      18
     100
       0
       0
      78
       0
       0
       0
     183
       0
       0
       0
       0
      66
      16
       0
       0
     101
     244
      26
       0
       0
       0
       0
       0
       0
       0
       0
       0
       0
       0
      78
     243
       0
       0
       0
       0
       0
       0
       0
      40
      89
       0
       0
       0
      44
       0
      47
     154
      45
       0
       0
      23
       0
       0
       0
       0
       0
       0
       0
       0
       0
       0
      50
       0
       0
       0
       0
       0
       0
       0
      14
       0
       0
       0
       0
     176
       0
       0
       0
       0
       0
       0
       0
       0
       0
       0
     306
       1
      88
       0
       0
       0
       0
       0
       0
       0
       0
       0
       0
      95
       0
       0
      56
       0
      20
      14
       0
       0
       0
       0
       0
       0
       0
       6
       0
       0
       0
      11
       0
       0
       0
       0
       0
       0
       0
       0
       0
      10
       0
       0
      53
       0
       0
     213
       0
      11
       0
       0
       0
       0
       0
      31
       0
      73
       0
       0
       0
       0
      30
       0
       0
       0
       0
       0
       0
       0
       0
       0
       0
       0
       0
       7
     111
      64
       0
       0
       0
       0
      34
       0
       0
     161
      33
       0
       0
     127
       0
       0
       0
       0
       0
      32
       0
      27
       0
       0
       0
       0
       0
       0
       0
       0
       0
     133
       0
       0
       0
       0
       9
     239
       2
       0
       0
       0
       0
       0
       0
       0
       0
       0
       0
     288
      43
       0
       0
       0
       0
       0
       0
       0
      35
      70
       0
       0
       0
       0
       0
       0
      18
      34
      45
       0
       0
       0
       0
       0
       0
       0
       0
       0
       0
       0
       0
       0
       0
       0
      24
       0
       0
       0
       0
       0
       0
       0
      45
       0
       0
       0
       1
       0
       0
       0
       0
       0
       0
       0
      17
      81
       0
       0
       0
       0
       0
       0
      49
       0
       0
       0
       0
       0
      61
     116
       0
     153
       0
       0
       0
       0
       0
       0
       1
       0
       0
       0
       0
       0
       4
       0
       0
       0
       0
       0
       0
       0
       0
       0
       0
       0
       0
       0
       0
       0
       0
       0
       0
      77
      26
       0
       0
       0
       0
       0
     156
      61
       0
       0
       0
       0
       0
       0
       0
       0
       0
       0
       0
       0
       0
       0
       0
       0
       0
       0
       0
      30
     116
     197
       0
       0
       0
       0
       0
       0
       0
       0
       0
       0
       0
       0
       0
       0
       0
       0
       0
       0
       0
       0
       0
       0
       0
       0
       0
      15
       0
       0
       0
       0
       0
       0
      82
       0
       0
       0
       0
       0
       0
       0
       0
       0
       0
       0
       0
       0
       0
       0
       0
       0
       0
       0
       0
       0
       0
       0
       0
       0
       0
       0
       0
       0
       0
       0
       0
       0
       0
       0
       0
       0
       0
       0
       0
       0
       0
       0
       0
       0
       0
       0
       0
       0
       0
       0
       0
       0
       0
       0
       0
       0
       0
       0
       0
       0
       0
       0
       0
       0
       0
       0
       0
       0
       0
       0
       0
       0
       0
       0
       0
       0
       0
       0
       0
       0
       0
       0
       0
       0
       0
       0
       0
       0
       0
       0
       0
       0
       0
       0
       0
       0
       0
       0
       0
       0
       0
       0
       0
       0
       0
       0
       0
       0
       0
       0
       0
       0
       0
       0
       0
       0
       0
       0
       0
       0
       0
       0
       0
       0
       0
       0
       0
       0
       0
       0
       0
       0
       0
       0
       0
       0
       0
       0
       0
       0
       0
       0
       0
       0
       0
       0
       0
       0
       0
       0
       0
       0
       0
       0
       0
       0
       0
       0
       0
       0
       0
       0
       0
       0
       0
       0
       0
       0
       0
       0
       0
       0
       0
       0
       0
       0
       0
       0
       0
       0
       0
       0
       0
       0
       0
       0
       0
       0
       0
       0
       0
       0
       0
       0
       0
       0
       0
       0
       0
       0
       0
       0
       0
       0
       0
       0
       0
       0
       0
       0
       0
       0
       0
       0
       0
       0
       0
       0
       0
       0
       0
       0
       0
       0
       0
       0
       0
       0
       0
       0
       0
       0
       0
       0
       0
       0
       0
       0
       0
       0
       0
       0
       0
       0
       0
       0
       0
       0
       0
       0
       0
       0
       0
       0
       0
       0
       0
       0
       0
       0
       0
       0
       0
       0
       0
       0
       0
       0
       0
       0
       0
       0
       0
       0
       0
       0
       0
       0
       0
       0
       0
       0
       0
       0
       0
       0
       0
       0
       0
       0
       0
       0
       0
       0
       0
       0
       0
       0
       0
       0
       0
       0
       0
       0
       0
       0
       0
       0
       0
       0
       0
       0
       0
       0
       0
       0
       0
       0
       0
       0
       0
       0
       0
       0
       0
       0
       0
       0
       0
       0
       0
       0
       0
       0
       0
       0
       0
       0
       0
       0
       0
       0
       0
       0
       0
       0
       0
       0
       0
       0
       0
       0
       0
       0
       0
       0
       0
       0
       0
       0
       0
       0
       0
       0
       0
       0
       0
       0
       0
       0
       0
       0
       0
       0
       0
       0
       0
