3.2388
3.22724
3.2616
3.22808
3.2163
3.24279
3.29653
3.24312
3.2666
3.25696
3.29328
3.29537
3.30894
3.26828
3.28228
3.30694
3.27309
3.26332
3.26507
3.25172
3.2389
3.26529
3.2187
3.24836
3.24741
3.23058
3.25332
3.24658
3.23639
3.22233
3.25368
3.25237
3.22436
3.26435
3.21109
3.23487
3.19337
3.21851
3.24178
3.20388
3.22998
3.23519
3.23149
3.20456
3.20577
3.25
3.17895
3.22181
3.22134
3.18083
3.21068
3.23651
3.23453
3.21933
3.20068
3.21094
3.21986
3.17823
3.18641
3.19631
3.19108
3.21824
3.2019
3.24579
3.20817
3.19913
3.20281
3.20348
3.21554
3.23512
3.21478
3.2639
3.22263
3.24696
3.19776
3.17608
3.18821
3.22585
3.2513
3.20173
3.20202
3.24483
3.23921
3.19744
3.23274
3.23593
3.1895
3.21402
3.17757
3.19158
3.15153
3.23004
3.21341
3.17508
3.23306
3.22737
3.18743
3.26464
3.21194
3.17265
3.22889
3.21368
3.1835
3.17993
3.23755
3.19246
3.17666
3.18733
3.19638
3.2129
3.19953
3.205
3.17161
3.18851
3.15584
3.18363
3.18194
3.22367
3.22573
3.19544
3.21895
3.1852
3.21027
3.21269
3.17738
3.19615
3.19792
3.23516
3.2044
3.19021
3.21487
3.20918
3.20866
3.21178
3.20938
3.19559
3.18925
3.19599
3.22811
3.20174
3.19331
3.17963
3.2202
3.20089
3.19381
3.20792
3.16996
3.2079
3.20063
3.18684
3.17579
3.16485
3.19182
3.19987
3.20015
3.20051
3.18436
3.19985
3.20218
3.18589
3.19446
3.1895
3.19679
3.19328
3.18719
3.16584
3.17307
3.21213
3.18643
3.15977
3.22753
3.15927
3.20257
3.18683
3.15166
3.22338
3.16455
3.18055
3.14963
3.19891
3.16985
3.19921
3.13812
3.17804
3.17684
3.18961
3.19051
3.21717
3.17029
3.18545
3.18128
3.1903
3.16402
3.1604
3.13842
3.20855
3.18221
3.21486
3.15402
3.15262
3.17809
3.16054
3.15256
3.17241
3.17285
3.13924
3.13799
3.12644
3.16761
3.14648
3.15079
3.16071
3.15382
3.11383
3.1262
3.14732
3.12123
3.16322
3.16596
3.13727
3.14467
3.17556
3.14176
3.15725
3.13984
3.15247
3.13195
3.11676
3.13658
3.11329
3.12801
3.13574
3.13081
3.13433
3.10773
3.11102
3.12097
3.15606
3.09731
3.15252
3.12355
3.11883
3.10494
3.1346
3.13929
3.09598
3.11671
3.1435
3.15382
3.1209
3.11848
3.11612
3.12507
3.10642
3.11242
3.11725
3.11921
3.11984
3.09952
3.0912
3.12111
3.12505
3.09271
3.06773
3.08293
3.10787
3.11507
3.13043
3.10457
3.11278
3.09602
3.10893
3.11914
3.0805
3.10844
3.10033
3.10996
3.08286
3.07681
3.09804
3.10257
3.11104
3.1062
3.08848
3.09661
3.08464
3.09331
3.09304
3.09276
3.08516
3.08167
3.07221
3.10238
3.08034
3.06122
3.08554
3.08656
3.07105
3.09775
3.08777
3.08209
3.08966
3.07996
3.0945
3.05699
3.10643
3.09048
3.10132
3.07105
3.10138
3.1026
3.07486
3.10075
3.10282
3.08988
3.07126
3.09693
3.07594
3.07837
3.08571
3.09427
3.07512
3.08237
3.08804
3.08743
3.09124
3.08098
3.09677
3.07141
3.09678
3.09167
3.08238
3.08014
3.07051
3.05537
3.09749
3.06281
3.12276
3.11292
3.08365
3.09282
3.09255
3.0907
3.09466
3.07352
3.08136
3.06081
3.06997
3.09205
3.06401
3.08129
3.09299
3.08789
3.08142
3.07392
3.09239
3.07913
3.07859
3.08371
3.07914
3.08125
3.12539
3.07284
3.07251
3.0772
3.06982
3.06146
3.0933
3.05977
3.06966
3.07704
3.07834
3.08402
3.0723
3.0705
3.06734
3.07606
3.07289
3.058
3.0763
3.07964
3.07499
3.07882
3.07353
3.08866
3.09874
3.08065
3.08932
3.06705
3.0839
3.07085
3.09549
3.06965
3.07689
3.07159
3.10345
3.09387
3.08124
3.08431
3.08446
3.08901
3.07319
3.10298
3.10376
3.09838
3.08736
3.08347
3.0584
3.08427
3.07594
3.0661
3.0765
3.09374
3.08888
3.09067
3.0731
3.06261
3.09975
3.10691
3.07035
3.09031
3.07316
3.08907
3.09101
3.07195
3.06525
3.08364
3.08589
3.08649
3.06146
3.07835
3.09262
3.06748
3.0704
3.10368
3.05893
3.09248
3.08179
3.0728
3.0893
