<<<<<<< HEAD
3.40206
3.39275
3.39765
3.26145
3.24262
3.22511
3.2306
3.23096
3.23345
3.22135
3.23281
3.22929
3.22177
3.23465
3.23662
3.23371
3.23135
3.23507
3.22679
3.23715
3.23956
3.23463
3.22482
3.23536
=======
3.32542
3.31922
3.32621
3.30728
3.28611
3.27173
3.26722
3.25738
3.23931
3.23196
3.21984
3.23069
3.23232
3.24007
3.22286
3.2147
3.22305
3.21896
3.21531
3.21824
3.22314
3.22602
3.22976
3.22045
3.21789
3.22605
3.21317
3.22017
3.21791
3.2072
3.21801
3.22613
3.21374
3.20971
3.20934
3.21803
3.2273
3.21364
3.22336
3.21349
3.21301
3.21192
3.20924
3.21684
3.21845
3.20919
3.21447
3.22346
3.20894
3.21772
3.21276
3.21006
3.21345
3.21837
3.21636
3.21846
3.21218
3.21999
3.22132
3.21679
3.21646
3.221
3.21341
3.21313
3.21049
3.21252
3.20196
3.21276
3.21137
3.21479
3.21619
3.20764
3.2294
3.22121
3.20938
3.21365
>>>>>>> c38c8a150a11d5187ab8fba262387f3b6cdbe801
