3.20764
2.69552
2.7139
2.71591
2.70639
2.70038
2.71747
2.71256
2.71912
2.712
2.70677
2.72056
2.71553
2.71719
2.70921
2.72112
2.69504
2.69633
2.69463
2.69199
2.70022
2.693
2.69898
2.69072
2.69557
2.69061
2.68564
2.6782
2.6795
2.67006
2.66371
2.66528
2.66391
2.67812
2.66416
2.64583
2.66175
2.66068
2.63933
2.63513
2.64522
2.63589
2.64467
2.64216
2.6159
2.63713
2.62257
2.62825
2.63549
2.64157
2.62031
2.62277
2.62919
2.63166
2.63899
2.63206
2.6147
2.62332
2.63359
2.617
2.62542
2.62655
2.61549
2.61535
2.60961
2.60787
2.6201
2.60649
2.61555
2.60042
2.61123
2.59917
2.61182
2.60758
2.60944
2.5945
2.61742
2.5949
2.59363
2.59404
2.59625
2.59643
2.59158
2.59724
2.59226
2.59645
2.602
2.59432
2.59294
2.58702
2.58968
2.57434
2.59682
2.58301
2.58396
2.57431
2.58792
2.58703
2.58269
2.59057
2.57505
2.5935
2.5888
2.57936
2.5808
2.58978
2.57898
2.58336
2.58391
2.583
2.5843
2.56866
2.57716
2.58164
2.59437
2.58504
2.581
2.57723
2.57402
2.57082
2.58192
2.5914
2.58981
2.58353
2.57715
2.57874
2.57313
2.58843
2.58141
2.58824
2.59055
2.58094
2.57882
2.58486
2.57904
2.57802
2.59183
2.57741
2.57758
2.57862
2.58403
2.57994
2.59071
2.58385
2.57218
2.57868
2.58457
2.5944
2.58202
2.57141
2.58772
2.58348
2.58382
2.60175
2.57903
2.57861
2.5776
2.58757
2.58768
2.59138
2.58156
2.59673
2.59728
2.58793
2.58153
2.57311
2.56443
2.57413
2.5837
2.58468
2.58064
2.58771
2.58671
2.59127
2.57361
2.58056
2.58542
2.58516
2.589
2.59865
2.57888
2.58461
2.59113
2.5844
2.56877
2.58286
2.58119
2.58906
2.58418
2.57973
2.58534
2.58046
2.58072
2.58006
2.57473
2.58383
2.57429
2.57554
2.5908
2.58944
2.57647
2.58134
2.58159
2.58195
2.57112
2.58422
2.58467
2.5915
2.5743
2.56955
2.58721
2.58543
2.58984
2.58507
2.58338
2.57821
2.58246
2.58239
2.58313
2.58152
2.5786
2.56746
2.58137
2.57878
2.5867
2.57506
2.57662
2.57548
2.57404
2.59176
2.57668
2.5905
2.58657
2.58659
2.58483
2.57917
2.59416
2.58726
2.57983
2.57753
2.57559
2.58445
2.58772
2.58816
2.57476
2.58301
2.58096
2.5714
2.58261
2.58841
2.57497
2.56259
2.57406
2.58405
2.5864
2.58662
2.5749
2.58379
2.58137
2.58029
2.5802
2.59163
2.58549
2.58201
2.58645
2.58098
2.58236
2.59262
2.58257
2.57528
2.57995
2.58808
2.58168
2.57928
2.57158
2.58024
2.5792
2.57989
2.59083
2.57845
2.58659
2.5778
2.5915
2.58275
2.58717
2.58834
2.58629
2.58705
2.57948
2.58231
2.5814
2.59134
2.58177
2.58419
2.58913
2.57695
2.58923
2.58459
2.57856
2.57917
2.58125
2.57637
2.57674
2.57984
2.59536
2.58067
2.5719
2.59368
2.57667
2.58134
2.5945
2.58133
2.57687
2.5833
2.57415
2.58521
2.56862
2.58365
2.57412
2.5789
2.58719
2.58337
2.5782
2.57612
2.58329
2.58213
2.56749
2.58497
2.58832
2.59117
2.58261
2.58325
2.58545
2.57748
2.57196
2.58406
2.59888
2.58593
2.59526
2.57575
2.59029
2.5819
2.58873
2.58289
2.58915
2.56778
2.57756
2.58674
2.56855
2.59051
2.58566
2.5776
2.57438
2.58698
2.59552
2.5839
2.58839
2.57011
2.58094
2.58579
2.57657
2.58873
2.58613
2.58083
2.5794
2.59635
2.57499
2.56912
2.58066
2.57706
2.587
2.57851
2.5732
2.5849
2.58867
2.58361
2.59539
2.57389
2.57459
2.58306
2.57315
2.5841
2.58929
2.57775
2.58775
2.57105
2.58614
2.57593
2.59333
2.58777
2.58881
2.57825
2.58393
2.5728
2.58808
2.58209
2.59157
2.5899
2.58763
2.58357
2.58472
2.59237
2.5781
2.57902
2.5822
2.57941
2.57248
2.58057
2.57687
2.57395
2.5896
2.56499
2.59563
2.58876
2.58655
2.5878
2.58068
2.58075
2.58037
2.57632
2.58953
2.58004
2.58109
2.57636
2.58246
2.5891
2.59155
2.5777
2.57829
2.57273
2.5771
2.5942
2.58804
2.58966
2.56953
2.57426
2.57307
2.57339
2.59045
2.58402
2.57833
2.57143
2.58051
2.58582
2.5763
2.58689
2.58802
2.56869
2.62599
2.57651
2.57879
2.58779
2.57815
2.57693
2.59076
2.57871
2.5813
2.57762
2.5821
2.58197
2.58442
2.58332
2.57393
2.59208
2.58258
2.56757
2.58082
2.59271
2.58415
2.57546
2.59033
2.59727
2.59361
2.58874
2.58486
2.58606
2.58442
2.58166
2.60386
2.58574
2.59014
2.57475
2.5855
2.59124
2.58224
2.57841
2.58258
2.5895
2.58678
2.58244
2.5805
2.58252
2.58453
2.58249
2.58153
2.58423
2.58276
2.58119
2.58372
2.58219
