20.4681
21.1179
21.1992
21.224
21.5272
21.582
21.6613
21.5354
21.7486
21.4768
21.4162
21.4072
21.41
21.1008
21.0169
20.5832
20.4866
20.3147
20.5196
20.3637
20.4576
20.3828
20.3622
20.4334
20.2833
20.3236
20.3525
20.4821
20.2777
20.3555
20.2874
20.3462
20.4489
20.2306
20.1038
20.0388
20.0383
20.0802
20.0844
19.9027
20.0677
20.0628
19.9728
20.0667
20.0487
20.3461
20.4834
20.3487
20.3562
20.169
20.0358
20.0884
20.3942
20.6809
20.1437
20.0049
19.9337
19.9154
19.8383
19.9011
19.7224
19.8232
19.8937
19.8788
19.7947
19.9544
19.8133
19.7792
19.6961
19.848
19.76
19.7532
19.7941
20.0991
20.0594
19.9602
20.2402
19.7127
19.6016
19.3853
19.5987
19.5834
19.5498
19.539
19.6504
19.6237
19.4331
19.4839
19.6539
19.5698
19.3883
19.4661
19.533
19.5299
19.3751
19.5332
19.4219
19.3583
19.5197
19.6707
19.7743
19.8909
19.7798
19.4905
19.4976
19.4775
19.5714
19.4942
19.6239
19.5446
19.4364
19.5305
19.5447
19.5434
19.5429
19.5528
19.5139
19.6282
19.3323
19.6735
19.6596
19.7972
19.6377
19.438
19.4038
19.3942
19.6081
19.3918
19.2994
19.6269
19.4121
19.1786
19.2183
19.3383
19.1624
19.3641
19.3195
19.2762
19.32
19.3127
19.2864
19.2021
19.1169
19.1394
19.1222
19.1093
19.1807
19.0376
19.0014
19.1404
19.1959
19.1118
19.1766
19.4095
19.2483
19.4258
19.452
19.2635
19.1804
19.1516
19.4182
19.1483
19.1969
19.2228
19.1957
19.2674
19.5231
19.2351
19.0637
19.0738
18.9723
18.9961
19.01
19.0843
19.0495
19.1386
19.18
19.365
18.9956
19.5858
19.0778
18.9609
19.0358
19.0211
18.785
18.8985
18.9413
18.8916
18.8313
19.1382
19.088
18.9207
19.024
19.1876
19.1247
19.0659
19.2538
19.0872
19.0961
19.0708
18.9385
19.1224
19.0625
19.1123
19.1546
19.394
19.1815
18.9187
18.9448
19.0044
18.9073
19.0389
18.8963
18.9371
18.8348
18.7964
18.8965
18.8789
18.8376
18.6604
19.028
18.8103
18.6678
19.1606
18.5821
18.6038
18.6549
18.4932
18.6757
18.5395
18.5711
18.9191
18.9853
18.553
18.1903
18.0579
17.8646
18.0053
18.1674
18.4851
18.4422
18.0628
18.0051
18.1981
18.1776
18.2374
18.632
18.5762
18.1291
18.1569
18.2258
18.3081
18.1856
18.2752
18.2501
18.2589
18.2202
18.6198
18.1653
18.0898
18.6474
18.622
18.5716
18.5547
18.4954
18.2839
18.412
18.3325
18.397
18.3631
17.9531
17.8059
18.0459
18.1645
17.9994
18.0753
17.9261
17.9864
18.3087
18.1502
18.0617
17.8048
17.9138
17.6629
17.7444
17.8053
17.7697
17.6165
17.9959
17.6897
17.585
17.5781
17.4248
17.4173
17.3934
17.3776
17.8293
17.3729
17.4953
17.9281
17.8321
17.8648
17.7738
17.8336
17.5357
17.4806
17.6937
17.6037
17.388
17.4987
17.6412
17.7743
17.7512
17.8392
17.8496
17.7656
17.6997
17.6276
17.7551
17.3727
17.5103
17.5955
17.5133
17.3108
17.4358
17.6662
17.4308
17.5958
17.5423
17.5989
17.335
17.728
17.4033
17.5222
17.6549
17.5861
17.374
17.3652
17.2569
17.2798
17.2562
17.133
17.2713
17.2694
17.6589
17.5266
17.6258
17.0998
17.1036
17.2713
17.2647
17.2785
17.1085
17.1839
17.1433
17.0739
17.0996
17.0462
17.1342
17.1107
17.0074
16.9859
17.819
17.3309
17.8449
17.7485
17.9038
17.7402
17.3342
17.1947
17.807
17.216
17.1126
16.9384
16.9988
17.6407
17.3431
17.3007
17.334
17.0748
17.1648
17.1125
16.9122
16.986
16.8977
16.945
16.987
17.0677
17.0054
17.4747
17.555
17.1262
16.7763
16.7148
16.7655
16.8839
16.7916
16.7302
16.7245
16.723
16.6009
16.7452
17.0358
17.0651
16.5889
16.7381
17.4198
17.4411
17.1497
16.9138
16.7513
16.7578
16.7329
16.8152
16.7507
16.9413
17.5724
17.5202
17.1485
16.7456
16.6444
16.7062
16.7488
16.7398
16.7471
17.0166
17.593
17.5407
17.1142
17.2295
17.2772
17.2739
17.0442
17.2603
17.4299
17.2024
16.8856
17.2583
17.4391
16.8554
17.2964
17.5413
16.9417
17.018
16.8904
16.9703
16.8962
16.7312
16.748
16.808
16.7883
16.7564
16.7314
16.6358
16.9416
17.5157
17.4357
17.4417
16.9622
17.0473
17.3488
16.8597
17.0018
16.9397
16.9115
16.7943
17.0033
17.1824
17.1531
16.9823
17.4208
17.046
16.9252
17.0332
17.1219
16.9837
17.1535
17.2955
17.0304
17.392
16.8522
16.8831
17.0159
17.0227
17.3048
17.099
17.3472
17.4503
17.0465
16.8119
16.7718
16.9454
17.0664
17.1167
17.4222
16.9492
16.9071
16.9772
16.9947
16.8822
16.6111
16.952
16.6956
16.8105
16.7296
16.6016
16.6933
17.2567
17.002
17.049
17.011
17.1387
16.8889
16.643
17.1074
17.435
17.4956
17.5429
17.4608
17.4425
17.3298
17.3199
16.881
17.4493
17.1882
16.658
16.7331
16.5855
16.5819
16.411
16.5764
16.807
16.3926
16.514
16.6043
16.5971
16.3644
16.4802
16.6127
16.4447
16.7244
16.782
16.7308
16.4042
16.5898
17.2939
17.2088
16.5593
16.7182
16.7583
17.0458
16.9896
16.9457
16.9948
16.9883
16.9268
16.4799
16.2817
16.3165
16.9259
17.0047
16.5568
16.3097
16.2058
16.8211
16.9119
16.7194
16.2681
16.3696
16.126
16.1637
16.1189
16.1322
16.2643
16.5088
16.3967
16.3039
16.3197
16.2158
16.2426
16.2714
16.3787
16.5073
16.2838
16.2245
16.2607
16.1025
16.2179
16.5431
16.5136
16.4778
16.3454
16.401
16.3516
16.1866
16.3312
16.5651
16.4618
16.449
16.2711
16.3879
16.5607
16.5707
16.2867
16.44
16.3098
16.2688
16.4243
16.5191
16.3852
16.4628
16.3211
16.5443
16.3793
16.6092
16.515
16.4045
16.7803
16.6131
16.5779
16.4204
16.5517
16.5995
16.7426
16.4925
16.4834
16.5135
16.5149
16.665
16.6173
16.5038
16.6259
16.5381
16.3055
16.1637
16.2143
16.1285
16.2469
16.1364
16.0719
16.1699
16.0501
16.3857
16.5655
16.2266
16.212
16.2181
16.0844
16.297
16.1893
16.186
16.027
16.0956
16.109
16.3624
16.2812
16.1983
16.2123
16.163
16.1634
16.4336
16.3844
16.2337
16.2008
16.2083
16.5727
16.2139
16.0771
15.9871
16.4215
16.1188
16.218
16.2302
16.2072
16.0961
16.3324
16.4009
16.2885
16.0723
16.0513
16.1909
16.0282
15.9833
16.1314
16.0989
16.3052
16.3085
16.0422
16.0825
16.2101
16.1356
16.1372
16.3055
16.4235
16.1413
16.2326
16.3331
16.2794
16.1811
16.0527
15.9707
16.0418
16.0166
16.0359
15.9288
16.1148
15.8619
16.233
16.1176
15.9417
15.8539
15.7965
15.8118
16.1899
16.6436
16.7345
16.4474
16.0831
16.1143
15.8319
15.8392
15.8486
15.8672
15.9497
15.9257
15.9593
16.001
15.8404
15.8683
15.8091
16.2933
16.2204
15.8447
15.6976
15.8433
15.8033
15.8886
15.8576
16.0558
16.0793
15.8226
15.7553
15.7508
15.7508
15.8324
15.7826
15.865
15.8479
15.7279
15.7228
15.7715
15.8177
15.7489
15.8031
15.7182
15.6922
15.6541
15.8475
16.1968
16.4243
16.4153
16.4291
16.4158
16.2979
16.3774
16.4438
16.4194
16.3108
16.3118
16.3999
16.3413
16.3366
16.2949
16.2359
16.326
16.2551
16.2586
15.6223
15.6064
15.7082
15.7135
15.554
15.5318
15.7919
15.5701
15.5929
15.5902
15.6881
15.8712
15.7286
15.8439
15.7073
15.628
15.5696
15.7825
15.72
15.7429
15.5389
15.6243
15.6578
15.6897
15.7679
15.7792
15.5806
15.6109
15.479
15.4942
15.4636
15.5472
15.4678
15.5365
15.6972
15.5051
15.5746
15.6085
15.6902
15.6328
15.6737
15.4492
15.4577
15.5598
15.5552
15.6857
15.6401
15.6334
15.6403
15.6799
15.4889
15.5217
15.6345
15.5307
15.5239
15.828
15.4937
15.4528
15.676
15.7562
15.7536
15.8614
15.8015
15.7455
15.4598
15.6383
15.5356
15.5538
15.5172
15.5899
15.5533
15.6492
15.3076
15.2343
15.349
15.4126
15.3006
15.3092
15.3744
15.3489
15.4805
15.2375
15.3188
15.2956
15.324
15.357
15.4174
15.286
15.4841
15.3519
15.6464
16.2947
16.3274
15.4232
15.632
15.554
15.2996
15.3778
15.2749
16.0168
16.2088
16.2672
16.2264
16.1939
16.1315
15.311
15.413
15.3938
15.2843
15.2568
15.2994
15.5195
15.4633
15.2686
15.2476
15.2299
15.2352
15.2357
16.2429
16.1841
16.1483
16.298
15.4117
15.2628
15.2294
15.2699
15.2588
15.2302
15.255
15.2158
15.2145
15.1419
15.2533
15.1001
15.1745
15.3273
15.1186
15.3001
15.3867
16.0947
16.0769
16.0374
16.0923
16.0727
16.0725
15.204
15.2479
15.2512
15.1466
15.1883
15.263
15.3051
15.1173
15.2254
15.1032
15.246
16.015
16.113
16.3033
16.1298
16.3048
16.247
16.2264
16.3518
16.2891
16.2724
15.9838
16.1697
16.0864
15.7906
15.6418
15.4442
15.5444
15.4337
15.5606
15.4265
15.4058
15.4881
15.4116
15.4905
15.466
15.5099
15.6025
15.5711
15.6124
15.5577
15.5065
15.5339
15.4727
15.5551
15.6023
15.6452
15.5188
15.5368
15.6657
15.6165
15.4334
15.5267
15.388
15.4708
15.3999
15.4557
15.4101
15.4546
15.4135
15.426
15.4599
15.4253
15.4874
15.4445
15.3846
15.994
15.6633
15.9679
15.9874
15.3093
15.0863
15.3768
15.49
15.4584
15.45
15.4695
15.4639
