0.199054
0.131075
0.117763
0.139453
0.122145
0.134994
0.132189
0.135125
0.121081
0.116643
0.128579
0.140426
0.127569
0.110809
0.13161
0.116648
0.117335
0.138682
0.135941
0.127841
0.138434
0.131417
0.131764
0.124551
0.11734
0.133027
0.125953
0.127813
0.116482
0.138399
0.129651
0.121744
0.129406
0.140777
0.12481
0.130909
0.138002
0.131895
0.127926
0.131126
0.12335
0.126445
0.123612
0.142016
0.11151
0.118642
0.128838
0.128481
0.135474
0.125545
0.135377
0.117284
0.121379
0.131903
0.125734
0.118256
0.135334
0.121978
0.125214
0.126314
0.124425
0.140322
0.132493
0.120664
0.129435
0.129797
0.127665
0.121477
0.118854
0.111087
0.127201
0.131934
0.129582
0.135629
0.141816
0.123697
0.126815
0.119774
0.127332
0.1188
0.118589
0.128248
0.133265
0.12374
0.135045
0.122398
0.119469
0.134323
0.117502
0.131616
0.134046
0.128623
0.125413
0.121263
0.129754
0.122728
0.146383
0.122643
0.129678
0.13286
0.130935
0.133473
0.137152
0.130057
0.129093
0.134189
0.126312
0.136114
0.12682
0.129882
0.128161
0.119699
0.119202
0.128934
0.123199
0.131224
0.131552
0.127468
0.128113
0.129638
0.135981
0.127757
0.125429
0.128956
0.121156
0.140901
0.117551
0.134866
0.133834
0.147175
0.120745
0.129409
0.138712
0.133308
0.143245
0.120464
0.127861
0.147118
0.124739
0.135745
0.125643
0.123643
0.119568
0.128863
0.141524
0.122097
0.128023
0.129174
0.131619
0.125955
0.136583
0.131043
0.116738
0.124003
0.140078
0.129334
0.129669
0.133731
0.134988
0.134737
0.130361
0.125417
0.12714
0.128794
0.129159
0.129143
0.142553
0.128257
0.121908
0.136704
0.125055
0.11853
0.114333
0.119158
0.119414
0.132908
0.145911
0.129879
0.124426
0.13367
0.126086
0.135154
0.129867
0.124509
0.126926
0.12741
0.147756
0.120027
0.126465
0.137258
0.140264
0.120367
0.133938
0.130569
0.124905
0.127712
0.114602
0.124919
0.125774
0.140491
0.1271
0.141725
0.134516
0.124628
0.121511
0.135655
0.135982
0.131332
0.138932
0.133325
0.128588
0.141562
0.135239
0.127247
0.117623
0.1294
0.123765
0.127604
0.130507
0.119205
0.129729
0.131972
0.133828
0.13895
0.141443
0.130217
0.142582
0.119873
0.120459
0.132572
0.130585
0.136941
0.128181
0.124916
0.122508
0.121974
0.116564
0.134671
0.12355
0.131552
0.13184
0.12369
0.128441
0.12619
0.145814
0.13086
0.128519
0.123567
0.129063
0.117642
0.140898
0.12399
0.142888
0.130849
0.12929
0.126997
0.127126
0.14041
0.142161
0.122859
0.144414
0.137271
0.12119
0.12916
0.130374
0.116625
0.134216
0.124648
0.125665
0.124231
0.125348
0.131555
0.126153
0.125089
0.13623
0.12176
0.13498
0.128517
0.125038
0.137155
0.123948
0.120796
0.124886
0.129714
0.127459
0.132131
0.130873
0.132294
0.138408
0.12462
0.110324
0.129175
0.134314
0.124975
0.120742
0.123895
0.135637
0.123172
0.12623
0.135665
0.121364
0.130412
0.130551
0.138027
0.136389
0.124221
0.137201
0.141036
0.127812
0.139065
0.132729
0.13508
0.13821
0.135645
0.12626
0.126986
0.126038
0.12045
0.13241
0.124032
