0.126858
0.121902
0.132644
0.130212
0.125371
0.125392
0.127418
0.136212
0.12391
0.128958
0.128117
0.126111
0.130824
0.13503
0.127108
0.128045
0.126679
0.128994
0.131505
0.126294
0.125739
0.125982
0.130266
0.124368
0.132182
0.128507
0.126584
0.130195
0.131292
0.124186
0.124265
0.124984
0.128692
0.132284
0.133298
0.134065
0.1195
0.134056
0.127329
0.131347
0.129647
0.128065
0.123295
0.121406
0.125716
0.130542
0.122937
0.121971
0.125138
0.124134
0.119566
0.128143
0.127083
0.128836
0.120117
0.121387
0.122933
0.130152
0.123598
0.12493
0.125473
0.123183
0.124591
0.120381
0.124851
0.123241
0.124022
0.125649
0.120293
0.113487
0.117827
0.124084
0.120327
0.10719
0.10989
0.109067
0.107486
0.103252
0.105443
0.101771
0.103914
0.0988608
0.0959915
0.0897009
0.0891297
0.0908649
0.0834867
0.0866646
0.0836886
0.0842403
0.0821923
0.0812392
0.0810584
0.0836472
0.0824015
0.0816356
0.0796053
0.0807305
0.0786341
0.0816206
0.080233
0.0801429
0.0800635
0.0789425
0.0822771
0.0792651
0.0807047
0.0794833
0.0807172
0.0801639
0.0791095
0.0797726
0.080034
0.0791702
0.0812915
0.0788269
0.0800454
0.0796183
0.0795827
0.0787462
0.0805624
0.0796617
0.082894
0.0794008
0.0788378
0.0796672
0.0811032
0.0806626
0.0814366
0.0800113
0.080224
0.0793364
0.0807797
0.0801302
0.0800289
0.0797036
0.0802469
0.0809948
0.0785224
0.0793851
0.0789608
0.0793353
0.079519
0.0824478
0.0789668
0.0794959
0.0791675
0.0807639
0.0821534
0.0790615
0.0795916
0.0800403
0.0783985
0.0815158
0.0793393
0.0810352
0.0798526
0.0788211
0.0799404
0.0803056
0.0802835
0.0808089
0.082506
0.0791473
0.0809255
0.0799216
0.0803796
0.0813068
0.0813738
0.0806495
0.0797198
0.0802341
0.0806902
0.0804973
0.0796694
0.0800631
0.079366
0.0807364
0.0814549
0.0819124
0.0790714
0.0794408
0.0791247
0.0810091
0.0792597
0.07896
0.0792325
0.0801121
0.0797927
0.081005
0.0799801
0.0813583
0.0788693
0.0808956
0.0794043
0.0806718
0.0804232
0.0805555
0.0805077
0.080539
0.0802468
0.0810894
0.080267
0.0810776
0.0792822
0.0794327
0.0799746
0.0796795
0.0806833
0.0785262
0.0793068
0.0795096
0.0800155
0.0792726
0.0806388
0.080901
0.0802056
0.0820971
0.0805894
0.0796443
0.0808839
0.0799021
0.0796857
0.0798198
0.0799242
0.0794771
0.080573
0.079886
0.0797083
0.0793399
0.0810421
0.0791708
0.0803392
0.0794601
0.0798088
0.0796601
0.0805427
0.0789174
0.0811836
0.0795135
0.0814176
0.0802249
0.0814843
0.0804697
0.0822564
0.0791741
0.0810064
0.0805265
0.0796397
0.0812183
0.0808742
0.079464
0.080159
0.0798479
0.0811666
0.079656
0.0798863
0.0797668
0.0807737
0.0807791
0.0794536
0.0814943
0.0818202
0.0802127
0.0813464
0.0801321
0.0812167
0.0789149
0.0795733
0.0808193
0.0811964
0.0789717
0.0789907
0.0816049
0.0799711
0.0814347
0.0812965
0.0826967
0.0791122
0.0792929
0.0806799
0.0805953
0.0813665
0.080572
0.0803481
0.0806083
0.0798499
0.0817551
0.0801608
0.0789888
0.0801921
0.0803401
0.0788128
0.0808255
0.0807371
0.0812151
0.0790596
0.0819644
0.080852
0.0797851
0.0787813
0.0806247
0.0795311
0.0802117
0.0800372
0.0811014
0.0793794
0.0805201
0.0780157
0.0805888
0.0788461
0.0802513
0.0798406
0.0809415
0.0791847
0.0792718
0.0807151
0.0816988
0.0804557
0.0804591
0.0781074
0.0798509
0.0800124
0.0804318
0.0806424
0.0822658
0.0804217
0.0806509
0.0801178
0.0814224
0.0804099
0.0805133
0.0800041
0.0803137
0.080494
0.0811565
0.0801088
0.0792669
0.0796142
0.0808747
0.0802645
0.0789867
0.0803596
0.0803618
0.0796827
0.0805153
0.0795951
0.0791954
0.0805127
0.0799667
0.0788763
0.0786241
0.0799413
0.0787791
0.0801632
0.0810667
0.0830834
0.0804446
0.0797993
0.0787811
0.0796403
0.0803504
0.0789722
0.0799489
0.0813046
0.0794713
0.0789228
0.0808243
0.0806644
0.0795547
0.0812366
0.080548
0.0802715
0.0805386
0.0796229
0.0799994
0.0801921
0.0816741
0.0804041
0.079312
0.080649
0.0805728
0.079287
0.0829148
0.0806856
0.0801444
0.0807743
0.0796049
0.0805439
0.0804311
0.0794973
0.0806823
0.0800544
0.0802562
0.0801573
0.0792494
0.0795832
0.0805609
0.0813974
0.0815512
0.0809262
0.0791916
0.078978
0.0797419
0.0807053
0.0806918
0.0795559
0.0814442
0.0799198
0.0819235
0.0803302
0.0789231
0.080335
0.0807078
0.0795762
0.0811925
0.0800299
0.08201
0.0814144
0.0806285
0.0786129
0.0806088
0.0819619
0.0811715
0.0800483
0.0798296
0.0799685
0.078717
0.0801803
0.0795082
0.079489
0.0804109
0.0791796
0.0822062
0.0808383
0.0799415
0.0825693
0.0797676
0.0800286
0.079642
0.0798732
0.0813244
0.080524
0.0809436
0.0791906
0.0815678
0.0813688
0.0795041
0.0802576
0.0803703
0.0810791
0.0801488
0.0807752
0.0789724
0.0828577
0.0796492
0.0806797
0.080884
0.0789962
0.0794387
0.0807535
0.0803851
0.0818492
0.0806241
0.0802225
0.0801384
0.0797574
0.0803104
0.078764
0.0794182
0.0797386
0.0813399
0.0796275
0.0792736
0.0803703
0.0804388
0.0788349
0.0791913
0.0798941
0.0797907
0.0805576
0.0799958
0.0800186
0.079675
0.0795085
0.0791377
0.0808771
0.0800971
0.0785411
0.0795126
0.0797312
0.0813652
0.0808825
0.0801598
0.079928
0.0800146
0.0793025
0.082412
0.0798451
0.08087
0.0826052
0.0803763
0.0800913
0.0800187
0.0801792
0.081291
0.0796591
0.0801039
0.0801629
0.0785948
0.0796588
0.0801362
0.0815358
0.0800454
0.0791704
0.0794669
0.080322
0.0788967
0.081151
0.079081
0.0796167
0.0792969
0.0799854
0.0807864
0.0782387
0.0794066
0.0788424
0.0801225
0.0801998
0.0807316
0.0801086
0.0812194
0.0787951
0.0798105
0.0800176
0.0806252
0.0795675
0.0782067
0.0798821
0.0804551
0.0798684
0.0811541
0.0793239
0.0808855
0.0803285
0.0795036
0.0796575
0.079512
0.0788327
0.081324
0.0811218
0.0806036
0.0792652
0.079595
0.0796517
0.0824068
0.0788734
0.0797371
0.0819447
0.0798957
0.0803657
0.0789327
0.0815871
0.0808782
0.078884
0.0802141
0.0824087
0.0789141
0.0793606
0.0801972
0.0799179
0.0799951
0.0803333
0.079816
0.0799932
0.0812601
0.081202
0.0816126
0.0805273
0.0815808
0.079513
0.0809313
0.0811948
0.0803352
0.0801735
0.0804695
0.0792204
0.0803892
0.080596
0.0793085
0.0800985
0.0802503
0.0810048
0.0799532
0.0807157
0.0799404
0.0786971
0.0804906
0.0788471
0.0804681
0.0812585
0.0805688
0.0805137
0.0799682
0.0803597
0.0806691
0.0797093
0.0815488
0.0800567
0.0814413
0.0801328
0.0797511
0.0804985
0.080898
0.0815059
0.0811533
0.0798157
0.0804144
0.0806677
0.0798279
0.0797955
0.0809442
0.0795692
0.0806201
0.0807687
0.0810746
0.0790792
0.0804258
0.0821625
0.0797632
0.0799146
0.0791143
0.0800159
0.0799231
0.0803261
0.0802125
0.078784
0.0811525
0.0830601
0.0803528
0.0810346
0.0795881
0.0792946
0.0799803
0.0804717
0.0815946
0.0802024
0.0818351
0.0808154
0.0808621
0.0797102
0.0788467
0.0804336
0.0788459
0.0804258
0.0786586
0.080874
0.081518
0.0791537
0.0812619
0.0806549
0.0792381
0.0805758
0.081086
0.0804975
0.0802877
0.0802855
0.0821907
0.0799366
0.0794954
0.0794998
0.0803993
0.0801501
0.0802856
0.0801969
0.0811601
0.0822162
0.0801179
0.0804604
0.0790416
0.0804062
0.0794496
0.0798524
0.0798886
0.0816683
0.0795802
0.0789306
0.0807665
0.0810437
0.0796667
0.0806702
0.0803935
0.0806394
0.0823567
0.0791673
0.0810115
0.0795797
0.0802479
0.0798385
0.0791853
0.080044
0.0800586
0.0803161
0.0798517
0.08048
0.0806809
0.0808683
0.0797397
0.0798965
0.0801509
0.0793911
0.0800272
0.0805261
0.0787997
0.0817107
0.0805049
0.0799348
0.0805007
0.0791987
0.080597
0.0801066
0.0803792
0.0815687
0.0792849
0.080096
0.0809017
0.0784373
0.0790735
0.0785474
0.0805615
0.0793437
0.079572
0.0786434
0.0814558
0.0796251
0.0793868
0.0799174
0.0799913
0.0801975
0.0806307
0.0833915
0.0804703
0.081437
0.08022
0.0825961
0.0809617
0.0799899
0.080098
0.0804139
0.0804098
0.0796159
0.0798681
0.080168
0.0806437
0.0802661
0.0791581
0.0795556
0.079411
0.0816268
0.0807868
0.0809332
0.0796902
0.0784047
0.0802716
0.0799689
0.0801385
0.0801122
0.0807658
0.079559
0.0802015
0.080349
0.0795349
0.0786833
0.0796519
0.0805961
0.0791282
0.0809512
0.0809084
0.0788383
0.0805833
0.0802754
0.0799502
0.0818027
0.0801405
0.0795921
0.0802412
0.0787186
0.0795703
0.0828878
0.0791097
0.0802022
0.0790755
0.0804243
0.0799122
0.0805325
0.0809721
0.0806074
0.0802467
0.0789604
0.0796396
0.0788191
0.0799231
0.0828175
0.079173
0.0803804
0.0798442
0.0803251
0.0791158
0.0804934
0.0788972
0.0793394
0.0805553
0.0807962
0.0793869
0.080572
0.0789922
0.0793572
0.0796216
0.0813181
0.0793014
0.0802852
0.0810155
0.0796333
0.0794488
0.0791115
0.0807059
0.0813995
0.0808679
0.081571
0.081338
0.0807847
0.081144
0.0799699
0.0825388
0.0804363
0.0799072
0.080689
0.0807213
0.0795203
0.0778949
0.0814124
0.0792058
0.0800978
0.0788647
0.0804833
0.0792354
0.0816032
0.07986
0.079839
0.079354
0.0800132
0.0806403
0.0800719
0.0802677
0.0797728
0.0803153
0.0805361
0.0792198
0.0794813
0.0806133
0.0793239
0.0795227
0.080809
0.0821401
0.081133
0.0801499
0.0794636
0.0798243
0.0798178
0.0786102
0.0792929
0.0802459
0.0803988
0.0789866
0.0804747
0.082095
0.0800672
0.0802059
0.0801978
0.0808963
0.0820441
0.0800398
0.079787
0.0780217
0.0800893
0.0783473
0.080492
0.0792174
0.0812817
0.0800293
0.0801341
0.0802736
0.0787978
0.0805438
0.080599
0.0801201
0.0803421
0.0817644
0.0808801
0.0808898
0.079855
0.0803918
0.0798429
0.0802067
0.0789786
0.0799618
0.0789032
0.0799692
0.0791011
0.0796062
0.0790503
0.0817442
0.0805794
0.0818076
0.0802472
0.0809172
0.0799585
0.0807904
0.0817766
0.0809496
0.0802577
0.0800513
0.0798185
0.0795391
0.0804308
0.0787069
0.0803606
0.081922
0.0820664
0.0788676
0.0811422
0.0811992
0.0797297
0.0793338
0.0799979
0.0797188
0.0796116
0.0798926
0.0793031
0.0795269
0.0797147
0.0786202
0.0815069
0.0815286
0.0789648
0.0821629
0.0809781
0.0794509
0.079807
0.0794751
0.0808013
0.0807573
0.0809984
0.0791986
0.0808827
0.0798724
0.0791264
0.0803144
0.0807953
0.0806729
0.0784875
0.0795265
0.0818959
0.0817691
0.0809341
0.081614
0.0794426
0.080232
0.0794264
0.0806648
0.0802838
0.0805085
0.0810975
0.0800127
0.0788931
0.0803231
0.0792878
0.0807061
0.0818171
0.0785083
0.0805306
0.0792511
0.0806563
0.0821383
0.0808487
0.0794413
0.0788123
0.0795674
0.0789389
0.0781008
0.0803148
0.0805972
0.0799013
0.0807064
0.0780737
0.0780105
0.0807176
0.0807487
0.0787773
0.0796004
0.0793484
0.0795585
0.079168
0.0821115
0.0798355
0.0805007
0.0808241
0.0809905
0.0794829
0.0796278
0.0803135
0.0796236
0.081462
0.0799171
0.0809573
0.0797446
0.0799686
0.0807059
0.0793073
0.0805861
0.0808481
0.0805846
0.0807689
0.079732
0.079136
0.0786255
0.0797523
0.0800359
0.0796554
0.0811134
0.0797374
0.0807781
0.0798762
0.0809028
0.0800811
0.0786052
0.0807133
0.0815183
0.0796448
0.0796011
0.0790174
0.081958
0.0789188
0.0806198
0.0812487
0.0804398
0.0781074
0.0786204
0.0792545
0.0808641
0.0790829
0.0809329
0.0789915
0.0804958
0.0805835
0.0824994
0.0799082
0.0798159
0.0809802
0.0796811
0.080641
0.0806081
0.0790978
0.0798226
0.0818084
0.0803177
0.0792866
0.0793538
0.0780628
0.0808928
0.0825321
0.0810396
0.0794601
0.0807882
0.080424
0.080611
0.0805845
0.0776811
0.080037
0.0789951
0.0808854
0.0802781
0.0789549
0.0801497
0.0793197
0.080896
0.0805753
0.0791452
0.0809685
0.0793567
0.079194
0.0803721
0.0804094
0.0797138
0.0791827
0.0777657
0.0792376
0.0801404
0.0799005
0.0828487
0.0787787
0.0814038
0.0804937
0.0805107
0.0800514
0.0797723
0.0806097
0.0799395
0.0805304
0.079162
0.0814672
0.0790063
0.0816501
0.0796093
0.0802182
0.0789685
0.0804222
0.079959
0.0797285
0.0810759
0.080934
0.0802459
0.0810808
0.0791601
0.0804156
0.0817341
0.0795072
0.0829693
0.080316
0.0796051
0.0790269
0.0798289
0.0797825
0.0813594
0.081607
0.0792809
0.078268
0.0804638
0.0825996
0.0812204
0.0802161
0.0797484
0.0808304
0.0791793
0.0817092
0.0794991
0.080365
0.0811562
0.0806727
0.0797454
0.0791167
0.0800346
0.0796163
0.0820705
0.0794186
0.0788492
0.0798326
0.0811525
0.0787528
0.0787676
0.0802793
0.0817399
0.0793503
0.0802477
0.0793839
0.0794482
0.0785595
0.0793508
0.0805364
0.0826218
0.0795183
0.0792133
0.0794474
0.0812295
0.0801462
0.0807851
0.0799203
0.0804987
0.0808502
0.079924
0.0807225
0.0794911
0.0801943
0.0800528
0.0803284
0.0798819
0.0790683
0.0790587
0.0792634
0.0806621
0.0795384
0.0814655
0.0794202
0.0811081
0.0803402
0.0807583
0.0791084
0.0801181
0.0790353
0.0790936
0.0805815
0.0800836
0.080293
0.0806521
0.0795701
0.0815667
0.0791775
0.0794367
0.0799955
0.0800646
0.0807191
0.0807452
0.0799729
0.0800873
0.0795332
0.0808679
0.0806042
0.080896
0.079713
0.0800193
0.0809708
0.0801019
0.079667
0.0791047
0.0812418
0.0789806
0.0809892
0.0807771
0.079825
0.0813463
0.079677
0.0794989
0.0798853
0.081396
0.0834396
0.0790055
0.079633
0.0818807
0.0808191
0.0801838
0.080716
0.0800276
0.0798162
0.0790398
0.0806209
0.0799014
0.0808336
0.0801981
0.079685
0.0789036
0.0801349
0.0782497
0.0804199
0.0809491
0.0804238
0.0806504
0.0799641
0.0804101
0.0799152
0.0810926
0.0792919
0.0806448
0.0800911
0.0820112
0.0792784
0.0803115
0.0795236
0.0799308
0.0802896
0.0803987
0.0804378
0.0800888
0.0805685
0.0786449
0.0801158
0.0802392
0.0813332
0.0799694
0.0791514
0.080132
0.0796856
0.0812515
0.0804689
0.0784303
0.0795833
0.0818893
0.0811122
0.0808331
0.0800673
0.0808133
0.0816415
0.0808054
0.0809647
0.0795223
0.0806269
0.0813328
0.0799888
0.0790034
0.0802469
0.0825581
0.0790774
0.0807152
0.0801372
0.0792339
0.0796518
0.078722
0.08
0.0800334
0.0805537
0.0796693
0.0793295
0.0798681
0.0794221
0.0812929
0.0800048
0.0807637
0.0791952
0.0779327
0.080598
0.0810003
0.0797371
0.0789513
0.080418
0.0804122
0.0803954
0.0808925
0.0817573
0.0793896
0.0793905
0.0798494
0.0795899
0.0811181
0.0794098
0.0810958
0.0796647
0.0800992
0.0809239
0.0804105
0.0817787
0.0807429
0.0817656
0.0804498
0.0791791
0.0799652
0.0802965
0.0813441
0.079433
0.0796238
0.0806991
0.0813426
0.0796783
0.082368
0.0812229
0.079159
0.0789902
0.0797481
0.0806445
0.0803319
0.0800043
0.07951
0.0812981
0.0794218
0.0795205
0.080426
0.0799602
0.0797206
0.080469
0.0817437
0.0786814
0.0809731
0.0792814
0.0815114
0.0814137
0.079041
0.0820912
0.0807112
0.0797982
0.0794854
0.080449
0.0811946
0.0795141
0.0786172
0.0810299
0.0803974
0.0815735
0.0799389
0.080012
0.0798286
0.0803615
0.0813504
0.079328
0.0794637
0.0796147
0.0791775
0.0807339
0.0827535
0.0798133
0.080172
0.0803578
0.0786676
0.0803873
0.0788393
0.0796348
0.0809515
0.0794717
0.0794151
0.0783232
0.0794464
0.0804494
0.0809892
0.079791
0.0784192
0.079729
0.0798621
0.0801623
0.0795386
0.0794366
0.0790292
0.0797911
0.0804585
0.0784325
0.0801933
0.0800206
0.080319
0.079788
0.080414
0.079514
0.0805211
0.0810326
0.0806681
0.0804673
0.079981
0.0789383
0.0803079
0.0791501
0.0790474
0.0795148
0.0803994
0.0814801
0.0801114
0.07902
0.0794538
0.0794571
0.0814276
0.0797493
0.0819199
0.0802048
0.0796608
0.0789228
0.0788728
0.0805605
0.0821066
0.0820217
0.0820565
0.0795093
0.0800989
0.0790298
0.0792877
0.0809172
0.079671
0.0795159
0.0803263
0.081579
0.0804853
0.0801727
0.0799473
0.0805188
0.0800397
0.0806333
0.0806142
0.0799904
0.0814833
0.0784582
0.0795259
0.0797996
0.07939
0.0806708
0.0799774
0.0813334
0.0801208
0.0830069
0.0787186
0.0817108
0.0794177
0.0800713
0.0803688
0.0796101
0.0785562
0.081007
0.0807917
0.0796634
0.081505
0.0794747
0.0803117
0.0801774
0.0809714
0.0803335
0.0806524
0.0804796
0.0820489
0.0792681
0.0801155
0.0801893
0.081702
0.0805116
0.0804685
0.0791496
0.0799123
0.0796154
0.0792996
0.0816726
0.0801538
0.0797708
0.0806235
0.0794919
0.0797516
0.0806748
0.0797224
0.0801429
0.0791431
0.0810017
0.0782431
0.0793693
0.0799467
0.0786656
0.0799549
0.0810485
0.0805037
0.0804953
0.0803292
0.0799817
0.0805821
0.0815434
0.0793768
0.0820619
0.0805591
0.080041
0.080047
0.0803852
0.0796707
0.0794022
0.0819307
0.0803384
0.0799973
0.0786418
0.0797662
0.0805079
0.0797315
0.0795222
0.0820243
0.0796187
0.0807035
0.0806083
0.0794382
0.0812903
0.0804952
0.0795028
0.0800605
0.0800955
0.0817068
0.0798523
0.0800909
0.0801435
0.0829269
0.0784789
0.0787051
0.0797662
0.078675
0.0800512
0.0792411
0.081393
0.0799739
0.0799147
0.0800496
0.078976
0.0813925
0.0789518
0.0801543
0.0803343
0.0789693
0.0785876
0.0808884
0.0805696
0.079174
0.078895
0.0791173
0.0786975
0.0793585
0.0825696
0.0799483
0.0805793
0.0799249
0.080292
0.0786276
0.0798862
0.0795829
0.0819796
0.0808632
0.0797378
0.0807607
0.078725
0.0792421
0.0791904
0.0808406
0.0784793
0.0793377
0.0799787
0.0803776
0.080399
0.0802947
0.0799626
0.0800592
0.0796722
0.080799
0.0806733
0.0819499
0.0813397
0.0804922
0.0800182
0.0812171
0.0807884
0.0810166
0.0810576
0.0797085
0.0815548
0.0797953
0.0796641
0.080676
0.0788738
0.0797198
0.0820435
0.0802156
0.079798
0.0802707
0.0797744
0.0784411
0.0791885
0.0786232
0.081446
0.080771
0.0790564
0.079915
0.0804911
0.0784554
0.0803793
0.080502
0.0803721
0.080291
0.0790327
0.0793971
0.0798783
0.0799564
0.0798962
0.0821622
0.0803381
0.0815493
0.0801457
0.0797035
0.0802668
0.0808182
0.0801153
0.0795889
0.0790393
0.0791432
0.0806655
0.0814049
0.0804517
0.0790543
0.0812023
0.0795896
0.0810574
0.0808436
0.0788499
0.0813619
0.0808509
0.0804817
0.0803355
0.0787019
0.0809903
0.0815508
0.0788523
0.0789773
0.0793402
0.0805255
0.0810817
0.0793471
0.0789641
0.0801007
0.0798822
0.0820295
0.0800881
0.0799181
0.079539
0.0807364
0.0794732
0.0808381
0.0791676
0.0801809
0.0800407
0.0800997
0.0808046
0.080691
0.080148
0.0807568
0.0789349
0.0801207
0.0807043
0.0795792
0.0801072
0.0795055
0.0786928
0.0831365
0.0802971
0.0807261
0.0802952
0.0802623
0.0798663
0.0792917
0.079422
0.0803475
0.0805473
0.0801469
0.0802499
0.0786333
0.0820061
0.0800405
0.0801151
0.0791754
0.080635
0.0806864
0.0798773
0.0821785
0.0798111
0.0816805
0.0808832
0.0797166
0.0795381
0.081255
0.0801094
0.0814529
0.080086
0.0796252
0.0800412
0.079227
0.079678
0.0821033
0.0800237
0.0790997
0.0803053
0.0787615
0.0789676
0.0797676
0.0799005
0.0790639
0.0804911
0.0802808
0.0796146
0.0794857
0.0799108
0.0814665
0.0788275
0.0808281
0.0785839
0.0800785
0.0786558
0.0803448
0.0803617
0.0795806
0.0796907
0.0791767
0.0799232
0.0801605
0.0805456
0.0813573
0.0794861
0.0805832
0.0793003
0.078872
0.0807221
0.0800139
0.0808097
0.0791817
0.0794953
0.0799388
0.080695
0.0795677
0.0789157
0.0787697
0.0790789
0.0801208
0.0814886
0.0803992
0.0791963
0.0805208
0.0792407
0.0798547
0.0788492
0.0796817
0.0804587
0.0801026
0.0803803
0.0793473
0.0813931
0.0807519
0.0800742
0.0797172
0.0811595
0.0804448
0.0805129
0.0803192
0.0794652
0.0790365
0.0796168
0.0792394
0.0785617
0.0795096
0.0807286
0.0800872
0.0811425
0.0811804
0.0800163
0.0811528
0.0802579
0.0787145
0.0802384
0.0803584
0.0790397
0.0785575
0.0785805
0.0797387
0.0778721
0.0805573
0.0788159
0.0797132
0.0811558
0.0787568
0.0809328
0.0800271
0.0801811
0.0794901
0.0802988
0.0784096
0.0790263
0.0818385
0.0806913
0.078287
0.0807905
0.0797128
0.0810475
0.0792221
0.078866
0.0814782
0.0811731
0.0795666
0.0801061
0.0808034
0.0807266
0.0799936
0.0810602
0.0794179
0.0800972
0.0797942
0.0780136
0.0801375
0.0800985
0.0798233
0.0812938
0.0799049
0.0789234
0.0786862
0.0807226
0.0799881
0.0805086
0.0797794
0.0795212
0.078984
0.0807295
0.0801394
0.079072
0.0787364
0.0811133
0.079292
0.0793461
0.0791184
0.079467
0.0811031
0.0815483
0.0788731
0.0809712
0.0822888
0.0812424
0.0810233
0.07919
0.0803213
0.081314
0.0807299
0.0815365
0.0789757
0.0783993
0.0789914
0.0809135
0.0820186
0.0806138
0.0790833
0.0807559
0.0793797
0.0802941
0.080045
0.0790753
0.0801854
0.0798592
0.0808373
0.0799162
0.0800186
0.080044
0.0813798
0.0806301
0.0803704
0.0793734
0.0795877
0.079939
0.0809764
0.0796265
0.0805587
0.0804279
0.0798894
0.0806245
0.0810525
0.0819855
0.0818404
0.0815493
0.0806718
0.0792269
0.0800845
0.080428
0.0800833
0.0805344
0.0798973
0.0812778
0.0800049
0.0790081
0.0786727
0.0793605
0.0779611
0.0796863
0.0816417
0.0793372
0.0805727
0.0804801
0.0791634
0.0821051
0.0798404
0.0807824
0.0810485
0.0802606
0.0805331
0.0809932
0.0792281
0.0801473
0.0790209
0.080646
0.0823352
0.0797356
0.0785793
0.0816003
0.0806604
0.0811166
0.0818319
0.0787214
0.07946
0.0792118
0.0789013
0.0791664
0.0805805
0.0830152
0.0805785
0.0816767
0.0786825
0.0809094
0.0806326
0.0821075
0.0811558
0.0790293
0.0794273
0.0798851
0.0806759
0.0801292
0.0788985
0.0814299
0.0800383
0.0800504
0.0804499
0.0802564
0.0798188
0.0801095
0.0804451
0.0803834
0.0799522
0.0801636
0.0801686
