   4046
  12175
  19839
  28326
  36527
  44816
  53433
  60406
  71054
  77829
  85708
  93445
 102502
 109570
 117336
 126069
 135483
 142896
 150588
 158957
 167663
 174988
 183003
 191177
 199898
 206813
 214869
 224230
 231885
 239088
 249702
 256017
 264828
 273334
 280673
 289783
 295748
 303679
 314444
 320878
 328943
 336317
 344554
 352861
 360292
 368143
 374017
 385182
 390608
 402352
 407429
 414315
 424255
 429766
 438310
 446352
 453122
 463430
 469864
 476015
 484821
 494176
 499986
 508301
 515044
 522907
 531270
 538568
 544391
 554034
 557740
 565852
 575578
 579986
 589482
 597014
 605730
 612083
 620581
 626395
 633945
 641445
 650021
 656526
 664345
 667964
 678203
 681403
 693765
 699499
 706635
 710342
 722081
 725608
 731319
 741796
 746485
 753715
 761795
 768123
 777695
 782075
 788932
 795791
 803386
 806534
 814284
 823210
 829782
 835098
 841846
 845654
 854956
 863450
 866399
 872782
 880287
 886609
 892275
 898464
 906154
 913976
 914209
 921821
 929835
 935719
 944522
 950825
 955034
 958141
 968256
 973253
 978009
 985487
 990502
 996079
1002042
1006385
1015173
1013929
1022738
1027654
1032966
1037495
1043950
1050633
1059440
1060725
1066909
1071130
1078892
1083165
1087681
1089947
1098434
1103726
1104344
1109670
1116155
1121403
1124222
1129634
1134613
1139512
1145326
1149118
1152113
1157934
1161067
1168568
1168982
1176615
1182783
1183106
1187483
1193142
1196138
1195847
1203241
1205712
1209237
1214911
1219791
1221441
1224299
1228216
1232039
1235811
1239019
1245478
1249348
1252899
1254652
1257604
1262356
1262592
1269311
1272419
1273098
1276219
1277752
1278329
1285042
1288065
1291307
1292979
1294940
1297109
1300634
1299905
1306735
1315264
1310399
1312259
1317143
1319158
1321397
1318923
1325847
1328458
1332861
1329140
1335267
1331100
1338608
1339142
1339729
1341865
1339282
1342470
1343412
1347272
1350746
1350037
1355006
1350906
1354303
1353304
1356929
1358536
1356236
1362025
1362751
1361564
1361294
1360872
1361557
1361176
1363381
1363103
1367498
1366745
1369002
1364161
1369131
1369377
1370081
1370632
1370348
1373155
1366595
1366358
1369094
1365867
1367610
1369602
1370790
1368740
1365542
1366062
1369708
1367990
1365096
1366329
1363012
1362406
1364342
1361988
1364184
1364710
1358257
1357337
1360619
1357451
1356086
1352195
1353310
1355940
1352319
1347251
1348669
1346098
1342764
1342368
1340204
1341104
1338557
1337212
1335074
1335597
1329203
1332018
1329687
1324797
1323895
1322900
1321769
1316831
1315152
1315736
1312813
1313709
1309100
1306006
1305022
1303928
1296845
1299159
1295212
1293842
1287729
1292788
1286302
1284642
1282714
1277164
1273336
1272460
1268003
1266545
1266126
1261570
1260764
1256053
1253497
1250402
1244916
1245142
1239740
1238112
1235875
1232127
1229056
1228148
1220891
1221547
1216209
1214747
1211672
1208322
1202124
1199026
1196932
1192145
1190927
1186091
1181496
1178683
1175609
1172890
1167022
1161456
1163711
1158364
1153887
1150086
1147792
1141011
1137585
1132257
1129449
1127694
1126243
1121058
1115627
1108974
1108208
1106186
1099688
1095525
1093164
1090566
1081108
1076167
1075443
1069661
1067875
1062293
1059361
1055550
1050935
1044479
1041234
1034228
1034646
1029414
1019496
1020766
1016413
1010344
1010144
1005563
 998980
 993598
 991163
 987581
 982614
 977019
 976990
 968546
 962507
 959327
 953345
 949544
 947492
 938656
 937914
 931059
 929840
 926411
 920977
 916068
 907572
 904653
 900260
 894099
 892128
 887556
 882789
 881777
 875123
 870244
 866721
 864965
 852970
 851191
 846180
 845113
 840962
 835200
 829271
 823363
 819156
 814357
 811920
 804872
 801221
 798320
 792311
 788261
 784216
 783636
 775566
 769241
 765064
 763405
 758585
 751600
 745833
 743946
 740044
 739613
 728088
 726922
 721550
 715546
 712716
 708099
 703968
 699564
 696996
 689505
 685327
 681813
 678914
 675077
 669904
 664000
 661194
 654495
 653284
 649726
 646661
 640289
 635607
 631646
 627788
 621824
 620118
 615788
 608547
 605842
 603713
 595600
 590288
 588244
 584691
 579366
 575163
 570401
 565572
 564252
 560641
 556022
 552036
 547567
 543701
 539878
 535769
 531299
 528767
 524255
 518939
 519055
 510500
 510100
 503899
 500533
 496580
 493114
 487011
 485218
 480860
 478406
 474364
 470803
 466513
 463987
 456914
 456157
 452106
 448552
 445374
 442556
 437838
 433326
 432522
 428238
 424995
 421639
 416091
 413197
 409084
 403156
 402996
 397540
 395790
 392640
 387937
 384650
 381147
 378351
 375316
 371218
 368254
 366003
 363750
 360589
 356276
 352644
 348845
 347760
 345603
 341062
 338598
 334263
 331734
 328626
 325387
 323795
 320253
 317115
 314503
 312590
 310613
 306222
 304047
 300633
 296285
 293864
 293500
 289500
 285649
 283210
 280776
 276889
 275892
 272827
 269729
 268856
 263857
 262445
 260578
 257545
 254342
 252434
 248940
 247534
 244020
 242408
 240134
 238890
 236280
 233571
 230775
 227849
 227205
 224343
 220761
 218810
 216868
 213051
 213926
 209740
 208410
 205868
 203380
 202691
 199080
 197676
 196429
 192090
 190150
 187935
 186288
 184778
 182521
 180335
 178463
 176394
 175572
 173000
 170394
 168829
 166729
 164769
 165018
 161795
 159782
 158373
 155471
 154046
 152505
 151326
 149094
 148416
 147096
 143864
 142973
 141758
 138182
 138190
 135946
 133669
 132664
 130315
 129070
 127542
 127296
 123949
 121770
 121410
 119844
 118987
 118013
 116136
 115943
 113417
 111868
 110654
 109178
 108097
 106305
 106028
 103403
 102200
 101027
  99684
  98863
  97364
  96503
  96505
  94168
  92924
  91966
  90361
  88626
  88092
  87756
  86062
  84464
  83539
  83561
  80508
  80852
  78593
  77493
  77093
  76503
  74616
  73013
  73817
  72942
  70839
  70459
  69205
  67978
  68108
  66400
  65948
  65523
  63811
  63247
  62780
  61534
  60432
  60230
  59861
  59538
  57426
  56141
  56022
  55876
  54416
  53632
  52994
  52057
  52667
  50812
  51036
  49564
  48930
  48580
  47455
  46368
  46187
  45506
  44867
  43751
  42761
  42956
  42205
  41458
  40987
  40002
  40311
  39554
  38667
  37040
  38178
  36963
  36289
  35564
  35669
  34664
  33698
  33666
  32982
  32628
  32526
  31796
  31506
  31057
  29940
  30310
  29643
  29178
  28547
  28216
  27695
  26905
  26461
  26318
  26396
  25600
  25217
  24907
  24546
  24494
  23525
  23329
  23310
  22391
  22027
  22111
  21496
  21159
  20312
  20209
  20425
  20339
  20393
  19435
  18583
  18439
  18508
  17960
  17868
  17080
  17355
  16869
  16626
  16413
  15944
  15540
  15733
  15370
  15451
  14462
  14651
  14095
  14002
  13756
  13453
  13466
  13060
  12825
  13031
  12482
  12207
  12035
  11963
  11786
  11777
  11287
  11060
  10707
  10930
  10384
  10150
   9824
   9868
   9686
   9605
   9459
   9185
   9201
   9160
   8876
   8581
   8422
   8230
   8116
   7989
   7907
   7728
   7758
   7455
   7430
   7196
   7359
   7234
   6826
   6921
   6873
   6552
   6657
   6165
   6282
   6151
   5867
   5851
   5602
   5748
   5617
   5513
   5127
   5372
   5156
   4995
   5030
   4935
   4727
   4703
   4299
   4352
   4478
   4254
   4094
   4285
   4198
   3856
   3752
   3836
   3754
   3772
   3671
   3490
   3514
   3362
   3200
   3434
   3232
   3114
   3126
   3125
   3071
   2948
   2804
   3012
   2724
   2677
   2694
   2670
   2515
   2282
   2335
   2382
   2354
   2262
   2058
   2183
   2092
   2150
   2030
   2041
   1924
   1815
   1867
   1836
   1676
   1782
   1702
   1711
   1561
   1629
   1531
   1523
   1569
   1508
   1497
   1362
   1388
   1381
   1286
   1319
   1351
   1272
   1247
   1184
   1055
   1104
   1134
   1061
   1025
    915
   1046
    962
   1028
   1025
    935
    870
    894
    938
    815
    845
    881
    626
    713
    688
    640
    744
    715
    684
    655
    590
    700
    645
    616
    582
    534
    579
    519
    508
    442
    480
    514
    481
    543
    381
    499
    480
    414
    457
    380
    459
    441
    391
    411
    356
    299
    308
    366
    351
    292
    362
    281
    316
    385
    333
    240
    267
    255
    228
    242
    225
    209
    229
    239
    276
    218
    246
    222
    208
    248
    262
    211
    157
    224
    186
    156
    213
    175
    186
    144
    184
    172
    172
    124
    132
    182
    175
    130
    137
    120
    136
    133
    104
    123
    122
     91
    102
     94
    113
     86
    105
    107
     75
     91
     96
     85
     67
     81
    101
     59
    113
     78
     72
     77
     65
     84
     93
     77
     73
     50
     52
     97
     46
     99
     64
     74
     39
     67
     57
     37
     67
     41
     36
     49
     41
     34
     30
     37
     52
     36
     56
     48
     20
     22
     16
     18
     34
     23
     45
     29
     15
     35
     24
     35
     25
     33
     20
     10
     17
     22
     23
     33
     14
      9
     14
     10
     27
      9
     18
     22
     10
      8
     18
     11
      9
      7
      7
      4
      7
      9
     11
      8
     10
     12
      7
      7
      7
      6
      7
      4
     16
      3
      3
      9
     17
      4
      6
      0
      7
      4
     13
      0
      3
      7
      5
      2
      8
      3
      4
      4
     14
     13
      1
      6
      2
      7
      1
     11
      3
      1
      2
      2
      3
      4
      0
      2
      2
      2
      6
      0
      0
      4
     11
      0
      2
      6
      3
      1
      0
      1
      1
      0
      0
      1
      0
      0
      0
      1
      5
     11
      0
      0
      1
      0
      2
      0
      0
     12
      4
      3
      1
      2
      1
      4
      2
      7
      1
      2
      0
      4
      3
      1
     10
      6
      0
      0
      1
      0
      2
      0
      0
      1
      2
      2
      1
      0
      0
      4
      1
      0
      0
      0
      0
      5
      1
      0
      0
      0
      5
      0
      0
      0
      0
      0
      1
      0
      0
      0
      1
      0
      0
      0
      0
      0
      0
      0
      0
      0
      0
      0
      0
      0
      0
      0
      0
      0
      0
      0
      0
      0
      0
      0
      0
      0
      0
      0
      0
      0
      0
      0
      0
      0
      0
      0
      0
      0
      0
      0
      0
      0
      0
      0
      0
      0
      0
      0
      0
      0
      0
      0
      0
      0
      0
      0
      0
      0
      0
      0
      0
      0
      0
      0
      0
      0
      0
      0
      0
      0
      0
      0
      0
      0
      0
      0
      0
      0
      0
      0
      0
      0
      0
      0
      0
      0
      0
      0
      0
      0
      0
      0
      0
      0
      0
      0
      0
      0
      0
      0
      0
      0
      0
      0
      0
      0
      0
      0
      0
      0
      0
      0
      0
      0
      0
      0
      0
      0
      0
      0
      0
      0
      0
      0
      0
      0
      0
      0
      0
      0
      0
      0
      0
      0
      0
      0
      0
      0
      0
      0
      0
      0
      0
      0
      0
      0
      0
      0
      0
      0
      0
      0
      0
      0
      0
      0
      0
      0
      0
      0
      0
      0
      0
      0
      0
      0
      0
      0
      0
      0
      0
      0
      0
      0
      0
      0
      0
      0
      0
      0
      0
      0
      0
      0
      0
      0
      0
      0
      0
      0
      0
      0
      0
      0
      0
      0
      0
      0
      0
      0
      0
      0
      0
      0
      0
      0
      0
      0
      0
      0
      0
      0
      0
      0
      0
      0
      0
      0
      0
      0
      0
      0
      0
      0
      0
      0
      0
      0
      0
      0
      0
      0
      0
      0
      0
      0
      0
      0
      0
      0
      0
      0
      0
      0
      0
      0
      0
      0
      0
      0
      0
      0
      0
      0
      0
      0
      0
      0
      0
      0
      0
      0
      0
      0
      0
      0
      0
      0
      0
      0
      0
      0
      0
      0
      0
      0
      0
      0
      0
      0
      0
      0
      0
      0
      0
      0
      0
      0
      0
      0
      0
      0
      0
      0
      0
      0
      0
      0
      0
      0
      0
      0
      0
      0
      0
      0
      0
      0
      0
      0
      0
      0
      0
      0
      0
      0
      0
      0
      0
      0
      0
      0
      0
      0
      0
      0
      0
      0
      0
      0
      0
      0
      0
      0
      0
      0
      0
      0
      0
      0
      0
      0
      0
      0
      0
      0
      0
      0
      0
      0
      0
      0
      0
      0
      0
      0
      0
      0
      0
      0
      0
      0
      0
      0
      0
      0
      0
      0
      0
      0
      0
      0
      0
      0
      0
      0
      0
      0
      0
      0
      0
      0
      0
      0
      0
      0
      0
      0
      0
      0
      0
      0
      0
      0
      0
      0
      0
      0
      0
      0
      0
      0
      0
      0
      0
      0
      0
      0
      0
      0
      0
      0
      0
      0
      0
      0
      0
      0
      0
      0
      0
      0
      0
      0
      0
      0
      0
      0
      0
      0
      0
      0
      0
      0
      0
      0
      0
      0
      0
      0
      0
      0
      0
      0
      0
      0
      0
      0
      0
      0
      0
      0
      0
      0
      0
      0
      0
      0
      0
      0
      0
      0
      0
      0
      0
      0
      0
      0
      0
      0
      0
      0
      0
      0
      0
      0
      0
      0
      0
      0
      0
      0
      0
      0
      0
      0
      0
      0
      0
      0
      0
      0
      0
      0
      0
      0
      0
      0
      0
      0
      0
      0
      0
      0
      0
      0
      0
      0
      0
      0
      0
      0
      0
      0
      0
      0
      0
      0
      0
      0
      0
      0
      0
      0
      0
      0
      0
      0
      0
      0
      0
      0
      0
      0
      0
      0
      0
      0
      0
      0
      0
      0
      0
      0
      0
      0
      0
      0
      0
      0
      0
      0
      0
      0
      0
      0
      0
      0
      0
      0
      0
      0
      0
      0
      0
      0
      0
      0
      0
      0
      0
      0
      0
      0
      0
      0
      0
      0
      0
      0
      0
      0
      0
      0
      0
      0
      0
      0
      0
      0
      0
      0
      0
      0
      0
      0
      0
      0
      0
      0
      0
      0
      0
      0
      0
      0
      0
      0
      0
      0
      0
      0
      0
      0
      0
      0
      0
      0
      0
      0
      0
      0
      0
      0
      0
      0
      0
      0
      0
      0
      0
      0
      0
      0
      0
      0
      0
      0
      0
      0
      0
      0
      0
      0
      0
      0
      0
      0
      0
      0
      0
      0
      0
      0
      0
      0
      0
      0
      0
      0
      0
      0
      0
      0
      0
      0
      0
      0
      0
      0
      0
      0
      0
      0
      0
      0
      0
      0
      0
      0
      0
      0
      0
      0
      0
      0
      0
      0
      0
      0
      0
      0
      0
      0
      0
      0
      0
      0
      0
      0
      0
      0
      0
      0
      0
      0
      0
      0
      0
      0
      0
      0
      0
      0
      0
      0
      0
      0
      0
      0
      0
      0
      0
      0
      0
      0
      0
      0
      0
      0
      0
      0
      0
      0
      0
      0
      0
      0
      0
      0
      0
      0
      0
      0
      0
      0
      0
      0
      0
      0
      0
      0
      0
      0
      0
      0
      0
      0
      0
      0
      0
      0
      0
      0
      0
      0
      0
      0
      0
      0
      0
      0
      0
      0
      0
      0
      0
      0
      0
      0
      0
      0
      0
      0
      0
      0
      0
      0
      0
      0
      0
      0
      0
      0
      0
      0
      0
      0
      0
      0
      0
      0
      0
      0
      0
      0
      0
      0
      0
      0
      0
      0
      0
      0
      0
      0
      0
      0
      0
      0
      0
      0
      0
      0
      0
      0
      0
      0
      0
      0
      0
      0
      0
      0
      0
      0
      0
      0
      0
      0
      0
      0
      0
      0
      0
      0
      0
      0
      0
      0
      0
      0
      0
      0
      0
      0
      0
      0
      0
      0
      0
      0
      0
      0
      0
      0
      0
      0
      0
      0
      0
      0
      0
      0
      0
      0
      0
      0
      0
      0
      0
      0
      0
      0
      0
      0
      0
      0
      0
      0
      0
      0
      0
      0
      0
      0
      0
      0
      0
      0
      0
      0
      0
      0
      0
      0
      0
      0
      0
      0
      0
      0
      0
      0
      0
      0
      0
      0
      0
      0
      0
      0
      0
      0
      0
      0
      0
      0
      0
      0
      0
      0
      0
      0
      0
      0
      0
      0
      0
      0
      0
      0
      0
      0
      0
      0
      0
      0
      0
      0
      0
      0
      0
      0
      0
      0
      0
      0
      0
      0
      0
      0
      0
      0
      0
      0
      0
      0
      0
      0
      0
      0
      0
      0
      0
      0
      0
      0
      0
      0
      0
      0
      0
      0
      0
      0
      0
      0
      0
      0
      0
      0
      0
      0
      0
      0
      0
      0
      0
      0
      0
      0
      0
      0
      0
      0
      0
      0
      0
      0
      0
      0
      0
      0
      0
      0
      0
      0
      0
      0
      0
      0
      0
      0
      0
      0
      0
      0
      0
      0
      0
      0
      0
      0
      0
      0
      0
      0
      0
      0
      0
      0
      0
      0
      0
      0
      0
      0
      0
      0
      0
      0
      0
      0
      0
      0
      0
      0
      0
      0
      0
      0
      0
      0
      0
      0
      0
      0
      0
      0
      0
      0
      0
      0
      0
      0
      0
      0
      0
      0
      0
      0
      0
      0
      0
      0
      0
      0
      0
      0
      0
      0
      0
      0
      0
      0
      0
      0
      0
      0
      0
      0
      0
      0
      0
      0
      0
      0
      0
      0
      0
      0
      0
      0
      0
      0
      0
      0
      0
      0
      0
      0
      0
      0
      0
      0
      0
      0
      0
      0
      0
      0
      0
      0
      0
      0
      0
      0
      0
      0
      0
      0
      0
      0
      0
      0
      0
      0
      0
      0
      0
      0
      0
      0
      0
      0
      0
      0
      0
      0
      0
      0
      0
      0
      0
      0
      0
      0
      0
      0
      0
      0
      0
      0
      0
      0
      0
      0
      0
      0
      0
      0
      0
      0
      0
      0
      0
      0
      0
      0
      0
      0
      0
      0
      0
      0
      0
      0
      0
      0
      0
      0
      0
      0
      0
      0
      0
      0
      0
      0
      0
      0
      0
      0
      0
      0
      0
      0
      0
      0
      0
      0
      0
      0
      0
      0
      0
      0
      0
      0
      0
      0
      0
      0
      0
      0
      0
      0
      0
      0
      0
      0
      0
      0
      0
      0
      0
      0
      0
      0
      0
      0
      0
      0
      0
      0
      0
      0
      0
      0
      0
      0
      0
      0
      0
      0
      0
      0
      0
      0
      0
      0
      0
      0
      0
      0
      0
      0
      0
      0
      0
      0
      0
      0
      0
      0
      0
      0
      0
      0
      0
      0
      0
      0
      0
      0
      0
      0
      0
      0
      0
      0
      0
      0
      0
      0
      0
      0
      0
      0
      0
      0
      0
      0
      0
      0
      0
      0
      0
      0
      0
      0
      0
      0
      0
      0
      0
      0
      0
      0
      0
      0
      0
      0
      0
      0
      0
      0
      0
      0
      0
      0
      0
      0
      0
      0
      0
      0
      0
      0
      0
      0
      0
      0
      0
      0
      0
      0
      0
      0
      0
      0
      0
      0
      0
      0
      0
      0
      0
      0
      0
      0
      0
      0
      0
      0
      0
      0
      0
      0
      0
      0
      0
      0
      0
      0
      0
      0
      0
      0
      0
      0
      0
      0
      0
      0
      0
      0
      0
      0
      0
      0
      0
      0
      0
      0
      0
      0
      0
      0
      0
      0
      0
      0
      0
      0
      0
      0
      0
      0
      0
      0
      0
      0
      0
      0
      0
      0
      0
      0
      0
      0
      0
      0
      0
      0
      0
      0
      0
      0
      0
      0
      0
      0
      0
      0
      0
      0
      0
      0
      0
      0
      0
      0
      0
      0
      0
      0
      0
      0
      0
      0
      0
      0
      0
      0
      0
      0
      0
      0
      0
      0
      0
      0
      0
      0
      0
      0
      0
      0
      0
      0
      0
      0
      0
      0
      0
      0
      0
      0
      0
      0
      0
      0
      0
      0
      0
      0
      0
      0
      0
      0
      0
      0
      0
      0
      0
      0
      0
      0
      0
      0
      0
      0
      0
      0
      0
      0
      0
      0
      0
      0
      0
      0
      0
      0
      0
      0
      0
      0
      0
      0
      0
      0
      0
      0
      0
      0
      0
      0
      0
      0
      0
      0
      0
      0
      0
      0
      0
      0
      0
      0
      0
      0
      0
      0
      0
      0
      0
      0
      0
      0
      0
      0
      0
      0
      0
      0
      0
      0
      0
      0
      0
      0
      0
      0
      0
      0
      0
      0
      0
      0
      0
      0
      0
      0
      0
      0
      0
      0
      0
      0
      0
      0
      0
      0
      0
      0
      0
      0
      0
      0
      0
      0
      0
      0
      0
      0
      0
      0
      0
      0
      0
      0
      0
      0
      0
      0
      0
      0
      0
      0
      0
      0
      0
      0
      0
      0
      0
      0
      0
      0
      0
      0
      0
      0
      0
      0
      0
      0
      0
      0
      0
      0
      0
      0
      0
      0
      0
      0
      0
      0
      0
      0
      0
      0
      0
      0
      0
      0
      0
      0
      0
      0
      0
      0
      0
      0
      0
      0
      0
      0
      0
      0
      0
      0
      0
      0
      0
      0
      0
      0
      0
      0
      0
      0
      0
      0
      0
      0
      0
      0
      0
      0
      0
      0
      0
      0
      0
      0
      0
      0
      0
      0
      0
      0
      0
      0
      0
      0
      0
      0
      0
      0
      0
      0
      0
      0
      0
      0
      0
      0
      0
      0
      0
      0
      0
      0
      0
      0
      0
      0
      0
      0
      0
      0
      0
      0
      0
      0
      0
      0
      0
      0
      0
      0
      0
