17.8062
17.8326
17.7901
17.9887
17.6999
17.3304
17.1121
17.0563
16.9028
16.6363
16.3351
16.3568
16.4576
16.2688
16.1942
16.0191
15.9696
15.7427
15.7654
15.7013
15.5906
15.6914
15.6438
15.5136
15.4039
15.5868
15.2433
14.8504
14.9278
14.9998
14.9857
14.8538
15.0229
14.8577
15.0032
14.9288
14.8543
14.8221
14.9011
14.8444
14.817
14.8361
14.8152
14.9434
14.8485
14.7591
14.7305
14.7035
14.5983
14.5923
14.5831
14.6523
14.6304
14.5486
14.5773
14.5257
14.4834
14.5368
14.4305
14.4717
14.4497
14.5384
14.5344
14.4668
14.3917
14.4778
14.417
14.5462
14.4143
14.5849
14.3429
14.2323
14.2716
14.2547
14.28
14.3541
14.2624
14.4373
14.4105
14.4166
14.3743
14.3218
14.3015
14.2998
14.3466
14.2872
14.2968
14.3258
14.2208
14.2209
14.265
14.2053
14.2459
14.2689
14.2506
14.1904
14.239
14.2927
14.2565
14.186
14.1649
14.1414
14.261
14.2486
14.2302
14.229
14.1936
14.1686
14.1169
14.0693
14.1419
14.0073
14.1187
14.0713
14.0565
14.0488
14.0602
14.0307
14.154
14.0908
14.0322
14.0355
13.9792
13.9954
14.0059
13.9147
13.9725
13.9133
13.9855
13.9424
14.0031
13.9802
14.0333
13.9238
13.9412
13.9646
13.9832
13.9176
13.845
13.9548
13.9244
13.9503
13.9233
13.9564
13.8825
13.8995
13.8986
13.9277
13.803
13.8427
13.9442
13.8998
13.8769
13.8779
13.8645
13.9477
13.8012
13.8687
13.8405
13.7933
13.782
13.7893
13.8145
13.839
13.7547
13.8486
13.7693
13.8189
13.8436
13.8119
13.8503
13.7493
13.8156
13.8141
13.7766
13.7662
13.6863
13.7275
13.6736
13.7825
13.732
13.7084
13.7534
13.7463
13.6853
13.7986
13.8206
13.7549
13.6538
13.6888
13.6904
13.684
13.7728
13.7192
13.6628
13.6822
13.6652
13.6933
13.707
13.6313
13.6736
13.6316
13.678
13.7115
13.6036
13.6683
13.6515
13.6538
13.6034
13.6724
13.5947
13.6636
13.6343
13.719
13.7196
13.6453
13.584
13.6623
13.5612
13.5522
13.5508
13.5747
13.5863
13.6382
13.7194
13.6218
13.5975
13.5242
13.512
13.5775
13.5207
13.5227
13.5569
13.6047
13.5548
13.5459
13.5667
13.5689
13.5605
13.5332
13.5127
13.555
13.552
13.5248
13.499
13.5528
13.5387
13.483
13.5261
13.5465
13.5577
13.5276
13.6121
13.5146
13.4433
13.5286
13.5284
13.508
13.4893
13.4814
13.4891
13.4371
13.4284
13.52
13.3613
13.4933
13.5317
13.4588
13.4587
13.4679
13.4181
13.4583
13.392
13.4482
13.3825
13.4352
13.4095
13.4155
13.4051
13.4371
13.4379
13.4442
13.4532
13.4783
13.5084
13.4122
13.4143
13.4505
13.4025
13.4317
13.3835
13.4098
13.4445
13.4863
13.3751
13.425
13.3638
13.4189
13.4161
13.3665
13.3909
13.4253
13.366
13.3882
13.3984
13.3881
13.351
13.3394
13.3599
13.3478
13.36
13.3212
13.2911
13.3458
13.405
13.3912
13.3721
13.3316
13.3728
13.348
13.2975
13.3008
13.3329
13.3021
13.3444
13.3276
13.286
13.3774
13.3247
13.329
13.2868
13.3278
13.3378
13.3413
13.3111
13.2944
13.2437
13.2892
13.3246
13.281
13.3275
13.2599
13.2765
13.2539
13.3041
13.2899
13.292
13.3255
13.2634
13.2394
13.292
13.2787
13.2457
13.3101
13.264
13.2565
13.2726
13.2823
13.2439
13.3256
13.2364
13.2586
13.2239
13.2628
13.2778
13.3443
13.2468
13.228
13.2546
13.2472
13.2254
13.2597
13.313
13.3079
13.1763
13.3025
13.2894
13.2116
13.2639
13.2031
13.2519
13.2041
13.1837
13.2298
13.1782
13.1945
13.2067
13.2332
13.2781
13.2001
13.1785
13.2288
13.2065
13.2064
13.2012
13.2182
13.2272
13.1518
13.1896
13.151
13.2073
13.1652
13.1598
13.2167
13.1664
13.1778
13.1378
13.1266
13.1684
13.1103
13.2127
13.2223
13.1746
13.1788
13.1831
13.1489
13.1991
13.1478
13.2102
13.1941
13.1336
13.1647
13.1719
13.1872
13.1729
13.1632
13.1969
13.1395
13.2017
13.1543
13.1891
13.1739
13.1415
13.169
13.2057
13.1284
13.2001
13.1487
13.1736
13.1354
13.1383
13.1042
13.151
13.0764
13.1142
13.1446
13.1564
13.1926
13.1127
13.1264
13.1336
13.1583
13.1751
13.0919
13.1176
13.1703
13.1201
13.1333
13.1507
13.1186
13.1206
13.152
13.1425
13.156
13.1231
13.1515
13.1116
13.1305
13.1335
13.112
13.1168
13.1311
13.1432
13.1334
13.1086
13.0941
13.1425
13.1144
13.0943
13.0967
13.0903
13.0622
13.1292
13.0853
13.1515
13.1129
13.1391
13.1287
13.0988
13.1097
13.1011
13.1024
13.1123
13.1065
13.1016
13.1062
13.1089
13.1065
13.1061
13.0976
