      0
      8
     58
    256
    381
    695
   1039
   1456
   2081
   2406
   2957
   3554
   4432
   5440
   6157
   7047
   8076
   9113
  10213
  10927
  12588
  13876
  14776
  16790
  18381
  19771
  21252
  22861
  24201
  26875
  28396
  30931
  32704
  34417
  36466
  38604
  41313
  43755
  46507
  49144
  50794
  53663
  55868
  58604
  61700
  63747
  67438
  69736
  72945
  76226
  79794
  82842
  85166
  88926
  92850
  96385
  99630
 103493
 106892
 109557
 113834
 117565
 120728
 125680
 128639
 132412
 136255
 141899
 144133
 148032
 152044
 156230
 161739
 165184
 172062
 175373
 179948
 184868
 188590
 194402
 198436
 202196
 207453
 213048
 216581
 222460
 227364
 231939
 237372
 241371
 248732
 251404
 258662
 261619
 267478
 273782
 280363
 285316
 289882
 294830
 298879
 307863
 315413
 317720
 322541
 328187
 335442
 341588
 346163
 352753
 358784
 363266
 371214
 377157
 382518
 388171
 392294
 401015
 409003
 412619
 418643
 425381
 431561
 437237
 442496
 450185
 456320
 460407
 467702
 473579
 480244
 488468
 493839
 500425
 506561
 512976
 519372
 526010
 531795
 538681
 544784
 551779
 559313
 563283
 572664
 579666
 584502
 591916
 597875
 604577
 610293
 618621
 623254
 629888
 638851
 642473
 650514
 657979
 664246
 670124
 678119
 681680
 690660
 695517
 702610
 709218
 714579
 726823
 729515
 734407
 743110
 748071
 756410
 760978
 771125
 775690
 782682
 790044
 792408
 803736
 806325
 814763
 823503
 828430
 833096
 841671
 849742
 855040
 859584
 862995
 872777
 877277
 884359
 889298
 897623
 906095
 911652
 914952
 922678
 930850
 934243
 942029
 947001
 951432
 956415
 963813
 969780
 976555
 980970
 988703
 995101
1000647
1007072
1013241
1017857
1022036
1025125
1034410
1040189
1044628
1046349
1053556
1060887
1065959
1076843
1079572
1084581
1088073
1093402
1099106
1106046
1110036
1114090
1118691
1126001
1128524
1135237
1141458
1143999
1148685
1159413
1158863
1163674
1165078
1172964
1175812
1178764
1183736
1191107
1196896
1201032
1204594
1208420
1211407
1220441
1217836
1228913
1229025
1237921
1237970
1242099
1244691
1252982
1252994
1258241
1261716
1265828
1268630
1268586
1272502
1275981
1282818
1285251
1290895
1287792
1291196
1295699
1296425
1302922
1305498
1310271
1312130
1313374
1314955
1320053
1321079
1324731
1323248
1326592
1331360
1331904
1332089
1337678
1339517
1340194
1345316
1348370
1348427
1351378
1351156
1355864
1357428
1355209
1357457
1359164
1361025
1363453
1365985
1365430
1368312
1368249
1371479
1368578
1373281
1370275
1374482
1375696
1377073
1373236
1378857
1377918
1378021
1376067
1381039
1381740
1381805
1380426
1382763
1383418
1383432
1380676
1381174
1381224
1379871
1377287
1381215
1379969
1381497
1381220
1378840
1376148
1378272
1378543
1378549
1374901
1379334
1373754
1375141
1370784
1380778
1376062
1375327
1367818
1368991
1369092
1368183
1368245
1364990
1359095
1362002
1362311
1358384
1362270
1357866
1358673
1356813
1353718
1352567
1343314
1346835
1348045
1344633
1340908
1339262
1337065
1334297
1333042
1331784
1325821
1325975
1325208
1324686
1316789
1317536
1315700
1311848
1307534
1307204
1303257
1307514
1299044
1295579
1292401
1295404
1286281
1284857
1283224
1275106
1277949
1276865
1272552
1267505
1264249
1262354
1260247
1254990
1250087
1250581
1245693
1240503
1238266
1238070
1233376
1227453
1225904
1220532
1217416
1216373
1211555
1206449
1200129
1204416
1199144
1194451
1187297
1186375
1182724
1177347
1177295
1169922
1163693
1163740
1157334
1153768
1150852
1142233
1140994
1137589
1134722
1129595
1125601
1120458
1118231
1113806
1110354
1105591
1096567
1098774
1089253
1085310
1083561
1079106
1074757
1069889
1067165
1063537
1060123
1051671
1050186
1044170
1037850
1032359
1030878
1030716
1020291
1016159
1014320
1006387
1003394
1000197
 993318
 990125
 985137
 980427
 974604
 975533
 965216
 960639
 958094
 955593
 950075
 942888
 936528
 936568
 928444
 923957
 918929
 913601
 909362
 904615
 902590
 897174
 890709
 886921
 883277
 880322
 873221
 872085
 863751
 859065
 853241
 850180
 844462
 839577
 835709
 829034
 825440
 818915
 818748
 811429
 806600
 804225
 799243
 792785
 785779
 785051
 781572
 775981
 770761
 766120
 762178
 755614
 752570
 748329
 747905
 737175
 734233
 728048
 722441
 722388
 714316
 710446
 704197
 702336
 698046
 693309
 691071
 682841
 679553
 675387
 671214
 665047
 662085
 654809
 651764
 647731
 643985
 639153
 634012
 630157
 626685
 621784
 618460
 615181
 605665
 604831
 602539
 597087
 591175
 588935
 582037
 581168
 572892
 574948
 566081
 561067
 557564
 555259
 551039
 545124
 544791
 539728
 533366
 531563
 525817
 521726
 519622
 513740
 510889
 506767
 504538
 497548
 494710
 492970
 487505
 481652
 481726
 476459
 473080
 469951
 463874
 460989
 456930
 453926
 448257
 443658
 443418
 438778
 434010
 432778
 428395
 424848
 420626
 418625
 415063
 410969
 406804
 406586
 401843
 396240
 393720
 391087
 386001
 383207
 380168
 378093
 373518
 371806
 369331
 362687
 360034
 357577
 355657
 351397
 349018
 346950
 341783
 337920
 337153
 332015
 330751
 327731
 322928
 321741
 316712
 315392
 313720
 308430
 306756
 303002
 300620
 298398
 294400
 294360
 290351
 287267
 285438
 280938
 280773
 276398
 273056
 271390
 269155
 267125
 264946
 260493
 259325
 257616
 253310
 250918
 248510
 245313
 243852
 241581
 238743
 236287
 234062
 230848
 228225
 226226
 225036
 221788
 220719
 218823
 215704
 214627
 213405
 209237
 206957
 204365
 202611
 200666
 198435
 197909
 195832
 192112
 190728
 188949
 187034
 184572
 182508
 181064
 179021
 175693
 174740
 173604
 170588
 169464
 166638
 164683
 164692
 161126
 159550
 157466
 157884
 155455
 152351
 151786
 149299
 147850
 146578
 145706
 143925
 142759
 140397
 136995
 136981
 135711
 134597
 132686
 132351
 128869
 128009
 127180
 125222
 123034
 122570
 120381
 119935
 117448
 116249
 115243
 112914
 113683
 111711
 109398
 108379
 106830
 106208
 104738
 103665
 101712
 100675
  99569
  98253
  96764
  97746
  94940
  94153
  93214
  91057
  90946
  89829
  88462
  87399
  85657
  85217
  83695
  82956
  82282
  80689
  79863
  79749
  77752
  77062
  75938
  75203
  74518
  73422
  72704
  72184
  70638
  69575
  68472
  67702
  67349
  65873
  64851
  64632
  63448
  63632
  62385
  61273
  61369
  59924
  58750
  59120
  58044
  56653
  55786
  55135
  54154
  53853
  52725
  52785
  51728
  50449
  49941
  49610
  49347
  47521
  47330
  46311
  46862
  46137
  44541
  44784
  43934
  43285
  42691
  42020
  42170
  41187
  41253
  39846
  39423
  38923
  38683
  37282
  37315
  36803
  36043
  35255
  34710
  34706
  34816
  34225
  33533
  32301
  32044
  31178
  31397
  30908
  30569
  30213
  29476
  29834
  29121
  28446
  27687
  27164
  27404
  26701
  26460
  25756
  25656
  25373
  25332
  24857
  24193
  22947
  23912
  23093
  23224
  22613
  22194
  22443
  21768
  21086
  20533
  20249
  20308
  20164
  19551
  18898
  19110
  18164
  18222
  18528
  17842
  17503
  17575
  17304
  16766
  16329
  16039
  15637
  15891
  15491
  15034
  14923
  15090
  14688
  14455
  14164
  13805
  14020
  13420
  13566
  13092
  12893
  12817
  12606
  12407
  12268
  11854
  11741
  11639
  11206
  11230
  11349
  11160
  10734
  11027
  10466
  10254
  10158
  10141
  10042
   9530
   9689
   9387
   9216
   9330
   8972
   8693
   8512
   8519
   8277
   8167
   7975
   7783
   7845
   7618
   7680
   7590
   7092
   7088
   7099
   6662
   6309
   6542
   6736
   6315
   6463
   6402
   6305
   6011
   6090
   5939
   5801
   5855
   5479
   5656
   5295
   5353
   5197
   5131
   5153
   4860
   4900
   4853
   4595
   4745
   4604
   4413
   4344
   4343
   4268
   4220
   3998
   3926
   4002
   3941
   3660
   3660
   3680
   3807
   3691
   3559
   3422
   3653
   3260
   3067
   3203
   3239
   3054
   2943
   2903
   2915
   3039
   2690
   2864
   2715
   2724
   2776
   2651
   2584
   2582
   2582
   2515
   2437
   2298
   2328
   2262
   2124
   2307
   1951
   2235
   2112
   2067
   2004
   2090
   1958
   1863
   1986
   1818
   1696
   1857
   1861
   1734
   1620
   1555
   1571
   1552
   1546
   1553
   1455
   1586
   1398
   1509
   1296
   1334
   1385
   1406
   1255
   1262
   1272
   1302
   1298
   1343
   1025
   1072
   1154
   1133
   1145
   1108
   1009
    956
   1065
    967
    948
    943
    903
    813
    899
    857
    844
    983
    875
    744
    778
    791
    781
    686
    726
    719
    657
    636
    665
    706
    634
    627
    701
    560
    575
    576
    498
    595
    534
    477
    543
    455
    532
    519
    435
    568
    488
    409
    459
    488
    464
    424
    406
    423
    359
    381
    366
    349
    383
    326
    350
    310
    306
    332
    287
    301
    309
    377
    296
    292
    248
    249
    214
    293
    242
    232
    267
    270
    220
    223
    213
    240
    237
    173
    196
    173
    200
    199
    194
    154
    199
    164
    174
    156
    156
    183
    123
    140
    149
    166
    164
    154
    121
    120
    108
    101
    129
    159
    110
    119
    113
    138
    116
    124
    124
    106
    119
     95
    117
    111
     75
     70
     95
     85
    109
     99
     84
     86
     73
     65
     89
    107
     74
     79
     73
     62
     46
     62
     52
     64
     57
     54
     45
     52
     42
     53
     31
     44
     37
     34
     52
     57
     37
     41
     70
     32
     60
     64
     30
     29
     37
     19
     61
     43
     41
     54
     27
     38
     29
     25
     48
     21
     36
     17
     35
     21
     32
     11
     26
     40
     25
     42
     38
     22
     18
     31
     20
     35
     16
     17
     16
     26
     18
     16
     17
     14
     20
     12
      8
     17
     26
      9
     19
     23
      4
     27
     25
     22
     19
      4
     17
      6
      3
     10
     11
     13
      7
      8
     12
      8
     17
     30
      1
      8
      8
      8
      8
      2
     12
     15
     16
      4
      5
      3
      6
      2
      4
      9
     17
     14
     11
      4
      7
     12
     16
     10
      5
      1
      8
      3
      4
     10
      1
      6
      6
      2
     12
     15
      3
      2
      1
      3
      2
      7
      1
      1
     11
      5
      3
      0
      4
      4
      0
      5
      6
      1
     13
      3
      0
      3
      0
      2
      4
      2
      0
      4
      3
      0
      0
      9
      3
      4
      2
      3
      5
      0
      1
      0
      1
      1
      4
      4
      0
      0
      0
      0
      1
      0
      1
      3
      3
      8
      0
      0
      0
      0
      1
      1
      7
      3
      5
      0
      0
      1
      0
      0
      2
      1
      0
      0
      2
      2
      0
      0
      0
      0
      0
      2
      0
      0
      1
      0
      2
      2
      0
      0
      0
      1
      2
      1
      0
      0
      0
      0
      0
      0
      0
      2
      0
      1
      2
      0
      0
      0
      0
      6
      1
      2
      0
      0
      0
      0
      0
      0
      0
      0
      0
      0
      3
      4
      0
      0
      0
      0
      3
      0
      0
      1
      0
      0
      0
      0
      0
      0
      0
      0
      0
      0
      1
      0
      0
      2
      0
      0
      0
      0
      0
      0
      0
      0
      0
      0
      0
      0
      0
      0
      2
      0
      1
      0
      0
      0
      0
      8
      0
      0
      0
      0
      0
      0
      3
      0
      0
      0
      2
      0
      0
      0
      0
      0
      0
      0
      0
      0
      0
      0
      0
      0
      0
      0
      4
      0
      0
      0
      0
      0
      0
      0
      0
      0
      0
      0
      0
      0
      0
      0
      0
      0
      0
      0
      0
      0
      0
      0
      0
      0
      0
      0
      0
      0
      0
      0
      0
      0
      0
      0
      0
      0
      0
      0
      0
      0
      0
      0
      0
      0
      0
      0
      0
      0
      0
      0
      0
      0
      0
      0
      0
      0
      0
      0
      0
      0
      0
      0
      0
      0
      0
      0
      0
      0
      0
      0
      0
      0
      0
      0
      0
      0
      0
      0
      0
      0
      0
      0
      0
      0
      0
      0
      0
      0
      0
      0
      0
      0
      0
      0
      0
      0
      0
      0
      0
      0
      0
      0
      0
      0
      0
      0
      0
      0
      0
      0
      0
      0
      0
      0
      0
      0
      0
      0
      0
      0
      0
      0
      0
      0
      0
      0
      0
      0
      0
      0
      0
      0
      0
      0
      0
      0
      0
      0
      0
      0
      0
      0
      0
      0
      0
      0
      0
      0
      0
      0
      0
      0
      0
      0
      0
      0
      0
      0
      0
      0
      0
      0
      0
      0
      0
      0
      0
      0
      0
      0
      0
      0
      0
      0
      0
      0
      0
      0
      0
      0
      0
      0
      0
      0
      0
      0
      0
      0
      0
      0
      0
      0
      0
      0
      0
      0
      0
      0
      0
      0
      0
      0
      0
      0
      0
      0
      0
      0
      0
      0
      0
      0
      0
      0
      0
      0
      0
      0
      0
      0
      0
      0
      0
      0
      0
      0
      0
      0
      0
      0
      0
      0
      0
      0
      0
      0
      0
      0
      0
      0
      0
      0
      0
      0
      0
      0
      0
      0
      0
      0
      0
      0
      0
      0
      0
      0
      0
      0
      0
      0
      0
      0
      0
      0
      0
      0
      0
      0
      0
      0
      0
      0
      0
      0
      0
      0
      0
      0
      0
      0
      0
      0
      0
      0
      0
      0
      0
      0
      0
      0
      0
      0
      0
      0
      0
      0
      0
      0
      0
      0
      0
      0
      0
      0
      0
      0
      0
      0
      0
      0
      0
      0
      0
      0
      0
      0
      0
      0
      0
      0
      0
      0
      0
      0
      0
      0
      0
      0
      0
      0
      0
      0
      0
      0
      0
      0
      0
      0
      0
      0
      0
      0
      0
      0
      0
      0
      0
      0
      0
      0
      0
      0
      0
      0
      0
      0
      0
      0
      0
      0
      0
      0
      0
      0
      0
      0
      0
      0
      0
      0
      0
      0
      0
      0
      0
      0
      0
      0
      0
      0
      0
      0
      0
      0
      0
      0
      0
      0
      0
      0
      0
      0
      0
      0
      0
      0
      0
      0
      0
      0
      0
      0
      0
      0
      0
      0
      0
      0
      0
      0
      0
      0
      0
      0
      0
      0
      0
      0
      0
      0
      0
      0
      0
      0
      0
      0
      0
      0
      0
      0
      0
      0
      0
      0
      0
      0
      0
      0
      0
      0
      0
      0
      0
      0
      0
      0
      0
      0
      0
      0
      0
      0
      0
      0
      0
      0
      0
      0
      0
      0
      0
      0
      0
      0
      0
      0
      0
      0
      0
      0
      0
      0
      0
      0
      0
      0
      0
      0
      0
      0
      0
      0
      0
      0
      0
      0
      0
      0
      0
      0
      0
      0
      0
      0
      0
      0
      0
      0
      0
      0
      0
      0
      0
      0
      0
      0
      0
      0
      0
      0
      0
      0
      0
      0
      0
      0
      0
      0
      0
      0
      0
      0
      0
      0
      0
      0
      0
      0
      0
      0
      0
      0
      0
      0
      0
      0
      0
      0
      0
      0
      0
      0
      0
      0
      0
      0
      0
      0
      0
      0
      0
      0
      0
      0
      0
      0
      0
      0
      0
      0
      0
      0
      0
      0
      0
      0
      0
      0
      0
      0
      0
      0
      0
      0
      0
      0
      0
      0
      0
      0
      0
      0
      0
      0
      0
      0
      0
      0
      0
      0
      0
      0
      0
      0
      0
      0
      0
      0
      0
      0
      0
      0
      0
      0
      0
      0
      0
      0
      0
      0
      0
      0
      0
      0
      0
      0
      0
      0
      0
      0
      0
      0
      0
      0
      0
      0
      0
      0
      0
      0
      0
      0
      0
      0
      0
      0
      0
      0
      0
      0
      0
      0
      0
      0
      0
      0
      0
      0
      0
      0
      0
      0
      0
      0
      0
      0
      0
      0
      0
      0
      0
      0
      0
      0
      0
      0
      0
      0
      0
      0
      0
      0
      0
      0
      0
      0
      0
      0
      0
      0
      0
      0
      0
      0
      0
      0
      0
      0
      0
      0
      0
      0
      0
      0
      0
      0
      0
      0
      0
      0
      0
      0
      0
      0
      0
      0
      0
      0
      0
      0
      0
      0
      0
      0
      0
      0
      0
      0
      0
      0
      0
      0
      0
      0
      0
      0
      0
      0
      0
      0
      0
      0
      0
      0
      0
      0
      0
      0
      0
      0
      0
      0
      0
      0
      0
      0
      0
      0
      0
      0
      0
      0
      0
      0
      0
      0
      0
      0
      0
      0
      0
      0
      0
      0
      0
      0
      0
      0
      0
      0
      0
      0
      0
      0
      0
      0
      0
      0
      0
      0
      0
      0
      0
      0
      0
      0
      0
      0
      0
      0
      0
      0
      0
      0
      0
      0
      0
      0
      0
      0
      0
      0
      0
      0
      0
      0
      0
      0
      0
      0
      0
      0
      0
      0
      0
      0
      0
      0
      0
      0
      0
      0
      0
      0
      0
      0
      0
      0
      0
      0
      0
      0
      0
      0
      0
      0
      0
      0
      0
      0
      0
      0
      0
      0
      0
      0
      0
      0
      0
      0
      0
      0
      0
      0
      0
      0
      0
      0
      0
      0
      0
      0
      0
      0
      0
      0
      0
      0
      0
      0
      0
      0
      0
      0
      0
      0
      0
      0
      0
      0
      0
      0
      0
      0
      0
      0
      0
      0
      0
      0
      0
      0
      0
      0
      0
      0
      0
      0
      0
      0
      0
      0
      0
      0
      0
      0
      0
      0
      0
      0
      0
      0
      0
      0
      0
      0
      0
      0
      0
      0
      0
      0
      0
      0
      0
      0
      0
      0
      0
      0
      0
      0
      0
      0
      0
      0
      0
      0
      0
      0
      0
      0
      0
      0
      0
      0
      0
      0
      0
      0
      0
      0
      0
      0
      0
      0
      0
      0
      0
      0
      0
      0
      0
      0
      0
      0
      0
      0
      0
      0
      0
      0
      0
      0
      0
      0
      0
      0
      0
      0
      0
      0
      0
      0
      0
      0
      0
      0
      0
      0
      0
      0
      0
      0
      0
      0
      0
      0
      0
      0
      0
      0
      0
      0
      0
      0
      0
      0
      0
      0
      0
      0
      0
      0
      0
      0
      0
      0
      0
      0
      0
      0
      0
      0
      0
      0
      0
      0
      0
      0
      0
      0
      0
      0
      0
      0
      0
      0
      0
      0
      0
      0
      0
      0
      0
      0
      0
      0
      0
      0
      0
      0
      0
      0
      0
      0
      0
      0
      0
      0
      0
      0
      0
      0
      0
      0
      0
      0
      0
      0
      0
      0
      0
      0
      0
      0
      0
      0
      0
      0
      0
      0
      0
      0
      0
      0
      0
      0
      0
      0
      0
      0
      0
      0
      0
      0
      0
      0
      0
      0
      0
      0
      0
      0
      0
      0
      0
      0
      0
      0
      0
      0
      0
      0
      0
      0
      0
      0
      0
      0
      0
      0
      0
      0
      0
      0
      0
      0
      0
      0
      0
      0
      0
      0
      0
      0
      0
      0
      0
      0
      0
      0
      0
      0
      0
      0
      0
      0
      0
      0
      0
      0
      0
      0
      0
      0
      0
      0
      0
      0
      0
      0
      0
      0
      0
      0
      0
      0
      0
      0
      0
      0
      0
      0
      0
      0
      0
      0
      0
      0
      0
      0
      0
      0
      0
      0
      0
      0
      0
      0
      0
      0
      0
      0
      0
      0
      0
      0
      0
      0
      0
      0
      0
      0
      0
      0
      0
      0
      0
      0
      0
      0
      0
      0
      0
      0
      0
      0
      0
      0
      0
      0
      0
      0
      0
      0
      0
      0
      0
      0
      0
      0
      0
      0
      0
      0
      0
      0
      0
      0
      0
      0
      0
      0
      0
      0
      0
      0
      0
      0
      0
      0
      0
      0
      0
      0
      0
      0
      0
      0
      0
      0
      0
      0
      0
      0
      0
      0
      0
      0
      0
      0
      0
      0
      0
      0
      0
      0
      0
      0
      0
      0
      0
      0
      0
      0
      0
      0
      0
      0
      0
      0
      0
      0
      0
      0
      0
      0
      0
      0
      0
      0
      0
      0
      0
      0
      0
      0
      0
      0
      0
      0
      0
      0
      0
      0
      0
      0
      0
      0
      0
      0
      0
      0
      0
      0
      0
      0
      0
      0
      0
      0
      0
      0
      0
      0
      0
      0
      0
      0
      0
      0
      0
      0
      0
      0
      0
      0
      0
      0
      0
      0
      0
      0
      0
      0
      0
      0
      0
      0
      0
      0
      0
      0
      0
      0
      0
      0
      0
      0
      0
      0
      0
      0
      0
      0
      0
      0
      0
      0
      0
      0
      0
      0
      0
      0
      0
      0
      0
      0
      0
      0
      0
      0
      0
      0
      0
      0
      0
      0
      0
      0
      0
      0
      0
      0
      0
      0
      0
      0
      0
      0
      0
      0
      0
      0
      0
      0
      0
      0
      0
      0
      0
      0
      0
      0
      0
      0
      0
      0
      0
      0
      0
      0
      0
      0
      0
      0
      0
      0
      0
      0
      0
      0
      0
      0
      0
      0
      0
      0
      0
      0
      0
      0
      0
      0
      0
      0
      0
      0
      0
      0
      0
      0
      0
      0
      0
      0
      0
      0
      0
      0
      0
      0
      0
      0
      0
      0
      0
      0
      0
      0
      0
      0
      0
      0
      0
      0
      0
      0
      0
      0
      0
      0
      0
      0
      0
      0
      0
      0
      0
      0
      0
      0
      0
      0
      0
      0
      0
      0
      0
      0
      0
      0
      0
      0
      0
