      0
      0
      3
     93
    111
     53
    194
    216
    254
    389
    518
    678
    919
   1044
   1018
   1334
   1720
   1825
   1786
   2023
   2598
   2797
   3011
   3506
   3628
   3732
   3988
   4514
   4286
   5170
   6073
   5830
   6257
   6398
   7313
   7319
   7964
   8356
   8924
   9169
   9447
   9774
  11498
  11538
  11336
  12543
  13089
  13666
  15214
  14113
  14881
  16494
  17306
  17991
  17813
  18424
  19631
  20564
  21025
  22673
  21820
  23998
  24425
  24515
  25102
  27990
  27783
  28508
  29566
  29782
  31749
  32700
  33278
  33909
  35341
  35005
  36051
  38816
  38389
  40958
  40954
  42177
  43772
  44634
  45832
  47114
  48550
  49045
  49230
  49745
  52900
  53965
  56401
  56268
  57602
  59481
  59673
  62072
  64136
  64335
  66565
  66891
  66869
  68336
  70996
  73273
  75357
  75062
  76282
  80157
  79663
  81455
  84329
  84555
  86483
  88497
  88239
  89339
  93661
  93441
  96141
  98703
 100251
 100078
 101732
 103865
 106762
 109548
 111659
 113335
 112549
 112100
 115670
 121717
 122417
 123976
 122535
 126170
 129846
 131098
 133472
 135866
 137814
 143598
 143674
 142242
 148937
 146534
 150936
 156082
 156863
 159115
 160028
 165580
 164548
 165760
 171533
 170508
 175533
 174074
 179244
 183394
 184644
 186981
 189367
 193225
 196886
 194807
 197713
 198816
 205380
 208976
 209779
 209803
 218207
 218089
 222327
 223918
 226065
 226025
 231196
 236519
 237984
 240672
 243454
 247321
 250181
 255149
 256381
 255488
 263184
 264018
 267120
 271273
 275651
 272229
 282229
 286453
 288029
 290052
 293990
 298258
 301640
 305389
 309181
 312220
 314328
 318149
 323805
 321251
 330284
 331729
 335140
 338862
 340847
 346283
 349225
 354537
 355423
 360200
 367526
 373695
 374150
 375500
 377632
 382155
 387527
 390077
 395412
 398945
 406089
 404436
 415612
 418650
 423853
 426816
 426047
 434643
 434840
 446685
 446613
 457391
 451729
 460449
 465381
 469295
 472633
 479181
 481402
 487347
 491010
 498429
 500694
 511011
 512175
 518314
 514029
 523773
 522398
 531994
 532531
 547219
 550433
 553234
 557446
 561384
 564752
 572260
 577463
 583541
 589486
 594141
 593641
 599101
 598007
 614365
 613500
 617193
 627229
 631945
 633133
 649564
 651259
 653218
 657431
 668130
 673318
 679105
 680845
 687766
 692348
 699417
 700175
 714276
 718266
 721495
 723667
 732938
 735628
 739304
 756620
 751150
 759712
 765116
 775324
 781843
 781712
 793413
 806532
 802082
 812281
 821365
 820383
 821761
 836038
 834609
 850305
 849936
 856651
 867079
 872120
 884111
 886765
 893679
 898561
 904699
 920406
 914010
 918984
 938253
 938196
 939226
 946884
 954943
 957947
 975577
 978391
 987967
 991849
 999281
1010433
1010563
1018639
1023151
1032355
1040309
1050349
1060500
1063421
1065949
1074327
1090075
1094760
1097246
1111109
1110482
1120044
1127925
1129191
1142276
1151637
1160824
1159941
1168160
1177044
1186278
1189377
1195631
1207199
1207545
1213638
1227016
1238639
1240752
1251216
1264901
1260765
1273025
1287541
1301183
1305731
1305040
1312666
1317504
1330338
1335478
1345949
1352439
1362412
1366193
1384447
1382423
1387828
1405123
1403143
1413883
1424089
1432542
1434059
1449122
1448508
1471280
1477749
1483699
1491495
1498363
1511619
1512958
1522968
1543029
1548800
1540081
1567267
1565063
1582498
1587575
1586869
1600417
1605805
1618448
1621397
1630060
1645097
1647579
1659058
1670011
1668942
1688650
1698774
1704269
1713697
1720848
1713726
1732558
1743670
1749236
1762095
1774035
1775160
1797780
1806501
1809213
1816196
1827673
1837403
1846194
1848445
1857073
1867048
1872575
1882641
1892664
1910791
1919624
1911592
1929851
1940954
1937535
1949796
1968863
1977038
1976899
1983522
1998619
2007210
2026246
2029441
2036035
2042058
2052105
2070549
2079306
2079621
2092709
2105454
2115358
2116615
2127022
2137305
2132408
2154658
2159521
2174761
2176280
2186026
2192256
2212376
2215498
2221326
2225723
2239879
2243217
2256500
2266415
2270435
2285781
2292595
2305452
2311203
2323988
2327242
2328219
2341034
2350372
2351306
2372865
2388566
2381658
2399307
2409113
2415221
2423741
2434331
2444408
2449744
2454865
2474267
2472754
2471883
2483858
2508267
2505414
2515786
2522836
2539931
2546715
2540231
2571006
2568028
2586167
2595325
2604079
2605695
2618603
2626959
2637322
2645676
2653277
2661664
2664662
2668321
2674830
2695121
2695171
2705841
2705955
2713288
2729548
2735639
2747600
2766005
2765837
2774859
2775263
2787942
2794556
2804182
2792258
2811082
2821110
2838481
2836168
2852079
2849606
2860183
2878953
2871346
2889632
2887537
2898501
2912568
2906476
2921256
2933815
2955430
2944690
2952489
2964263
2973251
2976372
2985345
2980202
3000209
2998298
3022785
3008004
3029933
3057677
3032485
3056114
3043897
3070955
3067805
3076247
3091384
3089255
3088132
3113212
3109956
3114284
3126336
3125330
3127877
3133732
3140185
3151969
3153488
3165784
3188465
3173674
3186623
3207502
3200451
3220312
3203187
3212968
3220664
3227576
3228051
3245848
3253826
3251187
3258413
3272735
3275928
3284814
3273377
3287894
3289918
3292224
3303907
3314147
3313565
3323529
3319333
3333839
3327775
3340601
3354989
3338292
3352093
3361672
3357661
3351245
3383341
3380497
3382642
3387762
3383987
3385289
3395730
3413673
3413562
3403923
3405557
3411378
3421600
3420158
3426509
3425947
3428215
3438364
3445222
3454055
3450876
3456557
3454802
3459310
3467309
3470197
3473561
3462792
3487485
3480583
3486523
3497287
3498884
3483339
3505733
3499896
3499929
3508319
3515287
3524257
3517933
3502732
3516170
3515452
3526627
3514625
3534376
3531574
3528590
3532769
3521315
3549614
3546630
3546496
3542420
3536613
3552625
3542621
3557116
3534294
3558315
3562690
3557571
3547944
3549876
3560623
3559853
3550284
3551533
3562879
3566141
3577576
3571557
3549820
3567145
3562470
3567749
3561189
3558998
3563969
3551941
3574774
3551686
3572027
3564357
3573963
3556309
3565409
3562556
3566061
3550580
3559505
3557013
3565329
3563817
3563703
3552734
3559319
3549769
3556660
3548096
3548463
3555206
3547485
3546336
3554166
3547314
3547324
3531249
3543168
3554819
3532621
3543239
3531208
3527510
3539137
3521267
3537188
3537568
3518212
3529560
3509807
3514965
3500939
3509059
3503584
3502317
3504643
3495658
3497651
3485415
3475898
3490047
3472016
3495213
3498262
3474819
3465916
3468392
3467706
3460884
3454798
3462137
3446304
3453667
3451671
3438686
3446098
3419049
3437114
3436048
3421625
3435106
3415983
3407276
3406780
3401589
3400627
3390521
3388782
3376039
3372575
3382036
3372710
3362683
3371565
3349662
3362339
3340176
3338248
3336268
3331345
3315232
3318345
3306869
3304846
3307401
3300021
3279948
3275438
3292602
3275844
3284232
3268614
3259674
3270197
3240335
3244399
3237829
3229894
3220440
3218750
3207947
3222778
3203512
3198843
3184046
3180966
3177318
3173551
3170822
3150645
3158830
3141609
3132442
3129897
3118069
3136319
3104760
3118873
3101407
3096920
3093103
3088392
3074706
3064489
3061836
3055112
3051729
3032760
3038622
3026895
3018481
3001320
2999092
3000128
2993210
2979710
2970034
2961497
2960930
2953065
2949835
2930254
2923388
2915827
2899074
2896141
2896272
2880758
2881875
2870763
2857810
2847902
2851536
2836598
2819824
2824711
2802309
2795000
2794765
2797727
2777947
2776764
2751960
2759293
2742276
2727898
2735118
2713287
2723085
2698999
2691076
2684147
2689073
2679263
2668418
2662371
2647026
2638735
2632096
2616491
2621486
2616127
2593850
2601543
2581815
2579352
2569651
2557966
2545761
2544382
2528252
2528038
2505318
2508602
2496642
2489266
2489082
2478279
2461783
2445682
2439506
2435164
2414546
2415088
2412870
2396592
2388000
2386329
2362972
2360739
2364088
2341895
2345824
2328358
2324241
2309004
2309952
2286316
2278283
2268091
2266823
2258261
2244363
2237430
2232847
2216827
2211436
2201898
2198216
2189311
2183111
2171784
2152585
2156339
2131121
2130128
2120446
2115358
2113147
2099682
2098687
2084259
2059722
2058111
2054527
2045098
2039797
2023037
2011009
2006519
1988716
2000148
1982815
1974413
1962588
1944717
1950924
1937488
1939608
1920020
1909804
1895919
1896961
1882388
1876710
1859986
1854240
1855966
1825647
1829400
1818195
1811627
1799045
1792355
1787780
1774850
1764187
1767122
1744885
1741753
1728593
1720221
1724524
1698514
1698531
1690766
1677258
1664875
1672801
1647511
1643441
1646645
1634250
1615485
1619886
1606336
1594474
1593619
1574742
1564835
1553128
1554669
1552819
1534247
1536517
1522412
1513439
1494898
1490014
1487855
1484737
1473252
1463817
1449631
1453289
1446349
1423564
1424033
1412555
1411443
1395169
1395801
1376188
1379646
1365201
1359080
1353257
1343593
1339744
1329128
1322549
1311935
1298124
1286596
1283200
1282330
1271932
1268873
1266020
1251339
1245579
1238639
1232947
1222520
1205418
1210877
1197868
1190739
1185907
1178128
1167985
1163673
1147121
1148183
1139746
1140853
1132101
1120480
1110821
1106616
1096204
1091594
1087616
1072573
1070628
1065319
1056676
1050769
1043280
1039627
1029803
1022245
1012907
1013429
1001555
1002594
 982280
 980223
 981514
 958590
 964036
 960616
 954670
 940865
 937725
 927310
 929272
 921027
 914706
 905006
 902875
 894186
 884975
 878559
 876766
 877840
 863014
 853634
 854971
 846110
 841963
 837450
 824274
 819362
 818015
 811623
 805174
 802243
 794486
 785830
 775677
 773509
 764692
 753933
 758500
 755251
 746257
 741920
 729577
 729751
 720147
 716116
 707279
 706712
 710687
 698576
 688985
 689022
 680235
 675986
 672144
 662455
 658624
 652817
 651388
 639381
 636285
 633592
 629195
 623974
 616244
 611097
 610671
 607290
 600143
 596585
 590214
 590474
 581242
 587077
 570413
 566398
 563554
 555655
 556688
 549999
 546717
 544459
 541431
 532819
 531520
 522345
 522219
 518705
 507304
 505993
 505535
 498363
 495672
 488298
 489173
 482460
 474960
 470705
 469258
 467040
 459967
 455323
 458321
 450436
 447328
 441466
 437336
 435199
 432480
 430436
 425389
 422238
 418760
 411418
 411789
 405731
 402034
 400533
 399058
 386625
 386531
 386621
 383188
 382292
 375129
 375047
 371531
 371123
 369266
 361838
 356417
 357540
 356558
 345289
 344572
 342194
 333153
 335448
 331100
 331711
 331167
 324283
 320982
 317727
 314980
 312804
 311614
 303975
 309388
 299531
 299259
 295274
 290474
 287593
 288694
 280474
 282059
 280135
 276662
 272654
 272544
 268157
 266622
 265042
 259492
 258936
 257490
 251605
 249975
 249377
 244202
 243324
 238141
 238646
 235186
 234181
 231773
 229082
 225537
 224773
 224022
 220683
 220223
 217771
 210901
 205963
 209455
 207292
 205852
 204361
 202454
 200197
 196725
 194698
 192166
 195039
 190363
 186250
 185348
 188255
 184446
 178547
 178263
 176113
 173411
 173473
 171016
 169049
 170040
 163917
 165511
 163340
 162902
 161747
 157775
 157715
 154711
 152668
 151785
 149538
 147769
 147043
 144374
 142758
 143091
 142699
 138822
 135291
 137407
 135039
 134527
 131411
 131552
 126906
 128020
 126436
 124947
 122229
 120863
 118624
 120143
 116808
 116407
 115244
 113190
 114344
 113875
 110148
 107557
 109608
 105928
 104548
 104846
 105342
 104683
 103530
 100029
 100182
  98984
  98687
  95220
  96732
  96689
  94327
  93515
  91369
  89643
  88657
  86153
  87290
  86983
  84351
  82773
  83051
  82782
  78472
  80383
  78927
  74784
  77240
  74868
  74913
  74344
  76923
  72935
  73629
  70880
  72042
  69258
  70877
  67070
  68687
  66421
  65919
  65073
  65240
  65330
  63083
  64661
  61508
  59272
  59355
  59164
  59563
  58499
  57799
  57459
  56481
  55131
  55189
  54990
  52220
  53300
  52485
  50824
  51596
  49531
  50025
  50423
  48144
  49288
  48004
  47270
  46648
  46656
  45156
  44640
  44318
  43261
  41126
  42346
  42415
  41331
  42410
  40498
  39866
  39395
  38856
  37996
  38056
  37978
  35888
  37651
  36283
  35344
  35798
  35308
  34281
  33097
  33658
  33961
  32377
  32481
  31345
  31766
  31657
  30280
  31079
  29225
  30275
  28924
  29493
  28541
  28017
  28376
  27909
  27107
  26043
  25509
  25576
  25239
  25623
  24886
  24479
  24604
  24362
  24088
  24014
  23580
  23811
  22485
  22066
  22785
  23011
  20985
  20755
  21756
  21002
  19990
  19573
  19736
  19574
  19286
  20133
  17718
  18379
  17742
  18079
  17689
  17773
  17832
  16728
  16454
  16696
  16183
  16878
  15635
  15097
  16526
  14922
  15471
  14839
  14350
  14477
  14099
  13830
  13905
  14315
  13513
  13357
  12930
  12823
  12076
  12005
  11437
  12220
  12985
  11443
  12860
  11858
  11491
  10753
  10495
  11031
  10719
  10510
  10386
  11017
  10310
  10120
  10045
   9847
  10597
  10395
   9551
   8897
   9228
   9115
   8981
   8618
   8680
   8574
   8915
   8795
   8476
   8241
   7770
   7693
   7848
   7735
   7347
   7205
   7472
   7124
   7274
   7094
   6701
   6903
   6466
   7198
   6168
   5709
   5751
   5789
   6347
   6089
   5773
   5676
   5520
   5300
   5740
   5645
   5391
   5317
   5352
   5756
   4951
   5279
   5196
   4719
   4281
   4481
   4078
   4782
   4653
   4093
   4411
   4325
   4025
   3912
   4194
   3994
   4447
   3407
   3774
   3547
   3677
   3858
   3623
   3940
   3581
   3539
   3629
   3816
   3218
   2933
   3043
   3170
   3267
   3007
   3135
   3208
   2548
   2848
   2725
   2699
   2891
   2647
   2423
   2739
   2612
   2472
   2461
   2297
   2918
   2434
   2449
   2245
   2323
   2495
   2369
   1937
   2133
   2193
   2039
   2292
   2284
   2203
   1929
   1924
   1756
   2063
   1844
   1881
   1644
   1567
   1749
   1730
   1862
   1531
   1373
   1499
   1691
   1547
   1409
   1323
   1564
   1399
   1304
   1556
   1311
   1244
   1428
   1486
   1292
   1481
   1308
    950
   1236
   1334
    903
   1119
    995
   1100
   1056
    975
   1219
    949
    931
    915
    869
   1000
    880
    967
    815
    819
    810
    874
    769
   1061
    549
    790
    815
    796
    811
   1007
    856
    590
    744
    785
    656
    908
    752
    809
    635
    779
    643
    585
    731
    643
    570
    785
    669
    704
    494
    396
    560
    488
    540
    538
    320
    503
    570
    555
    518
    427
    342
    522
    455
    346
    423
    434
    335
    380
    504
    380
    289
    474
    359
    315
    331
    293
    310
    268
    336
    335
    412
    374
    262
    273
    278
    294
    256
    127
    209
    169
    168
    311
    216
    248
    188
    318
    309
    208
    139
    210
    276
    244
    137
    126
    208
    243
    306
    176
     77
    110
    108
    225
    159
    174
    156
     65
    149
    151
     72
     83
    132
    231
     85
     56
     86
    250
    103
    165
    129
    165
    149
    111
    227
     93
     97
    136
     86
    137
     56
     86
     89
     53
     67
     68
    121
    128
     59
    167
     58
     82
     86
     62
     45
    117
     25
     90
     27
     67
     40
     50
     48
     72
     92
    102
     84
     35
     65
     41
     73
     29
     69
     36
     18
     45
     43
     22
     45
    107
     39
     24
      8
     86
      2
      7
     43
      9
     60
     52
      3
     35
     15
     18
     35
     23
     73
     24
     17
      0
     10
     73
     27
     28
     38
     30
     19
     23
     10
     29
     22
      0
     58
      8
     13
     15
     21
      5
      4
     32
     10
     35
      6
      3
     23
     14
     15
      8
     16
     11
      7
     45
     38
      6
     58
     10
     15
     18
      1
     18
     54
      1
      8
     58
     57
      0
     39
     10
     13
      0
     40
      0
      0
     26
      0
      0
      6
      0
      5
      0
     10
      3
      9
     31
      0
      0
      4
      9
      2
      6
     11
      0
     23
      4
      5
      0
      0
      0
      6
      0
      0
      1
     17
      1
     16
     11
      1
      0
     25
      0
      8
      4
      0
      0
      0
      7
      8
      0
      0
      4
      0
      0
      6
      0
      2
      7
      0
     71
      0
      7
     14
      0
      0
      0
      0
      0
      0
      5
      0
      0
      1
     19
      0
      0
      0
      0
      2
      0
      0
      0
      0
      0
      0
      0
      0
      2
      0
      0
      8
      3
     26
      0
      5
     12
      5
      8
      0
      0
     10
      0
      1
     10
      0
      0
     18
     18
      7
      0
      0
     13
      0
      2
      7
      9
     23
      2
      3
      0
      0
      0
      0
      0
      1
      0
      5
      0
      0
      0
      0
      0
      0
      2
      0
      0
     11
      0
      0
      0
      0
      0
      0
      0
      0
      0
      0
      1
      0
      0
      0
      0
      0
      0
      0
      0
      0
      0
      0
      0
      0
      0
      0
      0
      0
      0
      0
      0
      0
      0
      0
      0
      0
      0
      0
      0
      0
      0
      0
      0
      0
      0
      0
      0
      0
      0
      0
      0
      0
      0
      0
      0
      0
      0
      0
      0
      0
      0
      0
      0
      0
      0
      0
      0
      0
      0
      0
      0
      0
      0
      0
      0
      0
      0
      0
      0
     15
      0
     20
      0
      0
      0
      0
      0
      0
      0
      0
      0
      0
      0
      0
      0
      0
      0
      0
      0
      0
      0
      0
      0
      0
      0
      0
      0
      0
      0
      0
      0
      0
      0
      0
      0
      0
      0
      0
      0
      0
      0
      0
      0
      0
      0
      0
      0
      0
      0
      0
      0
      0
      0
      0
      0
      0
      0
      0
      0
      0
      0
      0
      0
      0
      0
      0
      0
      0
      0
      0
      0
      0
      0
      0
      0
      0
      0
      0
      0
      0
      0
      0
      0
      0
      0
      0
      0
      0
      0
      0
      0
      0
      0
      0
      0
      0
      0
      0
      0
      0
      0
      0
      0
      0
      0
      0
      0
      3
      0
      6
      0
      0
      0
      0
      0
      0
      0
      0
      0
      0
      0
      0
      0
      0
      0
      0
      0
      0
      0
      0
      0
      0
      0
      0
      0
      0
      0
      0
      0
      0
      0
      0
      0
      0
      0
      0
      0
      0
      0
      0
      0
      0
      0
      0
      0
      0
      0
      0
      0
      0
      0
      0
      0
      0
      0
      0
      0
      0
      0
      0
      0
      0
      0
      0
      0
      0
      0
      0
      0
     42
      0
      0
      0
      3
      0
      3
      0
      0
      0
      0
      0
      0
      0
      0
      0
      0
      0
      0
      0
      0
      0
      0
      0
      0
      0
      0
      0
      0
      0
      0
      0
      0
      0
      0
      0
      0
      0
      0
      0
      0
      0
      0
      0
      0
      0
      0
      0
      0
      0
      0
     36
      0
      0
      0
      0
      0
      0
      0
      0
      0
      0
      0
      0
      0
      0
      0
      0
      0
      0
      0
      0
      0
      0
      0
      0
      0
      0
      0
      0
      0
      0
      0
      0
      0
      0
      0
      0
      0
      0
      0
      0
      0
      0
      0
      0
      0
      0
      0
      0
      0
      0
      0
      0
      0
      0
      0
      0
      0
      0
      0
      0
      0
      0
      0
      0
      0
      0
      0
      0
      0
      0
      0
      0
      0
      0
      0
      0
      0
      0
      0
      0
      8
      6
     63
      0
      0
      0
      2
      0
      9
     14
      0
     43
      0
      6
      0
      0
      0
      0
      0
      0
      0
      0
      0
      0
      0
      0
      0
      0
      0
      0
      0
      0
      0
      0
      0
      0
      0
      0
      0
      0
      0
      0
      0
      0
      0
      0
      0
      0
      0
      0
      0
      0
      0
      0
      0
      0
      0
      0
      0
      0
      0
      0
      0
      0
      0
      0
      0
      0
      0
      0
      0
      0
      0
      0
      0
      0
      0
      0
      0
      0
      0
      0
      0
      0
      0
      0
      0
      0
      0
      0
      0
      0
      0
      0
      0
      0
      0
      0
      0
      0
      0
      0
      0
      0
      0
      0
      0
      0
      0
      0
      0
      0
      0
      0
      0
      0
      0
      0
      0
      0
      0
      0
      0
      0
      0
      0
      0
      0
      0
      0
      0
      0
      0
      0
      0
      0
      0
      0
      0
      0
      0
      0
      0
      0
      0
      0
      0
      0
      0
      0
      0
      0
      0
      0
      0
      0
      0
      0
      0
      0
      0
      0
      0
      0
      0
      0
      0
      0
      0
      0
      0
      0
      0
      0
      0
      0
      0
      0
      0
      0
      0
      0
      0
      0
      0
      0
      0
      0
      0
      0
      0
      0
      0
      0
      0
      0
      0
      0
      0
      0
      1
      5
      0
      0
     12
      0
      0
      0
      4
      0
      0
      0
      0
      0
      0
      0
      0
      0
      0
      0
      0
      0
      0
      0
      0
      0
      0
      0
      0
      0
      0
      0
      0
      0
      0
      0
      0
      0
      0
      0
      0
      0
      0
      0
      0
      0
      0
      0
      0
      0
      0
      0
      0
      0
      0
      0
      0
      0
      0
      0
      0
      0
      0
      0
      0
      0
      0
      0
      0
      0
      0
      0
      0
      0
      0
      0
      0
      0
      0
      1
      0
      0
      0
      0
      0
      0
      0
      0
      0
      0
      0
      0
      0
      0
      0
      7
      0
      0
      0
      0
      0
      0
      0
      0
     12
      0
      0
      0
      0
      0
      0
      0
      0
      0
      0
      0
      0
      0
      0
      0
      0
      0
      0
      0
      0
      0
      0
      0
      0
      0
      0
      0
      0
      0
      0
      0
      0
      0
      0
      0
      0
      0
      0
      0
      0
      0
      0
      0
      0
      0
      0
      0
      0
      0
      0
      0
      0
      0
      0
      0
      0
      0
      0
      0
      0
      0
      0
      0
      0
      0
      0
      0
      0
      0
      0
      0
      0
      0
      0
      0
      0
      0
      0
      0
      0
      0
      0
      0
      0
      0
      0
      0
      0
      0
      0
      0
      0
      0
      0
      0
      0
      0
      0
      0
      0
      0
      0
      0
      0
      0
      0
      0
      0
      0
      0
      0
      0
      0
      0
      0
      0
      0
      0
      0
      0
      0
      0
      1
      0
      0
      0
      0
      0
      5
      0
      9
      6
      0
      0
      0
      0
      0
      0
      0
      0
      0
      0
      3
      0
      0
      0
      0
      0
      0
      0
      0
      0
      0
      0
      0
      0
      0
      0
      0
      0
      0
      0
      0
      0
      0
      0
      0
      0
      0
      0
      0
      0
      0
      0
      0
      0
      0
      0
      0
      0
      0
      0
      0
      0
      0
      0
      0
      0
      0
      0
      0
      0
      5
      0
      0
      2
      0
      0
      0
      0
      0
      0
      0
      0
      0
      0
      0
      0
      0
      0
      0
      0
      0
      0
      0
      0
      0
      0
      0
      0
      0
      0
      0
      0
      0
      0
      0
      0
      0
      0
      0
      0
      0
