     0
   559
  1672
  2894
  4044
  5141
  6341
  7585
  8582
 10204
 10912
 11919
 13321
 14468
 15465
 16826
 17962
 19262
 20589
 20991
 22578
 23409
 24917
 25859
 27453
 28380
 29011
 30978
 31069
 32180
 33790
 35240
 35846
 36659
 38744
 39403
 39945
 41420
 43049
 44680
 44720
 46288
 47824
 48701
 49278
 51024
 51914
 52947
 54243
 55404
 56583
 57774
 59349
 59847
 60614
 62534
 63374
 65125
 66014
 66978
 68891
 69030
 69722
 71562
 72056
 74473
 74271
 75776
 76923
 78596
 78008
 80445
 80954
 82590
 84461
 85159
 86655
 86604
 88453
 89696
 89516
 91826
 93340
 93815
 94982
 96884
 97995
 98989
 99875
101280
101532
102658
103730
104847
106218
107034
109429
109555
111483
112305
113484
112766
114789
115763
116872
117850
119874
120858
121735
122971
124110
125338
125855
127021
129251
129048
130540
130577
132777
135146
134796
136674
137296
137375
139598
140679
141304
142639
144592
144834
146177
148389
148214
148763
150725
151517
152679
152763
155764
155920
155892
157478
158794
159544
162593
161881
163464
163883
165992
165485
166534
167437
170537
171133
172801
172491
174218
173870
175109
177259
178181
178890
180572
181325
182281
182033
183038
185242
185246
186656
190073
189683
190773
191016
191896
194027
193536
195349
196593
198681
199378
199789
199820
201985
204531
205050
205240
205030
208007
207369
209953
210923
210827
212998
213483
213126
214549
217444
216570
218709
220351
220690
222226
222264
223374
223430
224370
225937
228260
227889
230140
230820
231639
231994
234373
235580
236719
236146
236997
238146
238635
239611
241853
242278
243471
243074
244736
245834
247882
248345
250749
249853
252758
252961
251770
254614
254859
256082
256977
257221
257243
260806
260248
260564
262081
265278
262968
267033
266673
266909
268715
268730
270675
271610
272691
274200
273825
275083
277190
276843
279008
279251
279444
280746
280336
281433
282777
283766
285003
286745
287268
289535
288006
291295
289063
291049
292043
292927
292857
292996
294704
296020
297649
299070
299504
300123
299993
302296
302168
303029
305015
304365
306295
306914
305663
307071
311253
310064
311347
311344
312411
314708
314531
315624
317904
316929
316918
320157
320166
319673
322355
321909
321333
322112
323899
325081
326941
326913
327319
328192
328425
330479
330703
330412
332459
335572
334818
336233
335507
335277
338586
337088
340923
340099
340075
340183
343446
342086
343593
344760
344940
345709
344889
348192
347108
347615
350538
350711
351914
352404
353817
352396
355207
354916
356241
354526
357544
358616
358352
358605
360500
362207
360886
360483
361976
363341
364304
365962
364916
366105
368038
369085
366711
367572
369379
370055
368418
371119
373529
374818
372461
374981
373477
375481
375204
375546
378433
378872
379004
381025
383096
381253
380999
381689
383477
385304
384115
384819
384884
386749
388105
387606
387680
388710
388122
391713
390725
391028
391558
392010
392285
393116
393450
394745
395898
396670
395937
398194
397631
399187
400491
401801
399671
399318
401084
404906
402485
402405
402149
403224
405323
405523
406138
407414
407981
406817
409277
408546
408058
409317
411448
411517
410385
410536
414070
413373
413105
414546
413538
416121
416258
416509
417545
417142
418423
419444
418454
418604
420132
421019
420396
422180
422171
423038
422831
423330
426098
424665
424550
426337
427315
426063
428040
426423
427283
431131
429007
430457
431799
429126
430189
431353
431415
432257
431810
432315
433298
432959
433780
432270
436628
434600
437098
437312
437874
437722
437622
439444
438881
439974
441572
439197
438805
442059
442736
440809
442222
442815
440978
443443
443737
443081
444481
444864
445689
446027
447240
445093
449206
446347
447362
447236
448401
448268
448358
450024
450330
449791
449564
449288
452387
452053
451484
453437
450911
451249
452593
452089
451946
452480
454464
455389
453442
455357
455048
453763
456226
457928
456037
456603
459223
458573
457572
459004
459859
458134
460865
459945
460764
458115
459877
459593
460545
461052
460422
460989
462397
464142
462714
462857
464090
461730
461892
461968
462120
464179
464178
464235
463224
463738
464168
467282
464944
464538
466869
465453
465959
465452
465847
466849
465822
465044
465958
467223
468160
468207
467310
467642
468282
468006
466091
469797
467596
470045
467913
468386
469746
470159
467830
470416
470896
469832
472417
471216
471633
472221
473708
472936
470354
471719
473523
469887
470529
472994
473472
472338
472097
472055
473542
471368
474189
470295
471505
472346
472563
474857
475777
472706
474788
474579
473582
474410
476277
476444
476103
473510
475213
474988
475397
475453
474856
474945
474715
476639
477366
473453
475625
475646
476976
475798
474531
475752
476093
476368
476827
475928
475493
475784
474821
475416
477626
477120
475897
477675
475745
476223
479797
475918
478131
477639
475813
477578
477162
476190
473873
476833
476933
476693
475895
476258
474307
475979
477547
477141
476383
474811
474705
476181
477368
476752
474658
475627
475696
475315
475990
474112
475399
473827
478133
474641
475401
475042
475259
476051
475396
476098
476909
476273
474686
475613
473729
473556
474441
474345
473190
474524
475971
474491
475362
475661
474334
474282
474757
473252
470502
475214
475072
473695
473448
472341
472779
473694
473339
474406
472492
471838
471784
472009
471845
470941
472934
472317
472076
472053
470347
473105
472402
469779
471290
472405
467687
471390
469723
469868
470672
469049
469737
469741
469481
468606
469127
468181
468458
468863
466479
468012
468319
466929
467115
468571
466236
467960
467595
465299
468240
465415
465838
465024
465959
463828
464351
465525
464416
465899
463779
464801
465021
462469
461340
463928
465173
462865
462678
463960
463500
463023
462059
461515
460903
462568
460721
460375
459620
461405
457992
461307
460169
460060
461373
459655
460194
455277
457327
460057
458086
456863
456310
458718
454274
457159
454942
454945
457054
454120
454179
453887
452346
453566
453919
452885
453517
452367
453212
453541
454486
451112
452587
452324
451207
451243
450110
453105
450596
450658
448468
448297
450097
449282
447805
446858
446516
447210
447344
447660
446840
447457
445654
444711
447678
446191
442675
444617
444890
441090
442999
442865
443312
443505
441438
441228
441058
441531
442404
440199
441340
442680
439434
437746
437874
440243
437164
439061
436786
439307
437167
435266
435786
433667
433659
436284
431770
433717
434452
432686
433192
433840
430913
430821
431509
432235
430327
429848
430903
431170
432128
428603
428231
428324
429068
428213
428929
426601
426833
427199
425384
425109
425944
422886
425075
425434
422830
420868
424453
421622
421848
421179
420259
420183
420146
420731
419612
420051
419115
418819
417554
418315
416241
417468
418959
415852
415574
413448
412806
413343
413602
414788
412284
412776
414155
413894
412107
412064
412827
411427
409580
408311
408869
406203
407453
409055
408176
405626
406258
404996
406225
405682
406890
405474
403673
402338
403724
402451
403483
402314
402161
401116
398968
399050
402451
398311
399872
397370
398010
398034
396369
396218
396858
397158
396023
393741
393826
393032
393753
393565
392774
391102
391507
391764
391072
390819
390838
389344
388290
386929
388381
388062
387594
387425
387113
387136
385345
384876
383179
382703
383009
383866
383861
380381
380869
382476
381572
381929
381105
377890
378285
380946
378734
377695
376511
376559
377030
375266
373924
374039
374122
373112
373255
372970
371313
372996
371659
370243
369876
370241
369178
366887
368069
369933
368147
365869
367335
365928
365396
364419
364656
365471
362904
362226
361761
362460
362607
360832
359067
359184
360772
360507
359723
357520
356912
356288
357635
356056
355113
354913
353522
353826
351684
353133
352146
351902
350125
351190
350408
350427
349399
348936
349486
348061
345976
347745
347597
345293
344780
344913
345247
344817
342728
343142
342411
340869
341725
339210
340095
339884
338147
339241
339096
338596
337145
334867
335475
335595
336095
333444
333706
335834
334304
333750
332162
333866
330515
331384
329482
327353
328322
328508
327465
329189
328194
326612
324980
325904
324501
326474
326656
324673
321445
323656
322886
320369
320797
319576
320232
319358
318582
318218
318804
317749
315993
315556
314328
315095
315681
315487
313688
313358
313792
312546
311416
311422
309838
308498
309179
310706
309636
308837
308370
308243
306982
309101
307077
304039
305277
304753
304177
303298
302559
302207
300537
300079
299347
300251
299534
298941
297540
297667
297012
297664
297904
296247
294669
296614
294132
292498
293691
291925
292645
292641
292198
290525
290365
289365
286645
288940
288238
285511
287297
285566
285044
285651
286643
282992
284974
283886
283794
283768
282288
281868
282310
280037
281189
278885
279340
279017
279123
277601
277642
276872
276279
276119
275322
275775
273872
273779
272279
274080
272483
270052
270531
270770
270834
269322
269492
268086
268337
268833
267293
265906
267896
266194
266371
265344
265286
263994
262498
263663
262822
260112
260095
260285
260360
260793
257141
258578
258090
255897
256185
257490
255663
255530
254490
256677
254420
254678
251921
253806
251049
253231
250680
250026
248179
249672
248787
247996
246905
247277
246303
245238
246498
245387
244679
244344
245083
243944
243033
243756
240877
242570
239996
240534
240518
240508
238315
240274
237485
237886
237277
235473
235336
234432
235699
235053
233753
233087
234682
231588
233070
230881
232052
230589
229371
230571
228486
228919
228609
228568
227574
227259
226183
228357
224995
225927
225399
223896
225701
222915
222807
222770
221620
221711
221071
221083
221080
220418
218857
217123
219553
218666
216917
216088
216071
214633
213358
213648
213787
214370
213846
212376
212593
212480
210689
210999
208953
208459
209167
209791
208679
208347
208119
207069
206660
207742
204457
205565
204826
203940
204000
204334
201980
201846
202371
202574
201936
200429
200012
200134
200172
200426
199357
197098
198649
196501
196849
195392
196605
194924
196404
195134
193265
194337
194171
192382
191142
191436
191608
191515
189833
189729
191053
189021
189734
188228
188749
186537
188095
186124
186896
184608
184154
184240
184768
184309
184147
181395
182662
181989
182823
180709
181142
179993
179239
179000
179398
177720
178484
177630
177955
177310
176999
175402
174292
176449
176219
174766
174336
171687
172924
173128
172424
172038
170685
170743
170952
170765
169324
169274
170011
168973
167694
166931
167844
167593
167880
167240
165427
164251
165701
164605
164378
164742
164034
163858
163316
161009
161313
161170
160966
161322
160583
160228
158981
159602
159334
156295
157611
156373
156491
156030
155870
155766
154868
155532
153961
153537
154716
153731
152678
152242
153107
152369
151798
151381
149519
150341
150145
150041
148239
147741
149542
148426
148060
147792
148130
145979
146367
147181
145032
145371
145611
144854
143593
143326
143580
142850
142507
141692
141001
141065
139889
141355
140426
139516
138336
139565
139184
138831
138356
137763
137124
136376
136849
136685
135450
135306
134664
134008
134052
133902
132458
133415
132757
132274
132039
131293
131688
130113
130760
131653
128921
130198
129012
127924
128196
128716
126544
127105
126875
127416
126285
127237
125455
124998
125891
124626
123582
124446
123914
123002
123104
124064
122785
122288
122658
121073
120478
121073
120315
120013
119429
118778
118127
119182
117816
117500
118672
118066
115974
116244
117043
116888
115175
114667
115064
114442
113855
113901
114085
112789
112435
111995
111707
111533
112121
112299
109226
111765
110716
110106
110026
109204
110260
109166
107790
107223
107753
106932
107963
106762
106663
104460
105514
105614
106102
105302
105407
105367
104376
103136
104167
103654
103387
103049
101690
102155
102062
102557
102284
101130
 99935
 99395
100501
100056
 99708
 98980
 98355
 98232
 99511
 97226
 97009
 97680
 96036
 96991
 96725
 95347
 95344
 96357
 96288
 94838
 95091
 93875
 94448
 94156
 93117
 93100
 92341
 92346
 92070
 92138
 93420
 92298
 91211
 90721
 91891
 89748
 90550
 89752
 90071
 89915
 88602
 88208
 88806
 88277
 87948
 88483
 87926
 87616
 86491
 87114
 86549
 86070
 85402
 86925
 85552
 85169
 84940
 84821
 84165
 83639
 84765
 84240
 83708
 82745
 83056
 82417
 83079
 81687
 81904
 82380
 81680
 81632
 80965
 80631
 80723
 80431
 79627
 79345
 79850
 79967
 78926
 78403
 78265
 78268
 77602
 77850
 76972
 77073
 76285
 77091
 76612
 76857
 76044
 75500
 74652
 74621
 74598
 75302
 74278
 74047
 73956
 73369
 74959
 74484
 72912
 72732
 73539
 72921
 71822
 72244
 72569
 72370
 70850
 71624
 71579
 71326
 71150
 70281
 70399
 69753
 69749
 69405
 68400
 68891
 68356
 68820
 67710
 67544
 67899
 68867
 67256
 68040
 67493
 66717
 66524
 66725
 65624
 66370
 65529
 65304
 65550
 65746
 65040
 64934
 64860
 63851
 64491
 63550
 63326
 63738
 63302
 63321
 62527
 62582
 62778
 62653
 62026
 62818
 61534
 61088
 60993
 60845
 60924
 60188
 61027
 60170
 60367
 59716
 59676
 59153
 59061
 58127
 58405
 58177
 58455
 58181
 58467
 58541
 57452
 57149
 56303
 56482
 55902
 56407
 55611
 56349
 56592
 54854
 55027
 54760
 54779
 53952
 54678
 54688
 54450
 54619
 53837
 54168
 53651
 53155
 53115
 52878
 53528
 53089
 52461
 51955
 52032
 51805
 52545
 51854
 50913
 51539
 51960
 50704
 50891
 50212
 50635
 50381
 49695
 49584
 50190
 49533
 49314
 49162
 49139
 48622
 48716
 48319
 48116
 48774
 48241
 47864
 47795
 47505
 47611
 47410
 46614
 46235
 46933
 46568
 46013
 45815
 45572
 46700
 45886
 45302
 45680
 44983
 44305
 44909
 45033
 44794
 44904
 44254
 43848
 43583
 43370
 43371
 43141
 42691
 42705
 42899
 42768
 42874
 42870
 42624
 42139
 41829
 42236
 41380
 41614
 41185
 42190
 40925
 40632
 40925
 40382
 40637
 40466
 40792
 40332
 40609
 39743
 39890
 39234
 39857
 38590
 39538
 39088
 38453
 38530
 38936
 38687
 38971
 37890
 37943
 37555
 37406
 38243
 37762
 37506
 37157
 37031
 36731
 37410
 35899
 36329
 36450
 36134
 36464
 36780
 36362
 36054
 35777
 35666
 36068
 35284
 34696
 35139
 34624
 34614
 35058
 34377
 34378
 34165
 33922
 33899
 33540
 33632
 33377
 34111
 33225
 33479
 33147
 32681
 32508
 32518
 32191
 32648
 32288
 31768
 32322
 32159
 31445
 31608
 31799
 31090
 31932
 30758
 31340
 31409
 31168
 30366
 30465
 30599
 30804
 30473
 29603
 30474
 30769
 29718
 29807
 29477
 29571
 29706
 29042
 29648
 29545
 28525
 29118
 28745
 29153
 28999
 27986
 28618
 28495
 27786
 27724
 27610
 28146
 27378
 27455
 27636
 27294
 27322
 26930
 26914
 27346
 26854
 26651
 27124
 26643
 26585
 26341
 25561
 26240
 25394
 26317
 25734
 26022
 25635
 25705
 25626
 25580
 25405
 25648
 24293
 25604
 24676
 24732
 24778
 24584
 24781
 24432
 24531
 24316
 24044
 24241
 24489
 23659
 24062
 23515
 23415
 23510
 23487
 23308
 22629
 22833
 22767
 22794
 22675
 22464
 22689
 22948
 22486
 22597
 21825
 21789
 21808
 21612
 21905
 21961
 21087
 21928
 21498
 21396
 21396
 21142
 20610
 21296
 20626
 21280
 20795
 20814
 20331
 21004
 20002
 20457
 20292
 20095
 20160
 20361
 19392
 19973
 19511
 19600
 19764
 19748
 19833
 18987
 19664
 19243
 19197
 18368
 19035
 19343
 18737
 18735
 18527
 18572
 18572
 18733
 18274
 18324
 18260
 17946
 18151
 18081
 17705
 17625
 17656
 17555
 17671
 17546
 17370
 17455
 17402
 16852
 16931
 17433
 17355
 16687
 16389
 16887
 16816
 17046
 16716
 16601
 17078
 16376
 16305
 16390
 16300
 15868
 16122
 15545
 15828
 15999
 15833
 16200
 15336
 15554
 15473
 15714
 15285
 15088
 15471
 15039
 15320
 14841
 15237
 14844
 14767
 15189
 14682
 14687
 14604
 14457
 14153
 14642
 14263
 13997
 14657
 14121
 14042
 14134
 13853
 14076
 13877
 13806
 14075
 13607
 13501
 13603
 13417
 13242
 13128
 13297
 13372
 13451
 13131
 12966
 13228
 13163
 12988
 13145
 13142
 12857
 12483
 12812
 12663
 13040
 12274
 12432
 12623
 12714
 12449
 12129
 12256
 12245
 12448
 12206
 12056
 12235
 11817
 11699
 11854
 12133
 11535
 11397
 11643
 11706
 11535
 11049
 11448
 11428
 11368
 11121
 10999
 10939
 10996
 11122
 10735
 11054
 10546
 10751
 11021
 10712
 10373
 10603
 10182
 10605
 10668
 10484
 10432
 10573
 10328
 10726
 10455
 10278
 10117
  9954
 10101
  9910
  9941
  9680
  9717
  9663
  9818
  9665
  9576
  9777
  9835
  9787
  9937
  9599
  9387
  9194
  9397
  9339
  9541
  9365
  9185
  9595
  8976
  9070
  8993
  8958
  9011
  8843
  8975
  9167
  8851
  8925
  8891
  8766
  8603
  8419
  8422
  8076
  8624
  8384
  8231
  8606
  8440
  8377
  8248
  7974
  8128
  8398
  8289
  8273
  7972
  7781
  8245
  7966
  7709
  7713
  7860
  7840
  7767
  7509
  7608
  7595
  7440
  7876
  7387
  7792
  7501
  7531
  7323
  7347
  7202
  7343
  7249
  7408
  7111
  7152
  7190
  7022
  7239
  7265
  7154
  6926
  7136
  6829
  6717
  6730
  6928
  6798
  6849
  6556
  6937
  6663
  6631
  6453
  6413
  6237
  6412
  6521
  6795
  6577
  6564
  6507
  6358
  6158
  6339
  6104
  6361
  6084
  5962
  6115
  6008
  6072
  5948
  5929
  6190
  6016
  5886
  6066
  5983
  5985
  5711
  5764
  5800
  5756
  5668
  5759
  5578
  5702
  5787
  5653
  5538
  5497
  5548
  5487
  5472
  5526
  5603
  5345
  5366
  5116
  5483
  5307
  5151
  5100
  4985
  5298
  5039
  4902
  5254
  5115
  5052
  4960
  5011
  4831
  5118
  4918
  4849
  4986
  4817
  4830
  4660
  4945
  4557
  4767
  4741
  4685
  4805
  4792
  4512
  4886
  4515
  4684
  4541
  4359
  4557
  4408
  4684
  4420
  4522
  4237
  4498
  4510
  4314
  4245
  4216
  4322
  4450
  4329
  4128
  4274
  4252
  4206
  3968
  4117
  4047
  4097
  4255
  4126
  4054
  4201
  3962
  3990
  3974
  3797
  3960
  3737
  3702
  3914
  3987
  3907
  3679
  3607
  3689
  3760
  3651
  3582
  3544
  3560
  3587
  3840
  3663
  3529
  3435
  3453
  3623
  3608
  3490
  3591
  3358
  3544
  3464
  3398
  3528
  3263
  3394
  3259
  3221
  3605
  3396
  3102
  3205
  3406
  3209
  3246
  3490
  3135
  3202
  3255
  3290
  3193
  3129
  3074
  3039
  3112
  2978
  2945
  2911
  2993
  2721
  2972
  3047
  2941
  3185
  2946
  3042
  2953
  2878
  2890
  2866
  2817
  2778
  2936
  2975
  2715
  2780
  2768
  2769
  2717
  2677
  2740
  2559
  2504
  2719
  2642
  2645
  2654
  2676
  2571
  2445
  2627
  2710
  2598
  2630
  2511
  2411
  2539
  2645
  2489
  2508
  2537
  2486
  2457
  2428
  2423
  2256
  2427
  2376
  2198
  2343
  2294
  2287
  2286
  2246
  2379
  2237
  2280
  2280
  2267
  2203
  1988
  2191
  2167
  2318
  2156
  2066
  2216
  2176
  1946
  2178
  2209
  2158
  2052
  2197
  1980
  2083
  1952
  1932
  2034
  2034
  1908
  2013
  1919
  1939
  1939
  1955
  1936
  1820
  2010
  2007
  1925
  1871
  1826
  1825
  1865
  1874
  1795
  1911
  1940
  1614
  1654
  1718
  1746
  1739
  1783
  1745
  1655
  1660
  1783
  1757
  1644
  1743
  1709
  1653
  1542
  1573
  1535
  1698
  1683
  1679
  1696
  1431
  1557
  1615
  1580
  1619
  1570
  1634
  1520
  1539
  1517
  1492
  1635
  1568
  1491
  1507
  1380
  1535
  1350
  1379
  1327
  1381
  1453
  1401
  1469
  1446
  1373
  1377
  1257
  1334
  1313
  1339
  1312
  1284
  1410
  1337
  1291
  1270
  1404
  1283
  1445
  1285
  1303
  1370
  1296
  1253
  1267
  1225
  1339
  1315
  1324
  1253
  1269
  1161
  1171
  1113
  1153
  1227
  1164
  1201
  1188
  1178
  1188
  1118
  1173
  1113
  1164
  1107
  1111
  1172
  1107
  1081
  1050
  1057
  1077
   966
  1120
  1136
  1074
  1029
  1043
   886
  1028
  1110
  1033
   931
   978
  1089
  1026
   958
   943
   909
   953
   942
  1030
  1026
   978
   969
  1020
   841
   883
   930
   899
   887
   864
   981
   891
   825
   949
   975
   799
   910
   818
   996
   789
   767
   893
   851
   827
   831
   821
   874
   950
   819
   746
   759
   787
   822
   880
   724
   747
   730
   766
   747
   748
   719
   713
   753
   672
   821
   734
   735
   733
   675
   723
   718
   683
   827
   666
   692
   701
   737
   704
   665
   649
   643
   714
   707
   729
   757
   609
   776
   589
   635
   701
   692
   606
   602
   670
   576
   527
   621
   574
   566
   627
   607
   600
   679
   599
   545
   544
   604
   585
   603
   667
   588
   603
   640
   597
   524
   541
   535
   472
   550
   486
   584
   610
   516
   540
   492
   634
   476
   486
   469
   498
   553
   544
   475
   493
   466
   499
   462
   499
   516
   528
   524
   470
   524
   454
   418
   451
   525
   451
   391
   427
   475
   494
   437
   420
   451
   436
   440
   425
   463
   422
   494
   421
   470
   422
   400
   382
   386
   377
   381
   387
   423
   391
   445
   363
   384
   407
   405
   363
   391
   377
   391
   385
   412
   382
   327
   393
   279
   366
   356
   326
   455
   371
   333
   356
   317
   355
   331
   401
   340
   321
   374
   349
   395
   355
   355
   286
   393
   377
   324
   372
   301
   319
   290
   371
   344
   350
   325
   289
   321
   308
   288
   284
   253
   295
   274
   276
   297
   307
   232
   334
   288
   285
   312
   234
   289
   259
   299
   286
   253
   301
   280
   291
   248
   233
   183
   292
   254
   224
   235
   281
   261
   233
   239
   219
   261
   217
   213
   288
   239
   258
   226
   205
   218
   234
   305
   267
