   0
   0
  10
  21
  34
  46
  53
  39
  84
  65
  76
  78
 104
  90
 106
 133
 129
 137
 165
 150
 160
 179
 173
 179
 183
 224
 241
 239
 227
 288
 259
 206
 327
 337
 321
 297
 309
 258
 312
 325
 338
 260
 359
 341
 342
 340
 327
 405
 421
 345
 396
 416
 365
 413
 386
 397
 409
 544
 515
 512
 446
 480
 427
 479
 484
 470
 513
 534
 537
 616
 535
 546
 573
 583
 615
 592
 648
 567
 706
 638
 684
 624
 657
 611
 667
 703
 648
 728
 772
 685
 798
 674
 688
 675
 672
 709
 787
 780
 784
 775
 759
 846
 928
 849
 776
 820
 793
 942
 790
 848
 902
 849
 786
 897
 842
 836
 849
 920
 925
 884
 946
 885
 870
1060
 875
1013
 992
 966
1033
1012
1016
 996
1030
1076
 913
1010
1099
1072
1048
1090
1053
1050
1085
1114
1000
1097
1173
1039
1075
1068
1085
1096
1015
1045
1173
1148
1208
1069
1165
1153
1166
1136
1080
1200
1250
1190
1106
1255
1214
1261
1266
1276
1230
1335
1267
1195
1324
1274
1318
1262
1271
1138
1361
1250
1249
1337
1264
1237
1273
1393
1247
1374
1325
1287
1361
1318
1319
1351
1406
1365
1378
1408
1308
1284
1398
1370
1352
1316
1382
1221
1311
1359
1333
1370
1397
1323
1375
1453
1389
1343
1324
1482
1395
1402
1340
1290
1420
1467
1477
1443
1334
1340
1336
1227
1362
1433
1444
1444
1362
1503
1439
1565
1337
1430
1383
1385
1450
1328
1311
1554
1338
1337
1345
1408
1406
1290
1335
1372
1442
1462
1376
1441
1380
1457
1522
1331
1380
1272
1419
1359
1303
1361
1496
1472
1435
1332
1357
1510
1369
1357
1335
1319
1437
1484
1406
1389
1490
1337
1398
1474
1445
1529
1485
1384
1293
1439
1428
1281
1362
1408
1335
1387
1295
1434
1417
1348
1363
1295
1286
1353
1381
1363
1355
1332
1356
1260
1229
1259
1248
1434
1380
1297
1317
1302
1406
1451
1418
1333
1360
1289
1326
1340
1264
1442
1293
1357
1266
1278
1267
1274
1326
1269
1327
1088
1274
1228
1262
1275
1235
1345
1203
1206
1391
1168
1244
1255
1252
1324
1236
1222
1326
1075
1125
1093
1200
1225
1170
1095
1155
1167
1096
1106
1148
1086
1099
1122
 982
1159
1018
1028
1091
1131
1035
 930
1080
 967
1028
1043
1118
1036
1051
1016
 977
1100
 983
 949
 922
 964
 915
1084
 916
 972
 943
 908
 903
 934
 947
 967
 966
 992
 957
 848
 847
 868
 927
 859
 847
 909
 936
 940
 909
 794
 798
 828
 844
 733
 780
 713
 712
 848
 744
 829
 746
 794
 801
 858
 794
 761
 823
 836
 761
 784
 662
 766
 689
 657
 723
 684
 686
 703
 655
 773
 643
 579
 638
 697
 616
 627
 689
 634
 744
 660
 657
 572
 614
 620
 631
 661
 649
 669
 670
 565
 560
 577
 638
 530
 563
 586
 540
 700
 535
 576
 496
 597
 563
 560
 476
 623
 477
 520
 493
 519
 516
 526
 533
 492
 485
 330
 485
 402
 500
 473
 399
 442
 400
 488
 413
 453
 387
 412
 427
 414
 420
 381
 481
 396
 395
 345
 397
 363
 394
 372
 445
 377
 334
 415
 328
 335
 368
 320
 326
 397
 352
 385
 378
 277
 357
 422
 299
 317
 312
 259
 311
 307
 333
 336
 271
 257
 294
 269
 306
 260
 285
 319
 330
 250
 310
 286
 213
 307
 226
 283
 306
 268
 270
 218
 259
 280
 256
 197
 269
 254
 234
 200
 207
 237
 199
 211
 268
 252
 179
 202
 259
 226
 190
 189
 208
 181
 171
 187
 216
 240
 214
 211
 204
 164
 225
 203
 212
 143
 206
 224
 190
 182
 153
 181
 160
 207
 219
 146
 156
 157
 161
 146
 184
 120
 210
 140
 159
 140
 150
 193
 146
 195
 142
 146
 172
 110
 149
 105
 135
 165
 104
 145
 120
 162
 105
 132
 109
 118
 113
  95
  95
  97
  77
  83
  93
  68
  80
 107
  98
  84
  78
  84
  88
  82
  73
 103
 122
 127
  53
  95
  78
  81
  61
  96
  90
  76
  93
  59
 123
  75
  77
  64
  75
  72
  59
  70
  69
  55
  57
  48
  45
  69
  85
  66
  83
  33
  47
  59
  70
  44
  87
  52
  43
  37
  73
  42
  41
  53
  53
  81
  54
  35
  71
  45
  62
  51
  59
  70
  37
  29
  36
  27
  69
  29
  26
  69
  44
  29
  33
  37
  56
  50
  34
  24
  35
  39
  26
  35
  31
  34
  30
  31
  16
  41
  41
  22
  23
  21
  33
  24
  21
  36
  16
  14
  13
  29
  18
  30
  19
  13
  17
  27
  19
  14
  17
  21
  40
  15
  26
  21
  27
  13
  28
  17
  24
  10
  12
   7
  26
  21
   7
  19
  15
  31
  20
   7
   9
  19
  20
  17
  17
  14
  21
  11
   2
  22
  28
  14
   4
  10
   4
   9
  21
  15
   9
  10
  18
  11
   5
  14
  13
   5
   4
  10
   8
  23
   9
   5
  16
   3
   9
   6
   7
  10
   4
   7
   7
   2
   8
   0
   0
   8
   3
   7
   7
  13
   4
   5
   8
   5
   5
  13
   7
   6
   2
   0
   1
  10
   6
   1
   2
   0
   0
   1
   0
   3
   3
   1
   7
   0
   4
   1
   0
   0
   2
   4
   3
   3
   1
   0
   3
   0
   2
   1
   1
   0
   0
   4
   0
   0
   0
   1
   1
   0
   0
   6
   0
   0
   0
   1
   0
   5
   1
   0
   2
   0
   0
   2
   0
   0
   0
   0
   0
   0
   0
   0
   2
   0
   0
   0
   0
   0
   0
   3
   0
   0
   0
   0
   0
   0
   0
   0
   0
   0
   8
   0
   8
   0
   2
   2
   3
   0
   0
   2
   0
   0
   0
   0
   0
   0
   0
   0
   0
   0
   2
   0
   0
   0
   0
   0
   0
   0
  16
   0
   1
   0
   7
  13
   3
   0
   1
   0
   2
   0
   3
   2
   0
   0
   0
   0
   0
   0
   0
   0
   0
   0
   0
   0
   1
   0
   0
   0
   0
   0
   0
   0
   0
   0
   1
   0
   0
   0
   0
   0
   0
   3
   3
   0
   0
   0
   0
   0
   0
   0
   0
   0
   0
   0
