    486
   1317
   2352
   3308
   4286
   5246
   6289
   7110
   8118
   9091
   9897
  11007
  12136
  13114
  14150
  14943
  16201
  16556
  17495
  18442
  19943
  20577
  21488
  22636
  23477
  24427
  25378
  26403
  27588
  28271
  29481
  30557
  31653
  32165
  33449
  34337
  36049
  36521
  37248
  38742
  39489
  40504
  41098
  42445
  43469
  44123
  45223
  46932
  47503
  49131
  49335
  50902
  51648
  53534
  53638
  54249
  55526
  56430
  57983
  58514
  59748
  60829
  61496
  62997
  64124
  65166
  66681
  67367
  68453
  69518
  70555
  70430
  72156
  73233
  75416
  75663
  77070
  78159
  79508
  79706
  81206
  82240
  82938
  84738
  85616
  87803
  88457
  89147
  90878
  91930
  91953
  94642
  95348
  97446
  97992
  98828
 100366
 101574
 101854
 103829
 105044
 105860
 107238
 109228
 109327
 109801
 112267
 113915
 114442
 116044
 117791
 118453
 120003
 120384
 121020
 122967
 124200
 124915
 127015
 128506
 130423
 130306
 131770
 132856
 134686
 136085
 137905
 138991
 140680
 140891
 142212
 144346
 145677
 146239
 148191
 149231
 151770
 151943
 154864
 155731
 156665
 157309
 160501
 160483
 162258
 163597
 164709
 165324
 168273
 168550
 171706
 171835
 174739
 175174
 176812
 177912
 180837
 180248
 182073
 184501
 187007
 186062
 188227
 189701
 191079
 194034
 194623
 196895
 199143
 198832
 202011
 203293
 203970
 205850
 206842
 207923
 209817
 211963
 214693
 216102
 216876
 217855
 221070
 222547
 224505
 226778
 228650
 229547
 230684
 232846
 235213
 236288
 239737
 240518
 242434
 244364
 247192
 246655
 248725
 250206
 252861
 254506
 256903
 258893
 259577
 263557
 263763
 266133
 267676
 268658
 270491
 273610
 275603
 277546
 281224
 281946
 281191
 286211
 285336
 288046
 292260
 292979
 295763
 296944
 298351
 299187
 302467
 305631
 307491
 309438
 311304
 314425
 317535
 317794
 320892
 321696
 323770
 326097
 329766
 330757
 333120
 335425
 335732
 340312
 341679
 343870
 345688
 349092
 351059
 352211
 357595
 358657
 362016
 363564
 364140
 367467
 369100
 371510
 375574
 375136
 378341
 381090
 384183
 387080
 388880
 390534
 392003
 394994
 399816
 401162
 404113
 406306
 409982
 409463
 412012
 415739
 417654
 420249
 421941
 425798
 427728
 429491
 433470
 436130
 438312
 440046
 443798
 445424
 450488
 451692
 454354
 456562
 457085
 461234
 465615
 467760
 470133
 472943
 476779
 478918
 480578
 484104
 486691
 490918
 492992
 494816
 498404
 501033
 503877
 507526
 508777
 510549
 515197
 518378
 520354
 524075
 522921
 529810
 533468
 534892
 537920
 541844
 547038
 548033
 548983
 554777
 554070
 557850
 561996
 565128
 567415
 572075
 576440
 575967
 581201
 582660
 587906
 591772
 595195
 595797
 598861
 603111
 607790
 607961
 611119
 615123
 619517
 620659
 624639
 627929
 633402
 635271
 638058
 641706
 643940
 647912
 653786
 656824
 658914
 663291
 665690
 668888
 669879
 675355
 678884
 684213
 685221
 689584
 692390
 696155
 698351
 702526
 703829
 709453
 712593
 717883
 722440
 720849
 724360
 728211
 732347
 740618
 740786
 741902
 748078
 751174
 754173
 758288
 762355
 769654
 768618
 774029
 776694
 782186
 784211
 788584
 790898
 796297
 799763
 800375
 810742
 809947
 816992
 816639
 820053
 826926
 827215
 832040
 836408
 842451
 845040
 846627
 848016
 856659
 855245
 863002
 871495
 870886
 871322
 879181
 882279
 884760
 889217
 894780
 897116
 901497
 908660
 908250
 913855
 917489
 921540
 926114
 928478
 932216
 936546
 939706
 945770
 949310
 954432
 955044
 957280
 969049
 969722
 974901
 978018
 981083
 984915
 988248
 993707
 997309
1004618
1005780
1011948
1016355
1018097
1021782
1027046
1031107
1034475
1035195
1042611
1048293
1051481
1052646
1060491
1064286
1067577
1072317
1077278
1082051
1086913
1092456
1090832
1097838
1103825
1109694
1112315
1112668
1119857
1124815
1129379
1133614
1138764
1145239
1146729
1151248
1154188
1156913
1161150
1168732
1170674
1179033
1178441
1188548
1189554
1192637
1196717
1202231
1205274
1210351
1215385
1221074
1224967
1229874
1232312
1238256
1241531
1246048
1250048
1253043
1261446
1264279
1267058
1268072
1274450
1283158
1285217
1287169
1293387
1299827
1301932
1304493
1313364
1321250
1321531
1325651
1332692
1334619
1340746
1341760
1348802
1352311
1354922
1361600
1362894
1369858
1375110
1380157
1382695
1390669
1393468
1396874
1399907
1407498
1411731
1416140
1420682
1425755
1435333
1432188
1434856
1442205
1446901
1452254
1455877
1459984
1463918
1471285
1474794
1482273
1483903
1489367
1493482
1496923
1498295
1507189
1516141
1516976
1522098
1521368
1525712
1530961
1532578
1541821
1543252
1552403
1555929
1558180
1566520
1565606
1573459
1577583
1580911
1590021
1592036
1597819
1606355
1602814
1607767
1610564
1618999
1621106
1627663
1632431
1635244
1640095
1642699
1654903
1652279
1660980
1661992
1664743
1666886
1679666
1680193
1686199
1690744
1693801
1697351
1702592
1707259
1708728
1715949
1720651
1722129
1728139
1735322
1740337
1744425
1743678
1747540
1757572
1758660
1768957
1767664
1769215
1772580
1779562
1785944
1788985
1790074
1794400
1800946
1804623
1805353
1818405
1819666
1819170
1829031
1830065
1836804
1838799
1847552
1849012
1856006
1856670
1860225
1863632
1872469
1874580
1875728
1883425
1888370
1890562
1894519
1898976
1900503
1907297
1906776
1913203
1914942
1927837
1922813
1931752
1937915
1938077
1941655
1945168
1952472
1957230
1957447
1959188
1964574
1970833
1974785
1981674
1986865
1987442
1993020
1993765
1998561
1997977
2007844
2015003
2014846
2017591
2024949
2022195
2024914
2033511
2039646
2039548
2042352
2051362
2051394
2052304
2058979
2063342
2068360
2072232
2073045
2075143
2082868
2084757
2088906
2090654
2097286
2104912
2104265
2108968
2114124
2112683
2113807
2119682
2124421
2127914
2128254
2137795
2137540
2138557
2138913
2147694
2150801
2158608
2156388
2155882
2166864
2172971
2171224
2176211
2176977
2180352
2184688
2182875
2190346
2193081
2201511
2201198
2202425
2208569
2213473
2210810
2218524
2217741
2223244
2225638
2228494
2234587
2231618
2239079
2241830
2249201
2249579
2250560
2255792
2253263
2254173
2261802
2260890
2267712
2268772
2273005
2273559
2279898
2281261
2283096
2284076
2287665
2293643
2293956
2297649
2299869
2303243
2306409
2302632
2306554
2313006
2312906
2315104
2319252
2323635
2320416
2326533
2329657
2333788
2336476
2336137
2339750
2342759
2342849
2346483
2350843
2354999
2353549
2356311
2358084
2363383
2360805
2365343
2369556
2370356
2371735
2371545
2376645
2382390
2378091
2384408
2386129
2388341
2389377
2392985
2389506
2395463
2401258
2399199
2398457
2400898
2401677
2405633
2404295
2409576
2411222
2414823
2409881
2412882
2416765
2417665
2421247
2419447
2424207
2429028
2427389
2429549
2429657
2431228
2435315
2433169
2436460
2444075
2433932
2441679
2439655
2437545
2441773
2442953
2446546
2450668
2452121
2444908
2450576
2453321
2452434
2454750
2459286
2456648
2458016
2464198
2464134
2457158
2458933
2466300
2470042
2465943
2465973
2465201
2465202
2472589
2468825
2466177
2470326
2475518
2477711
2471629
2472278
2481849
2478068
2477880
2480474
2480944
2482609
2481652
2481200
2484937
2479253
2483546
2475268
2481888
2479582
2485830
2484574
2482580
2483915
2484512
2484216
2482282
2485005
2490114
2486361
2489832
2485954
2485805
2485673
2491752
2489840
2483797
2487053
2488932
2486429
2486238
2492208
2484705
2492905
2486735
2485521
2490164
2487014
2490170
2486876
2487578
2483732
2481625
2485925
2490424
2486261
2486619
2486551
2484906
2483074
2481848
2482461
2484239
2478110
2482140
2482304
2483537
2476209
2481691
2479929
2480702
2480242
2477748
2471916
2477968
2473020
2474483
2470125
2474408
2471874
2474416
2467954
2468573
2472002
2461379
2466749
2464190
2465401
2466243
2462036
2460839
2455649
2458443
2460226
2455462
2456319
2455573
2453586
2452120
2447071
2446356
2448949
2452395
2446269
2442353
2445034
2440382
2442270
2442881
2434264
2438467
2436804
2434241
2434012
2433091
2434994
2429960
2426184
2424757
2424056
2426273
2421096
2417877
2418212
2413284
2419497
2414503
2412579
2417377
2405682
2406407
2402377
2403418
2402353
2399166
2397714
2395906
2391571
2392302
2389849
2390695
2386857
2387822
2384789
2378061
2383747
2376730
2375372
2367709
2374227
2368019
2366374
2362819
2362368
2360736
2358399
2359859
2351784
2350799
2343293
2345708
2341447
2344561
2338483
2333912
2334970
2333798
2331838
2325699
2327446
2326245
2319642
2319847
2317857
2309998
2307066
2306786
2304635
2301705
2300966
2294482
2292832
2290057
2286575
2292277
2284419
2279512
2274514
2280001
2268590
2269275
2266668
2270351
2266942
2262921
2254253
2254525
2251888
2250789
2245933
2243272
2237026
2241148
2236779
2230947
2228058
2223722
2222618
2217237
2214095
2211453
2208292
2209408
2200258
2200264
2198222
2195347
2190882
2188584
2186902
2177340
2179516
2176174
2173751
2167820
2167676
2162346
2158227
2159262
2151833
2150920
2146348
2141789
2140258
2134592
2134836
2130037
2126602
2124657
2117779
2117442
2115834
2110505
2108568
2103177
2096537
2094648
2093016
2089000
2088153
2083716
2077705
2075946
2070407
2063453
2068566
2058711
2057864
2055483
2049470
2050802
2043342
2035192
2038334
2033228
2029624
2024760
2017673
2013099
2010672
2009717
2004809
2003660
1999769
1999093
1988768
1986820
1984565
1979526
1973818
1970503
1969302
1966840
1959890
1957041
1951297
1951843
1945973
1941045
1937030
1934217
1926756
1929376
1922729
1919598
1914421
1909978
1908491
1903265
1898389
1897244
1892454
1891007
1882489
1881529
1874614
1872906
1868080
1863330
1858172
1856171
1853556
1845241
1841244
1834661
1836239
1827192
1829451
1828543
1818496
1813481
1807557
1804658
1801089
1796966
1796199
1788109
1783615
1785728
1776154
1773903
1774355
1765106
1761723
1760168
1750087
1749059
1742037
1743176
1734293
1729902
1727935
1722515
1721761
1710054
1709440
1710048
1704924
1698236
1697709
1692770
1688968
1681507
1672225
1673122
1669045
1665384
1659561
1660560
1652040
1645719
1643273
1640010
1637322
1629263
1624719
1625061
1619631
1617058
1611045
1606956
1602435
1599588
1591765
1590518
1587063
1583405
1577074
1574034
1567746
1564118
1558868
1557469
1551264
1549659
1543694
1539105
1537258
1536233
1527861
1522513
1519072
1515120
1509350
1502506
1500870
1495074
1491974
1488432
1485751
1479908
1478409
1473227
1467963
1461547
1462206
1452074
1449264
1445130
1441070
1435531
1431447
1430822
1422680
1421791
1417064
1414177
1405532
1404014
1398097
1398375
1392671
1387493
1381990
1379211
1376956
1369631
1367405
1362350
1355147
1357551
1351842
1340509
1340898
1334975
1333090
1328689
1323480
1321093
1314137
1310650
1306771
1300234
1295072
1298647
1289857
1286652
1280707
1280618
1271204
1265017
1266590
1264442
1260268
1257928
1250383
1246700
1240632
1238660
1234417
1228200
1228005
1223028
1216248
1212604
1205132
1209452
1201798
1191772
1191131
1188325
1185030
1179047
1177570
1174522
1167207
1163272
1159596
1152197
1150769
1149822
1141991
1143533
1136356
1129354
1129169
1123192
1120381
1116216
1112387
1110888
1106544
1101482
1094592
1097107
1088251
1084783
1080869
1077909
1072806
1069165
1065689
1064129
1057168
1052435
1053551
1048708
1041833
1037180
1032928
1031786
1027136
1022160
1021786
1017644
1009101
1006944
1005367
1000427
 995087
 994615
 991648
 987742
 983896
 979958
 972564
 967267
 966529
 965587
 960501
 955283
 950133
 949841
 947660
 942794
 936725
 933673
 931012
 926094
 923323
 922323
 917161
 908652
 909661
 904250
 900306
 895281
 894415
 890265
 888725
 881223
 881879
 877983
 874347
 868330
 866420
 862978
 860692
 856112
 851693
 850704
 847399
 840360
 838432
 831624
 834836
 825754
 824364
 820761
 817364
 813558
 814808
 806062
 804496
 803167
 797392
 793752
 791158
 790625
 782250
 781084
 778032
 774324
 769836
 766347
 762830
 763492
 762549
 752137
 751209
 746533
 743185
 741718
 740303
 734756
 731501
 728772
 726149
 723238
 725050
 716157
 713428
 708581
 705399
 705604
 702361
 698792
 696680
 692544
 691040
 684949
 682253
 682039
 674887
 675103
 668907
 667661
 661882
 660658
 658991
 653981
 653705
 650328
 646829
 641147
 641276
 634107
 634831
 632880
 629901
 624699
 622500
 618791
 618194
 614450
 612510
 608179
 606867
 600440
 595324
 596239
 595392
 588399
 591449
 585020
 583765
 579743
 577943
 576313
 572926
 570143
 566331
 563285
 561481
 557579
 554480
 553234
 551284
 548894
 545948
 542378
 540415
 537694
 533208
 530218
 527575
 526475
 523747
 520536
 518057
 517860
 513960
 511233
 509420
 507742
 503428
 501923
 498881
 496086
 493940
 491164
 487899
 488244
 483349
 482316
 477989
 479741
 474514
 470768
 470276
 469143
 464310
 462096
 461164
 457092
 456084
 452148
 450173
 447994
 446462
 442751
 442651
 440067
 438479
 434857
 433419
 429858
 430063
 426644
 423239
 423096
 420573
 415997
 415576
 414820
 411739
 408982
 406521
 404033
 401308
 400535
 399150
 395772
 393340
 392116
 390872
 387536
 385816
 383205
 381374
 380487
 377808
 373989
 371185
 372454
 370329
 368565
 366284
 363111
 362008
 358740
 355664
 355492
 354722
 353262
 348655
 347248
 345412
 342752
 340884
 337576
 340348
 336959
 333844
 330747
 329503
 328951
 327722
 323406
 324030
 319868
 320100
 317355
 314683
 313287
 312844
 310763
 309657
 306750
 305290
 304034
 301831
 299649
 300065
 295767
 295069
 292164
 291852
 289728
 288293
 285785
 285255
 284483
 280687
 281938
 277696
 276936
 274808
 275186
 270013
 269787
 270139
 266840
 266070
 264547
 263278
 259012
 261402
 258648
 257102
 254263
 255320
 252590
 250457
 250121
 248647
 245902
 243845
 242584
 243098
 241404
 239662
 238189
 235307
 234379
 231766
 229717
 231593
 229120
 228691
 225478
 224454
 223971
 222788
 220271
 221635
 218647
 217638
 215707
 215487
 214020
 210759
 210778
 209502
 208620
 207624
 205435
 204485
 202963
 202062
 201530
 199914
 198757
 196268
 196302
 195166
 194520
 191291
 191438
 189867
 188477
 187217
 185705
 185734
 182387
 182927
 181265
 180382
 179545
 177826
 177373
 176839
 175392
 173262
 171910
 171866
 169404
 168700
 167942
 165717
 165973
 164590
 164288
 162871
 162307
 160473
 159449
 158692
 157458
 155307
 155075
 155076
 153178
 152305
 151846
 148799
 148314
 148651
 147279
 146166
 144642
 145050
 143651
 143387
 142097
 140837
 140173
 139762
 137569
 136112
 135946
 134799
 133305
 132593
 132444
 131226
 130793
 128750
 129723
 128961
 128400
 125917
 125925
 126022
 123586
 122793
 122098
 121941
 121075
 118848
 118731
 117186
 116993
 116193
 114696
 114529
 114963
 112852
 111902
 112049
 111142
 110465
 109413
 108641
 107662
 107115
 107056
 105861
 105290
 104953
 103150
 102711
 102100
 101514
 100358
 100881
  99636
  99473
  97426
  97777
  97076
  96028
  95272
  94784
  94170
  94061
  92623
  91624
  91105
  90712
  89911
  89657
  88853
  88697
  87362
  86805
  86515
  84847
  85369
  84112
  84119
  84050
  82568
  81724
  81691
  80455
  79651
  80402
  79448
  77949
  78021
  78206
  76704
  76519
  75573
  74950
  75499
  74597
  73856
  72636
  72619
  72741
  72382
  70629
  70242
  69781
  69974
  68948
  68682
  68069
  67432
  67116
  66438
  65489
  64845
  64723
  64695
  63661
  62646
  63923
  62231
  61504
  61384
  61207
  61362
  60464
  60555
  59936
  58694
  57982
  57866
  57630
  57067
  56118
  56818
  56143
  55498
  55368
  54446
  54389
  53950
  53203
  52839
  52449
  52549
  51774
  51608
  50799
  50927
  50108
  49841
  49734
  49335
  49506
  48084
  48646
  47844
  47545
  46373
  46367
  46266
  45877
  45327
  44476
  44404
  44846
  44734
  44016
  43330
  43424
  43561
  42864
  42791
  41757
  41713
  41262
  40691
  41356
  40316
  39789
  39498
  39563
  39588
  38172
  38333
  38347
  37560
  37525
  36367
  36450
  36591
  36085
  35871
  35737
  35263
  35399
  33997
  35217
  34309
  33471
  33868
  33487
  32994
  32531
  32724
  32709
  32599
  32389
  31673
  31437
  31008
  30834
  30441
  30366
  29868
  30113
  28966
  29255
  28853
  28425
  28257
  28367
  27936
  28089
  27485
  27366
  26837
  26815
  26577
  26174
  26445
  26256
  26081
  25247
  25184
  25185
  25005
  24842
  24707
  24257
  23943
  23731
  24552
  22925
  23451
  23315
  23278
  22996
  22891
  22352
  21988
  21893
  21655
  21812
  21688
  21448
  21232
  20969
  21211
  20806
  20566
  20174
  20143
  20035
  19935
  19435
  19657
  19603
  19173
  18967
  19255
  18372
  18458
  18369
  18269
  17405
  18109
  17578
  17624
  17373
  17368
  16843
  16904
  16597
  16257
  16601
  16187
  16467
  16000
  15706
  15935
  15449
  15558
  15618
  15084
  15225
  15168
  14895
  14612
  14328
  14369
  14247
  14489
  14144
  13899
  13928
  13464
  13632
  13534
  13128
  13085
  12995
  12580
  12925
  12588
  12686
  12686
  12522
  12304
  12434
  12295
  11809
  11860
  11597
  11320
  11787
  11419
  11449
  11244
  11523
  10871
  11269
  11139
  10652
  10698
  10371
  10911
  10555
  10049
  10342
  10262
  10010
   9914
   9616
   9730
   9811
   9632
   9703
   9626
   9445
   9167
   9361
   8676
   8760
   9059
   8920
   8819
   8532
   8744
   8401
   8546
   8294
   8624
   8077
   7707
   8299
   7853
   8097
   7658
   7567
   7725
   7520
   7383
   7463
   7564
   7454
   7003
   7344
   7116
   7068
   6972
   7395
   6829
   6829
   6873
   6668
   6553
   6437
   6663
   6327
   6540
   6124
   6292
   6211
   6221
   6169
   6115
   5889
   5983
   5774
   5740
   5659
   5892
   5675
   5759
   5582
   5613
   5396
   5196
   5421
   5196
   5324
   5164
   4999
   5024
   5040
   4819
   5042
   4858
   4958
   4795
   4485
   4680
   4927
   4523
   4312
   4457
   4479
   4557
   4195
   4146
   4287
   4198
   4437
   4042
   3933
   3928
   3937
   3956
   4001
   3939
   3844
   3898
   3648
   3365
   3644
   3723
   3581
   3445
   3550
   3727
   3400
   3126
   3333
   3519
   3250
   3225
   3207
   3108
   3240
   3125
   3114
   3170
   2994
   3015
   2931
   3084
   2970
   2702
   2983
   3073
   2879
   2985
   3000
   2791
   2619
   2804
   2572
   2631
   2634
   2492
   2651
   2507
   2488
   2452
   2303
   2406
   2437
   2389
   2359
   2364
   2275
   2382
   2330
   2227
   2209
   2222
   2316
   2234
   2308
   2079
   1982
   2126
   1971
   2055
   2177
   1916
   2039
   1865
   1942
   1877
   1816
   1866
   1866
   1857
   1787
   1828
   1740
   1719
   1754
   1661
   1614
   1830
   1673
   1510
   1583
   1590
   1593
   1499
   1568
   1492
   1582
   1375
   1535
   1538
   1384
   1362
   1358
   1458
   1417
   1408
   1348
   1303
   1336
   1362
   1319
   1309
   1348
   1321
   1336
   1122
   1287
   1252
   1116
   1130
   1360
   1134
   1157
   1225
   1247
   1214
   1108
   1087
   1105
    990
   1164
    952
    962
   1040
    911
    971
    915
    883
    926
   1004
    961
    932
    859
    910
    927
    991
    914
    921
    970
    807
    816
    858
    843
    838
    884
    716
    682
    706
    731
    784
    810
    798
    788
    654
    715
    747
    699
    654
    640
    629
    616
    701
    632
    636
    643
    689
    601
    664
    649
    652
    634
    653
    560
    608
    505
    655
    680
    571
    577
    448
    623
    600
    512
    510
    544
    478
    550
    466
    526
    518
    488
    457
    475
    521
    415
    436
    457
    511
    463
    429
    395
    445
    414
    380
    359
    413
    437
    401
    414
    360
    388
    425
    353
    357
    379
    410
    374
    348
    318
    404
    399
    404
    299
    314
    311
    337
    358
    302
    342
    336
    296
    300
    255
    241
    285
    324
    239
    341
    248
    285
    244
    298
    313
    327
    257
    233
    280
    220
    267
    277
    252
    191
    203
    251
    201
    196
    219
    249
    215
    193
    237
    281
    189
    187
    215
    228
    218
    204
    186
    182
    197
    176
    190
    168
    176
    138
    163
    180
    185
    187
    186
    189
    186
    224
    176
    165
    148
    128
    161
    143
    180
    183
    115
    160
    139
    151
    129
    161
    106
    147
    108
    157
    175
    139
    134
    173
    163
    145
    151
    111
    114
    123
     93
    109
    117
    127
    118
    140
    159
     71
     94
     90
     99
    141
     88
    110
     97
    106
    111
    126
    101
    107
    121
     73
     99
    116
     94
     79
     64
     68
     75
    111
     81
     69
    121
     74
     81
     56
     76
     62
     85
     87
     79
     65
     69
     67
     62
     52
     59
     88
     67
     84
     58
     69
     58
     52
     63
     74
     64
     56
     53
     53
     79
     54
     68
     58
     42
     36
     68
     45
     47
     47
     56
     47
     48
     53
     39
     72
     38
     61
     36
     26
     31
     65
     63
     52
     35
     45
     51
     32
     39
     28
     45
     21
     36
     40
     41
     15
     33
     37
     40
     54
     47
     44
     43
     38
     14
     24
     36
     32
     21
     31
     27
     17
     24
     46
     37
     23
     28
     17
     30
     26
     30
     28
     17
     25
     25
     17
     30
     27
     40
     16
     19
     31
      6
     24
     30
     42
     15
     15
     30
     21
     11
     18
      5
     21
     31
     21
     21
     11
     17
     10
     11
      7
     12
      6
      3
      9
     24
     12
      6
     13
     30
     20
     19
      9
     10
      5
      8
     12
     10
     16
     15
     13
      5
     19
     15
      5
     21
      4
     13
      7
      9
     10
      6
      5
     11
     24
      4
     16
     10
      3
      9
     18
      6
     10
     16
      6
      8
      7
      5
      7
      4
      5
      8
      3
      9
      9
      4
      7
      6
      7
      5
      3
      4
     10
      4
     11
     12
      5
      2
      0
      9
      4
      1
      4
      7
      8
      2
      8
      6
      6
      2
      3
      5
      2
      6
     21
     14
      2
      3
     11
      3
      6
      5
      2
      3
      8
      0
      7
      2
      9
      0
      7
      4
      1
      7
      3
      3
      0
     10
      3
      2
     14
      5
      4
      2
      1
     12
      9
      4
      1
      1
      6
      5
     14
      0
      0
      0
      5
      3
      7
      0
      0
      1
      1
      0
      1
      1
      1
      7
     13
      1
      0
      7
      1
      0
      0
      7
      6
      0
      2
      2
      0
      0
      1
      1
      6
      1
      1
      2
      1
      6
      2
      2
      3
      0
      1
      2
      4
      1
      0
      0
      0
      0
      1
      0
      0
      0
      0
      2
      0
      1
      0
      1
      0
      1
      0
      0
      0
      1
      0
      0
      0
      0
      0
      0
      0
      2
      0
      0
      0
      0
      0
      0
      3
      0
      0
      0
      0
      5
      0
      0
      1
      0
      0
      0
      0
      0
      0
      2
      0
      3
      0
      0
      0
      0
      0
      0
      2
      1
      2
      2
      0
      1
      0
      0
      0
      0
      0
      0
      0
      0
      4
      0
      2
      0
      0
      0
      0
      0
      2
      0
      0
      0
      0
      0
      0
      0
      0
      0
      0
      0
      0
      0
      0
      0
      0
      0
      0
      0
      1
      0
      0
      0
      0
      0
      0
      0
      0
      0
      0
      0
      0
      0
      0
      0
      0
      0
      0
      0
      0
      0
      0
      0
      0
      0
      0
      0
      0
      0
      0
      0
      0
      0
      1
      0
      0
      0
      0
      0
      0
      0
      0
      0
      0
      0
      0
      0
      0
      2
      0
      0
      0
      0
      0
      0
      0
      0
      0
      0
      0
      0
      0
      0
      0
      0
