      0
      0
      0
      5
     90
    157
    221
    308
    311
    415
    467
    463
    922
    931
   1141
   1182
   1456
   1737
   1649
   2037
   2187
   2373
   2976
   2938
   3237
   3420
   3910
   4088
   4489
   4910
   5461
   6295
   5820
   6086
   7041
   7436
   7881
   8401
   8465
   8786
   9837
  10205
   9995
  10828
  11127
  12394
  13394
  13487
  14039
  14371
  15084
  15452
  16073
  16607
  16916
  18410
  19153
  19260
  20736
  21715
  22787
  23109
  23750
  23896
  24902
  26498
  26903
  26911
  28366
  29708
  30023
  30033
  31969
  31958
  34106
  33806
  36562
  36475
  36557
  38109
  38912
  40687
  42182
  41789
  42753
  46053
  46111
  47599
  46933
  49989
  49950
  51877
  54530
  53055
  54183
  56800
  55199
  58966
  61465
  61527
  61344
  65124
  65401
  66250
  68458
  69330
  71334
  72528
  74344
  78013
  77066
  78416
  79412
  82386
  85259
  84689
  84754
  85822
  89811
  90391
  92801
  96622
  96442
  96716
 100064
 102356
 102101
 104008
 108032
 103997
 106038
 111022
 111875
 114451
 115986
 117736
 119982
 122284
 126583
 127075
 130800
 131764
 133338
 136854
 136277
 137063
 142454
 146112
 146282
 148078
 150464
 152165
 155500
 157263
 157362
 161771
 163140
 161474
 167363
 169285
 171655
 172966
 175887
 179139
 181333
 185237
 183811
 185991
 191435
 193864
 193906
 201589
 202481
 204701
 205182
 212072
 210440
 216737
 216034
 219818
 223196
 226396
 226045
 234120
 235042
 235815
 241164
 243901
 249788
 252472
 251670
 256618
 262691
 259213
 262421
 266845
 270102
 273425
 280311
 280435
 282933
 286610
 291633
 293876
 295924
 300238
 304583
 307752
 307545
 315635
 320887
 322099
 320063
 326728
 330378
 328474
 338705
 344754
 344981
 350269
 352189
 357993
 359070
 367081
 365412
 369667
 370461
 382880
 382785
 391462
 387133
 396680
 395884
 406419
 407288
 412484
 417106
 422916
 422910
 429830
 433337
 435034
 439241
 448720
 448592
 451051
 457486
 461567
 463182
 473237
 477216
 478481
 484652
 491444
 493656
 496854
 497727
 507112
 511458
 519711
 524074
 529800
 531045
 534866
 539803
 544359
 550570
 553420
 560074
 563302
 568962
 576838
 579559
 579566
 586592
 597638
 600287
 604953
 611122
 614693
 622054
 630183
 631764
 636165
 639758
 645707
 657086
 652291
 662915
 669344
 674831
 679108
 683179
 692026
 691815
 701922
 709584
 712755
 721445
 723372
 728913
 737415
 738057
 744534
 747018
 760130
 765175
 767006
 773144
 778308
 789705
 796593
 802370
 811194
 812919
 815832
 823016
 827661
 837768
 845699
 854097
 851347
 867973
 868753
 878910
 886663
 890660
 891623
 901317
 896889
 912265
 925594
 922164
 938027
 942506
 947194
 956731
 962914
 967068
 975064
 977383
 985638
 986624
 994921
1009454
1016640
1029110
1033310
1035904
1041237
1057088
1051993
1064144
1065756
1072480
1084728
1092965
1099271
1103130
1106405
1117924
1130561
1125344
1152412
1153991
1155384
1171599
1174129
1179293
1180839
1198869
1210027
1212756
1220117
1228989
1234709
1244351
1252261
1254777
1269176
1266522
1285892
1287180
1301583
1307970
1316076
1318100
1323637
1331595
1341232
1351020
1360373
1362316
1374501
1380699
1392365
1401140
1403675
1410608
1423512
1426366
1431271
1441012
1452997
1459732
1464746
1487362
1498190
1494075
1503738
1507218
1525147
1533216
1535746
1553261
1554174
1573826
1575574
1570635
1588438
1592965
1601858
1612116
1619685
1630505
1628049
1643245
1658831
1662131
1669750
1685298
1683273
1697557
1703752
1727506
1724229
1732623
1736594
1746259
1747405
1776289
1778315
1784783
1792204
1807710
1812667
1815677
1832462
1837589
1844342
1856446
1866871
1871318
1875962
1898068
1905998
1917458
1919790
1928462
1928872
1950313
1954140
1954415
1980253
1979830
1985410
2002556
2003008
2018604
2027869
2027214
2046131
2046183
2066804
2073685
2074619
2081658
2087874
2092174
2114276
2118834
2131907
2142698
2156391
2159041
2166085
2188898
2190892
2206458
2211449
2207666
2216320
2229859
2241823
2247926
2259789
2271445
2268786
2280896
2299717
2307359
2305367
2315062
2326457
2340804
2347505
2357642
2355225
2381632
2388385
2385537
2388019
2409854
2413535
2432318
2440036
2444320
2454747
2460882
2473366
2476358
2491546
2507393
2513007
2513353
2522376
2538302
2537597
2545672
2553114
2565223
2572611
2584427
2590916
2605082
2617863
2618670
2630895
2629175
2640111
2651879
2664095
2674220
2679131
2691143
2698435
2697379
2723569
2720191
2733950
2740662
2744947
2749064
2748220
2772370
2772362
2784597
2792742
2816478
2802969
2826429
2827766
2833687
2845779
2856295
2856686
2858787
2881459
2872922
2888166
2888972
2906004
2918730
2921988
2933436
2934122
2932830
2953723
2950191
2967774
2972219
2997090
2993976
2997601
2996424
3020362
3029895
3026725
3031768
3045440
3052305
3049558
3053736
3074895
3088208
3083333
3088735
3109840
3104046
3102154
3123620
3126779
3125590
3138214
3147706
3153841
3166131
3167992
3174730
3175395
3172858
3199201
3195935
3201914
3201732
3213996
3231734
3241227
3237098
3247258
3253755
3270140
3262720
3270961
3268138
3279205
3290174
3304231
3307096
3298926
3306555
3324186
3317674
3330577
3346023
3322293
3330856
3356019
3363652
3353785
3359735
3367898
3371374
3382666
3379326
3384600
3389803
3391139
3401779
3412828
3422892
3430729
3414947
3424554
3434294
3434483
3436746
3442875
3463909
3441908
3457274
3463867
3472002
3462150
3471394
3487487
3477658
3472838
3471251
3483776
3485721
3503873
3492422
3488573
3493394
3525340
3503232
3523276
3521650
3515349
3531137
3526279
3534876
3521188
3554916
3536456
3540553
3552093
3540592
3553192
3551084
3561389
3558467
3566290
3561175
3561706
3564056
3572742
3573492
3569027
3569176
3575045
3593689
3592692
3584593
3578344
3585627
3573843
3601572
3586980
3584839
3583411
3596787
3585518
3597611
3609234
3584488
3588015
3594825
3599155
3606572
3605992
3592943
3602489
3594243
3605753
3599847
3614944
3595120
3602026
3603209
3606036
3604715
3602635
3606858
3606167
3601751
3595608
3602196
3593089
3600040
3597146
3588153
3594533
3603838
3592321
3599756
3600906
3613850
3599475
3610173
3589278
3584719
3592995
3587358
3592862
3584699
3576488
3586748
3590713
3585082
3591025
3581156
3572927
3581859
3560054
3568672
3569134
3565285
3558903
3557583
3540134
3558980
3555772
3543219
3538847
3531045
3530529
3524233
3518923
3519310
3514642
3521679
3520286
3511056
3501132
3523809
3500505
3499630
3484655
3481448
3490776
3488133
3473819
3478624
3475879
3469724
3456725
3466490
3457667
3450145
3441871
3439980
3436447
3426337
3429852
3436198
3422944
3411929
3414468
3408611
3402100
3404464
3391572
3386968
3382194
3375849
3376169
3355636
3343887
3352025
3339956
3330122
3333727
3322899
3337471
3322295
3316564
3315433
3286680
3293629
3289775
3282316
3289170
3283423
3275010
3253789
3246918
3247441
3254120
3243517
3231120
3227615
3232564
3208481
3206930
3196634
3189136
3165711
3181107
3180888
3168404
3163205
3146888
3142613
3132910
3125663
3132875
3137578
3113121
3099291
3091638
3098472
3084491
3074481
3061568
3062810
3055365
3055947
3041999
3036849
3024052
3008424
3005433
3006654
2991603
2980475
2969046
2959900
2960389
2947859
2947114
2925528
2930648
2916581
2910832
2909866
2897652
2890170
2879690
2877801
2861287
2859161
2851224
2834204
2835344
2814440
2822802
2803385
2804413
2792630
2782692
2771740
2764884
2753163
2748522
2738181
2743719
2723921
2717888
2698567
2698672
2679867
2678435
2670716
2666650
2655101
2656146
2637626
2626366
2609743
2617356
2598184
2600660
2594995
2567189
2564578
2560690
2548094
2528884
2532697
2519004
2527006
2500911
2495555
2487378
2477117
2468538
2461198
2450420
2440677
2439679
2425575
2416074
2406493
2389262
2389718
2369178
2374363
2359808
2356782
2341427
2339040
2324020
2316101
2305654
2299521
2288800
2275052
2267522
2248586
2257905
2243292
2217018
2222774
2213101
2210526
2190923
2173463
2164062
2169556
2156206
2143889
2124558
2129762
2110157
2109500
2096413
2081369
2078959
2068578
2056533
2049422
2046625
2042770
2026875
2011358
1990194
1990635
1984861
1981313
1958128
1967574
1953816
1948462
1924635
1916251
1913904
1909483
1899833
1883080
1871450
1864225
1849470
1842026
1846182
1835642
1823598
1810678
1807191
1792204
1789510
1775287
1776050
1770322
1746375
1736146
1735728
1720832
1728138
1701033
1702809
1682732
1681612
1665463
1661045
1660648
1641640
1641070
1626897
1614504
1607826
1592727
1585244
1585805
1579625
1575670
1563608
1555681
1543428
1533470
1525713
1515800
1505557
1495015
1483800
1475037
1473621
1467311
1451559
1454162
1453070
1435412
1424864
1425553
1403683
1399800
1386690
1375949
1376078
1366691
1361454
1355303
1345463
1339006
1332318
1319170
1307543
1294698
1293265
1281109
1285370
1264849
1261510
1251651
1247843
1247227
1233998
1216255
1214570
1208373
1203820
1195904
1178754
1181207
1172845
1164370
1153957
1150056
1151827
1132329
1129203
1122704
1122423
1116938
1091334
1092034
1085214
1078897
1057395
1067510
1056385
1044676
1036037
1030834
1033957
1023050
1011417
1012223
 991899
 998391
 989617
 982567
 973476
 966020
 956199
 951587
 945942
 941496
 934338
 923504
 915873
 916577
 907545
 896843
 896219
 892891
 878907
 881713
 871626
 860753
 856183
 847833
 841853
 836923
 832593
 822144
 821227
 817721
 805464
 800396
 798792
 785990
 782984
 774497
 775172
 763263
 764305
 758006
 749532
 745572
 742563
 730161
 724715
 717659
 713855
 710931
 706901
 695838
 693899
 688496
 680697
 681715
 667047
 666633
 659531
 656539
 646762
 642798
 640272
 637428
 638694
 629836
 624936
 618744
 615900
 607183
 602742
 601840
 593252
 587945
 582268
 580070
 571282
 567979
 560219
 556222
 559100
 548389
 548984
 542363
 535157
 532221
 531575
 520181
 516339
 513904
 509132
 505470
 501219
 497216
 494063
 487210
 482872
 477562
 469509
 468602
 467073
 461020
 458464
 457275
 449591
 451301
 438675
 441831
 435905
 428848
 427162
 423963
 417554
 420188
 417915
 404389
 405119
 403467
 398449
 392122
 391330
 387943
 383703
 379083
 380231
 369907
 373322
 366532
 366040
 366716
 358751
 354663
 353837
 348446
 341721
 341141
 339680
 334034
 329697
 324676
 325855
 321925
 322292
 316116
 311248
 309936
 306311
 302891
 304606
 297266
 297483
 292910
 290825
 287965
 284432
 285152
 282617
 276859
 271324
 273319
 269199
 269826
 262832
 259682
 262214
 257980
 257176
 254353
 249627
 250066
 244478
 241760
 240846
 237689
 237398
 236771
 232101
 227615
 223561
 220511
 222612
 219445
 218015
 215122
 212356
 211665
 209569
 206039
 205605
 200382
 195762
 201757
 194753
 193499
 198002
 191904
 190304
 186989
 187968
 181238
 182193
 182250
 177545
 179559
 174347
 169624
 170225
 168393
 167833
 165096
 164979
 159942
 159751
 161480
 159618
 151884
 153086
 150545
 150864
 147914
 146710
 143412
 142234
 140404
 141127
 140814
 135493
 137692
 134313
 130653
 132671
 130996
 128132
 128076
 125587
 124948
 123124
 121310
 119986
 116838
 116820
 118218
 116765
 113348
 111932
 111831
 110599
 112368
 108261
 106192
 106731
 104549
 103984
 101785
  99496
 101360
  96055
  96535
  97016
  95031
  94937
  92289
  91384
  91057
  89273
  87247
  88651
  85793
  84473
  87019
  83853
  83203
  83333
  81007
  80207
  80852
  77440
  76341
  76534
  75797
  75842
  72476
  72772
  71117
  69014
  69796
  69922
  69854
  68644
  68417
  66614
  67248
  63819
  62955
  62362
  62134
  62219
  60775
  60858
  59621
  57840
  58402
  57275
  55559
  56305
  56708
  55032
  52981
  53392
  52675
  51351
  50938
  50001
  51244
  48837
  48932
  46918
  47246
  46336
  45538
  45790
  45705
  44336
  43568
  43167
  43401
  42806
  40124
  41287
  40516
  40299
  40435
  38727
  38856
  37809
  37395
  37337
  35501
  35593
  36554
  37119
  35067
  35260
  33284
  33443
  32007
  32964
  32960
  30604
  31882
  31534
  30132
  29239
  30290
  29238
  28022
  28332
  27663
  26881
  26807
  26311
  25870
  25910
  26342
  25426
  25500
  25928
  25100
  24070
  23664
  24688
  23487
  22241
  23102
  23536
  21969
  21521
  22076
  21100
  20576
  20985
  19956
  19374
  20049
  20190
  20044
  20563
  18472
  18489
  18220
  16985
  17254
  17032
  18134
  16364
  18030
  16636
  16746
  16128
  15540
  15261
  15311
  15108
  15091
  14100
  14398
  14279
  14962
  14181
  14550
  13664
  13194
  11527
  13701
  13206
  12637
  12462
  11482
  12833
  12352
  11383
  12033
  12235
  11416
  10878
  11064
  11949
  11216
  10787
  10235
  10584
  10103
  10049
  10775
   9062
   8855
   9274
   9777
   9342
   8779
   8809
   8819
   8276
   7757
   7820
   8057
   8118
   8071
   7693
   8147
   7604
   7610
   7481
   7758
   7299
   7324
   6442
   6797
   7041
   6548
   6909
   6052
   6441
   6054
   5348
   6058
   5638
   5681
   6069
   5992
   5799
   5290
   5593
   5737
   5780
   5296
   4841
   5630
   4949
   4512
   4933
   4479
   4316
   4476
   5212
   4374
   4181
   4155
   4156
   4022
   3876
   4177
   4127
   4004
   3739
   4239
   4089
   4191
   3414
   3341
   3386
   3176
   3818
   3626
   3534
   3608
   3013
   3126
   3004
   3476
   2966
   3232
   2923
   2751
   3038
   2869
   2942
   2582
   2165
   2585
   2577
   2940
   2144
   2680
   2237
   2637
   2267
   2433
   2363
   2382
   2301
   2221
   2154
   2147
   2541
   1850
   1987
   1948
   1906
   2112
   1662
   1832
   1920
   2093
   2037
   1763
   1803
   1419
   1486
   1551
   1244
   1871
   1424
   1391
   1442
   1572
   1355
   1364
   1420
   1386
   1474
   1181
   1412
   1574
   1330
   1290
   1041
   1164
   1197
   1133
    902
   1127
   1101
   1163
   1181
    952
   1194
    754
    987
    918
   1185
   1192
    835
    945
    934
    715
    864
    767
    683
    692
    897
    734
    693
    845
    719
    599
    605
    723
    841
    820
    704
    629
    690
    489
    708
    684
    740
    612
    654
    658
    577
    605
    522
    549
    468
    472
    442
    581
    503
    554
    404
    534
    481
    438
    644
    515
    427
    365
    427
    459
    399
    330
    306
    412
    376
    374
    390
    432
    336
    254
    364
    415
    370
    362
    324
    287
    312
    336
    412
    267
    259
    304
    414
    234
    258
    172
    186
    333
    254
    276
    307
    183
    191
    215
    196
    264
    149
    236
    151
    234
    143
    232
    146
    266
    190
    105
    188
    140
    127
     74
     83
    114
    103
    141
    114
     34
    136
     55
     83
    137
     68
     91
    176
    138
    229
    144
     91
     69
     72
     45
    152
    134
     75
     64
     90
     88
     89
    119
    106
     62
     59
     56
     37
     70
     79
     37
     56
     85
     34
     38
     67
     67
     95
    156
     37
     98
    131
     47
     54
     86
    127
     88
     95
     79
     44
     67
    102
     96
     60
      8
     72
     40
     10
     61
     92
     34
     31
    129
     44
     64
     35
     73
     29
     44
     28
     47
     29
     45
     36
     31
      9
     32
     98
     85
      8
     28
     50
     10
     27
     30
     12
     29
      0
     21
     12
     16
      6
     10
     29
      0
     16
      3
     36
     32
     22
     40
     24
     20
      7
      0
      2
     14
     40
      6
      0
      0
     11
      4
      3
      2
     28
     23
     20
      2
     17
     26
     22
      0
     16
      1
     10
      2
     26
      0
     43
      0
     30
     32
     20
      8
      1
      1
      4
      2
      7
      9
      7
      0
     26
      2
      0
     33
      0
      2
      0
     12
      3
      0
     40
      6
      0
      7
     14
      0
     17
      5
      0
     12
      0
      0
      0
     13
      0
      1
      0
      8
     27
     11
      1
      0
      0
      0
      0
     14
      7
      7
      0
      6
      0
      7
      5
      2
      1
      0
      1
      0
      0
      0
      0
      3
      0
      0
     13
      0
      0
      0
      0
      0
     16
      4
     15
      0
      0
      0
      9
      0
     15
      0
      0
      0
      2
      0
     16
      0
      1
      0
     19
      1
      0
      8
      0
      6
      4
      0
      0
      0
      0
      0
      0
      0
      0
      0
      0
      0
      0
      0
      0
      0
      0
      0
     27
     20
     31
      4
      0
      2
      1
      0
      0
      0
      0
      0
      0
      0
      1
      4
      0
      0
     13
      0
      0
      0
      0
      0
      0
      0
     10
      0
      0
      0
      0
     19
      0
     10
     28
      0
      0
      0
      0
      0
      9
      0
     25
      0
      0
      0
      0
      0
      0
     32
      0
      0
      0
      0
      0
      0
      0
      0
      0
      0
      0
      0
      0
      0
      0
      0
      0
      0
      0
      0
      0
      0
      0
      0
      5
      0
      0
      7
      0
      0
      0
      0
      0
      0
      0
      0
      0
      0
      0
      0
      0
      0
      0
      5
      0
      0
      6
      5
      0
      3
      0
      0
      0
      0
      0
      0
      0
      0
      0
      0
      0
      0
      0
      0
      0
      0
      0
      0
      2
      0
      5
      7
      0
      0
      4
      0
      0
      0
      0
      0
     15
      0
      0
      0
      0
      0
      0
      0
      0
      0
      0
      0
      0
      0
      0
      0
      0
      0
      0
      0
      0
      0
      0
      0
      0
      0
      0
      0
      0
      0
      0
      0
      0
      0
      0
      0
      0
      0
      0
      0
      0
      0
      0
      0
      0
      0
      0
      0
      0
      0
     14
      0
      0
      0
     11
      0
      1
      3
      0
      3
      0
      7
      0
      0
      4
      0
      0
      0
      0
      0
      7
      0
     17
      0
      0
      0
      0
      0
      0
      0
      2
      0
      0
      0
     24
      0
      0
      0
      0
      0
      0
      0
      0
      0
      0
      0
      0
      0
      0
      0
      0
      0
      0
      0
      0
      0
      0
      0
      0
      0
      0
      0
      0
      0
      0
      0
      0
      0
      0
      0
      0
      0
      0
      0
      0
      0
      0
      0
     18
      5
      0
      0
      0
      0
      0
      0
      0
      0
      0
      0
      0
      0
      0
      0
      0
      0
      0
      0
      0
      0
      0
      0
      0
      0
      0
      0
      0
      0
      0
      0
      0
      0
      0
      0
      0
      0
      0
      0
      0
      0
      0
      0
      0
      0
      0
      0
      0
      0
      0
      0
      0
      0
      0
      0
      0
      0
      0
      0
      0
      0
      0
      0
      0
      0
      0
      0
      0
      0
      0
      0
      0
      0
      0
      0
      0
      0
      0
      0
      0
      0
      0
      0
      0
      0
      0
      0
      0
      0
      0
      0
      0
      0
      0
      0
      0
      0
      0
      0
      0
      0
      0
      0
      0
      0
      0
      0
      0
      0
      0
      0
      0
      0
      0
      0
      0
      0
      0
      0
      0
      0
      0
      0
      0
      0
      0
      0
      0
      0
      0
      0
      0
      0
      0
      0
      0
      0
      0
      0
      0
      0
      0
      0
      0
      0
      0
      0
      0
      0
      0
      0
      0
      0
     23
     39
      3
      0
      0
      4
      0
      0
      0
      0
      0
      0
      0
      0
      0
      0
      0
      0
      0
      0
      0
      0
      0
      0
      0
      0
      0
      0
      0
      0
      0
      0
      0
      0
      0
      0
      0
      0
      0
      0
      0
      0
      0
      0
      0
      0
      0
      0
      0
      0
      0
      0
      0
      0
      0
      0
      0
      0
      0
      0
      0
      0
      0
      0
      0
      0
      0
      0
      0
      0
      0
      0
      0
      0
      0
      0
      0
      0
      0
      0
      0
      0
      0
      0
      0
      0
      0
      0
      0
      0
      0
      0
      0
      0
      0
     35
      0
      0
      0
      0
      0
      0
      0
      0
      0
      0
      0
      0
      0
      0
      0
      0
      0
      0
      0
      0
      0
      0
      0
      0
      0
      0
      0
      0
      0
      0
      0
      0
      0
      0
      0
      0
      0
      0
      0
      0
      0
      0
      0
      0
      0
      0
      0
      0
      0
      0
      0
      0
      0
      0
      0
      0
      0
      0
      0
      0
      0
      0
      0
      0
      0
      0
      0
      0
      0
      0
      0
      0
      0
      0
      0
      0
      0
      0
      0
      0
      0
      0
      0
      0
      0
      0
      0
      0
      0
      0
      0
      0
      0
      0
      0
      0
      0
      0
      0
      0
      0
      8
      0
      0
     18
      0
      0
      0
      0
      0
      0
      0
      0
      0
      0
      0
      0
      0
      0
      0
      0
      0
      0
      0
      0
      0
      0
      0
      0
      0
      6
      0
      0
     26
      0
      0
      0
      0
      0
      0
      0
      0
      0
      0
      0
      0
      0
      0
      0
      0
      0
      0
      0
      0
      0
      0
      0
      0
      0
      0
      0
      0
      0
      0
      0
      0
      0
      0
      0
      0
      0
      0
      0
      0
      0
      0
      0
      0
      0
      0
      0
      0
      0
      1
      0
      3
      0
      0
      0
      0
      0
      0
      0
      0
      0
      0
      0
      0
      0
      0
      0
      0
      0
      0
      0
      0
      0
      0
      0
      0
      0
      0
      0
      0
      0
      0
      0
      0
      0
      0
      0
      0
      0
      0
      0
      0
      0
      0
      0
      0
      0
      0
      0
      0
      0
      0
      0
      0
      0
      0
      0
      0
      0
      0
      0
      0
      0
      0
      0
      0
      0
      0
      0
      0
      0
      0
      0
      0
      0
      0
      0
      0
      0
      0
      0
      0
      0
      0
      0
      0
      0
      0
      0
      0
      0
      0
      0
      0
      0
      0
      0
      0
      0
      0
      0
      0
      0
      0
      0
      0
      0
      0
      0
      0
      0
      0
      8
     24
      0
      0
      0
      0
      0
      0
      0
      0
     18
      0
      0
      0
      0
      0
      0
      0
      0
      0
      0
      0
      0
      0
      0
      0
      0
      0
      0
      0
      0
      0
      0
      0
      0
      0
      0
      0
      0
      0
      0
      0
      0
      0
      0
      0
      0
      0
      0
      0
      0
      0
      0
      0
      0
      0
      0
      0
      0
      0
      0
      0
      0
      0
      0
      0
      0
      0
      0
      0
      0
      0
      0
     32
      0
      0
      0
      0
      0
      0
      0
      0
      0
      0
      0
      0
      0
      0
      0
      0
      0
      0
      0
      0
      0
      0
      0
      0
      0
      0
      0
      0
      0
      3
      0
      0
      0
      0
      3
      8
      0
      0
      0
      0
      0
      0
      0
      0
      0
      0
      0
      0
      0
      0
      0
      0
      0
      0
      0
      0
      1
      0
      6
      5
      0
      0
      0
      0
      0
      0
      0
      0
      0
      0
      0
      0
      0
      0
      0
      0
      0
      0
      0
      0
      0
      0
      0
      0
      0
