32.2012
28.7473
28.8163
28.9131
29.0103
29.0636
29.2244
29.2936
29.3997
29.4597
29.553
29.5772
29.5635
29.745
29.8419
29.8657
29.9033
30.0056
29.9216
29.8573
29.626
29.471
29.3181
29.0717
28.9681
28.9097
28.8034
28.8069
28.8141
28.8653
28.9171
29.0856
29.3169
29.5387
29.8474
29.9562
30.1396
30.1879
30.2887
30.3647
30.319
30.2994
30.2346
30.0814
29.8763
29.8504
29.8061
29.6069
29.5246
29.4312
29.2519
29.2314
29.0883
29.062
29.0898
29.0038
28.9836
28.9857
28.9776
29.0606
28.9799
29.0617
29.0922
29.141
29.1042
29.1983
29.2034
29.2484
29.334
29.342
29.3657
29.3668
29.4056
29.3437
29.3566
29.3514
29.3438
29.3121
29.2954
29.2741
29.2488
29.1952
29.1383
29.1359
29.1763
29.1021
29.0646
29.0515
29.041
29.0786
29.0633
29.0634
28.9664
28.9852
29
28.9839
29.0382
29.0002
29.017
29.0423
29.0351
29.0543
29.0766
29.0236
28.9816
29.0552
29.0349
29.0334
29.0204
29.0368
28.9912
29.0528
28.9405
28.9129
28.9131
28.9541
28.8517
28.8304
28.8244
28.825
28.8498
28.846
28.7671
28.7778
28.7331
28.7506
28.7774
28.7506
28.7484
28.7305
28.7064
28.7086
28.6795
28.7399
28.7051
28.6912
28.6702
28.6816
28.6485
28.679
28.6814
28.6321
28.5968
28.6816
28.6503
28.638
28.5927
28.5224
28.5539
28.5363
28.5066
28.5089
28.5078
28.4888
28.4768
28.4042
28.4401
28.3849
28.3986
28.4091
28.3719
28.3717
28.3794
28.4088
28.3508
28.373
28.3698
28.3508
28.3065
28.3426
28.3305
28.3308
28.3431
28.321
28.3431
28.3109
28.344
28.3098
28.2818
28.3329
28.282
28.2141
28.2846
28.263
28.2274
28.2519
28.2449
28.2245
28.2028
28.1976
28.2172
28.2356
28.175
28.1982
28.1699
28.1754
28.1474
28.1546
28.1369
28.1426
28.1734
28.163
28.1748
28.1753
28.1215
28.157
28.102
28.1573
28.1229
28.1079
28.095
28.098
28.0937
28.0808
28.0955
28.087
28.1224
28.0892
28.0762
28.0804
28.0562
28.0868
28.0491
28.027
28.0725
28.053
28.0498
28.0746
28.048
28.0528
28.0184
28.0505
28.0346
28.05
28.0474
28.0408
28.0123
28.0262
27.9942
28.0261
27.9951
28.0242
28.0126
27.9973
27.9987
28.0278
27.9993
27.9838
27.9895
28.0203
27.976
28.0107
27.9703
27.9827
27.9981
28.0077
27.9787
27.9573
27.9661
27.9864
27.9834
27.9595
27.9826
27.9694
27.9957
27.9825
27.9768
27.9869
27.9424
27.9547
27.9752
27.9678
27.974
27.9775
27.9652
27.9736
27.9839
27.9779
27.9531
27.9534
27.9603
27.9724
27.9525
27.9563
27.9705
27.9417
27.9391
27.96
27.9402
27.9468
27.9478
27.9562
27.9823
27.9766
27.9359
27.932
27.9599
27.956
27.9504
27.9598
27.9674
27.9376
27.9317
27.9412
27.9419
27.9212
27.9558
27.9332
27.9414
27.9382
27.9771
27.9537
27.9156
27.922
27.963
27.908
27.9355
27.9782
27.9323
27.941
27.9377
27.9598
27.9464
27.937
27.9584
27.8937
27.9242
27.9237
27.9338
27.9375
27.9294
27.9487
27.933
27.9719
27.9612
27.911
27.9129
27.9184
27.8879
27.9283
27.9253
27.8861
27.9226
27.9204
27.9035
27.9063
27.9089
27.9196
27.8893
27.9225
27.8644
27.8926
27.9254
27.908
27.9229
27.8971
27.9034
27.9121
27.9184
27.8778
27.9307
27.911
27.9235
27.9094
27.8898
27.9332
27.8876
27.896
27.8939
27.9038
27.894
27.8995
27.8868
27.8782
27.8816
27.8803
27.8972
27.8699
27.8677
27.8591
27.8888
27.886
27.8677
27.8691
27.8833
27.8953
27.8775
27.8491
27.8746
27.8428
27.8903
27.9008
27.8605
27.8651
27.9009
27.8839
27.8711
27.8841
27.8685
27.8512
27.8718
27.8698
27.8485
27.8719
27.8823
27.8484
27.8502
27.8791
27.8416
27.8576
27.8455
27.8472
27.8288
27.8065
27.8616
27.8337
27.8326
27.8325
27.8073
27.846
27.8347
27.8477
27.8602
27.8366
27.848
27.8318
27.8044
27.838
27.8544
27.844
27.8533
27.8853
27.8324
27.843
27.838
27.8093
27.8752
27.8248
27.861
27.867
27.8458
27.8449
27.8684
27.8528
27.8583
27.8215
27.843
27.8441
27.8506
27.8372
27.8612
27.8552
27.8748
27.8367
27.87
27.8565
27.8419
27.8435
27.8377
27.8669
27.8544
27.8602
27.8451
27.8508
27.8446
27.8463
27.8356
27.8515
27.867
27.846
27.8401
27.843
27.857
27.8379
27.8195
27.8182
27.8351
27.8188
27.8227
27.819
27.8102
27.8106
27.8013
27.8265
27.7832
27.7951
27.8201
27.8215
27.8287
27.8005
27.8106
27.8401
27.8131
27.8244
27.803
27.8356
27.8187
27.8415
27.8141
27.8631
27.8404
27.8013
27.8111
27.8163
27.8032
27.8015
27.8021
27.8252
27.8162
27.8058
27.7999
27.8277
27.8122
27.7885
27.7895
27.8053
27.7866
27.8053
27.8221
27.8177
27.7818
27.8296
27.7655
27.7872
27.7996
27.8256
27.8339
27.8113
27.7866
27.7937
27.809
27.8272
27.803
27.7885
27.8047
27.8072
27.8258
27.8178
27.8104
27.7699
27.8041
27.8122
27.8059
27.8162
27.8114
27.8151
27.8174
27.815
27.8187
27.8299
27.827
27.7895
27.8037
27.7931
27.8056
27.797
27.7788
27.8149
27.7657
27.8142
27.8135
27.7988
27.7998
27.8193
27.7738
27.7896
27.8254
27.7757
27.803
27.7966
27.8049
27.8006
27.7727
27.8103
27.7997
27.8073
27.8004
27.8113
27.7883
27.8029
27.7881
27.7633
27.7783
27.7802
27.7815
27.7669
27.796
27.7918
27.7908
27.7835
27.7933
27.7799
27.7831
27.7839
27.7588
27.7976
27.7717
27.825
27.8266
27.7954
27.8237
27.8152
27.7971
27.7929
27.8197
27.7871
27.8134
27.8306
27.8192
27.8453
27.7934
27.7985
27.7921
27.808
27.7889
27.815
27.7833
27.778
27.8086
27.7953
27.8045
27.789
27.785
27.781
27.77
27.7677
27.7987
27.7981
27.7681
27.7827
27.8016
27.766
27.815
27.788
27.7758
27.7727
27.7638
27.7959
27.7836
27.7836
27.7776
27.774
27.7923
27.7763
27.7742
27.8171
27.7848
27.8053
27.7994
27.7612
27.7962
27.7948
27.7669
27.7706
27.7854
27.7744
27.8062
27.7579
27.8135
27.7823
27.8147
27.7757
27.801
27.784
27.7943
27.7924
27.8
27.8046
27.7682
27.7808
27.7779
27.7992
27.7944
27.7701
27.7893
27.8102
27.7767
27.7791
27.7822
27.7995
27.7889
27.7658
27.7744
27.7837
27.7817
27.8136
27.7628
27.7636
27.7546
27.7478
27.7849
27.7896
27.7789
27.7708
27.7747
27.7471
27.77
27.777
27.7719
27.7708
27.7626
27.7549
27.7602
27.8043
27.7757
27.7953
27.8247
27.7893
27.7791
27.7753
27.7706
27.7772
27.763
27.7967
27.7725
27.7574
27.7965
27.7898
27.7574
27.7468
27.7849
27.7537
27.7642
27.7525
27.7678
27.7859
27.7763
27.7724
27.7753
27.7567
27.725
27.7473
27.7594
27.7721
27.7576
27.7528
27.7757
27.7515
27.7912
27.7971
27.7679
27.7906
27.7689
27.7813
27.7884
27.7395
27.7805
27.7574
27.7844
27.7585
27.7999
27.7658
27.768
27.7585
27.7586
27.7675
27.7704
27.771
27.7591
27.7396
27.7734
27.7801
27.7575
27.7925
27.7595
27.769
27.7379
27.7598
27.7502
27.753
27.7875
27.7608
27.765
27.7585
27.7496
27.7554
27.7882
27.7476
27.7506
27.7382
27.7544
27.7459
27.7468
27.786
27.757
27.7706
27.7583
27.7843
27.7801
27.7759
27.7889
27.7608
27.7537
27.7456
27.7432
27.7545
27.7711
27.7698
27.736
27.7411
27.7704
27.7531
27.7546
27.7753
27.7378
27.7445
27.7594
27.7899
27.7587
27.7565
27.7354
27.7372
27.7651
27.7477
27.7564
27.7705
27.7489
27.7524
27.7616
27.7496
27.7437
27.7767
27.7564
27.7677
27.752
27.7617
27.7479
27.7739
27.7371
27.7625
27.7589
27.7356
27.7503
27.7411
27.7474
27.762
27.758
27.7272
27.7273
27.7362
27.7475
27.7359
27.7355
27.7448
27.7439
27.7208
27.7184
27.7673
27.7521
27.7488
27.7536
27.717
27.7738
27.7341
27.7382
27.7242
27.7606
27.7256
27.7136
27.7376
27.7267
27.7134
27.7292
27.7286
27.73
27.7745
27.7338
27.7235
27.7114
27.7333
27.739
27.7275
27.7363
27.7112
27.7406
27.7263
27.7638
27.7129
27.7584
27.7452
27.7413
27.7219
27.7371
27.7171
27.7505
27.732
27.7552
27.7377
27.7403
27.727
27.727
27.7631
27.7433
27.7559
27.7781
27.7517
27.7527
27.7423
27.74
27.7232
27.7474
27.7238
27.7518
27.7445
27.7489
27.7653
27.7158
27.747
27.7294
27.7302
27.7478
27.6884
27.6992
27.7214
27.7422
27.7426
27.7415
27.7164
27.7114
27.734
27.7166
27.7325
27.7171
27.731
27.7396
27.7133
27.7433
27.7208
27.7257
27.7219
27.7041
27.7214
27.733
27.7369
27.7145
27.7185
27.7338
27.7564
27.7357
27.7482
27.7515
27.7441
27.759
27.7327
27.733
27.7577
27.7323
27.7463
27.702
27.7304
27.7535
27.7269
27.748
27.7333
27.7257
27.7255
27.7318
27.7412
27.7436
27.7378
27.7396
27.7218
27.7074
27.7156
27.7021
27.7302
27.7632
27.7621
27.733
27.7279
27.7167
27.7217
27.7183
27.7069
27.7461
27.7148
27.7162
27.7297
27.742
27.7247
27.7517
27.7401
27.7303
27.725
27.7236
27.7276
27.7104
27.7315
27.7484
27.7086
27.7192
27.7237
27.7247
27.7415
27.7053
27.7348
27.728
27.7344
27.7424
27.7217
27.708
27.71
27.7137
27.6949
27.726
27.6934
27.702
27.7153
27.7268
27.7199
27.7161
27.71
27.7184
27.7132
27.6879
27.715
27.7417
27.7282
27.7265
27.7445
27.7326
27.6963
27.7563
27.72
27.7268
27.7155
27.7241
27.73
27.7176
27.7185
27.7281
27.704
27.7251
27.7174
27.7209
27.7164
27.7218
27.7022
27.7033
27.7257
27.7353
27.7663
27.7263
27.737
27.7072
27.7351
27.7233
27.7151
27.7145
27.7131
27.7256
27.7214
27.7277
27.7105
27.7338
27.7375
27.7304
27.7137
27.7138
27.7263
27.7244
27.7236
27.7452
27.6956
27.7113
27.7126
27.7208
27.7311
27.7433
27.7575
27.7338
27.7385
27.7088
27.7214
27.7262
27.7445
27.7308
27.7407
27.7117
27.7421
27.7208
27.7492
27.7323
27.711
27.7235
27.718
27.7132
27.7356
27.7177
27.7598
27.7256
27.7183
27.7188
27.6932
27.6819
27.7166
27.7029
27.7293
27.7204
27.7241
27.7163
27.7074
27.7104
27.7204
27.7235
27.7283
27.7252
27.7372
27.7356
27.6954
27.7048
27.7127
27.7162
27.7354
27.7089
27.7211
27.7067
27.7017
27.7022
27.7125
27.7288
27.6977
27.6882
27.7056
27.7436
27.7195
27.7329
27.7255
27.7201
27.7229
27.7249
27.7123
27.688
27.6904
27.6764
27.7202
27.7176
27.7135
27.7091
27.7105
27.7057
27.7413
27.7245
27.6585
27.695
27.6961
27.6939
27.7032
27.7221
27.6938
27.7061
27.7023
27.7218
27.7156
27.7206
27.7328
27.7209
27.7293
27.7421
27.6957
27.7262
27.6928
27.6804
27.7011
27.6975
27.7405
27.7173
27.6891
27.7255
27.6923
27.6914
27.7106
27.6998
27.6996
27.7148
27.7081
27.6909
27.7167
27.6848
27.7042
27.7123
27.7145
27.6956
27.6812
27.7197
27.6856
27.6992
27.7221
27.704
27.7104
27.712
27.707
27.6766
27.7081
27.6907
27.7033
27.7178
27.6999
27.7006
27.6862
27.7084
27.6979
27.6905
27.7154
27.7146
27.7192
27.6879
27.7471
27.7333
27.7213
27.7114
27.7029
27.7118
27.7318
27.7095
27.6866
27.709
27.706
27.7262
27.697
27.7154
27.6906
27.7476
27.7037
27.6839
27.7253
27.713
27.726
27.714
27.7041
27.729
27.7183
27.7166
27.7342
27.7199
27.7037
27.7057
27.7014
27.6929
27.7087
27.7061
27.6921
27.704
27.6997
27.7286
27.681
27.7
27.6958
27.7357
27.6821
27.6999
27.7223
27.714
27.6817
27.697
27.7169
27.7208
27.71
27.6892
27.6857
27.6912
27.7066
27.6938
27.7099
27.7235
27.678
27.6949
27.7167
27.7065
27.7191
27.7114
27.7169
27.6962
27.6991
27.7198
27.7025
27.7226
27.6865
27.7164
27.7103
27.6905
27.6954
27.7198
27.703
27.6887
27.7105
27.7142
27.7136
27.6931
27.7149
27.6831
27.7272
27.7253
27.722
27.6813
27.7172
27.7172
27.7149
27.6699
27.6967
27.7074
27.681
27.7323
27.7041
27.7265
27.7059
27.7224
27.7027
27.7006
27.7161
27.7095
27.7354
27.6982
27.703
27.6936
27.7232
27.6887
27.7046
27.6987
27.6743
27.7129
27.6892
27.6824
27.7243
27.6746
27.7014
27.6742
27.6719
27.666
27.7207
27.6482
27.7121
27.7268
27.7053
27.7044
27.7241
27.7145
27.7456
27.7234
27.7143
27.7062
27.7312
27.6943
27.7064
27.7138
27.7003
27.7046
27.7562
27.7088
27.7322
27.7292
27.7119
27.7102
27.7107
27.6735
27.695
27.7144
27.7018
27.7276
27.6918
27.7009
27.7009
27.6815
27.6664
27.6957
27.6975
27.6778
27.6898
27.7079
27.6803
27.6962
27.7144
27.7002
27.7273
27.7328
27.7295
27.7008
27.7209
27.6899
27.6998
27.7171
27.7038
27.6872
27.7077
27.7014
27.7131
27.68
27.6782
27.6962
27.7012
27.7097
27.6915
27.6945
27.6841
27.6939
27.6853
27.7061
27.6841
27.6853
27.6879
27.7197
27.7351
27.6621
27.6819
27.6904
27.7021
27.706
27.6862
27.702
27.727
27.6839
27.7103
27.7073
27.7017
27.693
27.6673
27.6819
27.6636
27.6951
27.7067
27.6983
27.6994
27.6702
27.7027
27.7016
27.7055
27.7011
27.6776
27.6976
27.6974
27.7209
27.713
27.727
27.6869
27.6776
27.6919
27.6921
27.6991
27.6869
27.6938
27.6706
27.6794
27.6877
27.6862
27.6818
27.7193
27.6877
27.6766
27.6852
27.7093
27.6638
27.675
27.6724
27.6685
27.6746
27.6664
27.6701
27.6882
27.6763
27.7084
27.6704
27.6981
27.6841
27.7105
27.6924
27.6816
27.6801
27.7014
27.7025
27.7134
27.6839
27.7166
27.6809
27.6969
27.6886
27.6767
27.7008
27.6955
27.6854
27.7068
27.7186
27.7264
27.7086
27.6872
27.7239
27.7026
27.7102
27.6789
27.6744
27.684
27.6994
27.7097
27.6905
27.7161
27.716
27.6965
27.7239
27.7054
27.6948
27.7111
27.7008
27.6721
27.6805
27.7009
27.6873
27.6805
27.6972
27.6883
27.7092
27.6863
27.707
27.6778
27.6595
27.7103
27.7129
27.6979
27.6917
27.6923
27.6973
27.7275
27.6994
27.7339
27.7143
27.6803
27.6902
27.7203
27.6743
27.7134
27.6829
27.7128
27.6969
27.7058
27.6991
27.6892
27.6916
27.6795
27.7054
27.6794
27.7239
27.7251
27.7305
27.6954
27.7266
27.7113
27.7465
27.7327
27.7047
27.7018
27.6952
27.7151
27.6964
27.6928
27.723
27.7123
27.7078
27.7167
27.7174
27.6879
27.6814
27.7135
27.6672
27.7123
27.6859
27.7277
27.6727
27.6697
27.6805
27.7182
27.6923
27.6568
27.7134
27.6815
27.6932
27.6552
27.6437
27.6917
27.6676
27.6732
27.6565
27.6671
27.7076
27.7046
27.6988
27.6651
27.7059
27.6637
27.6361
27.669
27.6959
27.6773
27.6451
27.687
27.6845
27.6929
27.6973
27.6956
27.6968
27.6757
27.6749
27.6989
27.6932
27.6896
27.6881
27.7012
27.7161
27.6876
27.6945
27.7024
27.6853
27.713
27.6996
27.6904
27.6938
27.6688
27.7003
27.697
27.692
27.7092
27.7244
27.7195
27.7218
27.7078
27.6708
27.6955
27.6776
27.6997
27.6746
27.6962
27.7162
27.7169
27.6869
27.6749
27.7084
27.7055
27.6931
27.6878
27.6961
27.684
27.6827
27.6968
27.6507
27.6891
27.6553
27.7315
27.7176
27.6811
27.7073
27.6816
27.6994
27.7055
27.703
27.7013
27.6662
27.7097
27.6878
27.6947
27.679
27.6757
27.7001
27.7022
27.6957
27.6793
27.7009
27.6725
27.6617
27.6764
27.6839
27.7002
27.7052
27.6956
27.6478
27.6814
27.6761
27.6863
27.6913
27.6925
27.6618
27.6622
27.6669
27.6822
27.6892
27.6743
27.683
27.7352
27.6603
27.6656
27.6794
27.6849
27.7038
27.6637
27.6657
27.6491
27.6765
27.6612
27.6709
27.6648
27.6875
27.6661
27.6705
27.669
27.7027
27.6561
27.6742
27.6691
27.6846
27.6693
27.7045
27.6935
27.6625
27.6823
27.6752
27.6848
27.6676
27.6739
27.6672
27.7206
27.6828
27.7029
27.6827
27.6993
27.6878
27.6718
27.73
27.6643
27.6801
27.7078
27.6805
27.7016
27.6906
27.7155
27.6841
27.7061
27.697
27.6657
27.6857
27.6843
27.6935
27.6766
27.6546
27.6745
27.6817
27.6979
27.6724
27.68
27.7069
27.676
27.6732
27.6622
27.6837
27.6935
27.7112
27.6694
27.723
27.7187
27.6751
27.6956
27.6711
27.6882
27.7056
27.6899
27.7101
27.6861
27.7281
27.706
27.6947
27.7059
27.6867
27.6929
27.6974
27.7269
27.7231
27.6706
27.7088
27.7158
27.7244
27.6783
27.7073
27.705
27.7124
27.6941
27.7036
27.6938
27.6904
27.737
27.7088
27.6687
27.6793
27.6935
27.675
27.6772
27.674
27.6957
27.6657
27.6724
27.6785
27.6638
27.6584
27.6917
27.6862
27.6917
27.679
27.6513
27.6612
27.6779
27.6593
27.6738
27.6652
27.674
27.6524
27.6588
27.6664
27.6382
27.6776
27.6527
27.6845
27.6455
27.6825
27.6785
27.6901
27.6818
27.6608
27.6813
27.6683
27.6478
27.6735
27.6408
27.665
27.655
27.67
27.6688
27.6554
27.6435
27.672
27.6636
27.6534
27.6645
27.6953
27.7
27.6902
27.6595
27.6928
27.703
27.6916
27.7188
27.7039
27.6988
27.6988
27.7052
27.7074
27.6763
27.6915
27.6934
27.6786
27.637
27.681
27.6847
27.6654
27.6633
27.6917
27.672
27.6598
27.6635
27.6639
27.6869
27.6853
27.6794
27.6551
27.6746
27.6803
27.6729
27.6809
27.6611
27.6397
27.6594
27.6737
27.6789
27.6693
27.6814
27.6962
27.6704
27.6754
27.6896
27.6656
27.6615
27.6825
27.6692
27.6799
27.6915
27.6705
27.677
27.6723
27.685
27.6758
27.6439
27.6427
27.6906
27.6657
27.6883
27.6699
27.6696
27.6604
27.6687
27.6561
27.7028
27.6645
27.6877
27.6982
27.6393
27.6558
27.6611
27.6948
27.6676
27.6947
27.683
27.6652
27.6755
27.6827
27.6752
27.6825
27.6751
27.6848
27.6545
27.6783
27.6671
27.6798
27.7045
27.6894
27.6851
27.6597
27.6682
27.6559
27.6717
27.6748
27.6825
27.6606
27.6871
27.6894
27.6718
27.6659
27.6746
27.6649
27.6857
27.6822
27.6574
27.6773
27.7016
27.6812
27.6624
27.6656
27.6799
27.682
27.6728
27.7034
27.6575
27.6846
27.6915
27.691
27.684
27.7135
27.6955
27.6709
27.6826
27.7087
27.695
27.704
27.7052
27.6915
27.68
27.652
27.6541
27.6661
27.6868
27.7009
27.6728
27.6946
27.6848
27.6899
27.663
27.6704
27.683
27.6792
27.6911
27.6857
27.6487
27.6695
27.67
27.6963
27.6667
27.6681
27.672
27.6862
27.6865
27.6877
27.7043
27.6429
27.6838
27.6893
27.665
27.6944
27.6823
27.6739
27.6959
27.6667
27.701
27.6805
27.6999
27.6769
27.6736
27.7065
27.6692
27.6893
27.7174
27.6871
27.6856
27.6764
27.6495
27.6789
27.667
27.6883
27.6962
27.6797
27.6641
27.679
27.7127
27.6863
27.6723
27.6984
27.6441
27.7032
27.6884
27.6891
27.6683
27.677
27.6937
27.669
27.6847
27.6812
27.7013
27.6813
27.6617
27.6748
27.6698
27.6697
27.6907
27.6788
27.682
27.6456
27.6732
27.6748
27.665
27.6698
27.6576
27.6763
27.6847
27.654
27.649
27.6482
27.6823
27.6777
27.671
27.676
27.7026
27.7081
27.6648
27.6762
27.6727
27.6595
27.683
27.6639
27.6837
27.6986
27.6865
27.662
27.647
27.651
27.6899
27.71
27.7119
27.6735
27.6921
27.655
27.6881
27.6556
27.7104
27.6684
27.6887
27.6731
27.6923
27.6933
27.6698
27.6952
27.702
27.6741
27.7042
27.6536
27.6889
27.6661
27.6835
27.6714
27.6773
27.6594
27.6459
27.6292
27.6687
27.6846
27.6678
27.6589
27.6672
27.6775
27.6577
27.6814
27.6712
27.6808
27.6697
27.6771
27.6707
27.6572
27.6653
27.6864
27.6839
27.6754
27.6998
27.6413
27.6498
27.6495
27.6759
27.6568
27.6813
27.6607
27.6734
27.7029
27.6827
27.6429
27.669
27.6689
27.6695
27.6751
27.6752
27.6725
27.6828
27.6839
27.6687
27.67
27.6997
27.6898
27.663
27.6493
27.6757
27.6731
27.6787
27.6639
27.6769
27.6933
27.6983
27.6799
27.7415
27.6891
27.6987
27.6984
27.7216
27.7047
27.6984
27.6904
27.6799
27.6517
27.6839
27.6865
27.663
27.6888
27.6708
27.6776
27.6355
27.66
27.6768
27.6868
27.6545
27.6453
27.701
27.7002
27.6734
27.6474
27.6626
27.6675
27.6643
27.6766
27.6731
27.6678
27.6711
27.7062
27.6936
27.6844
27.6649
27.6462
27.6806
27.6786
27.6792
27.6796
27.6693
27.6745
27.666
27.6765
27.6745
27.6782
27.6614
27.6866
27.6622
27.6678
27.6675
27.6721
27.6601
27.668
27.6874
27.645
27.6801
27.6498
27.6474
27.6852
27.6825
27.6852
27.7128
27.6805
27.6985
27.6697
27.6914
27.6694
27.6947
27.6935
27.6776
27.6877
27.6329
27.7003
27.6626
27.69
27.6795
27.6644
27.6635
27.6556
27.6756
27.6699
27.6639
27.6803
27.675
27.6685
27.6824
27.6689
27.6562
27.6525
27.6886
27.6856
27.6609
27.6589
27.6448
27.6768
27.6817
27.6742
27.6847
27.7037
27.6523
27.6607
27.6591
27.6699
27.6533
27.67
27.6647
27.6397
27.6706
27.6637
27.7248
27.6626
27.6829
27.6639
27.6854
27.6757
27.6782
27.6784
27.6675
27.6829
27.6804
27.6988
27.6796
27.6642
27.674
27.6879
27.6564
27.691
27.6418
27.6903
27.6827
27.6625
27.6659
27.6721
27.6703
27.6529
27.6797
27.6588
27.6493
27.6753
27.6763
27.7167
27.6705
27.6967
27.6814
27.6985
27.686
27.6915
27.6428
27.6634
27.6839
27.6602
27.6675
27.6841
27.6658
27.698
27.6561
27.6798
27.6727
27.6636
27.6863
27.6718
27.6501
27.6807
27.6691
27.6664
27.6818
27.6787
27.6765
27.6484
27.6759
27.6881
27.6884
27.6701
27.6731
27.6698
27.6897
27.6717
27.6584
27.6543
27.6898
27.6769
27.6971
27.6826
27.678
27.6877
27.6531
27.6596
27.6751
27.6789
27.6651
27.6739
27.6883
27.6826
27.6666
27.6554
27.6515
27.6682
27.6893
27.6602
27.6758
27.6433
27.6611
27.662
27.6962
27.6884
27.666
27.6828
27.6789
27.6571
27.6938
27.694
27.6801
27.6937
27.6622
27.6763
27.6559
27.6641
27.6525
27.6819
27.6708
27.6608
27.6476
27.666
27.687
27.6629
27.6826
27.6651
27.6571
27.6838
27.6932
27.6638
27.6735
27.6551
27.6784
27.6745
27.6836
27.666
27.6566
27.6341
27.6715
27.6805
27.6688
27.6452
27.6681
27.6639
27.682
27.6756
27.6707
27.6846
27.6863
27.6793
27.6831
27.697
27.6725
27.6813
27.6295
27.6589
27.6684
27.665
27.6729
27.6465
27.6446
27.6589
27.6841
27.6702
27.6891
27.7015
27.7089
27.6743
27.6812
27.6675
27.6362
27.6888
27.6859
27.6596
27.6902
27.6716
27.6675
27.6586
27.6358
27.6492
27.6577
27.6808
27.6942
27.6723
27.6962
27.7157
27.6726
27.684
27.673
27.665
27.6857
27.697
27.6906
27.6795
27.6848
27.667
27.667
27.7083
27.7071
27.674
27.6447
27.662
27.6803
27.6927
27.6603
27.7072
27.6734
27.6867
27.6726
27.6678
27.6645
27.6901
27.6765
27.6535
27.6411
27.6696
27.6814
27.6488
27.6812
27.6695
27.6649
27.6826
27.66
27.6555
27.6695
27.6659
27.6553
27.6677
27.6737
27.6672
27.6813
27.667
27.6396
27.6422
27.6808
27.6925
27.6604
27.6518
27.6564
27.6865
27.6271
27.6527
27.6425
27.6421
27.642
27.6393
27.6799
27.6706
27.6567
27.6639
27.667
27.6809
27.6786
27.647
27.657
27.6559
27.6516
27.6686
27.6597
27.6611
27.6881
27.6832
27.666
27.6915
27.6679
27.6691
27.6878
27.6567
27.6596
27.6748
27.6607
27.689
27.6548
27.6965
27.7063
27.6579
27.6722
27.6868
27.6873
27.7129
27.6675
27.6918
27.6795
27.6942
27.6991
27.6633
27.6643
27.6614
27.6605
27.6795
27.6657
27.7075
27.7264
27.6976
27.744
27.741
27.7261
27.7275
27.7575
27.7682
27.7624
27.734
27.7157
27.7367
27.7174
27.6715
27.7096
27.7081
27.6657
27.6769
27.6467
27.6799
27.6922
27.6703
27.6728
27.6922
27.6827
27.6766
27.6901
27.6517
27.6771
27.6748
27.6937
27.7078
27.6694
27.6985
27.6972
27.6841
27.6806
27.669
27.6673
27.6943
27.6961
27.7092
27.7049
27.6943
27.6862
27.6682
27.658
27.694
27.6801
27.6761
27.6716
27.7035
27.6748
27.6578
27.6652
27.6618
27.6664
27.6739
27.644
27.6832
27.6764
27.6906
27.6705
27.6739
27.685
27.6564
27.6861
27.6526
27.6945
27.6743
27.6891
27.6952
27.6739
27.6747
27.6603
27.6784
27.6845
27.6839
27.6488
27.6562
27.6553
27.6684
27.6658
27.6752
27.7033
27.674
27.6561
27.7019
27.6809
27.682
27.6775
27.6735
27.6953
27.6816
27.6873
27.6566
27.6374
27.693
27.6634
27.6864
27.6879
27.6491
27.663
27.6581
27.7141
27.7104
27.6885
27.6863
27.6657
27.7125
27.703
27.7109
27.7119
27.7041
27.7144
27.7027
27.6847
27.7115
27.6696
27.6556
27.6841
27.6676
27.6528
27.6745
27.6783
27.6975
27.7023
27.7092
27.6994
27.6628
27.6667
27.6713
27.6566
27.6884
27.6724
27.6591
27.6594
27.674
27.6884
27.6622
27.6758
27.6872
27.6836
27.6767
27.6859
27.6549
27.6954
27.6855
27.6683
27.657
27.6715
27.6877
27.6824
27.6715
27.6707
27.6546
27.6547
27.6589
27.6896
27.6692
27.654
27.6954
27.6884
27.6597
27.6752
27.653
27.678
27.6609
27.6609
27.6737
27.6851
27.6639
27.6936
27.6744
27.6765
27.6826
27.6824
27.6801
27.7193
27.6841
27.671
27.7183
27.6691
27.6837
27.6839
27.6571
27.6941
27.6828
27.6626
27.6581
27.6498
27.6449
27.6479
27.6639
27.6468
27.6744
27.6869
27.6678
27.685
27.6466
27.7044
27.7022
27.6585
27.6506
27.6559
27.6646
27.6786
27.668
27.6839
27.671
27.652
27.6488
27.6434
27.6761
27.6603
27.6748
27.6696
27.661
27.6667
27.6212
27.6572
27.6687
27.6793
27.6339
27.6427
27.6621
27.6648
27.6745
27.6486
27.6545
27.6533
27.6598
27.653
27.6997
27.6489
27.672
27.6521
27.6604
27.6904
27.66
27.6751
27.6844
27.666
27.6535
27.6816
27.6706
27.6767
27.6916
27.6862
27.6694
27.6623
27.6744
27.6555
27.6666
27.6607
27.6668
27.6504
27.6735
27.6669
27.6695
27.6569
27.6486
27.6563
27.7074
27.7
27.6764
27.7039
27.666
27.6883
27.6671
27.6691
27.6671
27.6509
27.6635
27.6529
27.6635
27.6449
27.663
27.6357
27.6772
27.6684
27.6884
27.686
27.6852
27.6785
27.6927
27.6771
27.7068
27.6693
27.6819
27.6619
27.664
27.6884
27.6556
27.6355
27.6913
27.6748
27.6833
27.6675
27.6688
27.6405
27.6518
27.6505
27.6588
27.6754
27.6515
27.6822
27.6828
27.6668
27.692
27.6813
27.6562
27.6623
27.6696
27.6715
27.6697
27.6932
27.6967
27.6916
27.7119
27.6593
27.6752
27.6772
27.6742
27.6845
27.6837
27.6701
27.6506
27.6676
27.6903
27.6714
27.6908
27.6668
27.6546
27.6585
27.6896
27.676
27.6657
27.6886
27.6806
27.7018
27.7007
27.6932
27.6839
27.6527
27.6932
27.6962
27.6692
27.6728
27.6994
27.6954
27.6934
27.6723
27.6605
27.685
27.6964
27.6844
27.6902
27.6757
27.6685
27.6796
27.6889
27.6906
27.6879
27.6569
27.6795
27.6836
27.6741
27.6801
27.6703
27.6637
27.6772
27.7078
27.6927
27.6859
27.6668
27.6812
27.6888
27.703
27.6872
27.6699
27.6724
27.6754
27.6836
27.6658
27.6835
27.7062
27.693
27.6754
27.674
27.6816
27.6948
27.6719
27.6714
27.6922
27.6638
27.659
27.6331
27.6744
27.6624
27.6731
27.6694
27.6502
27.6581
27.6447
27.6314
27.6485
27.6592
27.6733
27.643
27.651
27.6409
27.6613
27.6576
27.6977
27.6615
27.6645
27.6718
27.6733
27.6635
27.6581
27.6677
27.6749
27.6395
27.6746
27.6581
27.6708
27.667
27.6817
27.6456
27.6396
27.6651
27.6501
27.6789
27.6877
27.6672
27.688
27.6802
27.6891
27.6616
27.7074
27.6746
27.6765
27.6755
27.6602
27.6653
27.6728
27.6579
27.686
27.6274
27.6464
27.6836
27.674
27.6766
27.6684
27.6702
27.6946
27.6892
27.6794
27.6736
27.7007
27.7016
27.6565
27.6848
27.7039
27.7077
27.6759
27.6886
27.6979
27.676
27.6912
27.6821
27.6885
27.6994
27.6823
27.6519
27.6591
27.6799
27.6811
27.6778
27.628
27.6362
27.6444
27.6799
27.6978
27.6549
27.6593
27.6641
27.663
27.6661
27.6369
27.637
27.6283
27.6824
27.6459
27.6718
27.6447
27.664
27.631
27.6614
27.6696
27.6985
27.6738
27.6793
27.6848
27.6563
27.6842
27.7053
27.6909
27.6508
27.6806
27.6763
27.6771
27.6601
27.6506
27.6858
27.6775
27.6569
27.6746
27.6967
27.6988
27.6851
27.709
27.6741
27.7003
27.6682
27.6789
27.6292
27.659
27.6445
27.6643
27.6825
27.6858
27.6874
27.6896
27.676
27.658
27.6872
27.6701
27.6679
27.7051
27.6808
27.7077
27.658
27.6902
27.699
27.6638
27.6698
27.6549
27.6921
27.7181
27.666
27.6653
27.6516
27.6745
27.6968
27.6869
27.6979
27.6957
27.6713
27.676
27.7013
27.6814
27.6892
27.7075
27.7102
27.7129
27.6787
27.6601
27.6916
27.6712
27.68
27.706
27.6709
27.6739
27.705
27.6773
27.6882
27.6975
27.6891
27.6827
27.6754
27.6652
27.6712
27.6794
27.6952
27.7001
27.6709
27.6683
27.7177
27.7273
27.6658
27.6902
27.6844
27.6591
27.6879
27.6879
27.6994
27.6696
27.6427
27.6821
27.6725
27.678
27.667
27.6812
27.6403
27.6665
27.6847
27.6821
27.6722
27.6739
27.6664
27.6712
27.6826
27.6871
27.6565
27.6646
27.6848
27.6646
27.6759
27.6508
27.6769
27.6524
27.6645
27.6753
27.6915
27.6523
27.665
27.7049
27.6627
27.6163
27.6676
27.6822
27.6713
27.6681
27.6581
27.6484
27.6487
27.6445
27.6571
27.6664
27.6617
27.661
27.6372
27.6562
27.6742
27.6284
27.6497
27.6574
27.6625
27.6688
27.6362
27.6485
27.6692
27.6612
27.648
27.6482
27.6518
27.6329
27.6411
27.6604
27.6898
27.6238
27.6394
27.6728
27.7002
27.6728
27.6921
27.6587
27.6894
27.6536
27.6804
27.7091
27.7476
27.7367
27.7314
27.7544
27.7403
27.7235
27.7177
27.706
27.7261
27.7062
27.7006
27.7178
27.7402
27.7111
27.7081
27.7082
27.6892
27.6987
27.6761
27.7039
27.6601
27.6926
27.6917
27.6571
27.6871
27.6625
27.6535
27.7026
27.6557
27.6656
27.6194
27.6648
27.6588
27.7126
27.6843
27.6849
27.7106
27.6839
27.664
27.6893
27.6475
27.6861
27.6974
27.6798
27.6692
27.6915
27.6614
27.6779
27.6646
27.6825
27.6861
27.7006
27.6932
27.6857
27.6851
27.6718
27.6625
27.7
27.6474
27.6834
27.6845
27.6415
27.6425
27.6605
27.6875
27.6668
27.6993
27.6581
27.6978
27.6804
27.66
27.7007
27.638
27.6579
27.6388
27.6802
27.6958
27.6538
27.6709
27.655
27.6821
27.6587
27.6897
27.6528
27.6667
27.6708
27.6675
27.6645
27.6736
27.6856
27.6627
27.6651
27.6541
27.6453
27.6256
27.6579
27.6558
27.6868
27.6469
27.6315
27.6456
27.6382
27.6242
27.6523
27.6462
27.6714
27.6649
27.6652
27.6717
27.6708
27.672
27.6686
27.691
27.6608
27.6606
27.6768
27.6768
27.6652
27.6667
27.6636
27.696
27.7046
27.6729
27.6909
27.6772
27.6474
27.6732
27.6874
27.6786
27.6663
27.6943
27.6443
27.6629
27.6641
27.6888
27.6506
27.6545
27.6674
27.6562
27.6808
27.6594
27.6653
27.6464
27.6474
27.6788
27.6196
27.6619
27.6335
27.6269
27.6485
27.6292
27.7009
27.6635
27.6463
27.6263
27.6528
27.7025
27.6918
27.6463
27.6494
27.6846
27.6548
27.6699
27.6727
27.6737
27.6555
27.6664
27.6375
27.6588
27.6889
27.6684
27.6581
27.67
27.6801
27.6677
27.6781
27.6775
27.7184
27.6735
27.6642
27.6955
27.6862
27.6592
27.6654
27.6989
27.6625
27.6598
27.6743
27.6775
27.6891
27.6855
27.6822
27.6963
27.6745
27.6714
27.7011
27.6639
27.7094
27.6792
27.6817
27.6664
27.679
27.67
27.6822
27.6615
27.6723
27.7023
27.6963
27.6899
27.6539
27.6448
27.6569
27.6485
27.633
27.6879
27.7085
27.6795
27.6851
27.705
27.6769
27.705
27.6504
27.6677
27.6548
27.6601
27.6728
27.6643
27.6931
27.6908
27.6794
27.6904
27.6882
27.6572
27.6698
27.7078
27.7116
27.6767
27.6755
27.687
27.6892
27.6713
27.7055
27.6844
27.6611
27.6506
27.6831
27.6672
27.6602
27.6621
27.6534
27.6554
27.6672
27.6202
27.6779
27.6604
27.6456
27.6802
27.6494
27.6473
27.651
27.6472
27.6681
27.6875
27.6805
27.6483
27.6526
27.631
27.6742
27.6222
27.6532
27.6459
27.6606
27.6767
27.6848
27.7066
27.6964
27.689
27.7017
27.6875
27.6831
27.6815
27.6959
27.684
27.6525
27.672
27.6832
27.6732
27.6873
27.6522
27.6795
27.6693
27.652
27.6803
27.6654
27.6722
27.6944
27.6758
27.6656
27.6893
27.7012
27.7221
27.6852
27.7093
27.6938
27.6782
27.6765
27.6699
27.676
27.6871
27.7011
27.6624
27.6784
27.7193
27.6585
27.7126
27.6783
27.6651
27.699
27.6812
27.6916
27.7065
27.7326
27.6956
27.6928
27.7273
27.704
27.719
27.76
27.766
27.7392
27.762
27.7587
27.8294
27.8385
27.8273
27.8099
27.7773
27.7506
27.7527
27.7391
27.7421
27.7
27.708
27.7241
27.7157
27.6804
27.7315
27.6784
27.6856
27.6882
27.652
27.6852
27.6854
27.6573
27.6654
27.6805
27.6234
27.6661
27.684
27.6561
27.6686
27.6624
27.6835
27.6815
27.6858
27.6599
27.6484
27.6608
27.6591
27.6761
27.681
27.6693
27.6643
27.6891
27.7329
27.6939
27.7024
27.686
27.7054
27.6916
27.7349
27.6655
27.6603
27.6841
27.6492
27.6697
27.655
27.6534
27.6473
27.6455
27.64
27.6486
27.6792
27.6613
27.6601
27.6728
27.695
27.6862
27.6293
27.6347
27.6839
27.6814
27.6712
27.6592
27.6609
27.6679
27.655
27.6814
27.7049
27.6653
27.6436
27.7052
27.6713
27.6425
27.6607
27.6371
27.6319
27.6496
27.6785
27.6998
27.6594
27.6589
27.6547
27.6733
27.6728
27.6764
27.6601
27.6633
27.6702
27.6451
27.667
27.6705
27.6947
27.6706
27.6574
27.6753
27.6832
27.6712
27.6875
27.6647
27.6655
27.675
27.7016
27.6729
27.652
27.6638
27.6722
27.6445
27.6935
27.6595
27.6515
27.6851
27.7069
27.6561
27.6651
27.6453
27.6945
27.6788
27.6725
27.673
27.6643
27.6683
27.6912
27.6826
27.7026
27.6958
27.6615
27.6707
27.6588
27.6961
27.6889
27.7064
27.6789
27.6961
27.6575
27.6691
27.6635
27.6566
27.6589
27.6639
27.6606
27.6474
27.6826
27.6506
27.6726
27.6543
27.6729
27.6775
27.6755
27.6846
27.6581
27.6752
27.6776
27.6896
27.7107
27.6886
27.6905
27.6741
27.6817
27.694
27.6508
27.6588
27.6494
27.7057
27.6713
27.6711
27.6653
27.6746
27.6625
27.6845
27.6567
27.6952
27.689
27.6562
27.6661
27.6778
27.6959
27.6938
27.6507
27.6724
27.6923
27.6798
27.6837
27.6717
27.6688
27.7053
27.7007
27.6577
27.6996
27.6912
27.7154
27.7178
27.6804
27.6991
27.672
27.6674
27.6875
27.6818
27.7115
27.6698
27.6661
27.6779
27.6918
27.6718
27.6613
27.6862
27.6837
27.6992
27.6827
27.6831
27.6532
27.6964
27.6974
27.6858
27.6844
27.7176
27.6932
27.703
27.6797
27.6785
27.688
27.7036
27.7024
27.6599
27.6552
27.7047
27.6812
27.6907
27.7199
27.6748
27.66
27.6685
27.6846
27.6451
27.6682
27.6765
27.6731
27.6913
27.6763
27.6924
27.6642
27.6773
27.6698
27.6482
27.619
27.6484
27.6371
27.6586
27.6606
27.6715
27.676
27.6423
27.6424
27.6549
27.6309
27.6646
27.6913
27.6741
27.6368
27.6848
27.6454
27.6675
27.662
27.6381
27.6599
27.622
27.6445
27.6625
27.6527
27.6515
27.6648
27.6759
27.6501
27.6951
27.6754
27.6565
27.6479
27.6724
27.6661
27.6591
27.6775
27.6623
27.6617
27.6487
27.6257
27.6377
27.6382
27.6688
27.6315
27.6601
27.6712
27.6567
27.6602
27.6635
27.6571
27.6532
27.6603
27.6376
27.6767
27.6471
27.6614
27.6668
27.6698
27.682
27.6612
27.6661
27.6538
27.6476
27.6636
27.636
27.6764
27.665
27.6898
27.6773
27.6571
27.6445
27.6718
27.6814
27.6792
27.6743
27.6755
27.6767
27.694
27.6872
27.672
27.6974
27.664
27.6509
27.6698
27.6669
27.6607
27.6477
27.6519
27.6666
27.675
27.6601
27.6559
27.6692
27.6584
27.6529
27.6536
27.645
27.6696
27.6714
27.6614
27.6617
27.6497
27.6586
27.6851
27.6695
27.6721
27.682
27.6986
27.6841
27.6848
27.6758
27.6734
27.6641
27.6615
27.6811
27.6744
27.6884
27.6465
27.7034
27.6849
27.675
27.6779
27.7044
27.7089
27.6878
27.6823
27.7196
27.7094
27.6905
27.6933
27.6701
27.6816
27.6956
27.6859
27.6809
27.6781
27.6908
27.6868
27.6791
27.7127
27.7062
27.7016
27.7109
27.6812
27.6756
27.6777
27.681
27.6797
27.6943
27.7074
27.672
27.6899
27.6844
27.7043
27.717
27.7036
27.7177
27.7025
27.68
27.6852
27.6979
27.6965
27.6762
27.6863
27.689
27.6726
27.7066
27.6911
27.7079
27.6734
27.6834
27.6855
27.6423
27.6623
27.6692
27.6738
27.673
27.6772
27.6437
27.686
27.6833
27.6581
27.6751
27.6836
27.6598
27.6883
27.667
27.6948
27.6806
27.6623
27.6553
27.6837
27.6827
27.6978
27.6914
27.691
27.666
27.6598
27.6828
27.6919
27.6819
27.7064
27.7077
27.7095
27.6901
27.7114
27.7027
27.7067
27.7046
27.6858
27.6711
27.6921
27.6598
27.6813
27.6895
27.6687
27.6646
27.6644
27.6709
27.7069
27.6953
27.6889
27.6897
27.6752
27.6945
27.7002
27.6591
27.6822
27.6901
27.6782
27.7074
27.6922
27.7035
27.6739
27.7075
27.6937
27.6762
27.6902
27.6527
27.6886
27.6899
27.6989
27.6428
27.6783
27.6777
27.6784
27.6676
27.6783
27.7131
27.7071
27.7015
27.7077
27.7053
27.7228
27.7161
27.7891
27.7728
27.8069
27.7879
27.7992
27.7745
27.8019
27.7805
27.7989
27.7489
27.7636
27.7014
27.6814
27.707
27.6879
27.688
27.7123
27.6745
27.672
27.7045
27.6935
27.7094
27.7248
27.7253
27.6932
27.6936
27.7155
27.6679
27.7024
27.6811
27.6583
27.6889
27.7176
27.6849
27.6953
27.6758
27.6848
27.7188
27.7054
27.7208
27.6988
27.6954
27.697
27.6942
27.7019
27.6868
27.6861
27.6777
27.6623
27.6687
27.6591
27.6819
27.6626
27.6548
27.6712
27.6509
27.6444
27.6525
27.6437
27.6653
27.6592
27.653
27.6763
27.6673
27.6793
27.6837
27.7166
27.6716
27.6847
27.6912
27.7109
27.6846
27.7037
27.6936
27.6711
27.6353
27.6619
27.6732
27.6596
27.6637
27.6786
27.656
27.6581
27.6796
27.6666
27.6801
27.679
27.6823
27.6569
27.6993
27.6507
27.6785
27.6611
27.6572
27.6521
27.6732
27.678
27.6621
27.649
27.6427
27.6731
27.6986
27.691
27.7081
27.6877
27.7136
27.7263
27.6796
27.6781
27.6658
27.6792
27.6695
27.6572
27.6571
27.6912
27.6661
27.6782
27.6774
27.6922
27.69
27.6643
27.6703
27.6593
27.6789
27.6789
27.6886
27.705
27.6933
27.687
27.6956
27.6547
27.6822
27.6381
27.6673
27.6743
27.6623
27.6624
27.6487
27.6565
27.6698
27.6613
27.609
27.6609
27.6634
27.6439
27.6717
27.6752
27.6788
27.6664
27.6665
27.651
27.6357
27.6535
27.6746
27.682
27.672
27.663
27.6579
27.6725
27.6742
27.6895
27.698
27.6737
27.6732
27.6721
27.6814
27.6791
27.6758
27.686
27.6563
27.6681
27.7136
27.692
27.657
27.6707
27.654
27.6545
27.6488
27.6482
27.6517
27.6555
27.6593
27.6885
27.6575
27.6612
27.6812
27.6811
27.6653
27.6794
27.6766
27.6864
27.6573
27.6715
27.6774
27.6706
27.6859
27.6592
27.6426
27.6748
27.6464
27.676
27.6626
27.6598
27.6462
27.6574
27.6495
27.6529
27.6342
27.6381
27.6402
27.6374
27.667
27.651
27.6482
27.6462
27.6329
27.6126
27.6582
27.6368
27.6593
27.6714
27.6721
27.6647
27.6509
27.6597
27.6562
27.6508
27.6609
27.6431
27.6501
27.6438
27.6528
27.6661
27.6531
27.6379
27.6711
27.6616
27.6741
27.68
27.6791
27.6657
27.664
27.6493
27.6633
27.6596
27.6425
27.6416
27.635
27.6515
27.6499
27.6575
27.673
27.6953
27.6668
27.6363
27.6545
27.6546
27.6481
27.6464
27.674
27.6919
27.6732
27.6842
27.6752
27.6592
27.6693
27.679
27.6703
27.6554
27.6738
27.6975
27.6555
27.6591
27.6624
27.6697
27.6874
27.7054
27.6962
27.6882
27.6899
27.6829
27.7044
27.6956
27.6869
27.7055
27.7133
27.7086
27.7083
27.7016
27.6926
27.6669
27.7037
27.6948
27.7014
27.6677
27.7055
27.6766
27.6891
27.683
27.6928
27.6948
27.6822
27.689
27.6979
27.6524
27.6769
27.7081
27.6927
27.6923
27.7262
27.6761
27.6922
27.6848
27.671
27.6875
27.6532
27.6626
27.663
27.6891
27.6765
27.6681
27.6761
27.6794
27.6342
27.6582
27.6699
27.6711
27.6753
27.6612
27.6627
27.676
27.6576
27.6504
27.6562
27.6766
27.6752
27.6867
27.6536
27.6703
27.6763
27.6855
27.6287
27.6614
27.6632
27.6852
27.6424
27.6894
27.6784
27.6662
27.6755
27.6728
27.6675
27.6439
27.682
27.6484
27.6446
27.6299
27.6634
27.6432
27.6468
27.665
27.687
27.665
27.6539
27.6596
27.6632
27.6146
27.6877
27.6681
27.6859
27.6318
27.6462
27.6672
27.6785
27.6774
27.6693
27.6763
27.656
27.6606
27.6827
27.648
27.6844
27.6548
27.6651
27.7009
27.6612
27.6799
27.677
27.6567
27.6634
27.6491
27.6627
27.6819
27.6989
27.6761
27.6904
27.6829
27.6914
27.7196
27.6581
27.6773
27.676
27.6819
27.6644
27.6829
27.6836
27.6795
27.6568
27.6601
27.6414
27.661
27.666
27.6821
27.6531
27.6937
27.6676
27.6764
27.7142
27.7256
27.7228
27.6859
27.6703
27.6752
27.7153
27.7285
27.7512
27.8217
27.8062
27.8103
27.7826
27.7794
27.7825
27.7798
27.7692
27.7514
27.7307
27.7224
27.7202
27.6977
27.7156
27.6944
27.7229
27.7081
27.7354
27.7271
27.709
27.7086
27.6875
27.7147
27.6942
27.6806
27.6887
27.6973
27.6649
27.6732
27.6993
27.6878
27.6704
27.6908
27.6814
27.6674
27.6538
27.6702
27.6906
27.6916
27.6745
27.6711
27.6622
27.6639
27.6433
27.6904
27.686
27.6871
27.6568
27.684
27.6824
27.7023
27.6588
27.6942
27.6579
27.6673
27.6662
27.6767
27.6545
27.6435
27.6548
27.6308
27.6607
27.6794
27.6825
27.6608
27.658
27.6784
27.6703
27.6719
27.6729
27.6413
27.6493
27.652
27.6489
27.6379
27.6462
27.6624
27.656
27.6396
27.6607
27.6551
27.6427
27.6492
27.6764
27.6391
27.7041
27.6733
27.6674
27.672
27.6741
27.6359
27.674
27.6638
27.6459
27.6288
27.6496
27.6585
27.6876
27.6427
27.6654
27.6508
27.6319
27.6525
27.6594
27.6391
27.6654
27.6459
27.6488
27.6549
27.6435
27.6935
27.6509
27.6605
27.6823
27.6707
27.6935
27.6509
27.6574
27.656
27.6893
27.6546
27.6439
27.6469
27.6502
27.6478
27.6566
27.6367
27.6748
27.6357
27.6838
27.6595
27.6899
27.6245
27.6414
27.6692
27.7077
27.6454
27.6809
27.6952
27.684
27.6592
27.7302
27.6662
27.6761
27.6869
27.6782
27.697
27.6615
27.6938
27.6445
27.6892
27.6633
27.6596
27.6623
27.6101
27.655
27.6604
27.6766
27.7035
27.6989
27.6832
27.7306
27.7126
27.6841
27.6565
27.6934
27.6505
27.6513
27.673
27.6573
27.6442
27.6467
27.6818
27.6356
27.6779
27.6655
27.6661
27.6531
27.6801
27.6743
27.6596
27.6678
27.6876
27.671
27.6218
27.6385
27.681
27.6414
27.6507
27.6608
27.6702
27.6754
27.697
27.7025
27.7319
27.7187
27.7252
27.7308
27.7189
27.7075
27.6951
27.6774
27.6834
27.6885
27.6626
27.6848
27.6812
27.6884
27.6841
27.6874
27.7011
27.6999
27.6784
27.7025
27.6621
27.6627
27.6672
27.6754
27.6672
27.659
27.686
27.6479
27.657
27.6599
27.678
27.6926
27.6851
27.6527
27.6736
27.6643
27.6896
27.689
27.672
27.6683
27.6697
27.6961
27.6792
27.662
27.6896
27.6717
27.672
27.6708
27.6704
27.6443
27.6805
27.6853
27.6831
27.6781
27.6736
27.684
27.6991
27.6742
27.6998
27.6934
27.7035
27.6736
27.6643
27.6722
27.6969
27.6876
27.6958
27.6525
27.6919
27.6472
27.6414
27.7
27.6467
27.6847
27.6779
27.6546
27.6705
27.6642
27.6965
27.6846
27.6851
27.6564
27.6787
27.6729
27.6912
27.6959
27.6315
27.6662
27.667
27.6831
27.6902
27.6782
27.6831
27.6521
27.6933
27.6897
27.6665
27.681
27.6801
27.6811
27.6933
27.6845
27.6791
27.6923
27.7137
27.6996
27.695
27.6404
27.7015
27.6778
27.6946
27.6598
27.6681
27.6732
27.6983
27.7272
27.6904
27.6927
27.6991
27.6967
27.7201
27.695
27.7284
27.7079
27.713
27.745
27.7201
27.6536
27.672
27.6601
27.6815
27.6755
27.6596
27.6798
27.6776
27.6891
27.659
27.6382
27.6546
27.6544
27.6473
27.6468
27.6917
27.667
27.6769
27.688
27.6797
27.6784
27.6787
27.6723
27.6907
27.646
27.6885
27.692
27.7086
27.6823
27.6918
27.6903
27.6712
27.6597
27.6647
27.6488
27.6672
27.6662
27.6727
27.6912
27.6865
27.7063
27.6639
27.6719
27.6473
27.6563
27.6524
27.6642
27.6773
27.6814
27.7043
27.7325
27.7149
27.7086
27.689
27.6782
27.6592
27.6691
27.6817
27.6512
27.708
27.6705
27.6872
27.6986
27.6813
27.7074
27.6923
27.6825
27.6628
27.6924
27.6772
27.6467
27.6551
27.6861
27.6778
27.6864
27.7168
27.6787
27.6676
27.6717
27.6735
27.6723
27.6542
27.6464
27.6566
27.6833
27.6942
27.6737
27.6924
27.6527
27.6712
27.6496
27.6371
27.6716
27.6526
27.6797
27.6602
27.6464
27.6669
27.6846
27.6647
27.6542
27.667
27.6328
27.6698
27.6371
27.6505
27.6753
27.6577
27.6728
27.6871
27.6489
27.6532
27.6941
27.6487
27.684
27.6619
27.7159
27.6631
27.7039
27.7215
27.7141
27.6957
27.7044
27.7104
27.7124
27.6894
27.6793
27.6572
27.676
27.6922
27.6368
27.6631
27.6531
27.6872
27.6591
27.6509
27.6571
27.6691
27.6425
27.6304
27.6423
27.6645
27.6624
27.672
27.6609
27.6792
27.6605
27.6599
27.7216
27.7024
27.7486
27.7344
27.707
27.7196
27.7033
27.6821
27.6803
27.6501
27.6619
27.6507
27.6533
27.6385
27.6754
27.6667
27.6562
27.6437
27.6721
27.6829
27.6407
27.6665
27.6656
27.6604
27.666
27.6758
27.6992
27.6926
27.7137
27.7101
27.6838
27.6879
27.6743
27.6544
27.6566
27.6622
27.6395
27.6897
27.6558
27.6358
27.6574
27.6778
27.652
27.646
27.6748
27.6601
27.6839
27.6852
27.6687
27.6666
27.679
27.6561
27.6478
27.664
27.6552
27.6641
27.6737
27.6787
27.6677
27.6289
27.6562
27.6493
27.6116
27.6215
27.6363
27.6304
27.6363
27.643
27.6206
27.6494
27.6754
27.6697
27.6724
27.6756
27.6447
27.6535
27.6523
27.6456
27.6161
27.6694
27.6408
27.6801
27.6656
27.676
27.6891
27.6787
27.7026
27.6994
27.6673
27.6865
27.687
27.6586
27.6604
27.6799
27.6529
27.6546
27.6629
27.6796
27.6635
27.671
27.6459
27.6766
27.7073
27.6905
27.705
27.7228
27.7234
27.7401
27.7892
27.7793
27.8406
27.7987
27.8718
27.913
27.8471
27.8382
27.8096
27.7535
27.7118
27.7388
27.7394
27.728
27.7126
27.7079
27.6994
27.7001
27.7002
27.7137
27.6988
27.6918
27.6808
27.6873
27.7009
27.6593
27.7104
27.6728
27.6855
27.6891
27.6925
27.704
27.6873
27.7037
27.6814
27.6831
27.6502
27.6834
27.6562
27.7012
27.6801
27.6463
27.6734
27.6491
27.6423
27.6507
27.6483
27.647
27.6785
27.6561
27.6343
27.6589
27.6559
27.6626
27.6535
27.6879
27.6543
27.6621
27.6903
27.6923
27.6621
27.6845
27.6988
27.6543
27.6625
27.6593
27.6545
27.6318
27.6259
27.6319
27.6317
27.6366
27.6482
27.615
27.6326
27.6518
27.6628
27.6532
27.6654
27.6359
27.663
27.6492
27.6223
27.6786
27.6812
27.652
27.6482
27.6443
27.6497
27.654
27.6443
27.6423
27.6397
27.6396
27.652
27.6459
27.6423
27.6463
27.6428
27.6404
27.6066
27.6575
27.6535
27.6169
27.6419
27.658
27.6514
27.6702
27.6702
27.6413
27.652
27.6652
27.6672
27.6419
27.6385
27.6368
27.6633
27.6373
27.6435
27.6545
27.6671
27.6593
27.6117
27.6273
27.6306
27.6281
27.6257
27.6109
27.6197
27.6433
27.6395
27.6327
27.6598
27.6573
27.6367
27.6389
27.6693
27.6453
27.6527
27.6416
27.6687
27.6333
27.6553
27.6358
27.6361
27.6316
27.6574
27.6504
27.6577
27.6314
27.669
27.6638
27.6885
27.6767
27.6311
27.6828
27.66
27.6679
27.6436
27.6523
27.6536
27.6443
27.6257
27.6647
27.6377
27.6533
27.6534
27.654
27.6656
27.6494
27.66
27.6552
27.6325
27.6573
27.6372
27.6356
27.6537
27.653
27.6215
27.6623
27.6829
27.6607
27.6591
27.6468
27.6412
27.6464
27.6302
27.6645
27.6642
27.6753
27.656
27.6724
27.6731
27.6598
27.6499
27.6335
27.6599
27.6222
27.6404
27.6594
27.6757
27.6288
27.6294
27.649
27.6434
27.6565
27.6213
27.6215
27.6654
27.6633
27.6292
27.6526
27.6428
27.6572
27.6358
27.6639
27.6249
27.6368
27.6557
27.6573
27.6536
27.645
27.6732
27.6464
27.6658
27.6632
27.6571
27.6556
27.6559
27.6448
27.6635
27.6431
27.6668
27.6688
27.6533
27.6483
27.6646
27.6479
27.6557
27.6595
27.667
27.6262
27.6584
27.6867
27.6632
27.6518
27.626
27.6676
27.6563
27.6537
27.6894
27.6762
27.6966
27.6942
27.6865
27.6582
27.7053
27.6705
27.6442
27.6793
27.6757
27.6458
27.6581
27.647
27.6402
27.6499
27.6399
27.6532
27.6467
27.6346
27.637
27.6289
27.6236
27.6426
27.6317
27.6424
27.6298
27.6287
27.6114
27.6691
27.6329
27.6482
27.6547
27.6705
27.6334
27.6585
27.6409
27.6351
27.64
27.6592
27.6289
27.6513
27.6324
27.6427
27.635
27.6395
27.6731
27.6776
27.6601
27.657
27.6564
27.6542
27.653
27.6766
27.6743
27.6838
27.7168
27.7208
27.7212
27.6836
27.675
27.6861
27.6807
27.6624
27.6538
27.6567
27.6487
27.667
27.6686
27.6752
27.6654
27.6741
27.6446
27.6521
27.648
27.6835
27.6653
27.6414
27.6428
27.6549
27.6534
27.644
27.6545
27.6503
27.6854
27.6476
27.6606
27.6902
27.672
27.7059
27.6904
27.7103
27.6699
27.642
27.6862
27.6273
27.6467
27.6452
27.644
27.6451
27.6716
27.653
27.6352
27.6609
27.6566
27.6178
27.6702
27.6725
27.6595
27.6578
27.6486
27.6356
27.6692
27.6743
27.6491
27.6259
27.6787
27.6447
27.6694
27.6586
27.6814
27.6772
27.6691
27.6905
27.6834
27.6548
27.7055
27.679
27.6751
27.682
27.6872
27.6817
27.6603
27.6617
27.6542
27.665
27.6513
27.6449
27.6588
27.6687
27.6731
27.6541
27.6665
27.6598
27.6579
27.6772
27.6631
27.6866
27.6376
27.6455
27.6969
27.6697
27.6703
27.6521
27.6475
27.647
27.6757
27.6984
27.6559
27.6779
27.6533
27.667
27.678
27.6349
27.663
27.6463
27.6326
27.661
27.6464
27.6747
27.6632
27.6823
27.6666
27.6692
27.6779
27.6197
27.6643
27.6592
27.6606
27.6664
27.6561
27.604
27.6236
27.6466
27.6616
27.6663
27.6621
27.663
27.6597
27.6338
27.6353
27.6343
27.6526
27.639
27.6431
27.6232
27.6308
27.6573
27.637
27.614
27.6815
27.6381
27.6359
27.6871
27.6641
27.6471
27.6954
27.6752
27.6764
27.6551
27.6432
27.6698
27.6608
27.6321
27.6403
27.6443
27.6331
27.6184
27.641
27.6553
27.6474
27.6522
27.629
27.6222
27.6237
27.6297
27.6526
27.6475
27.6657
27.6725
27.6573
27.6547
27.6843
27.6997
27.7014
27.7407
27.7496
27.7621
27.7599
27.7539
27.7543
27.7337
27.7169
27.6974
27.685
27.6817
27.6675
27.6613
27.6689
27.6891
27.6882
27.6912
27.7004
27.6899
27.6689
27.6869
27.6645
27.6772
27.6694
27.6942
27.6809
27.6679
27.695
27.6935
27.6699
27.671
27.6658
27.6266
27.6448
27.662
27.6702
27.6686
27.6584
27.6622
27.6648
27.6697
27.6732
27.6912
27.6819
27.6851
27.6633
27.7013
27.6999
27.711
27.6677
27.6702
27.6313
27.6536
27.6659
27.6315
27.6482
27.6525
27.6601
27.6779
27.6806
27.6499
27.6464
27.6358
27.6521
27.6547
27.6466
27.6555
27.6692
27.6959
27.6811
27.6635
27.6628
27.6433
27.6798
27.6727
27.6405
27.6687
27.6037
27.6282
27.66
27.6737
27.6203
27.6636
27.6743
27.6638
27.6611
27.6805
27.6397
27.642
27.6228
27.6526
27.6638
27.6664
27.6717
27.6555
27.6876
27.656
27.6858
27.6712
27.659
27.6814
27.6576
27.6401
27.6719
27.6638
27.6711
27.6505
27.6521
27.6477
27.6578
27.6532
27.6594
27.6828
27.6818
27.6409
27.6589
27.6258
27.6385
27.649
27.6433
27.627
27.6256
27.6384
27.644
27.6574
27.6411
27.657
27.6729
27.6495
27.6548
27.639
27.663
27.6522
27.6649
27.6716
27.6689
27.6351
27.6637
27.6552
27.6816
27.6547
27.6434
27.6508
27.6548
27.6767
27.6659
27.662
27.6525
27.6749
27.6516
27.6761
27.6641
27.6533
27.6527
27.6874
27.6915
27.6864
27.6749
27.7296
27.7102
27.6846
27.692
27.6996
27.7012
27.6787
27.6388
27.6591
27.6515
27.6613
27.6451
27.6343
27.6637
27.6605
27.6665
27.6498
27.647
27.6578
27.6396
27.6713
27.6602
27.6728
27.6611
27.6492
27.6767
27.6798
27.6855
27.6637
27.6872
27.691
27.6619
27.6673
27.6543
27.6639
27.6789
27.6312
27.668
27.6384
27.6473
27.6328
27.6625
27.6458
27.6184
27.6672
27.6625
27.6251
27.6581
27.6883
27.6747
27.6917
27.6773
27.665
27.6774
27.6511
27.6376
27.6466
27.6577
27.6443
27.6427
27.666
27.6587
27.6718
27.673
27.6795
27.6454
27.6685
27.6389
27.61
27.6482
27.6508
27.6812
27.6382
27.6721
27.6469
27.6638
27.6802
27.6719
27.699
27.6461
27.6801
27.677
27.675
27.6943
27.7094
27.6904
27.7371
27.7365
27.7449
27.7673
27.793
27.8113
27.8024
27.8537
27.7773
27.8344
27.7899
27.7415
27.7395
27.6903
27.6745
27.6875
27.7037
27.7063
27.7034
27.6806
27.6946
27.6937
27.6853
27.7103
27.7032
27.6847
27.6926
27.6955
27.702
27.689
27.697
27.7039
27.7069
27.7434
27.7304
27.7184
27.6863
27.7003
27.7162
27.6969
27.6854
27.6861
27.6923
27.6925
27.6744
27.6524
27.6675
27.6846
27.6765
27.6724
27.657
27.6708
27.6665
27.6813
27.6781
27.6688
27.66
27.6765
27.6398
27.6667
27.7067
27.6924
27.668
27.6672
27.6824
27.6945
27.6652
27.6434
27.664
27.6348
27.6554
27.6626
27.6514
27.6613
27.6687
27.6581
27.6948
27.6635
27.681
27.6998
27.6888
27.677
27.6598
27.6596
27.6517
27.6561
27.681
27.6854
27.6668
27.6797
27.6776
27.6875
27.7059
27.6679
27.6701
27.6662
27.6603
27.6694
27.6783
27.6555
27.6301
27.6585
27.6553
27.6795
27.6744
27.6455
27.6569
27.6766
27.6722
27.6695
27.6711
27.6733
27.672
27.6495
27.6624
27.6358
27.6903
27.6469
27.6531
27.7034
27.6661
27.6761
27.6625
27.6876
27.7021
27.699
27.7188
27.6799
27.6614
27.6954
27.6787
27.6576
27.6693
27.6551
27.6549
27.6355
27.6809
27.6515
27.6845
27.6846
27.6746
27.6751
27.673
27.6647
27.6577
27.6603
27.6771
27.6791
27.6852
27.6844
27.6754
27.6813
27.684
27.717
27.7059
27.6936
27.7267
27.71
27.6698
27.699
27.6711
27.6773
27.6352
27.6691
27.6634
27.6628
27.644
27.6558
27.6712
27.6879
27.6389
27.6682
27.6829
27.6487
27.6513
27.6655
27.6458
27.6394
27.6524
27.6224
27.6762
27.6944
27.6969
27.6521
27.6593
27.6809
27.6449
27.667
27.6759
27.6463
27.6591
27.665
27.6385
27.6731
27.6508
27.6611
27.6543
27.6541
27.6373
27.6422
27.6313
27.6466
27.6663
27.6466
27.6609
27.6254
27.6466
27.6388
27.6542
27.6553
27.6594
27.6684
27.6424
27.6519
27.6424
27.6856
27.6645
27.6632
27.6937
27.6783
27.6544
27.6466
27.6621
27.6382
27.6537
27.6491
27.6646
27.6805
27.6416
27.6778
27.62
27.6445
27.613
27.6803
27.6434
27.6576
27.6522
27.662
27.6611
27.6608
27.6454
27.6792
27.6414
27.6522
27.6318
27.6558
27.6304
27.6491
27.6479
27.6649
27.6854
27.6873
27.6865
27.6457
27.6473
27.642
27.6651
27.644
27.6624
27.6395
27.6552
27.6473
27.6246
27.6545
27.6332
27.6668
27.6397
27.6348
27.6367
27.6399
27.6641
27.6649
27.6655
27.6362
27.6534
27.6757
27.6624
27.6532
27.6367
27.665
27.626
27.6453
27.6347
27.6325
27.6338
27.6653
27.6326
27.6758
27.6265
27.6419
27.6271
27.6584
27.6543
27.6811
27.6392
27.6964
27.6483
27.6419
27.6583
27.638
27.6242
27.651
27.6365
27.6275
27.6842
27.63
27.6556
27.6482
27.6722
27.6507
27.6688
27.6723
27.6432
27.6474
27.6799
27.6639
27.6439
27.641
27.671
27.6725
27.6713
27.6692
27.6787
27.658
27.6761
27.6762
27.671
27.6967
27.6597
27.6537
27.6314
27.6366
27.6605
27.6394
27.6874
27.628
27.6738
27.6688
27.6248
27.6397
27.6422
27.6673
27.6544
27.6354
27.6517
27.6486
27.6418
27.6552
27.6521
27.6296
27.6891
27.7045
27.6723
27.6562
27.6328
27.6617
27.6545
27.6501
27.6331
27.661
27.6917
27.6403
27.6791
27.6548
27.6652
27.6777
27.6671
27.6816
27.6616
27.6825
27.6726
27.6807
27.642
27.6843
27.6419
27.6482
27.6965
27.6491
27.6473
27.6797
27.6542
27.6533
27.6683
27.66
27.6835
27.6456
27.6922
27.6978
27.6733
27.6864
27.6825
27.7025
27.6641
27.6684
27.6625
27.6592
27.6633
27.6621
27.6612
27.6533
27.6779
27.6741
27.6767
27.6537
27.6593
27.6367
27.6694
27.668
27.6605
27.6931
27.6523
27.6457
27.6805
27.6517
27.6632
27.6488
27.6851
27.6553
27.6409
27.6506
27.6572
27.6572
27.6177
27.6223
27.6167
27.6405
27.6451
27.6366
27.6489
27.644
27.6322
27.654
27.6426
27.6249
27.6306
27.6336
27.6475
27.6391
27.6251
27.659
27.6086
27.6704
27.6363
27.6507
27.6341
27.6702
27.6392
27.6563
27.6677
27.6428
27.6617
27.7032
27.6626
27.6421
27.6685
27.6784
27.6424
27.636
27.687
27.6747
27.6211
27.6405
27.6662
27.653
27.638
27.6465
27.6607
27.6591
27.6446
27.6532
27.647
27.6644
27.68
27.675
27.6584
27.6666
27.6593
27.648
27.6475
27.6554
27.6321
27.6259
27.6752
27.6551
27.655
27.6744
27.6879
27.7051
27.7309
27.675
27.7368
27.7591
27.7652
27.7189
27.7557
27.7251
27.7149
27.6761
27.6445
27.6791
27.6498
27.6869
27.6554
27.6602
27.6891
27.6877
27.6831
27.6767
27.6567
27.6408
27.6445
27.647
27.6687
27.6664
27.7047
27.6934
27.6663
27.6856
27.6669
27.6819
27.6777
27.6483
27.6711
27.6606
27.6773
27.6804
27.6386
27.6737
27.6864
27.6511
27.6667
27.662
27.6956
27.7036
27.6626
27.6964
27.6821
27.6993
27.6554
27.6595
27.6778
27.6658
27.6458
27.6498
27.6573
27.6637
27.6753
27.6665
27.6762
27.6477
27.6528
27.6548
27.672
27.6581
27.6457
27.645
27.6398
27.647
27.6372
27.6589
27.6527
27.6313
27.6397
27.6324
27.6215
27.6512
27.6495
27.6345
27.6251
27.6651
27.5954
27.6455
27.6642
27.6653
27.6382
27.6541
27.6723
27.6355
27.6689
27.6638
27.6359
27.671
27.6765
27.6578
27.6222
27.6892
27.6266
27.6598
27.6398
27.6361
27.6157
27.6416
27.6596
27.6794
27.6875
27.6521
27.6676
27.6455
27.6623
27.648
27.6341
27.643
27.6518
27.6731
27.6645
27.6636
27.657
27.6545
27.6699
27.6366
27.6636
27.6705
27.6625
27.6884
27.6837
27.6575
27.6411
27.6338
27.6507
27.6368
27.6606
27.6347
27.6292
27.6588
27.6551
27.6394
27.6336
27.6433
27.6244
27.6787
27.6426
27.6525
27.6861
27.6581
27.644
27.668
27.6786
27.6642
27.6672
27.6309
27.6657
27.639
27.6662
27.6305
27.6559
27.6614
27.6519
27.6756
27.6451
27.6479
27.6349
27.6407
27.6578
27.6412
27.6825
27.6581
27.6773
27.6611
27.6609
27.6594
27.6417
27.6714
27.6481
27.6482
27.6751
27.6603
27.6669
27.6795
27.6542
27.6645
27.6562
27.6924
27.6587
27.6577
27.6754
27.6736
27.6334
27.6438
27.6715
27.6321
27.6583
27.6413
27.6487
27.6387
27.6343
27.6614
27.651
27.6744
27.678
27.6568
27.6472
27.6615
27.6426
27.6366
27.6406
27.642
27.6389
27.6319
27.6559
27.6371
27.6167
27.6694
27.6464
27.6367
27.6717
27.6611
27.6416
27.6357
27.6502
27.6607
27.6232
27.6679
27.6906
27.643
27.6699
27.6708
27.6319
27.6605
27.6672
27.6275
27.6542
27.6607
27.6475
27.6595
27.6274
27.6612
27.6599
27.6441
27.6494
27.6827
27.6623
27.6538
27.6313
27.6664
27.6226
27.6485
27.6435
27.6254
27.6159
27.6554
27.6398
27.646
27.6556
27.6769
27.661
27.6726
27.6598
27.6522
27.6438
27.6252
27.672
27.6622
27.6273
27.6724
27.6442
27.6653
27.66
27.709
27.6723
27.6809
27.6747
27.6836
27.6906
27.6859
27.6871
27.6829
27.653
27.654
27.6858
27.6779
27.681
27.6767
27.6787
27.6872
27.7133
27.7088
27.7308
27.7533
27.7827
27.7676
27.7932
27.7891
27.8121
27.8094
27.7805
27.7932
27.7626
27.7404
27.7294
27.706
27.7065
27.6778
27.6684
27.659
27.6746
27.6845
27.6803
27.6726
27.6969
27.6732
27.7058
27.6471
27.6496
27.6525
27.666
27.714
27.6885
27.6645
27.6597
27.6797
27.651
27.65
27.6888
27.6769
27.6424
27.6854
27.6634
27.6862
27.6766
27.6488
27.6606
27.6875
27.6473
27.6666
27.663
27.6743
27.6826
27.6643
27.6632
27.6787
27.6426
27.6489
27.6265
27.6481
27.621
27.6087
27.6157
27.6586
27.6424
27.6388
27.6407
27.6303
27.6234
27.6544
27.624
27.6478
27.6389
27.6498
27.651
27.6504
27.6344
27.6372
27.6291
27.6363
27.6167
27.6288
27.6391
27.6547
27.622
27.6183
27.6315
27.6421
27.6174
27.6261
27.6413
27.6554
27.6567
27.6502
27.6525
27.645
27.6344
27.6657
27.6407
27.6506
27.6461
27.6203
27.6518
27.6174
27.6427
27.632
27.6406
27.659
27.6561
27.6658
27.6231
27.6337
27.6476
27.6144
27.6153
27.6415
27.6082
27.621
27.6375
27.6342
27.6087
27.6316
27.6529
27.6496
27.6336
27.664
27.6486
27.6701
27.6511
27.6604
27.6509
27.6579
27.6275
27.6592
27.6545
27.6611
27.6246
27.6527
27.646
27.6527
27.6368
27.6537
27.6176
27.6459
27.6482
27.6441
27.6136
27.6632
27.6374
27.6218
27.6601
27.6457
27.6308
27.65
27.652
27.6488
27.6518
27.6648
27.6509
27.6472
27.6656
27.6938
27.6674
27.6519
27.6496
27.68
27.6478
27.6948
27.6623
27.6526
27.6764
27.6565
27.6423
27.6301
27.641
27.6432
27.6342
27.5935
27.6389
27.6335
27.6419
27.6459
27.6548
27.7027
27.6702
27.6708
27.6859
27.6773
27.6498
27.6177
27.6404
27.6252
27.6258
27.6296
27.6659
27.6639
27.6503
27.6631
27.6734
27.6648
27.6736
27.6839
27.6509
27.6802
27.6595
27.6533
27.6592
27.6904
27.6662
27.656
27.6738
27.6994
27.6478
27.6768
27.625
27.6552
27.6639
27.6348
27.6654
27.6476
27.6594
27.6647
27.6415
27.661
27.6578
27.6537
27.6722
27.6478
27.6416
27.6825
27.6343
27.6979
27.6766
27.683
27.6881
27.6646
27.6836
27.6649
27.6411
27.6744
27.6573
27.6761
27.653
27.6555
27.6628
27.6676
27.7089
27.6988
27.6819
27.6952
27.6478
27.657
27.6456
27.6682
27.6601
27.681
27.6251
27.6304
27.6239
27.6642
27.6878
27.6514
27.6546
27.6659
27.6668
27.6847
27.6399
27.6638
27.6776
27.6908
27.6626
27.6763
27.6703
27.6685
27.6687
27.6538
27.6825
27.6507
27.6741
27.639
27.6185
27.6509
27.6612
27.6758
27.6573
27.6624
27.6299
27.6643
27.6851
27.6736
27.665
27.6562
27.6178
27.6467
27.663
27.6673
27.6238
27.6599
27.6552
27.6519
27.658
27.6501
27.6509
27.6459
27.6732
27.6267
27.6389
27.5915
27.6228
27.653
27.6348
27.6531
27.6354
27.6319
27.6497
27.6681
27.6759
27.6748
27.6766
27.6554
27.645
27.6728
27.6435
27.6428
27.6722
27.6333
27.6261
27.631
27.6081
27.6485
27.619
27.641
27.6437
27.6121
27.6353
27.6181
27.6253
27.6259
27.617
27.6412
27.6691
27.6281
27.6504
27.6751
27.6381
27.667
27.6297
27.664
27.6747
27.6216
27.6398
27.6488
27.6327
27.6716
27.6457
27.644
27.6332
27.6449
27.6437
27.6405
27.6646
27.6346
27.6171
27.6354
27.6314
27.6511
27.6466
27.6496
27.655
27.6597
27.6568
27.6788
27.6721
27.6807
27.6361
27.6783
27.6771
27.6591
27.6353
27.6548
27.6376
27.6491
27.6381
27.6377
27.6571
27.6538
27.6392
27.6417
27.6973
27.6762
27.666
27.6484
27.6579
27.6148
27.6456
27.6816
27.642
27.6852
27.6452
27.6724
27.6585
27.6585
27.6371
27.6547
27.6656
27.6684
27.6656
27.6634
27.6796
27.6844
27.6576
27.6723
27.667
27.6587
27.6451
27.6456
27.6488
27.6386
27.6345
27.6163
27.6239
27.6453
27.6574
27.6735
27.6403
27.6778
27.6582
27.66
27.6505
27.6407
27.634
27.6419
27.6367
27.6806
27.634
27.6573
27.6312
27.6348
27.6364
27.6719
27.6418
27.6487
27.6538
27.6391
27.6727
27.6464
27.6564
27.649
27.6647
27.6452
27.6434
27.6612
27.6818
27.6449
27.6684
27.6776
27.6833
27.6372
27.6608
27.6501
27.6748
27.6901
27.6963
27.6395
27.6801
27.6625
27.6774
27.677
27.6969
27.6988
27.6739
27.6967
27.658
27.6799
27.6761
27.6709
27.6698
27.6359
27.6828
27.692
27.6531
27.6533
27.647
27.6838
27.6635
27.6671
27.6939
27.6834
27.6667
27.6803
27.6578
27.6454
27.6563
27.6489
27.6437
27.6421
27.6551
27.6202
27.6161
27.6266
27.6457
27.6298
27.6547
27.6093
27.6615
27.6627
27.6613
27.642
27.6774
27.6586
27.663
27.6531
27.6765
27.6409
27.6096
27.6534
27.6691
27.6502
27.64
27.6247
27.6898
27.6272
27.6401
27.6645
27.6713
27.6927
27.6367
27.6771
27.7009
27.7085
27.6871
27.6852
27.6979
27.6518
27.6685
27.6807
27.6706
27.7071
27.6756
27.6595
27.7037
27.6513
27.6618
27.6326
27.6686
27.6634
27.6524
27.6741
27.6495
27.6626
27.6806
27.6553
27.6705
27.698
27.673
27.6621
27.6684
27.6612
27.6155
27.6481
27.6514
27.6396
27.6691
27.641
27.657
27.6718
27.6792
27.6529
27.6223
27.6582
27.672
27.6551
27.6536
27.6716
27.6357
27.6786
27.6444
27.6768
27.686
27.6769
27.6645
27.6362
27.6769
27.6789
27.6766
27.6977
27.6606
27.676
27.6427
27.629
27.6973
27.6882
27.6659
27.6786
27.694
27.6446
27.6871
27.6518
27.6407
27.6614
27.6687
27.6513
27.6094
27.6644
27.6212
27.6236
27.6763
27.6541
27.6682
27.6534
27.6762
27.6492
27.6458
27.6484
27.6349
27.6531
27.6576
27.6387
27.6766
27.6847
27.7251
27.6791
27.6847
27.695
27.6928
27.6697
27.6635
27.6815
27.6801
27.7212
27.6751
27.6824
27.704
27.6788
27.6585
27.6848
27.6338
27.6635
27.6475
27.6417
27.7124
27.6458
27.6698
27.6768
27.6802
27.6191
27.6611
27.6639
27.6737
27.6733
27.6712
27.6412
27.6819
27.7035
27.664
27.6628
27.6441
27.6573
27.6348
27.6401
27.645
27.6438
27.6369
27.6698
27.6493
27.6692
27.672
27.6764
27.6261
27.6226
27.6605
27.6821
27.6546
27.6737
27.6683
27.6751
27.6684
27.6889
27.68
27.684
27.6578
27.6799
27.7204
27.6991
27.6664
27.6778
27.6594
27.639
27.6601
27.6888
27.6708
27.7006
27.6348
27.6474
27.6842
27.6494
27.6795
27.6888
27.7025
27.7169
27.7014
27.7304
27.7885
27.7566
27.7546
27.7289
27.7463
27.742
27.7233
27.7388
27.7506
27.721
27.7214
27.684
27.7061
27.6863
27.7044
27.6966
27.6876
27.6988
27.719
27.6983
27.6948
27.6723
27.6737
27.6772
27.6654
27.6612
27.6722
27.6557
27.6538
27.691
27.6639
27.6731
27.6881
27.6811
27.6977
27.7055
27.704
27.6747
27.6752
27.6855
27.6531
27.6902
27.6749
27.6602
27.6477
27.6513
27.6641
27.6604
27.6811
27.6974
27.6664
27.6581
27.6473
27.6558
27.6527
27.661
27.6506
27.6638
27.6543
27.6521
27.6604
27.6421
27.6934
27.6792
27.6814
27.6786
27.6779
27.693
27.7034
27.6741
27.6625
27.6589
27.671
27.6748
27.6666
27.6684
27.6489
27.6717
27.6772
27.6426
27.6674
27.6484
27.6573
27.6608
27.6687
27.6617
27.6758
27.6668
27.6633
27.6616
27.6835
27.6613
27.6825
27.7047
27.71
27.6876
27.6798
27.6459
27.6568
27.6657
27.6542
27.6698
27.6716
27.6457
27.6461
27.6447
27.6687
27.6579
27.6829
27.6579
27.6671
27.6574
27.6474
27.6463
27.6541
27.6206
27.6683
27.662
27.6546
27.6351
27.6426
27.6727
27.6492
27.6584
27.6593
27.6489
27.6467
27.6505
27.6871
27.6877
27.6339
27.6487
27.6506
27.64
27.6484
27.6189
27.6511
27.6512
27.6956
27.678
27.6331
27.6651
27.6664
27.6748
27.6818
27.671
27.6621
27.6458
27.6504
27.7027
27.6571
27.6682
27.6762
27.6625
27.662
27.6702
27.6752
27.6901
27.6857
27.6781
27.6751
27.6659
27.6845
27.6552
27.6534
27.6556
27.6683
27.66
27.6345
27.666
27.6438
27.6753
27.6781
27.6512
27.6581
27.6482
27.6772
27.6013
27.6516
27.6452
27.6578
27.6312
27.6488
27.6487
27.6622
27.6509
27.6629
27.6496
27.6642
27.6503
27.6611
27.649
27.651
27.6893
27.6847
27.6825
27.6699
27.6588
27.6567
27.6797
27.658
27.6715
27.6301
27.6474
27.6414
27.6711
27.6607
27.6341
27.6528
27.683
27.6502
27.6542
27.6408
27.6541
27.6526
27.65
27.6748
27.652
27.6292
27.6555
27.6651
27.6337
27.6672
27.6487
27.6445
27.6545
27.6499
27.6669
27.6631
27.6306
27.6635
27.6276
27.6782
27.6405
27.6688
27.6358
27.6296
27.6708
27.6603
27.6626
27.6809
27.6714
27.666
27.6638
27.6504
27.6369
27.6488
27.6686
27.6739
27.6719
27.6616
27.6486
27.6514
27.667
27.6672
27.6436
27.651
27.6869
27.6466
27.6682
27.6577
27.642
27.6729
27.6532
27.6768
27.6642
27.6403
27.6696
27.6727
27.6594
27.6463
27.6465
27.6718
27.6617
27.666
27.6684
27.6444
27.6826
27.6962
27.6372
27.6556
27.6897
27.652
27.6624
27.6502
27.6454
27.6354
27.6669
27.6685
27.6628
27.64
27.657
27.6644
27.6588
27.6734
27.6639
27.6484
27.6138
27.6456
27.6481
27.655
27.6587
27.6573
27.6277
27.6676
27.631
27.659
27.6039
27.6208
27.621
27.6519
27.6534
27.6291
27.6611
27.6435
27.6356
27.6432
27.6304
27.6627
27.6688
27.6496
27.6663
27.6858
27.6735
27.6526
27.6411
27.6713
27.6724
27.6373
27.6592
27.6456
27.65
27.6713
27.6563
27.6625
27.6727
27.6809
27.6566
27.6928
27.6662
27.6427
27.6761
27.6441
27.6938
27.6817
27.6726
27.6865
27.6775
27.6672
27.6489
27.6719
27.6343
27.6683
27.6505
27.6667
27.6542
27.6531
27.6648
27.6403
27.6507
27.6791
27.6542
27.6597
27.6469
27.6905
27.6672
27.6617
27.6603
27.6818
27.6719
27.6537
27.657
27.625
27.6721
27.6576
27.6467
27.6648
27.6558
27.6666
27.6755
27.6286
27.6465
27.6511
27.6632
27.6667
27.6455
27.6409
27.6452
27.6566
27.6481
27.6352
27.6532
27.6797
27.6513
27.6465
27.647
27.6691
27.6351
27.665
27.6302
27.6487
27.6646
27.6247
27.6604
27.6644
27.6332
27.6409
27.6399
27.6458
27.6622
27.6465
27.6596
27.649
27.648
27.7003
27.6741
27.6528
27.6489
27.6273
27.6529
27.6463
27.6615
27.6309
27.6576
27.6607
27.6345
27.6753
27.6416
27.6701
27.6776
27.6689
27.6788
27.6766
27.6684
27.6545
27.6708
27.6747
27.6284
27.637
27.6584
27.6386
27.6158
27.6488
27.6481
27.6331
27.6339
27.635
27.6265
27.6405
27.639
27.6201
27.6478
27.6264
27.6161
27.6436
27.6814
27.6615
27.6478
27.6801
27.6936
27.6986
27.6762
27.6662
27.6782
27.6818
27.688
27.6624
27.6637
27.6406
27.6747
27.6566
27.6832
27.6803
27.6532
27.6515
27.6561
27.6702
27.6628
27.6628
27.6779
27.6579
27.6537
27.6387
27.6859
27.68
27.6477
27.654
27.6197
27.6252
27.6627
27.6468
27.6517
27.6138
27.6298
27.6444
27.6601
27.6401
27.6301
27.6783
27.6787
27.6604
27.6975
27.6771
27.6522
27.671
27.6952
27.6748
27.6865
27.6546
27.6593
27.6552
27.6705
27.6575
27.6907
27.6881
27.6656
27.6586
27.6559
27.6915
27.6706
27.6909
27.6407
27.6583
27.6498
27.6583
27.6583
27.6587
27.6726
27.657
27.6727
27.6901
27.6335
27.684
27.6656
27.6545
27.6463
27.6297
27.6365
27.6727
27.6498
27.6781
27.6733
27.6477
27.6922
27.6655
27.6725
27.6859
27.6619
27.6464
27.6801
27.6542
27.6182
27.6464
27.6726
27.6758
27.6538
27.6904
27.6699
27.6727
27.6667
27.6423
27.6792
27.6323
27.6463
27.6445
27.6559
27.7083
27.669
27.6555
27.668
27.662
27.676
27.6862
27.6912
27.6621
27.6909
27.6602
27.6505
27.6491
27.6607
27.6552
27.6778
27.685
27.6751
27.6884
27.677
27.6539
27.6868
27.6567
27.6536
27.6503
27.6783
27.654
27.6311
27.6545
27.6615
27.6578
27.6561
27.662
27.6541
27.6586
27.652
27.662
27.6493
27.6647
27.661
27.6498
27.658
27.6443
27.6666
27.6601
27.6562
27.6349
27.6673
27.6647
27.6725
27.65
27.6675
27.6664
27.6754
27.6719
27.6711
27.655
27.6833
27.6477
27.6977
27.6453
27.6225
27.6631
27.6685
27.6675
27.6813
27.6535
27.647
27.6627
27.654
27.6687
27.6362
27.6698
27.6805
27.6807
27.6924
27.6714
27.6775
27.6533
27.65
27.6313
27.6502
27.6662
27.6357
27.6385
27.6623
27.6226
27.6601
27.6566
27.6817
27.6631
27.6605
27.6693
27.6748
27.6618
27.6594
27.6609
27.6288
27.6418
27.6627
27.6729
27.6754
27.6652
27.6472
27.6694
27.6615
27.6293
27.694
27.6593
27.6718
27.653
27.6838
27.6874
27.6694
27.6872
27.6607
27.6738
27.6467
27.6571
27.688
27.6953
27.6758
27.6636
27.6426
27.672
27.6562
27.6604
27.636
27.6726
27.6366
27.6559
27.6508
27.6704
27.6564
27.6339
27.6329
27.6746
27.6838
27.6843
27.6728
27.6822
27.6509
27.654
27.6452
27.677
27.6541
27.6692
27.6637
27.6274
27.6683
27.6379
27.65
27.6595
27.6455
27.6537
27.6551
27.6476
27.6581
27.6495
27.6629
27.6543
27.6254
27.6135
27.6502
27.6419
27.6337
27.6438
27.6587
27.6584
27.6503
27.6691
27.637
27.646
27.6426
27.6824
27.6454
27.6566
27.6692
27.6682
27.682
27.6526
27.6826
27.6769
27.6677
27.6624
27.645
27.6482
27.6298
27.6507
27.6681
27.6356
27.6596
27.629
27.6216
27.6413
27.6512
27.6218
27.6578
27.6596
27.651
27.6734
27.6277
27.6133
27.6307
27.6377
27.6611
27.6437
27.6506
27.6391
27.6466
27.6194
27.6414
27.6399
27.651
27.6499
27.6595
27.6496
27.6286
27.6078
27.6599
27.6497
27.6449
27.6464
27.6439
27.6774
27.6489
27.6615
27.6617
27.6631
27.6499
27.6507
27.644
27.6343
27.6557
27.6441
27.6463
27.622
27.6311
27.6501
27.6486
27.6355
27.6834
27.6491
27.6332
27.6681
27.664
27.6641
27.6529
27.6453
27.6362
27.6654
27.6573
27.6486
27.6366
27.6342
27.6479
27.6307
27.6486
27.6437
27.637
27.6439
27.6605
27.6323
27.6237
27.6485
27.6453
27.6288
27.6407
27.644
27.6865
27.654
27.6644
27.6463
27.6708
27.6743
27.6872
27.6885
27.6639
27.6625
27.6218
27.642
27.6837
27.6801
27.6583
27.6637
27.6787
27.6759
27.6405
27.6617
27.6522
27.668
27.6568
27.6715
27.672
27.6774
27.6601
27.6518
27.6859
27.6893
27.6701
27.6409
27.6657
27.6601
27.6637
27.652
27.6753
27.6735
27.6909
27.6991
27.6506
27.6954
27.6531
27.6696
27.6671
27.669
27.6516
27.6742
27.6752
27.7096
27.681
27.6657
27.6692
27.6689
27.6845
27.6872
27.6512
27.6713
27.6668
27.667
27.6788
27.646
27.6721
27.6701
27.6531
27.6331
27.6593
27.6571
27.6867
27.6545
27.649
27.6561
27.6489
27.6564
27.6621
27.6469
27.6827
27.657
27.6455
27.6237
27.6407
27.6754
27.6375
27.6511
27.6408
27.6582
27.6532
27.6749
27.6606
27.6683
27.6854
27.6798
27.664
27.6393
27.6973
27.6679
27.6576
27.6642
27.6512
27.6454
27.6516
27.6496
27.6374
27.6477
27.6547
27.672
27.6362
27.6456
27.6329
27.6363
27.6553
27.6394
27.6471
27.6711
27.6446
27.6899
27.6641
27.6993
27.6963
27.6741
27.6828
27.6975
27.6826
27.6746
27.6925
27.6702
27.6688
27.6904
27.6619
27.657
27.6515
27.6495
27.6421
27.6761
27.6841
27.6676
27.6592
27.6745
27.6281
27.6789
27.6974
27.6998
27.6692
27.6632
27.6649
27.6649
27.6562
27.6519
27.6321
27.6515
27.6691
27.6495
27.6785
27.655
27.6422
27.6752
27.6808
27.669
27.6632
27.6667
27.6499
27.6676
27.6703
27.6671
27.6317
27.6544
27.6684
27.6488
27.6573
27.6609
27.6443
27.6799
27.6976
27.6596
27.7039
27.6827
27.6756
27.6956
27.7081
27.7194
27.6844
27.7076
27.6994
27.6935
27.6673
27.6753
27.6786
27.6867
27.6892
27.6538
27.6942
27.6383
27.689
27.661
27.6776
27.673
27.6645
27.6657
27.6644
27.6742
27.6422
27.6365
27.6572
27.6741
27.6654
27.6307
27.6589
27.6492
27.6603
27.6655
27.6534
27.6383
27.6682
27.6586
27.6757
27.6387
27.6629
27.6465
27.6772
27.6535
27.6126
27.6621
27.6936
27.6675
27.6585
27.6188
27.6435
27.6319
27.6231
27.6302
27.661
27.6631
27.6624
27.6332
27.6588
27.6798
27.6626
27.7084
27.6693
27.6994
27.6768
27.6735
27.6848
27.6744
27.6359
27.6537
27.6494
27.6769
27.6263
27.6779
27.6695
27.6818
27.7267
27.6673
27.6456
27.6713
27.631
27.6949
27.6668
27.6752
27.6599
27.6953
27.6664
27.6626
27.6405
27.6589
27.6724
27.6536
27.6493
27.6503
27.6379
27.6605
27.6463
27.6723
27.6549
27.6877
27.7004
27.6673
27.6946
27.6706
27.6672
27.6776
27.6458
27.6448
27.6817
27.6776
27.663
27.6843
27.6656
27.6557
27.6749
27.7153
27.6974
27.6948
27.663
27.6903
27.717
27.6778
27.6789
27.6971
27.6651
27.6666
27.7217
27.6691
27.6571
27.6602
27.6537
27.6999
27.6718
27.6618
27.6677
27.6832
27.6974
27.7002
27.7063
27.6694
27.719
27.7096
27.6931
27.7009
27.6991
27.6969
27.7245
27.7165
27.7499
27.7553
27.7373
27.7094
27.7323
27.6829
27.6823
27.6692
27.7011
27.6965
27.6403
27.6936
27.6828
27.6894
27.6685
27.7159
27.6794
27.6247
27.6681
27.6874
27.6791
27.6919
27.6304
27.6824
27.6762
27.6889
27.6493
27.648
27.6902
27.6532
27.6553
27.6852
27.6416
27.6522
27.6943
27.6642
27.6833
27.6742
27.6579
27.6785
27.6989
27.667
27.6767
27.6842
27.6645
27.692
27.6943
27.6769
27.6504
27.618
27.669
27.6557
27.6572
27.6516
27.6646
27.6667
27.6465
27.6693
27.6889
27.6426
27.6489
27.6487
27.6702
27.6452
27.6349
27.6233
27.6318
27.6691
27.6329
27.6436
27.614
27.649
27.6617
27.6654
27.646
27.6383
27.6588
27.6502
27.6575
27.6848
27.6427
27.6375
27.7018
27.6556
27.6681
27.6557
27.6612
27.6818
27.6643
27.6533
27.6577
27.6771
27.6356
27.6207
27.6495
27.6645
27.6519
27.6449
27.6394
27.6547
27.6461
27.6542
27.6248
27.6443
27.6388
27.6455
27.6384
27.6344
27.6497
27.6439
27.6706
27.6538
27.6494
27.6628
27.6614
27.6515
27.6802
27.6291
27.6385
27.6149
27.6296
27.6446
27.6621
27.6579
27.6322
27.6686
27.6242
27.657
27.64
27.6676
27.6545
27.6563
27.6607
27.6928
27.6666
27.6632
27.6809
27.6474
27.681
27.6604
27.6571
27.6401
27.6852
27.643
27.6395
27.6354
27.63
27.6859
27.6734
27.6639
27.6523
27.6197
27.6798
27.6564
27.6944
27.6677
27.656
27.6423
27.6405
27.6392
27.6447
27.6733
27.6467
27.6626
27.6811
27.6494
27.6818
27.6541
27.6824
27.6636
27.6982
27.6717
27.6911
27.6704
27.6887
27.6847
27.6893
27.6539
27.6881
27.6679
27.6888
27.6572
27.6799
27.6886
27.706
27.7008
27.6778
27.6951
27.701
27.704
27.695
27.6791
27.6962
27.6956
27.6854
27.6721
27.6808
27.693
27.6785
27.664
27.6866
27.6399
27.6259
27.6605
27.6768
27.6477
27.6566
27.6656
27.6714
27.6988
27.687
27.6732
27.6837
27.6765
27.6616
27.6865
27.6706
27.6602
27.6564
27.6935
27.6803
27.6786
27.6744
27.6573
27.6973
27.6806
27.7158
27.6888
27.6593
27.6874
27.6487
27.699
27.6592
27.6575
27.6591
27.6621
27.6709
27.6386
27.6802
27.7011
27.6482
27.6579
27.6774
27.6427
27.6714
27.6716
27.6869
27.6599
27.699
27.6521
27.6838
27.6688
27.6671
27.6667
27.6564
27.6728
27.6502
27.6574
27.6277
27.6351
27.6746
27.6642
27.6723
27.6981
27.6925
27.6576
27.6447
27.6785
27.671
27.6626
27.6584
27.6739
27.6478
27.6692
27.673
27.6599
27.6811
27.6909
27.6817
27.6879
27.704
27.7042
27.6648
27.692
27.676
27.6413
27.6529
27.7029
27.7023
27.7022
27.6339
27.6606
27.6423
27.6515
27.6419
27.6534
27.6533
27.65
27.6344
27.6662
27.6388
27.6307
27.6696
27.6742
27.642
27.6412
27.6579
27.6301
27.6398
27.6636
27.6855
27.6411
27.6698
27.6428
27.651
27.6496
27.6695
27.6632
27.6506
27.6937
27.6753
27.6644
27.6473
27.642
27.6998
27.66
27.6681
27.6627
27.6712
27.6504
27.6656
27.6938
27.6747
27.6733
27.6592
27.6107
27.6543
27.6216
27.6801
27.6651
27.6807
27.6543
27.6628
27.6357
27.6458
27.6375
27.6594
27.6832
27.6778
27.6687
27.6785
27.6496
27.6762
27.7018
27.6593
27.6563
27.6669
27.7028
27.6806
27.6803
27.6951
27.6656
27.668
27.6743
27.681
27.6918
27.7013
27.6893
27.6984
27.6775
27.6411
27.6743
27.6615
27.6851
27.6801
27.6838
27.7092
27.6846
27.6251
27.7041
27.6899
27.6793
27.6827
27.6428
27.6564
27.6839
27.6639
27.6563
27.6985
27.6594
27.6718
27.7005
27.6847
27.6706
27.6694
27.6782
27.68
27.6567
27.6348
27.6612
27.6395
27.6402
27.657
27.644
27.6225
27.7032
27.6601
27.7055
27.6637
27.6571
27.6623
27.6577
27.6922
27.6857
27.6798
27.6933
27.6453
27.6706
27.6797
27.6649
27.648
27.6761
27.6732
27.6674
27.6651
27.6442
27.7052
27.6656
27.6632
27.678
27.6899
27.6972
27.6766
27.7144
27.6977
27.7132
27.693
27.6857
27.6462
27.6569
27.6753
27.6738
27.7035
27.6756
27.7137
27.7353
27.6785
27.6766
27.6779
27.6827
27.6724
27.733
27.6748
27.7069
27.6873
27.6757
27.6781
27.687
27.6957
27.6506
27.7048
27.6787
27.6977
27.7159
27.7072
27.6866
27.7184
27.6568
27.7083
27.6938
27.7024
27.701
27.6798
27.6723
27.6589
27.649
27.7172
27.6487
27.6886
27.6878
27.7023
27.6737
27.6719
27.6807
27.6755
27.6485
27.6691
27.6643
27.6556
27.6372
27.6847
27.7
27.6842
27.6912
27.652
27.6437
27.6831
27.6853
27.6823
27.6732
27.6947
27.6701
27.6641
27.6648
27.6715
27.6653
27.6298
27.6457
27.6492
27.6835
27.644
27.6604
27.63
27.6828
27.6356
27.6595
27.6691
27.7067
27.6833
27.6655
27.6686
27.6822
27.6785
27.667
27.6385
27.6558
27.6847
27.6491
27.6614
27.6662
27.6691
27.6618
27.7019
27.6464
27.6705
27.6664
27.6783
27.6845
27.6951
27.6611
27.7032
27.6909
27.6844
27.6735
27.6499
27.6923
27.6376
27.6346
27.6367
27.6493
27.6742
27.6377
27.6595
27.6826
27.6615
27.6453
27.6728
27.6598
27.6475
27.688
27.6423
27.6569
27.6829
27.6563
27.6559
27.6369
27.6543
27.635
27.6422
27.66
27.669
27.6826
27.6726
27.6551
27.6857
27.6716
27.6797
27.6929
27.6982
27.6732
27.6918
27.7174
27.6616
27.6976
27.6802
27.6913
27.6926
27.7082
27.698
27.6878
27.7156
27.6828
27.6924
27.6957
27.6839
27.7085
27.6829
27.6992
27.6616
27.658
27.6401
27.6692
27.6818
27.6828
27.6726
27.6771
27.6523
27.6372
27.6354
27.674
27.6891
27.6543
27.6648
27.6785
27.6826
27.6497
27.683
27.6813
27.7293
27.6804
27.7006
27.7105
27.6904
27.6614
27.6778
27.6796
27.6915
27.6304
27.6522
27.6879
27.683
27.6406
27.6478
27.7119
27.6396
27.6774
27.6367
27.6631
27.6778
27.6667
27.6835
27.6981
27.6613
27.661
27.6433
27.6877
27.6558
27.6636
27.6642
27.6701
27.6332
27.6558
27.66
27.6531
27.6694
27.6681
27.6633
27.7109
27.6973
27.6501
27.6727
27.6676
27.6892
27.694
27.673
27.7083
27.7058
27.6948
27.694
27.6906
27.7212
27.6864
27.6785
27.6484
27.6498
27.6787
27.697
27.6647
27.7016
27.6955
27.6854
27.7123
27.6806
27.6791
27.6949
27.6862
27.6615
27.6723
27.6788
27.6676
27.6713
27.6772
27.6937
27.6864
27.6588
27.6611
27.6794
27.6784
27.6638
27.672
27.6839
27.6524
27.6671
27.6975
27.6825
27.6785
27.6407
27.6611
27.6829
27.6497
27.6465
27.6913
27.6525
27.6603
27.6988
27.6833
27.7034
27.6689
27.7226
27.645
27.7065
27.6811
27.6944
27.6986
27.6685
27.6474
27.664
27.658
27.6773
27.647
27.6605
27.6745
27.6412
27.6659
27.6897
27.6615
27.6788
27.6507
27.6807
27.685
27.6905
27.6639
27.6896
27.6628
27.6892
27.7148
27.6762
27.7008
27.6817
27.723
27.7065
27.6948
27.7271
27.7014
27.7041
27.6762
27.6956
27.6587
27.6584
27.6948
27.6751
27.6813
27.6684
27.6937
27.6802
27.7079
27.6748
27.6819
27.686
27.6951
27.7329
27.6929
27.6936
27.7036
27.6772
27.6763
27.6809
27.6472
27.6632
27.6956
27.6564
27.6859
27.6668
27.6582
27.6978
27.6766
27.6833
27.6608
27.6863
27.7025
27.6495
27.6979
27.7148
27.7006
27.6746
27.6698
27.6733
27.705
27.6755
27.6945
27.7332
27.7053
27.6845
27.7123
27.7463
27.6805
27.7158
27.7014
27.6944
27.6897
27.6897
27.6605
27.6653
27.6692
27.6489
27.6587
27.6792
27.6526
27.666
27.6297
27.6631
27.6693
27.6698
27.6823
27.6809
27.713
27.7253
27.7037
27.7068
27.6683
27.6514
27.6738
27.7041
27.6702
27.6866
27.6951
27.6433
27.6689
27.6754
27.6913
27.6638
27.6774
27.641
27.6702
27.6544
27.6588
27.6518
27.687
27.6354
27.6777
27.6847
27.6555
27.6472
27.6403
27.692
27.6696
27.667
27.6864
27.6619
27.6557
27.6476
27.6544
27.6521
27.6703
27.6477
27.6355
27.6574
27.6469
27.6465
27.6313
27.6801
27.6762
27.6765
27.6777
27.6807
27.6364
27.6499
27.6562
27.678
27.6982
27.6492
27.6943
27.623
27.6551
27.6609
27.6335
27.6401
27.6659
27.6568
27.6589
27.6526
27.6337
27.6676
27.6564
27.6666
27.621
27.6603
27.6697
27.6509
27.7187
27.6623
27.6589
27.6983
27.6651
27.6754
27.6616
27.6353
27.682
27.6702
27.6837
27.6753
27.6628
27.6398
27.6725
27.6516
27.6784
27.6764
27.6755
27.6683
27.6845
27.644
27.6736
27.6845
27.6956
27.6666
27.6521
27.642
27.6822
27.6599
27.6976
27.7157
27.664
27.6578
27.6454
27.6798
27.6639
27.6657
27.6595
27.6546
27.6752
27.6565
27.6969
27.6631
27.6377
27.6462
27.6643
27.6829
27.6326
27.6823
27.6565
27.6574
27.6552
27.6916
27.6701
27.6433
27.665
27.6444
27.6509
27.6829
27.6938
27.6595
27.6567
27.612
27.6667
27.6759
27.6607
27.6786
27.6676
27.6533
27.6841
27.637
27.7036
27.6821
27.6333
27.6581
27.6552
27.6207
27.6451
27.6555
27.64
27.6321
27.6434
27.6345
27.6281
27.6515
27.6768
27.6598
27.6479
27.6796
27.658
27.6333
27.6456
27.6753
27.6997
27.6388
27.6328
27.6108
27.6689
27.6488
27.6349
27.6891
27.6021
27.6349
27.6525
27.6213
27.6207
27.6736
27.6425
27.6566
27.6231
27.6356
27.6199
27.6323
27.6009
27.6707
27.6823
27.695
27.685
27.6281
27.6779
27.6447
27.6731
27.6408
27.6513
27.6468
27.6375
27.6404
27.6773
27.6288
27.6491
27.6059
27.637
27.6196
27.6109
27.5983
27.622
27.6232
27.6677
27.6343
27.6289
27.6286
27.6419
27.6332
27.7108
27.6631
27.6511
27.5851
27.638
27.6264
27.6288
27.6218
27.5889
27.6218
27.6138
27.6125
27.6569
27.6449
27.6391
27.6281
27.5867
27.6015
27.5879
27.5997
27.6253
27.6053
27.6185
27.6304
27.5989
27.6018
27.6257
27.6204
27.5971
27.6215
27.5946
27.6067
27.6205
27.5955
27.6423
27.6139
27.597
27.571
27.6102
27.5934
27.592
27.6267
27.5723
27.5804
27.611
27.576
27.5864
27.5928
27.5855
27.5969
27.5912
27.5935
27.6226
27.6256
27.5713
27.6058
27.6115
27.5697
27.5827
27.6184
27.5924
27.5881
27.6422
27.5653
27.5587
27.5906
27.5827
27.626
27.5639
27.5864
27.5718
27.564
27.5507
27.5429
27.5802
27.5716
27.6049
27.6154
27.5537
27.5988
27.6063
27.5826
27.5972
27.5787
27.5866
27.6046
27.5999
27.6237
27.6133
27.5568
27.5772
27.5783
27.5589
27.5871
27.5878
27.5593
27.5964
27.5442
27.5355
27.5427
27.5539
27.5768
27.5593
27.5813
27.5624
27.5463
27.5629
27.5561
27.5539
27.5446
27.5299
27.5568
27.6003
27.5637
27.5505
27.5315
27.5708
27.6017
27.5523
27.5707
27.5639
27.5516
27.4989
27.5581
27.57
27.5386
27.5653
27.5763
27.5774
27.5709
27.5633
27.5657
27.4994
27.5165
27.5286
27.5204
27.5274
27.5314
27.5347
27.53
27.5285
27.5167
27.5271
27.5252
27.5416
27.5007
27.5274
27.5395
27.5476
27.5235
27.5375
27.5606
27.5223
27.5403
27.5344
27.5352
27.5198
27.5509
27.5482
27.532
27.5624
27.5439
27.5459
27.5233
27.4969
27.5526
27.5073
27.5489
27.5048
27.5231
27.5196
27.4835
27.546
27.5682
27.5084
27.5109
27.5255
27.5126
27.5461
27.5467
27.5038
27.5761
27.5326
27.5255
27.5393
27.5445
27.5323
27.5073
27.5118
27.5045
27.5034
27.5834
27.4893
27.5324
27.4923
27.5106
27.5036
27.4873
27.5083
27.503
27.5011
27.5193
27.5223
27.5148
27.4998
27.5334
27.5114
27.4925
27.5007
27.5024
27.5117
27.4727
27.5028
27.5319
27.51
27.5455
27.5198
27.537
27.5067
27.5268
27.5078
27.5063
27.5024
27.5187
27.5196
27.5031
27.5047
27.5291
27.4942
27.474
27.4776
27.5023
27.5187
27.5058
27.4611
27.5129
27.4816
27.5254
27.5158
27.5211
27.5059
27.5321
27.4974
27.5071
27.5176
27.4922
27.5241
27.5158
27.5125
27.5203
27.5298
27.4986
27.4812
27.5185
27.5198
27.5084
27.4918
27.4696
27.5078
27.4887
27.5023
27.5151
27.5312
27.5415
27.5203
27.5251
27.5122
27.5187
27.5008
27.4932
27.4999
27.5157
27.5289
27.5422
27.4946
27.5104
27.5042
27.4796
27.4982
27.5335
27.4798
27.4967
27.474
27.4898
27.5109
27.4942
27.4855
27.5031
27.5114
27.5233
27.5225
27.4844
27.4786
27.4967
27.5172
27.5038
27.502
27.5309
27.4834
27.5161
27.4955
27.5116
27.5078
27.4466
27.5204
27.5361
27.5426
27.523
27.5
27.5263
27.5204
27.4985
27.5022
27.4959
27.5091
27.4884
27.5134
27.5094
27.5289
27.4479
27.4915
27.4976
27.4813
27.5096
27.4835
27.524
27.5127
27.4736
27.4826
27.5128
27.5097
27.4912
27.504
27.5313
27.4947
27.4936
27.5516
27.4992
27.5224
27.5018
27.5178
27.4891
27.5234
27.5129
27.5316
27.5007
27.4893
27.4872
27.513
27.475
27.5302
27.5206
27.4845
27.502
27.4778
27.5089
27.5117
27.4897
27.5361
27.4869
27.5078
27.4939
27.495
27.5185
27.509
27.5004
27.5
27.4806
27.5059
27.4933
27.4899
27.4985
27.443
27.5075
27.5083
27.4819
27.5014
27.485
27.5257
27.5348
27.5153
27.497
27.5201
27.5159
27.5161
27.5053
27.5017
27.5303
27.4659
27.4808
27.4748
27.4783
27.4431
27.503
27.4491
27.5082
27.5284
27.496
27.4754
27.4823
27.4973
27.495
27.482
27.4655
27.4562
27.4787
27.4977
27.5121
27.4868
27.4624
27.4407
27.5055
27.483
27.4791
27.482
27.5154
27.4961
27.4743
27.4901
27.5038
27.5007
27.4465
27.5145
27.5078
27.4759
27.4596
27.4778
27.4931
27.4757
27.4534
27.491
27.4632
27.5103
27.484
27.4761
27.4955
27.4647
27.492
27.4718
27.4368
27.4932
27.4786
27.4904
27.4792
27.4397
27.4762
27.4718
27.481
27.5032
27.4925
27.4721
27.4764
27.4505
27.5085
27.4974
27.4908
27.5183
27.4792
27.4757
27.4774
27.516
27.4681
27.4977
27.5284
27.4737
27.4768
27.4842
27.4837
27.4665
27.4781
27.4956
27.511
27.4541
27.46
27.475
27.4908
27.4553
27.4974
27.4607
27.4795
27.4818
27.4761
27.4617
27.4779
27.4774
27.4604
27.4665
27.4795
27.499
27.5139
27.4801
27.4841
27.4757
27.5015
27.4989
27.465
27.4562
27.4977
27.4941
27.508
27.476
27.4896
27.5025
27.477
27.4808
27.4515
27.496
27.452
27.4827
27.5131
27.5076
27.4939
27.4899
27.4849
27.5096
27.4801
27.4824
27.4834
27.4782
27.4755
27.4688
27.4824
27.4797
27.4633
27.4781
27.4701
