       0
   87662
  269004
  437079
  629991
  814755
  982376
 1169379
 1357849
 1518077
 1700060
 1887547
 2062353
 2239812
 2414463
 2596978
 2759434
 2921360
 3139020
 3310642
 3458920
 3653955
 3810973
 3960004
 4138635
 4299791
 4481152
 4641431
 4787894
 5001770
 5142222
 5331120
 5444900
 5649389
 5802115
 5994549
 6135962
 6318277
 6483005
 6605182
 6792757
 6944955
 7079561
 7263526
 7423224
 7555775
 7669789
 7865828
 7992944
 8181242
 8315550
 8496562
 8614045
 8815495
 8953957
 9076478
 9235722
 9352626
 9536667
 9676773
 9851675
10012208
10139367
10322240
10472846
10577027
10781718
10883340
11050243
11194725
11371643
11544963
11688016
11771654
11975532
12159596
12303268
12456091
12607777
12759162
12897177
13058614
13262138
13360672
13542278
13720999
13874768
14016056
14198913
14377520
14594727
14693476
14885350
15094663
15180506
15352901
15529522
15762951
15912100
16033160
16251345
16412084
16607525
16759372
16924233
17093855
17304769
17430389
17652679
17798872
17977677
18143501
18325420
18492700
18636575
18784925
18992752
19123558
19401956
19549062
19672724
19962725
20075226
20189722
20392856
20544908
20731003
20911731
21019693
21163499
21434330
21514680
21697410
21827170
21910493
22158545
22316611
22385967
22559996
22695879
22819729
23012162
23163914
23302288
23386912
23586017
23763466
23863391
23935576
24088206
24241195
24347052
24467123
24635369
24620571
24874971
24974650
25027937
25221797
25199715
25309278
25372852
25517571
25595188
25699899
25791768
25896799
26002994
26037557
26160824
26292332
26352153
26422906
26475034
26493022
26668356
26773357
26858986
26936946
27038438
27053291
27134984
27189160
27238691
27339462
27454216
27535400
27538260
27605047
27722795
27780408
27809786
28001331
28047531
28080273
28152362
28211094
28336300
28400121
28403295
28570021
28647360
28751762
28776056
28913398
29016434
29103046
29115798
29303335
29285751
29389189
29532107
29603379
29741750
29871505
29881481
29997421
30089435
30158535
30256003
30390419
30535679
30594230
30733607
30830004
30882064
31041009
31153399
31335582
31375129
31604137
31654926
31795926
31894624
31919982
32146736
32285742
32278187
32483773
32591187
32707167
32803623
32982981
33037824
33069829
33242003
33385768
33420621
33502800
33648950
33749192
33806915
33921615
34009926
34010599
34177551
34215002
34266223
34441610
34411247
34516386
34532375
34651892
34771989
34690207
34670309
34786303
34697848
34832815
34807455
34904815
34913006
34774328
34817039
34767992
34729100
34772339
34701368
34610009
34591624
34521359
34461264
34424311
34297903
34184056
34039368
34054032
33842483
33837006
33629538
33429874
33386265
33085959
32978205
32866988
32657173
32459693
32370381
32119338
31896897
31672413
31392002
31127070
30943966
30764278
30410488
30158700
29933843
29534534
29324334
29063777
28746667
28477845
28185343
27851489
27529807
27226504
26862589
26537816
26190823
25848768
25473006
25129149
24762002
24329577
24068281
23685335
23305843
22916546
22571660
22187758
21866205
21487291
21151896
20684061
20305205
19938990
19595099
19086035
18760259
18478414
18054380
17761564
17270222
16922705
16478212
16161461
15798042
15423049
15068565
14709642
14398248
13982364
13599371
13332229
12979863
12605416
12306261
11973039
11678237
11368798
11018435
10737598
10356520
10089263
 9788512
 9480230
 9195152
 8900928
 8641527
 8344889
 8060214
 7893634
 7532687
 7309195
 7099471
 6828853
 6612147
 6365664
 6192114
 5963835
 5730926
 5519366
 5346410
 5152835
 4949452
 4741041
 4559970
 4417097
 4242901
 4086517
 3909825
 3766254
 3621926
 3458721
 3337756
 3176824
 3057952
 2919372
 2803542
 2698304
 2570710
 2454116
 2356523
 2247363
 2154203
 2039283
 1963181
 1851599
 1765189
 1692758
 1629176
 1532175
 1478789
 1415266
 1334903
 1268079
 1195161
 1153505
 1090743
 1046453
 1004207
  941900
  885344
  856976
  797277
  774074
  726054
  692539
  650107
  614317
  581916
  566759
  529185
  492248
  467104
  445432
  422039
  396116
  378188
  356456
  347445
  321989
  305102
  284287
  267811
  254976
  238909
  228318
  211949
  200250
  190036
  179871
  169397
  156532
  152963
  143597
  139161
  130256
  117727
  115548
  114447
  101946
  101468
   94455
   88128
   81546
   78737
   73368
   65763
   63486
   61774
   58171
   57724
   54752
   53807
   49328
   47077
   45099
   42032
   42656
   37621
   34833
   35672
   34886
   33782
   31313
   27510
   30437
   26439
   27403
   25549
   26178
   21538
   21761
   22088
   20304
   21499
   21138
   18768
   19309
   19193
   18022
   16236
   15149
   15829
   16012
   14601
   16660
   14829
   13822
   13932
   13938
   13114
   12931
   12864
   12980
   11661
   11704
   11580
   11750
   12118
   11518
   12115
   10684
   10735
    9938
    9292
    9333
    8849
    9423
    9885
    9054
    9665
    9570
    8527
    8971
    9269
    9041
    8081
    8584
    9295
    9566
    8491
    8098
    8385
    7035
    8525
    7637
    8044
    7364
    7987
    8080
    7290
    8270
    6325
    7656
    6944
    6928
    7556
    7179
    6701
    5624
    6581
    7427
    6547
    6261
    6449
    5973
    5782
    6515
    4897
    5218
    5780
    6270
    6646
    6037
    6117
    5474
    6257
    6318
    4738
    5695
    5989
    5555
    5881
    5215
    4066
    4930
    5338
    5395
    5759
    5551
    5673
    4793
    4862
    4692
    4952
    4981
    4233
    4167
    4980
    5529
    5317
    4509
    5388
    4517
    5137
    5048
    4371
    4352
    4749
    4193
    4250
    4516
    4283
    3179
    3007
    3439
    3403
    3831
    4502
    4080
    3478
    3323
    3390
    3774
    4407
    3264
    4865
    3613
    3153
    3816
    3788
    3357
    2780
    2628
    3486
    3535
    2948
    3198
    3548
    2923
    3820
    3367
    3641
    3044
    3225
    2497
    2228
    2790
    3445
    2278
    3057
    2179
    3642
    2375
    1955
    3296
    3045
    3235
    2887
    2973
    2441
    2667
    3114
    2553
    2846
    3022
    2799
    2197
    3496
    2964
    3000
    2545
    3254
    3314
    2658
    2751
    2510
    2171
    2077
    2843
    2939
    2265
    1997
    3154
    2340
    3246
    2139
    2309
    2538
    3053
    2322
    1951
    2539
    1796
    2367
    2265
    2204
    2538
    2446
    1448
    1956
    2077
    1565
    2678
    2376
    2221
    2197
    1752
    2431
    1555
    2340
    1906
    2227
    1816
    1891
    2228
    2239
    1855
    2118
    1892
    1745
    1854
    1956
    2081
    1451
    1785
    1302
    1943
    1939
    1184
    1876
    1519
    1658
    1449
    1621
    1938
    1619
    2210
    2114
    2007
    1668
    2073
    1600
    1343
    1202
    1729
    2521
    1873
    1965
    1719
    1520
    1262
    2395
    1617
    1484
    1599
    1411
    1973
    1813
    1481
    2806
    2397
    2088
    1467
    1830
    1475
    1125
    1398
    1140
    1440
    1458
    1842
    1266
    1411
    1292
    1723
    1578
    1450
    2116
    1229
    1286
    1126
    1170
    1286
    1069
     956
    1124
    1282
    1431
    1718
    2085
    1744
    1260
    1530
    1884
    1410
     880
    1276
    1247
    1367
    1344
    1168
    1612
    1164
    1864
     961
    1002
    1190
     810
    1218
     773
    1010
     904
    1270
    1436
    1062
     840
    1232
    1290
    1181
    1312
    1445
     977
    1309
    1165
     866
     962
     961
     868
    1148
    1486
     877
    1012
    1186
    1626
    1099
    1165
    1245
     900
    1062
     481
     784
     799
     780
     683
    1051
    1290
    1190
     713
     684
     800
     986
    1091
     884
    1275
     482
    1123
    1258
     727
     833
     795
    1022
     783
     821
     918
     709
    1429
    1365
    1652
    1077
    1286
     644
     412
     875
     787
    1017
     460
    1254
    1017
     746
    1118
     983
    1015
     618
     654
    1454
     986
     793
    1160
     729
    1074
     806
    1064
     370
     914
     618
     893
     919
     593
     494
     985
     931
     723
     783
    1129
     970
     795
     502
     542
     619
     594
     289
     567
     266
     557
     698
     852
     940
     609
     720
     654
    1139
     501
     474
     486
     763
     808
     678
     339
     946
     745
     644
     697
     730
     511
     844
     458
     853
     784
     644
     726
     837
     407
     915
     511
     951
     408
     302
     716
     501
     759
     531
     284
     773
     732
     386
     461
     945
     622
     283
     997
     841
     752
     862
     658
     693
     584
     625
     675
     909
    1150
     717
     764
     891
     826
    1075
     665
     455
     562
     792
     608
     841
     737
     371
     170
     522
     567
     804
     679
     752
     385
     172
     807
     328
     430
     437
     257
     197
     349
     500
     381
     411
     660
     498
     475
     509
     606
     520
     159
     596
     471
     674
     581
     465
     408
     474
     508
     802
     567
     495
     675
    1090
     835
     654
     312
     440
     198
     696
     370
     774
     292
     290
     362
     347
     850
     564
     215
     190
     405
     514
     590
     293
     354
     442
    1339
     227
     361
     922
     584
     612
     968
     514
     509
     404
     457
     486
     484
     387
     479
     193
     328
      44
     449
     204
     530
     367
     402
     427
     433
     211
     480
     384
     882
     430
     640
     310
     572
     488
     323
     407
     208
     443
     349
     377
     395
     664
     264
     174
     594
     159
     163
     544
     299
     709
     357
     589
     497
     494
     522
     488
     484
     512
     417
     499
     401
     109
     164
     346
     348
     327
     370
     426
     330
     328
     244
     112
     150
     236
     236
     407
     596
     371
     215
     412
     183
     528
     530
     168
     317
     693
     632
     274
     189
     682
     616
     212
     861
     363
     203
     128
      85
     182
     278
     371
     322
     176
     353
     558
     582
     463
     344
     580
     555
     375
     378
     495
     289
     359
     314
     213
     229
     220
     158
     490
     134
     423
     279
     440
     107
     285
     193
     202
     224
     506
     502
     144
     159
     240
     173
     450
     239
     430
     234
     457
     203
     517
     287
     305
     124
     375
      79
     230
     420
     494
     336
     223
     247
     371
     485
     262
     121
     199
     312
     304
     275
     396
     408
     427
     664
     482
     368
     252
      30
     152
     258
     144
     584
      61
     411
     259
     230
     489
     328
     282
     206
     297
     245
     170
     359
     257
      52
     372
     379
     298
     104
      33
     818
     457
     260
     334
     489
     261
     215
     608
     343
     157
     291
     515
     435
     207
     311
     105
     140
     304
     124
     328
     290
     364
     186
     440
      93
     213
     325
     474
     224
     188
      37
     285
     470
     123
     209
     180
     145
     126
     327
     340
     224
     423
     239
     220
     183
     151
     252
     286
     147
      70
     427
     150
      33
     315
     157
     186
     278
     220
      57
     208
     317
     316
     150
     172
       5
     141
     433
      50
      84
     140
     189
     243
     243
     849
     348
     242
     354
      78
      40
     219
     176
     173
     301
     283
     179
     269
     263
     252
     160
     197
     172
     393
     262
     285
      89
     182
     133
     613
      82
     136
     425
     239
     641
     129
     243
     274
     340
     105
     130
     143
     290
      70
      50
     105
      25
     397
     578
     199
     195
     347
     124
     217
     295
     177
     268
     149
     218
     102
     254
     254
     353
      15
      23
      50
     100
     195
       7
      98
      15
      62
      95
     333
     279
      82
     161
      78
       2
       4
     140
     136
     223
     152
      21
      10
     107
     195
     553
     107
     298
       0
     113
      43
      80
      26
       0
      54
      91
     197
      86
     300
     138
      23
     145
      68
     145
     185
      46
     170
      67
     135
     409
     285
     217
     206
      52
     143
     102
     202
     104
      88
     115
      85
      42
     105
      53
      21
     276
     171
     244
     264
     190
     391
     228
     136
     309
      41
      96
      89
     188
     292
     284
     184
      92
     315
      63
     161
     287
     151
     259
     127
      22
     284
     165
      82
     173
      94
     268
     136
     253
     237
      85
      74
       0
     106
     332
     109
      51
      39
     112
     176
     236
     124
     126
     113
     103
     289
     238
     280
      14
     165
      91
       5
     102
     179
     275
     289
     146
     374
       0
     115
       2
     150
      94
     204
     253
     326
     125
      60
     213
      87
     212
     302
      78
      40
       0
       4
      26
     125
      37
      99
      88
     170
      13
     325
      14
     110
      38
     145
     281
     152
      24
       0
     121
     162
     160
     241
      63
     143
     204
      39
      11
     156
     384
      65
     257
      44
     248
      74
     342
      16
      66
     199
     105
     213
      93
     185
     277
     139
      38
     102
     155
     113
      62
      14
      48
      46
     219
      87
      63
      47
     171
     310
      36
     182
     154
     145
     174
      51
     276
     106
       3
     148
     195
     165
     209
       3
      75
     254
     197
      53
      76
      39
      68
     153
     135
       0
     111
     245
      56
       0
     174
     175
     144
       0
     181
     155
     209
      31
      60
      97
     237
      37
       0
     145
     119
      49
      10
      43
     127
     168
      58
       9
      86
      51
     226
     373
      69
      51
      35
     141
      63
     103
      83
      29
      88
      42
     105
      82
       0
      53
     150
     130
      54
     270
      43
      98
      27
       0
      23
      69
     222
     107
     151
       0
     110
      73
      19
     113
     171
      27
     115
      68
     214
      79
     111
     109
      76
       0
      33
      74
      62
     157
       5
      16
      20
      13
      22
      25
     122
       8
     145
      70
      12
     334
     167
      50
     213
     317
      98
      11
      17
      53
      65
       3
      55
     140
      48
     112
     239
      76
      32
      28
       0
     295
     329
     331
       5
      55
     138
     196
       0
       6
     160
      33
      18
      83
      85
     346
      12
     176
      15
     276
      85
      75
      82
       7
      21
     102
     230
     118
       4
     276
     133
       1
     146
      43
      77
      93
       0
     277
     128
      25
      42
     280
      73
      95
      90
     304
      52
      54
      31
      22
      48
       8
       0
      28
      79
      24
       0
      13
      93
      60
     141
     152
      21
       0
      63
      26
      18
      29
      60
      82
       0
       0
     125
      66
      74
     256
      40
      62
      35
     117
      91
      89
      63
     147
      14
     264
     141
     149
     366
     312
      35
      71
      17
      16
      79
      20
      67
     164
      67
      52
      29
     105
     114
     280
       0
      69
       0
      48
       0
      29
      32
      74
      37
       2
      95
     118
      27
     306
       5
      18
     129
      84
     146
      26
     180
       3
     161
      35
      21
      23
       0
       0
       0
      15
     137
      38
      24
       0
       7
      16
      73
      41
      41
      51
       0
      37
       0
      43
      37
      40
      82
       0
      34
      22
       0
       3
      18
     144
      47
       1
       0
       0
      21
       0
       0
     150
       7
       0
       0
      25
      44
     129
       5
      76
      63
      39
      51
       0
       0
     108
      35
      21
     257
      13
      64
      67
     136
       0
      85
     112
      87
       0
      33
     111
     365
     178
      52
      86
     158
      43
      35
      32
       3
      62
       0
     133
      16
     169
       0
     197
     207
     130
     158
       0
       0
      25
       6
      18
      38
     316
     106
      52
      68
      14
     162
     100
      58
      38
     132
       0
       0
      12
       0
     134
      57
      15
     152
     103
      52
     155
      97
       0
     299
     102
      51
       0
       0
      27
     220
      83
       0
      22
       0
      33
      45
      14
     160
      54
      58
      18
       0
       0
      34
      37
      69
     105
      69
     104
       0
       0
      63
      10
     178
     199
       0
       9
     157
      22
     106
      87
       8
     233
      75
     208
      21
       0
       0
      87
      64
      95
      28
      47
      11
     260
      11
       0
      95
      75
      41
       0
      64
      61
      86
     265
      89
     248
     145
     100
      63
     317
       7
      74
      10
       0
      57
      66
       0
     176
       0
      85
       0
      88
       0
      14
      11
      33
      68
       7
      64
     315
     179
     100
      98
     126
      24
     118
      20
     122
     299
      55
     112
       0
       0
      27
     103
       0
      83
      38
      48
      23
       0
       0
      55
     123
      35
       0
      34
      12
     149
       0
       0
       0
       0
       0
       0
       0
      78
       7
      79
       0
       0
       2
      42
       0
     169
     172
      69
      38
      28
       0
      86
       5
     196
      43
      83
     124
      24
       0
       0
     146
      10
       0
       0
       0
       3
      36
     132
      25
      75
       0
       0
       7
     101
      50
       0
       0
       2
     107
       0
      62
     115
      18
     109
       3
     175
       0
     196
       2
       0
       9
       0
       0
       0
       0
       0
       0
      10
      16
      21
       6
     115
     135
       0
     177
      43
      26
     199
      86
      70
       0
      41
     257
       0
      40
       0
       0
       6
     124
      52
      89
       8
      46
      70
       0
      17
      92
      14
      57
      58
     142
      62
       0
       0
     192
      23
      37
       0
     143
     469
       0
       0
       2
       0
       9
       1
     110
       0
      18
       0
       0
      43
     269
      22
      94
       0
       5
      11
       0
     373
       0
     381
       0
       0
     122
      62
      83
       0
     118
       0
       0
       0
      36
       0
      72
      77
       1
       0
      16
      37
      84
       0
      11
       0
     135
      28
       0
      10
      25
       0
     102
      89
     186
     116
       0
       5
       0
      33
       0
       0
      53
      10
      64
     152
      84
     100
      29
       0
     109
       0
      11
     170
       0
       0
       0
       8
     282
       6
     153
      23
       0
     120
     240
       0
      26
       0
       0
      26
       0
      13
     124
      18
       0
       0
       9
       0
      41
     155
      18
       0
      62
      28
      55
       0
     118
       0
       0
       0
       0
       0
       1
      81
      19
      59
      43
       0
       0
       0
     131
       0
       0
      68
      60
       0
       2
       0
       0
       0
       0
       0
       0
       0
       2
       0
       0
     103
       0
      63
     171
       0
     101
     101
      51
       0
       0
      24
     143
      46
       0
       2
       0
       0
       0
       0
       2
       3
      83
     105
       0
      30
       0
      49
      10
       0
       0
      10
      39
      92
     270
      45
     120
      42
     141
       0
      26
       0
       0
      27
       5
       0
     257
     225
      29
       9
       8
       8
      55
      86
      34
      49
       0
      54
      68
       0
       0
       0
       0
       0
      23
      63
      91
      98
     200
      51
      38
      51
      48
       0
      37
      70
       0
       3
       5
       6
       0
      55
       0
       0
      88
     154
      45
       0
      21
      97
      79
      40
      12
       0
       0
       8
      15
       6
       0
       7
       0
      91
       0
       0
      19
       0
       1
      14
       0
       0
       0
       1
       0
       0
       0
      33
       0
     136
      51
       8
      15
       0
       6
       0
      52
      21
       0
     152
       0
      25
       0
      20
      24
       0
       0
      65
      81
       0
       0
       0
      31
      50
       0
      91
      12
      57
     128
      25
     157
      77
      18
       0
      50
       0
       0
       0
       0
       0
      67
      30
       0
       4
     124
       0
      11
       0
       0
       0
      83
       0
       4
       0
       0
       0
      31
      45
       0
       0
       0
      53
       3
      18
       0
      12
       0
      37
      20
      34
       4
       0
       0
     111
       8
       0
       0
      14
       0
      21
       0
       0
       0
      23
     126
       0
      52
       0
       0
       0
      30
       0
      64
       0
       0
      46
       3
      49
       0
       0
      46
       0
      82
       0
       0
       0
       0
       0
       0
     136
       0
       0
       0
       0
       0
       0
       0
       9
      95
      41
       0
       0
       0
       0
       0
       0
       0
       0
       0
      54
       0
      55
      42
      48
       0
       0
       0
      18
       0
       0
       3
       0
      51
      32
       0
     235
      81
      19
       0
       0
       0
       0
       0
      24
      14
     165
      36
       0
       0
      27
      17
     262
      51
       0
       0
       0
     119
       0
      33
       0
       0
       0
       0
       0
       0
     126
      44
      78
       0
     131
       0
       0
       0
      41
     116
       0
       0
       0
      88
      13
      10
       0
       0
       4
     106
       0
       8
       0
     171
      60
       0
       0
      15
       0
     256
      76
      25
      48
     192
      15
       0
       0
       0
      47
     120
       9
       0
      57
      25
       0
      96
       0
       0
      74
       5
     100
      38
      44
       0
      18
      57
       0
       0
       0
     168
       0
     360
       0
       0
       0
      61
      92
      35
      64
       0
      11
       0
       0
       0
     130
      53
       0
       0
       7
      68
       0
       6
     108
       2
       0
       0
       0
       0
       0
       0
      56
       0
       0
      89
       0
       0
       8
      67
       0
      44
       0
       7
      92
       0
       0
       0
       0
      12
      17
       0
       0
       0
       0
       0
      17
       0
       0
       0
       0
       0
       0
       0
      26
       0
       5
      29
       0
       0
       0
       0
      15
     135
     148
      16
       0
      12
       0
       0
      67
      11
       0
       0
       0
       0
       0
      61
       0
      76
       6
     156
       0
     151
       0
      22
      79
       0
       0
       0
       0
       0
       0
       0
       0
       0
       0
       0
       0
       0
      44
      10
       4
      80
      45
       0
      41
      53
      10
      86
       2
      10
      43
       0
       0
      43
       0
       0
       0
       0
       0
       0
       0
       0
       0
       6
       0
       0
       0
       0
       0
       0
       0
       0
       0
       0
       4
       2
       0
       0
       0
      15
       0
       0
       0
       0
       0
       1
      84
     107
       0
       0
     114
       0
       0
       0
       0
      35
       0
       0
       0
       0
       0
     127
       0
       0
       0
       0
       0
      57
       0
       0
       0
       0
       0
      25
       0
       0
       0
       0
       0
       0
       0
       0
       0
      17
       0
       0
      24
      29
     131
       0
       0
       0
      13
      14
       0
       0
      68
       0
      18
       0
       0
       0
       0
       0
       0
       0
       0
      46
       0
      45
       0
      40
      22
      17
      24
      69
      62
       0
     106
     197
       0
      13
     103
      42
       0
      89
      68
       0
      37
      74
      41
       0
       0
      70
       0
       0
       8
       0
       0
       0
       0
       0
       0
       0
     106
       0
       0
      74
      99
       0
      46
     182
       8
      23
       0
       0
       0
       0
       0
       0
       0
       0
       0
       0
      47
       0
       0
       0
       0
       0
       1
     280
      12
      13
       0
      30
       0
       4
       0
      31
       9
      80
      26
       0
      10
       0
       0
       0
       0
       0
      13
       0
       0
       0
       0
       0
      10
       3
       5
       0
       0
      13
       0
       0
       0
       0
      59
     101
       0
       0
       0
       0
      13
       0
       0
       0
       0
       0
       0
      36
       0
       0
       5
      63
       0
       0
       0
       0
       0
       0
       0
      42
      34
