6.06438
6.24499
6.12848
6.07493
6.35069
6.44516
5.98228
6.34141
5.94096
6.31631
6.29771
5.63593
6.02338
5.96162
5.93896
5.85017
5.73853
6.0367
5.78202
5.74179
5.65442
5.42422
5.21121
5.59117
5.41455
5.57148
5.52577
5.62756
5.36661
5.52698
4.97694
5.13649
5.28227
5.18087
4.93842
5.06177
5.2008
4.68749
4.58486
4.34813
4.65622
4.42542
4.74006
4.48919
4.37242
4.33142
4.28009
4.07863
3.95313
4.21988
4.18083
4.07141
3.96916
3.95766
3.83224
3.77277
3.86515
3.82806
3.78904
3.74755
3.76205
3.83919
3.68565
3.79471
3.77895
3.72411
3.63028
3.79399
3.77099
3.57158
3.58503
3.6701
3.62017
3.66665
3.59634
3.61105
3.66238
3.62401
3.53279
3.60306
3.68737
3.62198
3.5933
3.69392
3.64419
3.56702
3.5914
3.54964
3.65017
3.61711
3.54698
3.5054
3.55072
3.52756
3.55738
3.37107
3.56508
3.5471
3.6182
3.55106
3.52848
3.59416
3.51264
3.5432
3.49428
3.58662
3.551
3.47511
3.64368
3.56515
3.57056
3.4881
3.45965
3.49809
3.56566
3.59867
3.62887
3.44256
3.57462
3.50262
3.57738
3.5801
3.572
3.48363
3.47504
3.48983
3.54789
3.44995
3.4852
3.54222
3.48468
3.47851
3.53951
3.5905
3.41156
3.54116
3.56718
3.52903
3.51359
3.5293
3.44094
3.51955
3.52355
3.46903
3.49453
3.43807
3.45111
3.51914
3.49029
3.51873
3.50283
3.51365
3.52528
3.58622
3.52892
3.53611
3.4777
3.54441
3.49078
3.53389
3.52738
3.56132
3.5809
3.57958
3.66138
3.71384
3.58233
3.62263
3.85246
3.79023
3.79285
3.67373
3.63351
3.65879
3.63873
3.70111
3.59684
3.63657
