36.0125
39.0878
40.2075
40.6124
41.1491
40.5909
39.8941
39.109
38.1066
37.3717
36.9741
36.1775
35.7785
35.4482
34.9825
34.9102
34.6446
34.5506
34.3942
34.3815
34.2045
34.1668
34.1302
34.0197
33.8575
33.9396
33.9038
33.9168
33.8621
33.7338
33.7309
33.7984
33.7003
33.684
33.6722
33.683
33.7118
33.7288
33.6985
33.6715
33.6687
33.6267
33.7216
33.7613
33.6758
33.6728
33.6137
33.68
33.6733
33.693
33.6358
33.6812
33.5625
33.6716
33.6181
33.631
33.6682
33.6208
33.5622
33.7384
33.6211
33.6572
33.5591
33.6459
33.6211
33.6514
33.5501
33.5394
33.6503
33.5907
33.6134
33.5423
33.6011
33.6483
33.5883
33.5662
33.7177
33.5224
33.5562
33.6185
33.5638
33.6197
33.5426
33.5871
33.5275
33.5476
33.5808
33.4989
33.5378
33.5985
33.5775
33.5764
33.6042
33.5732
33.58
33.565
33.5556
33.6141
33.4964
33.5413
33.5516
33.5067
33.5148
33.5477
33.556
33.4897
33.5396
33.5352
33.5785
33.5976
33.5134
33.5618
33.5217
33.5603
33.5168
33.568
33.5562
33.5602
33.5141
33.6661
33.5845
33.6086
33.6035
33.4924
33.5805
33.5357
33.5384
33.5913
33.5565
33.5982
33.5484
33.5373
33.6267
33.5893
33.5444
33.4632
33.4401
