40.4781
37.6312
36.7097
35.9608
35.1475
34.2497
33.6036
32.9318
32.3696
31.7135
31.2409
30.7169
30.3955
30.2279
30.2331
30.3746
30.6954
31.0128
31.1258
31.119
31.0296
30.8141
30.6345
30.416
30.29
30.2288
30.2585
30.2864
30.3858
30.4964
30.5528
30.5328
30.5531
30.5571
30.4928
30.4818
30.4332
30.3708
30.3018
30.2589
30.2338
30.2059
30.199
30.2239
30.2591
30.2781
30.2771
30.2744
30.2573
30.2588
30.2575
30.2183
30.1912
30.1524
30.158
30.1708
30.1706
30.1932
30.187
30.1781
30.1512
30.1773
30.1491
30.146
30.1219
30.1105
30.1255
30.1423
30.1613
30.1518
30.1312
30.1372
30.095
30.0936
30.1161
30.0863
30.0869
30.0865
30.1014
30.0987
30.0871
30.0902
30.0903
30.0853
30.0846
30.0923
30.0819
30.0723
30.0703
30.0765
30.0801
30.1148
30.1132
30.1053
30.0785
30.0729
30.0571
30.0789
30.0908
30.0706
30.0872
30.0707
30.0705
30.0835
30.0773
30.0616
30.0627
30.0752
30.0847
30.0793
30.086
30.0894
30.0863
30.0657
30.0655
30.0637
30.0675
30.0545
30.0705
30.0806
30.0821
30.0776
30.0811
30.0624
30.0785
30.0635
30.0768
30.0829
30.0741
30.077
30.0652
30.062
30.0542
30.0776
30.0667
30.0763
30.078
30.0557
30.0725
30.0621
30.0805
30.0704
30.0682
30.0742
30.0865
30.0625
30.0898
30.0977
30.1107
30.1001
30.0812
30.0873
30.0705
30.068
30.0832
30.1068
30.0879
30.0841
30.0756
30.0735
30.074
30.0654
30.0787
30.088
30.1039
30.066
30.0724
30.0814
30.1017
30.0899
30.074
30.083
30.0625
30.066
30.0965
30.0846
30.0782
30.073
30.0923
30.093
30.1019
30.0932
30.0833
30.0736
30.0659
30.076
30.0725
30.0736
30.0815
30.0895
30.0813
30.0713
30.0873
30.077
30.0788
30.0782
30.1078
30.1211
30.1009
30.0658
30.0698
30.0971
30.1066
30.1015
30.083
30.0739
30.0828
30.0961
30.1281
30.1154
30.1212
30.0929
30.0832
30.0745
30.0682
30.1032
30.0846
30.0807
30.0586
30.0875
30.0694
30.0642
30.0661
30.0692
30.0644
30.0781
30.0865
30.1009
30.0951
30.0849
30.0716
30.0952
30.0978
30.0959
30.0956
30.0791
30.0606
30.0798
30.0728
30.0826
30.0773
30.0781
30.0649
30.0687
30.0804
30.0759
30.0685
30.0597
30.0602
30.0674
30.072
30.0688
30.0604
30.0752
30.0685
30.0773
30.0854
30.0994
30.0746
30.0867
30.0988
30.1032
30.0806
30.0748
30.0577
30.0668
30.0688
30.1012
30.1015
30.0807
30.0863
30.0809
30.0873
30.0862
30.0838
30.0677
30.0623
30.0762
30.089
30.08
30.0753
30.0708
30.0817
30.0824
30.0796
30.0682
30.0731
30.0738
30.0698
30.0644
30.068
30.078
30.0745
30.0713
30.1005
30.0722
30.0924
30.0901
30.066
30.0759
30.0646
30.0684
30.0728
30.0677
30.0698
30.0656
30.072
30.0686
30.091
30.0909
30.0657
30.0712
30.0602
30.0636
30.0672
30.0772
30.0681
30.0781
30.0782
30.0764
30.089
30.0989
30.0947
30.0803
30.0512
30.0893
30.1074
30.1117
30.0903
30.0826
30.0828
30.1045
30.1168
30.1172
30.102
30.079
30.0784
30.0983
30.1105
30.098
30.0843
30.0864
30.0996
30.102
30.0959
30.1041
30.1005
30.0896
30.0744
30.0864
30.0969
30.1277
30.1115
30.0774
30.0745
30.1009
30.131
30.1227
30.1005
30.0863
30.083
30.0687
30.0809
30.0919
30.0835
30.0798
30.0798
30.0803
30.0818
30.0831
30.0972
30.0782
30.0714
30.0827
30.0914
30.0645
30.0611
30.0913
30.0821
30.0657
30.0589
30.0727
30.087
30.0725
30.0698
30.0653
30.0814
30.0827
30.0881
30.0727
30.0755
30.0597
30.0648
30.0652
30.0647
30.0681
30.0742
30.0589
30.0731
30.1085
30.1013
30.1102
30.0954
30.0667
30.1094
30.1506
30.1114
30.0792
30.0795
30.1084
30.104
30.0828
30.0859
30.067
30.0668
30.0611
30.0859
30.1104
30.0968
30.0811
30.0872
30.0911
30.1173
30.0865
30.0608
30.0709
30.0894
30.111
30.108
30.091
30.0641
30.0877
30.1155
30.1164
30.0933
30.0762
30.0611
30.0712
30.057
30.0658
30.078
30.0745
30.0794
30.0847
30.105
30.0756
30.065
30.0787
30.0735
30.0711
30.0914
30.1249
30.0945
30.0933
30.0649
30.0797
30.0911
30.0946
30.0678
30.0684
30.0586
30.0879
30.1097
30.0916
30.0809
30.0738
30.0784
30.0925
30.0891
30.0979
30.0747
30.0773
30.094
30.0975
30.0817
30.0734
30.0895
30.1158
30.1015
30.0838
30.0726
30.078
30.0934
30.09
30.0866
30.0741
30.0855
30.1011
30.0828
30.0709
30.08
30.0749
30.0864
30.0734
30.0713
30.0847
30.0705
30.0707
30.0822
30.0787
30.0798
30.0758
30.0882
30.082
30.0866
30.096
30.0852
30.0619
30.0707
30.0802
30.0834
30.0802
30.0552
30.0865
30.084
30.0999
30.101
30.0874
30.08
30.126
30.1225
30.1062
30.0853
30.0714
30.0756
30.0856
30.0977
30.0802
30.0705
30.089
30.0839
30.1098
30.0799
30.0874
30.071
30.0758
30.0622
30.0718
30.0721
30.0666
30.0762
30.0976
30.0962
30.0699
30.0632
30.093
30.0824
30.0886
30.0749
30.072
30.0758
30.0934
30.0771
30.0717
30.0823
30.0681
30.0673
30.0768
30.0731
30.0784
30.0717
30.0723
30.083
30.0945
30.0676
30.0614
30.0906
30.1301
30.1321
30.152
30.1656
30.1213
30.0709
30.1106
30.1288
30.1577
30.1084
30.0833
30.0722
30.0883
30.1035
30.1135
30.113
30.1058
30.1428
30.1499
30.1265
30.1165
30.0633
30.0762
30.1331
30.1666
30.1263
30.0613
30.0884
30.1041
30.0793
30.0698
30.0743
30.0846
30.0835
30.0876
30.0794
30.0916
30.0911
30.0841
30.0908
30.0704
30.0987
30.0801
30.0653
30.0617
30.0676
30.0718
30.074
30.0882
30.0683
30.0693
30.0705
30.0819
30.0663
30.0621
30.0766
30.0729
30.076
30.0843
30.0753
30.0821
30.0815
30.0792
30.0756
30.0557
30.0629
30.0715
30.0781
30.0705
30.0807
30.0905
30.0796
30.0758
30.0676
30.0623
30.0473
30.0754
30.0789
30.0696
30.0667
30.0627
30.0831
30.0668
30.0687
30.077
30.0698
30.0776
30.0812
30.0968
30.0974
30.0687
30.0673
30.077
30.0755
30.0692
30.0886
30.112
30.1059
30.0769
30.0763
30.0704
30.0741
30.0773
30.0847
30.083
30.0787
30.0832
30.0778
30.0886
30.0996
30.0949
30.0996
30.078
30.0748
30.0886
30.0978
30.1088
30.1129
30.1357
30.1232
30.0798
30.0842
30.0965
30.1188
30.1189
30.075
30.0646
30.0936
30.1146
30.1231
30.1045
30.0699
30.0924
30.0755
30.0943
30.0969
30.0804
30.0704
30.0708
30.0847
30.084
30.0764
30.0892
30.0892
30.0916
30.0864
30.0799
30.0855
30.1019
30.0832
30.0634
30.0866
30.0825
30.0989
30.0738
30.0831
30.0916
30.1028
30.0971
30.0849
30.0787
30.0659
30.0732
30.0857
30.0956
30.0847
30.0665
30.0554
30.077
30.0568
30.0843
30.0828
30.0839
30.0705
30.0726
30.0767
30.0801
30.0937
30.0927
30.0836
30.0673
30.0883
30.0807
30.0857
30.0746
30.0607
30.0617
30.0862
30.0619
30.0561
30.0705
30.0869
30.1057
30.0707
30.0744
30.064
30.0846
30.0806
30.0752
30.0647
30.071
30.0805
30.0901
30.0957
30.0989
30.0697
30.0846
30.0816
30.0676
30.0821
30.0891
30.1037
30.1061
30.1061
30.1017
30.0842
30.0687
30.0706
30.0797
30.1139
30.1344
30.1045
30.0874
30.0757
30.0608
30.0966
30.0754
30.0846
30.081
30.0777
30.0751
30.0713
30.0751
30.0735
30.0696
30.0748
30.0791
30.0811
30.0773
30.0918
30.0956
30.0912
30.0872
30.0731
30.062
30.0838
30.0853
30.0859
30.0697
30.0763
30.0944
30.083
30.0753
30.0702
30.0773
30.077
30.0738
30.0625
30.0945
30.0716
30.0756
30.0937
30.1009
30.0783
30.0762
30.0756
30.109
30.1522
30.114
30.0842
30.0788
30.1053
30.1006
30.1189
30.0906
30.0772
30.0621
30.0624
30.0804
30.0873
30.0801
30.0851
30.1064
30.0974
30.0854
30.0628
30.0744
30.0885
30.0922
30.0844
30.0811
30.1102
30.1132
30.1006
30.0795
30.0777
30.0987
30.1036
30.0834
30.0835
30.0728
30.0909
30.1026
30.0829
30.087
30.0841
30.0807
30.0744
30.0867
30.0825
30.0856
30.0825
30.0991
30.1245
30.1118
30.081
30.0665
30.0675
30.0752
30.1129
30.1009
30.0884
30.0778
30.0765
30.0733
30.1005
30.0904
30.1123
30.0812
30.0666
30.0761
30.1087
30.1244
30.1027
30.0685
30.0669
30.0832
30.0694
30.0899
30.071
30.0796
30.0747
30.0624
30.0772
30.0793
30.0703
30.0772
30.0729
30.0916
30.0735
30.0698
30.0755
30.0895
30.0841
30.0822
30.0717
30.0828
30.0824
30.0978
30.1249
30.1293
30.0782
30.0727
30.1107
30.1143
30.0922
30.0915
30.0642
30.0762
30.0851
30.103
30.0842
30.0784
30.0878
30.092
30.1165
30.1258
30.112
30.1039
30.0735
30.0624
30.081
30.0725
30.0805
30.0807
30.0868
30.0806
30.0984
30.0932
30.0722
30.069
30.0647
30.085
30.0907
30.0797
30.0642
30.0751
30.0774
30.0762
30.0907
30.0677
30.0785
30.0669
30.0625
30.0545
30.0719
30.0649
30.0671
30.0771
30.0805
30.0787
30.0967
30.096
30.0933
30.071
30.0791
30.0651
30.1018
30.0999
30.0831
30.0858
30.0541
30.0843
30.0722
30.0758
30.0582
30.0615
30.0826
30.0875
30.0862
30.0945
30.1131
30.1161
30.116
30.0811
30.0753
30.087
30.0962
30.086
30.0782
30.0642
30.0567
30.0576
30.0636
30.075
30.065
30.0749
30.0683
30.0516
30.0986
30.0815
30.0757
30.0784
30.092
30.0859
30.0899
30.0945
30.0861
30.0676
30.0722
30.0835
30.0742
30.0765
30.0813
30.0836
30.0765
30.0762
30.0689
30.0749
30.073
30.0833
30.0899
30.0855
30.0762
30.0628
30.0808
30.0993
30.0825
30.0775
30.1006
30.1034
30.0774
30.0746
30.079
30.0764
30.072
30.0924
30.075
30.0747
30.0925
30.1075
30.0943
30.1101
30.0824
30.0641
30.1019
30.0888
30.1004
30.091
30.0808
30.0693
30.0805
30.0832
30.0608
30.0601
30.0734
30.0697
30.0893
30.0868
30.0874
30.0707
30.078
30.0927
30.0876
30.0593
30.0677
30.0708
30.08
30.0811
30.0699
30.0804
30.0829
30.091
30.109
30.0866
30.0674
30.0741
30.0934
30.1202
30.1001
30.08
30.1098
30.1533
30.1453
30.1023
30.0689
30.0886
30.1097
30.0952
30.0942
30.0779
30.1037
30.1311
30.1287
30.1092
30.1004
30.0864
30.0955
30.1192
30.1181
30.1199
30.1115
30.0722
30.0881
30.0779
30.0811
30.0923
30.0967
30.0888
30.0635
30.0751
30.0995
30.0927
30.0762
30.0822
30.1042
30.1105
30.0729
30.0816
30.0723
30.0795
30.0742
30.0619
30.1075
30.1185
30.1032
30.1288
30.0989
30.0721
30.0667
30.0646
30.0915
30.0935
30.09
30.0924
30.0973
30.0853
30.1038
30.068
30.0749
30.0778
30.0871
30.101
30.0839
30.0798
30.0752
30.0755
30.0893
30.0812
30.0786
30.0841
30.0715
30.0586
30.0743
30.0665
30.0697
30.08
30.0788
30.087
30.0871
30.0934
30.0897
30.088
30.0846
30.0738
30.0634
30.1075
30.1124
30.0948
30.0801
30.0723
30.0789
30.0907
30.1235
30.1093
30.0847
30.0681
30.0899
30.105
30.1045
30.0721
30.0789
30.1075
30.1449
30.1009
30.0777
30.0769
30.0931
30.0863
30.0748
30.0696
30.0851
30.1014
30.122
30.0957
30.0797
30.0833
30.0706
30.109
30.0922
30.0923
30.0885
30.1088
30.0912
30.0978
30.0862
30.0915
30.1242
30.1232
30.0817
30.0541
30.0609
30.0743
30.0778
30.0697
30.074
30.0773
30.0613
30.073
30.0682
30.071
30.0857
30.1093
30.1054
30.0932
30.082
30.1155
30.1536
30.116
30.0844
30.0744
30.0968
30.1444
30.1171
30.0918
30.099
30.1504
30.1733
30.1274
30.0916
30.0823
30.0977
30.116
30.1158
30.1048
30.0835
30.0903
30.1433
30.1348
30.0969
30.0855
30.083
30.0991
30.1304
30.1042
30.074
30.0871
30.0951
30.1021
30.1309
30.1131
30.1093
30.0839
30.0664
30.0766
30.1052
30.0863
30.0821
30.1049
30.0967
30.0823
30.0964
30.07
30.0734
30.0765
30.0851
30.1071
30.0752
30.074
30.0879
30.0949
30.0883
30.0747
30.1097
30.101
30.0826
30.0728
30.0719
30.1063
30.1008
30.0945
30.0752
30.0644
30.1147
30.0973
30.086
30.0812
30.0988
30.1167
30.1253
30.0736
30.0742
30.0869
30.0892
30.0878
30.0676
30.0773
30.0744
30.0696
30.0611
30.0894
30.0732
30.0878
30.1119
30.0951
30.0811
30.0809
30.0945
30.0807
30.0834
30.0771
30.0832
30.0985
30.0865
30.0988
30.0761
30.0966
30.0922
30.0889
30.0866
30.091
30.0809
30.0773
30.0882
30.0916
30.0857
30.0758
30.0637
30.067
30.0912
30.0669
30.0809
30.0603
30.102
30.1014
30.1037
30.0889
30.0809
30.0552
30.0605
30.0777
30.0713
30.0778
30.0859
30.0676
30.0768
30.0836
30.0803
30.0922
30.0559
30.0638
30.0689
30.0679
30.0657
30.077
30.0618
30.0718
30.0801
30.0943
30.0878
30.0785
30.0717
30.0556
30.0746
30.0727
30.0716
30.0681
30.0726
30.0952
30.1047
30.084
30.0804
30.0741
30.0709
30.1014
30.1086
30.0811
30.0818
30.096
30.0996
30.0865
30.0855
30.0971
30.0944
30.0784
30.0814
30.0795
30.0694
30.0776
30.0792
30.0872
30.0721
30.0804
30.0938
30.0937
30.108
30.1043
30.0859
30.0724
30.0806
30.1022
30.0747
30.0825
30.0897
30.0883
30.077
30.0894
30.0858
30.0794
30.0954
30.0934
30.0915
30.0717
30.0857
30.0983
30.0945
30.1031
30.0781
30.0775
30.0605
30.0668
30.0777
30.0753
30.0644
30.0617
30.0576
30.0654
30.08
30.0689
30.0772
30.0713
30.0805
30.072
30.0681
30.0709
30.0853
30.0638
30.071
30.0765
30.0958
30.0691
30.0845
30.1171
30.1317
30.1181
30.0774
30.0759
30.1183
30.1324
30.1754
30.1439
30.1191
30.0712
30.0849
30.145
30.1819
30.1378
30.0899
30.0686
30.0733
30.0928
30.0854
30.0847
30.0796
30.1001
30.1008
30.0925
30.0828
30.0789
30.0667
30.0828
30.108
30.0883
30.0782
30.0972
30.1136
30.1299
30.1418
30.1032
30.1061
30.1007
30.1
30.0959
30.1029
30.1043
30.109
30.0853
30.0863
30.0828
30.0798
30.0579
30.0864
30.1037
30.1236
30.0812
30.0753
30.0776
30.0783
30.0973
30.0928
30.0819
30.0993
30.1015
30.1125
30.1191
30.1007
30.0897
30.082
30.0813
30.084
30.0736
30.0947
30.0814
30.0852
30.0954
30.0942
30.0938
30.0873
30.0823
30.1156
30.092
30.0812
30.0764
30.0842
30.0988
30.0761
30.0766
30.0783
30.0656
30.0878
30.0715
30.0679
30.0894
30.1061
30.1183
30.1084
30.0881
30.0682
30.0913
30.1155
30.1128
30.0777
30.1032
30.0961
30.0976
30.0762
30.0609
30.0596
30.0674
30.0911
30.0877
30.0682
30.0809
30.0898
30.0992
30.0999
30.0628
30.0705
30.0619
30.0887
30.096
30.0765
30.0606
30.0858
30.0781
30.0708
30.1005
30.0967
30.1199
30.1086
30.0859
30.0693
30.0795
30.0978
30.1467
30.1264
30.0899
30.0782
30.0843
30.0857
30.0845
30.0645
30.0679
30.0755
30.0759
30.0842
30.0784
30.1138
30.1102
30.094
30.0751
30.0633
30.0743
30.097
30.0773
30.0713
30.082
30.086
30.0722
30.0832
30.0611
30.067
30.074
30.0818
30.0765
30.0865
30.0688
30.0849
30.0752
30.0737
30.0741
30.0843
30.0713
30.0633
30.0843
30.0803
30.0835
30.071
30.0873
30.0807
30.0807
30.0594
30.0846
30.0942
30.0912
30.0858
30.0786
30.0688
30.0965
30.0701
30.0751
30.073
30.0827
30.0796
30.089
30.0732
30.0793
30.0727
30.0847
30.0739
30.0867
30.0738
30.0832
30.0968
30.0922
30.0955
30.0637
30.0778
30.09
30.1024
30.0888
30.0754
30.083
30.1084
30.0898
30.065
30.0853
30.0659
30.0902
30.0688
30.0788
30.0858
30.0997
30.0892
30.0998
30.0965
30.0691
30.0776
30.0923
30.0954
30.0696
30.0803
30.0819
30.1133
30.1335
30.1207
30.0816
30.0771
30.1178
30.1149
30.1013
30.1016
30.0853
30.079
30.0888
30.0809
30.0683
30.049
30.0801
30.0776
30.0809
30.0672
30.0658
30.0776
30.1664
30.1529
30.1
30.0767
30.1117
30.1329
30.1487
30.0959
30.0752
30.0691
30.0977
30.1081
30.0756
30.0714
30.0711
30.0901
30.1251
30.1214
30.0914
30.0812
30.0903
30.0959
30.0976
30.077
30.0797
30.1019
30.0969
30.0945
30.0826
30.0911
30.089
30.0854
30.0743
30.0835
30.1003
30.1027
30.0944
30.0924
30.0821
30.0749
30.0838
30.0942
30.0761
30.0755
30.0833
30.0917
30.1014
30.0811
30.0674
30.0885
30.0838
30.0882
30.0822
30.0809
30.0668
30.1191
30.1199
30.0994
30.0721
30.0801
30.1606
30.1606
30.1065
30.0847
30.1296
30.1617
30.1462
30.0946
30.0723
30.0773
30.1223
30.1114
30.0734
30.0929
30.1271
30.167
30.1173
30.0766
30.0621
30.0852
30.1206
30.1039
30.0859
30.0797
30.0931
30.115
30.1171
30.0875
30.0881
30.1938
30.2167
30.0922
30.0938
30.2175
30.2743
30.2524
30.169
30.0851
30.0875
30.1374
30.2019
30.1878
30.1003
30.0849
30.0832
30.0978
30.0909
30.0608
30.0752
30.0984
30.0874
30.0646
30.0736
30.1083
30.1175
30.0819
30.0724
30.0815
30.1165
30.102
30.0889
30.0929
30.1062
30.1382
30.1424
30.0912
30.0765
30.0913
30.0794
30.0815
30.0743
30.0764
30.097
30.11
30.0906
30.0803
30.0872
30.0973
30.091
30.0956
30.0807
30.0791
30.1115
30.0964
30.0811
30.0751
30.0957
30.1824
30.137
30.0686
30.0886
30.1205
30.1977
30.1951
30.169
30.0827
30.0996
30.1281
30.136
30.0918
30.0857
30.0885
30.1331
30.115
30.112
30.0708
30.0712
30.0992
30.1358
30.1367
30.0789
30.0884
30.1194
30.1532
30.1785
30.1825
30.1126
30.1016
30.0919
30.1306
30.1818
30.1625
30.1003
30.0787
30.1441
30.1629
30.1555
30.1081
30.0688
30.0761
30.0874
30.1368
30.1368
30.0835
30.0969
30.0959
30.1321
30.1274
30.0916
30.0533
30.0927
30.136
30.1492
30.1118
30.1081
30.0863
30.0844
30.0948
30.1142
30.1301
30.0994
30.0659
30.0692
30.0936
30.1107
30.1052
30.0752
30.0688
30.0925
30.1133
30.1049
30.0914
30.093
30.0807
30.0938
30.0778
30.078
30.0784
30.0783
30.0573
30.0741
30.0827
30.1031
30.1112
30.0947
30.0826
30.0685
30.078
30.0908
30.0896
30.0897
30.0807
30.0691
30.0719
30.0803
30.084
30.0755
30.0861
30.0901
30.07
30.0746
30.0577
30.0774
30.0813
30.1016
30.0833
30.074
30.074
30.085
30.0909
30.0667
30.0674
30.0949
30.1127
30.1208
30.0781
30.0746
30.0954
30.1069
30.1008
30.0799
30.0774
30.0771
30.0819
30.0783
30.0766
30.0763
30.0795
30.0778
