315.721
315.766
315.696
315.668
315.45
315.525
315.308
315.516
315.432
315.381
315.503
315.338
315.408
315.262
315.444
315.287
315.226
315.234
315.169
315.175
315.087
315.138
314.811
315.274
314.909
314.78
314.77
314.785
314.676
314.75
314.586
314.575
314.457
314.383
314.562
314.514
314.504
314.396
314.132
314.102
314.383
314.147
314.036
314.257
314.044
314.013
314.087
313.89
313.936
313.805
314.284
313.87
313.717
313.862
313.722
313.949
313.78
314.056
313.872
313.854
313.58
313.632
313.741
313.694
313.792
313.714
313.74
313.707
313.707
313.47
313.936
313.585
313.675
313.822
313.661
313.548
313.64
313.455
313.522
313.603
313.52
313.453
313.371
313.494
313.26
313.445
313.358
313.361
313.385
313.293
313.282
313.526
313.141
313.096
313.326
313.231
313.081
313.104
312.985
313.112
313.061
313.172
313.135
313.229
313.006
313.059
312.975
312.98
312.996
312.83
312.953
312.903
312.925
312.903
312.825
312.872
312.729
312.754
312.745
312.822
312.87
312.739
312.723
312.772
312.677
312.651
312.656
312.578
312.478
312.561
312.495
312.565
312.448
312.542
312.488
312.451
312.412
312.426
312.474
312.447
312.376
312.442
312.419
312.321
312.398
312.291
312.212
312.342
312.278
312.266
312.057
312.245
311.975
312.161
312.175
312.146
311.923
312.054
312.119
311.912
312.011
311.897
312.006
311.935
311.988
311.999
311.903
311.899
311.757
311.81
311.885
311.808
311.651
311.686
311.714
311.761
311.594
311.581
311.845
311.803
311.557
311.544
311.678
311.575
311.623
311.64
311.527
311.553
311.593
311.503
311.456
311.502
311.41
311.365
311.289
311.362
311.333
311.32
311.3
311.305
311.224
311.299
311.282
311.28
311.263
311.101
311.149
311.166
311.127
311.123
311.147
311.121
310.917
311.269
311.07
311.072
311.048
311.194
311.027
311.062
311.041
311.038
310.937
310.97
310.888
310.913
311.018
310.997
310.801
310.853
310.756
310.817
310.817
310.829
310.79
310.839
310.834
310.715
310.701
310.667
310.791
310.761
310.671
310.689
310.732
310.655
310.582
310.588
310.525
310.511
310.602
310.558
310.633
310.538
310.511
310.493
310.5
310.496
310.452
310.46
310.369
310.35
310.358
310.467
310.269
310.416
310.347
310.362
310.405
310.334
310.261
310.391
310.279
310.301
310.135
310.26
310.248
310.246
310.161
310.208
310.191
310.205
310.155
310.154
310.102
310.071
310.099
310.084
310.067
310.095
310.049
310.038
310.007
310.072
310.098
309.997
310.025
309.942
309.894
309.985
309.939
309.911
309.94
309.947
309.863
309.905
309.834
309.866
309.824
309.791
309.849
309.83
309.914
309.854
309.774
309.821
309.766
309.757
309.759
309.686
309.723
309.626
309.809
309.694
309.699
309.673
309.653
309.736
309.63
309.6
310.173
309.603
309.675
309.7
309.673
309.644
309.727
309.69
309.736
309.755
311.422
309.729
309.737
309.816
309.758
309.848
309.739
309.78
309.754
309.7
309.765
309.742
309.854
309.78
309.75
309.766
309.788
309.804
309.714
309.809
309.726
309.757
309.764
309.691
309.576
309.613
309.785
309.737
309.684
309.576
309.663
309.681
309.67
309.648
309.617
309.614
309.54
309.599
309.593
309.543
309.539
309.538
309.517
309.55
309.529
309.365
309.509
309.508
309.478
309.478
309.453
309.445
309.397
309.445
309.443
309.456
309.385
309.298
309.435
309.346
309.321
309.4
309.324
309.359
309.378
309.329
309.301
309.303
309.369
309.283
309.288
309.332
309.261
309.298
309.304
309.325
309.292
309.308
309.253
309.127
309.174
309.234
309.214
309.152
309.257
309.151
309.194
309.205
309.128
309.128
309.187
309.18
309.088
309.174
309.142
309.084
309.087
309.105
307.934
309.076
309.121
309.092
309.117
309.022
309.018
309.089
309.087
309.067
309.126
308.976
309.041
309.021
309.012
309.062
309.07
309.002
309
309.02
308.945
308.994
309.004
309.009
308.978
309.044
309.012
309.006
308.961
308.997
309.021
308.993
308.999
308.956
308.961
309.004
308.92
308.969
308.994
308.962
308.993
308.933
308.978
308.976
308.995
308.996
308.977
308.982
308.95
308.936
308.982
308.97
309.015
308.988
309.039
309.024
308.979
308.962
308.906
308.978
308.936
308.966
308.986
308.955
308.975
308.939
308.986
309.011
308.901
308.919
308.941
308.952
308.951
308.961
308.939
308.965
308.921
308.911
308.94
308.951
308.927
308.977
308.919
308.936
308.96
308.97
308.927
308.847
308.895
308.883
308.934
308.944
308.906
308.862
308.902
308.947
308.938
308.932
308.993
308.96
308.921
308.925
308.922
308.951
308.943
309.022
308.959
308.965
308.925
308.936
308.976
309.021
308.917
308.962
308.984
308.933
308.937
308.971
308.976
308.992
308.99
308.93
308.941
308.88
308.998
308.943
308.95
308.954
308.927
308.897
308.908
308.993
308.976
308.98
308.906
308.92
308.955
308.938
308.918
308.916
308.969
308.955
308.942
308.934
308.983
308.973
308.951
308.922
308.905
308.998
308.957
308.943
308.957
308.954
308.908
308.944
308.975
308.967
308.946
308.945
308.954
308.976
308.931
308.993
308.932
308.992
308.925
308.989
308.974
308.946
308.984
308.964
308.906
308.936
308.947
308.938
308.91
308.959
308.92
308.945
308.96
308.948
308.909
308.962
308.948
308.978
308.944
308.984
308.941
308.957
308.925
308.964
308.992
308.992
309.007
308.953
308.93
308.964
308.954
309.015
308.963
308.973
308.987
308.999
308.924
308.993
309.008
308.937
308.994
308.983
309.002
308.976
308.945
308.997
308.956
308.962
308.947
308.936
308.944
308.95
308.967
308.935
309.023
308.951
308.967
308.938
308.931
308.905
308.98
308.98
308.965
308.951
308.985
308.99
308.932
308.98
308.91
308.953
309.017
308.937
308.958
308.954
308.962
308.937
308.924
308.975
308.94
308.977
308.941
308.934
308.974
308.939
308.937
308.95
308.981
308.914
308.957
309.01
308.99
308.992
308.923
308.992
308.936
308.888
308.992
308.907
308.951
309.015
308.959
308.937
308.917
308.917
308.89
308.926
308.951
308.94
308.911
308.979
308.966
308.931
308.998
309.042
308.973
309.038
308.989
308.999
308.925
308.983
308.943
308.896
308.937
308.951
308.957
308.975
308.945
308.973
308.956
308.959
308.939
308.88
308.987
308.983
308.985
309.018
308.971
308.937
308.95
308.945
308.97
308.898
308.967
309.004
308.966
308.994
308.984
308.927
308.927
308.929
309.014
308.97
308.918
308.974
308.992
308.944
308.923
308.958
308.95
308.976
308.994
308.928
308.912
308.937
308.987
309.006
308.948
308.95
308.897
308.918
308.98
308.953
308.954
308.977
308.956
308.971
308.941
308.941
308.915
308.965
308.918
308.923
308.97
308.973
308.921
308.957
308.972
309.009
308.983
308.938
308.956
308.963
308.968
308.93
308.991
308.966
308.951
308.956
308.991
308.976
308.943
308.89
309.011
308.981
308.961
308.984
308.995
308.926
308.956
309.029
308.943
308.955
308.922
308.93
308.966
308.969
308.989
309.018
308.918
308.938
308.987
308.912
309.069
308.942
308.893
308.976
308.917
308.947
308.977
308.98
308.989
308.936
308.956
308.956
308.971
308.964
308.936
309.037
308.936
308.924
308.957
308.962
308.943
308.972
308.934
308.965
308.939
308.979
308.98
308.897
308.954
308.946
308.958
308.978
308.978
308.965
308.96
308.915
309.002
308.955
308.9
308.933
308.925
308.94
308.953
308.974
308.986
308.994
308.964
308.967
308.935
308.94
308.951
308.981
308.994
308.921
308.999
308.932
308.971
308.945
308.964
308.905
308.971
308.978
308.93
308.951
308.967
308.956
308.967
308.933
308.935
308.999
308.924
308.988
309.055
309.023
308.992
308.963
308.985
308.921
308.968
308.95
308.96
308.982
308.946
308.975
308.956
308.998
308.945
308.972
308.935
308.989
308.924
308.928
308.912
308.964
308.958
309.028
308.947
308.952
308.938
308.951
308.942
308.935
309.01
309.007
308.982
308.936
308.969
308.964
309.038
308.983
308.97
309.017
308.909
308.931
308.946
308.96
308.975
308.944
308.954
308.933
308.922
308.964
309.051
309.004
308.963
308.977
308.941
309.028
308.988
308.958
308.977
309.002
308.948
308.904
308.963
308.943
308.93
308.952
308.969
308.955
308.971
308.904
308.901
308.908
308.915
308.934
308.937
308.994
308.975
308.927
308.982
308.894
308.974
308.932
308.966
308.911
308.902
308.987
308.913
308.928
308.951
309.016
308.942
308.941
308.976
308.931
308.977
308.967
308.939
308.961
308.942
308.954
308.967
308.967
308.979
308.968
308.933
308.95
308.954
308.984
308.999
308.942
308.949
308.937
308.959
308.955
308.937
308.982
308.942
308.986
308.981
308.971
308.943
308.982
308.916
308.95
308.979
308.935
308.977
308.96
309.002
309.013
308.949
308.911
308.975
308.926
308.958
308.971
308.97
308.948
308.978
308.968
308.946
308.882
309.004
308.976
308.977
308.963
308.985
308.986
308.956
308.976
308.925
308.952
308.955
308.978
308.971
308.97
308.956
308.898
308.954
308.983
309.011
308.97
308.958
308.93
308.971
308.951
308.985
308.965
309.012
308.915
308.962
308.997
308.961
308.924
308.906
308.969
308.956
308.949
308.95
308.964
308.957
308.994
308.987
308.928
308.951
309.007
308.989
308.98
308.924
308.934
309.015
308.929
308.988
308.93
308.997
308.956
308.934
308.919
308.981
308.988
308.961
308.931
308.981
308.991
308.926
308.946
308.977
309.012
308.965
308.999
308.969
308.956
308.976
308.985
308.984
308.991
308.938
308.93
308.942
308.922
308.933
308.95
308.966
308.941
309
308.994
308.892
308.888
308.946
308.962
308.936
308.965
308.983
308.976
308.971
308.942
309.025
308.92
308.93
308.921
308.955
308.995
308.94
308.941
308.989
308.935
308.945
308.978
309.004
308.955
308.965
308.95
308.982
308.97
308.937
308.994
308.946
308.941
309.018
308.97
308.935
308.949
308.954
308.992
308.936
308.912
308.945
308.969
309.007
308.951
308.979
308.958
308.903
308.953
308.953
308.972
308.977
308.974
309.016
308.975
308.953
308.958
308.936
308.969
308.919
308.95
308.973
308.93
308.932
308.916
308.979
308.895
308.943
308.933
308.99
308.963
308.97
308.899
308.987
308.915
308.919
308.918
309.002
308.954
308.929
308.934
308.986
308.952
309.012
308.965
308.945
309.019
308.978
308.997
308.888
308.9
308.99
309.012
308.947
308.963
308.935
308.959
309.003
308.977
308.911
308.958
308.944
308.958
309.003
308.908
308.959
308.961
308.962
308.961
308.956
308.922
308.971
308.976
308.944
308.942
308.95
308.942
308.999
308.937
308.952
308.951
308.882
308.958
308.977
308.961
309.002
308.963
308.97
308.944
308.938
308.996
309.035
308.982
308.985
308.918
309.008
308.937
308.964
308.928
308.977
308.973
308.968
308.946
308.968
308.98
308.92
308.999
308.993
308.978
308.971
308.95
308.937
308.991
309
308.929
308.976
308.941
308.898
308.929
308.948
308.956
308.999
308.896
308.936
308.998
308.958
308.949
308.974
308.944
308.988
308.864
308.948
308.944
308.951
308.967
308.968
308.948
308.905
309.06
308.975
309.028
308.925
308.91
308.953
308.973
309.003
308.963
309.025
308.945
308.938
308.938
308.931
308.909
308.981
308.934
308.981
308.924
308.962
308.963
308.981
308.916
308.986
308.959
308.971
308.904
308.963
308.968
308.978
309.01
309.003
308.946
308.966
308.907
308.936
308.935
309.013
308.939
308.938
309.007
308.897
308.97
308.944
308.945
309.009
308.945
308.986
308.967
308.917
309.016
308.945
308.912
309.01
309.002
308.956
308.93
308.997
308.925
308.943
308.967
308.964
309.027
308.885
308.988
308.963
308.953
309.007
308.946
308.909
308.981
309.006
308.951
309.003
308.95
308.988
308.932
308.923
309.041
308.968
308.968
308.972
308.991
309.012
308.957
308.957
308.991
308.941
309.027
308.928
308.964
308.995
308.965
308.941
309.006
308.974
308.934
308.965
309.033
308.944
308.969
308.964
309.011
309.005
308.994
308.957
308.994
308.947
308.982
309.004
308.97
308.954
308.938
308.891
308.915
308.992
308.943
308.885
308.971
308.973
308.95
308.889
308.954
308.974
308.947
308.945
308.94
308.934
309.038
308.976
308.883
308.949
308.98
308.937
308.967
308.921
308.92
308.906
308.98
308.969
308.91
308.935
308.884
308.935
309.023
309.009
308.986
308.891
308.915
308.948
308.909
308.941
309.034
308.947
308.929
308.968
308.971
308.926
308.966
308.993
308.899
308.949
308.973
308.947
308.873
308.947
308.954
308.973
308.979
309.038
308.927
308.948
308.956
308.951
309.008
308.967
308.916
308.945
308.94
308.977
308.966
308.955
308.957
308.919
308.977
308.967
308.94
309.014
308.983
308.89
308.943
308.946
308.935
308.963
308.973
308.972
308.962
308.956
308.928
308.962
308.955
308.943
308.997
308.985
308.994
308.982
308.971
308.912
308.968
308.991
308.944
308.991
308.929
308.969
308.909
308.958
308.967
308.982
308.971
308.95
308.926
308.941
308.981
308.892
308.96
308.949
308.908
308.975
308.985
308.954
308.968
308.922
308.934
308.981
308.934
309
308.935
308.934
308.955
308.988
308.952
308.975
308.924
308.946
308.934
308.959
308.933
308.953
308.966
309.012
308.972
308.962
308.974
308.891
308.965
308.978
308.927
308.946
309.026
308.99
308.966
308.92
308.993
308.968
308.959
308.99
308.885
308.971
308.98
308.925
308.97
308.944
308.947
308.986
308.969
308.978
308.947
308.962
309.028
308.936
308.92
308.939
308.925
309.001
308.943
308.947
308.978
308.944
308.911
308.961
308.983
308.917
308.943
308.96
308.925
308.909
308.965
308.948
308.938
308.992
308.955
308.94
308.942
308.978
308.989
308.914
308.951
308.908
308.959
308.957
308.897
309.006
308.961
308.958
308.973
309.006
308.972
309.006
309.001
308.945
308.974
308.917
308.934
308.968
308.999
308.919
308.997
308.935
308.962
308.944
308.933
308.977
308.985
308.936
308.903
308.952
308.953
308.947
308.964
308.91
308.921
308.96
308.968
308.955
308.984
308.967
308.968
308.934
308.92
308.93
308.954
308.965
308.968
308.963
308.919
308.972
308.951
308.997
308.967
308.897
308.93
308.975
308.965
309.001
308.973
308.866
308.954
308.962
309.016
308.986
308.962
308.968
308.909
308.945
308.936
308.968
308.949
308.952
308.92
309.034
308.971
309.029
308.906
308.995
308.913
308.846
308.927
308.976
308.948
308.937
308.922
308.992
309.009
308.964
308.948
308.959
308.96
308.968
308.988
308.948
308.973
309.003
308.988
308.92
308.981
308.915
308.934
308.978
309.028
309.044
308.939
308.925
308.985
308.955
308.98
309.035
308.934
308.911
308.975
308.961
308.998
308.947
308.905
308.99
308.953
308.938
308.926
308.943
308.894
308.975
308.958
308.899
308.96
308.958
308.947
308.971
308.936
308.948
308.918
308.922
308.923
308.939
308.992
308.938
308.994
308.888
308.972
308.96
308.937
309
308.967
308.941
308.969
308.933
308.995
308.972
308.903
308.931
308.957
308.931
308.972
308.985
308.99
308.99
308.933
308.978
308.946
308.951
309.003
308.987
308.956
308.937
308.922
308.943
308.961
308.994
308.924
308.982
308.951
308.95
308.989
308.967
308.912
308.957
308.952
308.932
308.95
308.944
309.028
308.932
308.981
308.966
308.944
308.926
308.926
308.935
308.952
308.979
308.919
308.98
309.008
308.925
308.962
308.983
308.936
308.973
308.935
308.99
308.918
308.906
308.942
308.924
308.916
308.959
308.923
308.987
308.976
308.961
308.963
308.941
309.014
308.962
308.938
309.003
308.97
308.938
308.923
308.971
308.997
309.011
308.978
308.867
308.937
308.931
308.976
308.94
308.945
308.952
308.97
309.031
308.904
308.973
308.971
309.022
308.966
308.96
308.935
308.946
309.015
308.926
308.965
308.975
308.939
308.99
308.926
308.956
308.992
308.993
309.004
308.947
308.999
308.938
308.888
308.956
308.909
308.954
308.931
308.944
308.936
309.011
308.997
308.992
308.864
308.973
309.018
308.93
308.976
308.895
308.954
308.977
308.947
308.934
309.002
308.941
308.968
308.931
308.922
308.926
308.992
308.903
308.959
308.912
308.898
308.971
309.023
308.974
308.96
308.987
308.965
308.94
308.941
308.992
308.887
308.986
308.954
308.921
308.939
308.933
308.946
308.944
308.926
308.96
308.944
308.968
308.984
308.969
308.944
308.992
308.937
308.987
308.953
308.93
308.971
308.931
308.896
308.96
308.965
308.944
308.95
308.917
308.941
308.977
309.009
308.98
308.977
308.922
308.935
308.937
308.9
309.006
309
308.949
308.94
308.981
309.022
308.894
309.009
308.991
309.006
308.933
308.972
308.956
308.988
308.916
308.981
308.996
308.901
308.946
308.961
308.973
308.977
308.954
308.941
308.925
308.933
308.942
308.894
308.944
308.974
309.001
308.971
308.917
308.95
308.937
308.974
308.963
308.972
308.952
308.957
308.951
308.971
308.944
309.012
308.975
308.981
308.96
308.946
308.999
308.951
308.941
308.982
309
308.941
308.979
308.966
308.966
308.944
308.964
308.966
308.999
308.888
308.92
309.046
308.975
308.969
309.016
308.966
308.935
308.958
308.961
308.948
308.969
308.921
308.955
308.979
308.962
308.932
308.937
308.908
308.923
308.939
308.958
308.878
308.964
308.941
308.953
308.952
308.965
308.972
308.961
308.993
308.959
308.951
308.911
308.927
308.979
308.926
308.982
308.917
308.95
308.937
308.947
308.984
308.984
308.963
308.914
308.931
308.983
308.974
308.909
308.92
308.902
308.97
308.954
308.988
308.973
308.954
308.928
308.959
308.988
308.919
308.933
308.939
308.94
308.958
308.968
308.942
308.932
308.94
308.999
308.988
308.959
308.974
308.935
308.973
308.963
309.02
308.968
308.943
308.976
308.991
308.984
309.003
308.939
308.954
308.904
308.975
308.942
308.981
308.952
308.981
308.949
308.931
309.028
308.982
308.961
308.923
308.983
308.957
308.948
308.981
308.892
308.921
308.953
308.979
308.969
308.991
308.972
308.927
308.998
308.993
308.956
308.989
309.024
308.99
308.937
308.936
308.959
309
308.937
308.966
308.92
308.956
308.963
308.965
308.963
308.983
308.973
308.967
308.99
308.926
308.975
308.929
308.994
308.944
308.919
308.979
308.932
308.938
308.894
309.013
308.986
308.994
308.997
308.963
308.956
308.943
308.976
308.941
308.959
308.937
308.927
308.916
308.98
308.973
308.935
308.972
308.963
308.895
308.955
308.986
308.926
308.941
308.964
308.956
309.032
308.938
308.96
308.976
308.979
308.991
308.969
308.946
308.923
308.975
308.989
308.954
309.046
308.956
308.966
309.026
308.988
308.99
308.949
308.943
308.944
308.97
308.945
308.988
309.003
308.937
308.933
309.006
308.943
308.987
308.924
308.983
308.939
309
308.994
308.955
308.948
308.944
308.959
309.003
308.993
308.954
308.899
308.937
308.993
309.019
308.978
308.957
308.927
308.929
308.962
309.012
308.957
308.936
308.917
308.893
308.959
308.96
308.977
308.998
308.979
308.988
308.976
308.934
308.931
309.009
308.944
308.953
308.979
308.961
308.91
308.984
308.982
308.945
308.979
308.993
308.978
308.993
308.95
308.915
308.985
308.938
308.929
308.982
308.971
308.925
308.975
308.975
308.956
308.96
308.948
308.922
308.932
308.957
308.932
308.937
309.024
308.966
308.946
308.928
308.981
308.962
308.992
308.978
308.987
308.959
308.979
308.937
308.905
308.98
308.956
308.982
308.957
308.999
308.944
308.899
308.939
308.964
308.991
309.015
308.939
308.942
308.983
308.955
308.967
309.018
308.981
309
308.977
309.004
308.949
308.928
308.935
308.988
308.928
308.922
308.989
308.94
308.961
308.94
308.952
308.915
309.006
308.989
308.976
308.979
309.006
308.926
308.922
308.958
308.945
308.95
308.971
308.942
308.956
308.946
308.947
308.959
308.911
308.983
308.947
309.013
308.968
308.965
308.929
308.997
308.979
308.99
308.945
309.003
309.003
308.975
308.983
309.024
308.906
308.977
309.001
308.94
308.927
308.966
308.941
308.992
308.895
308.957
308.91
308.921
309.025
308.982
308.927
308.975
308.907
308.947
308.975
308.962
308.929
308.991
308.984
308.979
308.971
308.965
308.934
308.961
308.925
308.982
308.959
309.01
308.955
308.916
308.991
308.954
308.876
308.947
308.948
308.935
308.991
308.975
308.962
308.965
308.971
308.959
308.968
308.948
308.952
308.9
308.982
308.973
308.951
309.019
308.949
308.973
309.001
308.954
308.986
309.016
308.982
308.943
308.991
308.879
308.935
308.968
308.951
308.997
308.961
308.904
308.981
308.921
308.977
309.001
309.017
308.937
308.971
308.951
308.925
308.973
308.947
309.014
308.951
309.027
308.946
309.008
308.942
308.933
308.957
309.01
309.003
308.914
309.03
308.949
308.981
309.027
308.976
308.964
308.985
308.996
308.965
308.929
308.993
308.937
308.992
308.945
308.945
308.973
308.937
309.002
309.005
308.922
308.915
308.938
308.932
308.947
309.016
308.937
308.952
308.98
308.98
308.948
308.909
308.983
308.96
308.924
308.981
308.96
308.985
308.974
308.967
308.96
308.917
308.939
308.996
308.989
308.906
308.946
308.995
308.949
308.932
308.963
308.898
309.027
308.938
308.93
308.983
308.947
308.924
308.925
308.981
308.939
308.983
308.958
308.939
308.876
308.975
308.958
308.946
308.958
309.029
308.902
308.958
308.947
308.966
308.948
308.982
308.966
308.933
308.965
308.944
308.945
308.955
308.956
308.963
308.977
309.005
308.964
308.959
308.948
308.906
308.936
308.962
309
308.953
308.964
308.936
308.921
308.923
308.98
308.96
308.99
308.993
308.922
308.998
308.931
308.959
308.978
308.972
308.937
308.994
309.002
308.98
308.925
308.957
308.958
308.931
308.962
308.986
308.975
308.904
308.98
308.953
309.034
308.947
308.955
308.966
308.942
309.004
308.955
308.957
308.913
308.99
308.984
308.946
308.932
308.932
308.917
308.943
309.005
308.952
308.981
308.966
308.955
308.954
308.971
308.904
308.96
308.928
308.987
308.906
308.911
308.918
308.967
308.96
309
308.991
308.928
308.996
308.997
308.986
308.93
308.965
308.97
308.96
308.935
308.901
308.953
308.992
308.994
308.963
308.91
309.014
308.947
308.974
308.964
308.972
308.96
308.972
308.941
308.877
308.963
308.942
308.965
308.999
308.958
308.954
308.962
308.876
309.004
308.945
308.981
308.951
308.969
308.911
308.975
308.981
308.984
308.941
308.961
308.936
308.929
308.965
308.942
308.978
308.953
308.936
308.959
308.942
308.926
308.979
308.97
309.026
308.985
308.927
308.969
308.984
308.906
308.956
308.943
308.963
308.934
308.904
308.974
308.978
308.921
309.006
308.966
308.998
308.98
308.999
308.909
308.956
308.933
308.98
308.97
308.967
308.972
308.939
308.938
308.973
308.97
308.948
308.941
308.889
308.947
308.953
308.947
308.96
308.932
308.978
308.934
308.977
308.983
308.945
309.027
308.953
308.963
309.001
308.996
308.977
308.932
309.02
308.976
308.952
308.939
308.972
308.98
308.97
308.968
308.952
308.946
309.022
308.94
308.988
308.922
309.005
308.97
308.988
308.988
308.977
308.948
308.992
308.938
309.006
309.026
308.983
308.94
308.927
308.927
308.99
308.976
308.942
308.948
308.926
308.929
309.033
308.986
308.935
308.967
308.95
308.984
308.955
308.957
308.971
308.918
308.928
308.977
308.929
308.968
309.013
308.906
308.971
308.969
308.954
308.955
309.008
308.93
308.933
308.942
308.965
308.967
308.95
308.994
309.012
308.917
308.995
308.908
308.95
308.974
308.932
309.003
308.928
308.981
308.915
308.956
308.956
308.884
308.998
308.942
308.977
308.988
309.013
308.998
308.949
309.011
308.932
308.968
308.963
308.96
308.938
308.954
308.952
308.983
308.983
308.976
308.932
308.97
308.957
308.956
308.964
308.98
308.955
308.915
308.991
308.946
308.943
308.955
308.943
308.92
308.956
308.934
308.993
308.867
309.005
308.938
308.963
309.01
308.942
308.954
308.934
308.946
308.972
309.024
308.914
308.971
308.957
308.971
308.901
308.907
308.943
308.924
309.01
308.971
308.944
308.972
308.974
309.005
308.916
308.97
309.003
308.924
308.962
308.958
308.961
308.939
308.867
308.934
308.955
308.926
308.983
308.966
308.965
308.966
308.98
308.95
308.916
308.964
308.93
308.965
308.965
308.955
308.947
308.99
308.926
308.993
308.93
308.918
308.931
308.998
308.918
308.945
308.94
308.946
309.021
308.915
308.933
308.968
308.982
308.955
308.966
308.927
309.033
308.968
308.93
308.937
308.951
308.899
308.911
308.973
308.985
308.988
308.952
308.979
308.945
308.947
308.961
309.002
308.979
308.961
308.971
308.977
308.986
308.938
308.968
309.032
309.004
308.938
308.927
308.915
308.956
308.935
308.984
308.946
308.943
309.038
308.959
308.924
308.941
308.982
308.965
308.968
308.983
308.996
309.027
308.99
308.942
308.965
308.971
309.009
308.944
308.985
308.944
308.899
308.944
308.918
308.958
308.979
308.959
308.936
308.996
308.975
308.999
308.941
308.986
308.981
308.971
308.915
308.936
308.951
308.936
308.979
308.954
308.968
308.98
308.984
308.973
308.948
308.948
309.026
308.943
308.89
309.005
308.965
308.964
308.976
308.934
308.99
308.983
308.972
308.94
308.944
308.911
308.937
308.974
308.931
308.975
308.979
309.014
309.022
308.933
308.935
308.95
309.002
308.992
308.971
308.97
308.93
308.93
308.933
309.001
308.902
308.938
309.001
308.922
308.934
308.999
308.959
308.962
308.946
308.958
308.953
308.961
308.96
308.956
308.956
308.96
308.957
