       0
   36302
  108034
  183349
  257580
  327099
  409010
  475669
  552163
  616921
  698722
  772395
  836287
  912626
  985390
 1060167
 1129510
 1204200
 1272935
 1339402
 1419625
 1482527
 1562767
 1624627
 1700649
 1768428
 1821525
 1901526
 1981720
 2039063
 2107725
 2187751
 2263909
 2316265
 2385408
 2457406
 2512648
 2568532
 2636525
 2717523
 2771932
 2840705
 2909902
 2965838
 3026953
 3075852
 3155372
 3213595
 3277787
 3334595
 3389557
 3450986
 3506334
 3545573
 3635519
 3696989
 3744649
 3804598
 3851980
 3917871
 3970680
 4009023
 4094788
 4135686
 4193734
 4253088
 4310294
 4350653
 4419862
 4453603
 4514894
 4586250
 4622562
 4681133
 4714291
 4774485
 4817744
 4883618
 4931927
 4974285
 5024046
 5087477
 5116510
 5176383
 5234973
 5262858
 5311208
 5368500
 5404976
 5474613
 5525410
 5554260
 5598070
 5683715
 5708651
 5733689
 5798458
 5812453
 5903270
 5918560
 5983486
 6006979
 6079375
 6133384
 6161013
 6216805
 6271361
 6324348
 6360448
 6391675
 6480453
 6500014
 6560291
 6598767
 6671132
 6728642
 6745427
 6803765
 6844449
 6899963
 6946599
 6986249
 7054844
 7100815
 7148556
 7204085
 7278931
 7311398
 7374805
 7397599
 7465852
 7499640
 7570092
 7639585
 7683383
 7765152
 7800584
 7851666
 7881423
 7976392
 8011014
 8057976
 8142467
 8212101
 8261836
 8305466
 8377394
 8413296
 8485893
 8536424
 8592966
 8631004
 8733498
 8770837
 8835042
 8890424
 8945955
 9036149
 9069539
 9139287
 9213395
 9273671
 9329398
 9412642
 9483600
 9546079
 9614197
 9688437
 9724883
 9821194
 9856634
 9954784
10011926
10056616
10143608
10196305
10256023
10343327
10378221
10484997
10544746
10596477
10639643
10750623
10775317
10856556
10931925
10983655
11043298
11118935
11177317
11200243
11292662
11366862
11469450
11489386
11562925
11604641
11662909
11712137
11787178
11859877
11900601
11951887
12016331
12066689
12130757
12193942
12241056
12309446
12374061
12371728
12425669
12507803
12555024
12601425
12670186
12674774
12722751
12828767
12826761
12877947
12909591
12963120
13008795
13034672
13084037
13129922
13129833
13188702
13211998
13182876
13267911
13298713
13308958
13366343
13353157
13327325
13411940
13438467
13453566
13456976
13479931
13493672
13474775
13536807
13497383
13522167
13516378
13539533
13510568
13513084
13527656
13514000
13512021
13497993
13502004
13498387
13479812
13449555
13438891
13393693
13391842
13362040
13359308
13344239
13305670
13271919
13262220
13232304
13172873
13152690
13090348
13053548
12988786
12980397
12946136
12869948
12840215
12784370
12747887
12688867
12629560
12555180
12528869
12442902
12406139
12319869
12256420
12192267
12124076
12055179
12011985
11918525
11850902
11761320
11655252
11619528
11563950
11446964
11369736
11282580
11193521
11131504
11067778
10980971
10872421
10778547
10697977
10606162
10516615
10432174
10326188
10232829
10110980
10033122
 9945198
 9868783
 9745460
 9651218
 9542815
 9434562
 9313547
 9233496
 9162828
 9060793
 8919607
 8861973
 8757495
 8661985
 8543511
 8429595
 8309321
 8211087
 8116619
 8008770
 7895793
 7821925
 7693517
 7596585
 7470580
 7353704
 7284357
 7171445
 7060259
 6987408
 6853252
 6767433
 6642059
 6564058
 6470955
 6340109
 6260131
 6160849
 6056539
 5944700
 5864309
 5767010
 5658839
 5551479
 5490818
 5397642
 5285235
 5199047
 5100196
 5015538
 4923290
 4807549
 4735095
 4632012
 4567441
 4463837
 4387913
 4306072
 4170767
 4142251
 4051144
 3962398
 3884499
 3808818
 3731664
 3638640
 3564888
 3500562
 3412515
 3328263
 3274556
 3190601
 3118623
 3062825
 2979002
 2912599
 2865857
 2787321
 2712161
 2670029
 2599292
 2535507
 2469753
 2409292
 2357238
 2293364
 2238100
 2186279
 2129718
 2069168
 2021311
 1951017
 1921703
 1877242
 1812053
 1777760
 1727379
 1684181
 1641924
 1583845
 1552231
 1504945
 1465671
 1423248
 1388149
 1347851
 1313406
 1266917
 1236689
 1196824
 1167261
 1129025
 1093701
 1071301
 1036531
 1004101
  971188
  941612
  914021
  886435
  864106
  834529
  805645
  788411
  763282
  734042
  714049
  693100
  672906
  645589
  628220
  610739
  585463
  571284
  542389
  535731
  518360
  492433
  481115
  459931
  450169
  430639
  420850
  401406
  388627
  369388
  362014
  349575
  341602
  324810
  310580
  305308
  285066
  280142
  270994
  264236
  251522
  236004
  230252
  224010
  213061
  209260
  202172
  189305
  182651
  179016
  170289
  165580
  160015
  150168
  145412
  143078
  133831
  129302
  124729
  119554
  116838
  111151
  106445
  100402
   98497
   90734
   90317
   87603
   82129
   81087
   74813
   77630
   71463
   69427
   64596
   60688
   59070
   56445
   54649
   52100
   48885
   46084
   44337
   45232
   42153
   41101
   39429
   36493
   34530
   33761
   31268
   30792
   27803
   28324
   27127
   24374
   23590
   23513
   21962
   22209
   21862
   18480
   18214
   17927
   16272
   16965
   16119
   15356
   13925
   14291
   13339
   13204
   11384
   11722
   10427
   10788
   10515
    9582
    9067
    9774
    8455
    8050
    8225
    7179
    7370
    7111
    6310
    5663
    5962
    6140
    5370
    5209
    5537
    4500
    4959
    4956
    4006
    4335
    3617
    3484
    3774
    3651
    3412
    3107
    3402
    3296
    2605
    2611
    2502
    2780
    2466
    2571
    2726
    1932
    1791
    2357
    2055
    1963
    1945
    1612
    2397
    1510
    1573
    1356
    1690
    1229
    1222
    1590
    1274
    1074
    1353
    1072
    1053
    1445
    1186
    1044
     927
    1191
     876
     970
     881
     717
     938
     783
     795
    1174
     950
     940
    1074
    1098
     828
     920
     793
     576
     737
     836
     783
     721
     819
     894
     719
     843
     422
     719
     629
     581
     561
     635
     760
     659
     683
     726
     827
     747
     794
     496
     561
     616
     797
     499
     457
     677
     667
     533
     358
     471
     838
     416
     507
     598
     737
     515
     560
     577
     443
     429
     553
     479
     502
     438
     419
     334
     479
     515
     555
     569
     479
     452
     277
     385
     448
     296
     454
     563
     352
     670
     260
     300
     329
     329
     351
     475
     260
     347
     330
     257
     461
     427
     549
     331
     351
     373
     371
     359
     292
     324
     344
     605
     313
     439
     271
     361
     297
     224
     226
     274
     414
     376
     291
     357
     324
     342
     349
     328
     230
     376
     304
     368
     291
     196
     290
     320
     361
     211
     320
     169
     306
     215
     264
     190
     285
     199
     191
     194
     241
     152
     236
     191
     368
     247
     174
     216
     243
     359
     311
     323
     255
     155
     198
     181
      93
     176
     191
     260
     251
      77
     326
     257
     252
     312
     289
     192
     178
     205
     230
     197
     302
     282
     460
     291
     266
     254
     150
     273
     210
      81
     255
     143
     122
     251
     218
     227
     227
     131
     259
     246
     122
     282
     267
     157
     135
      77
     184
     184
     209
     233
     135
     157
     132
     147
     209
     226
     269
     382
     197
     198
     186
      49
     160
     117
     193
     136
     167
     106
     239
     165
      37
      87
      56
     171
     241
     146
     192
     182
      88
      98
      69
     249
      51
     131
     134
      53
     104
      81
     109
     101
     145
     100
     124
      40
      33
      35
      95
     146
      90
     149
      64
      97
      79
      74
     245
     178
      15
      42
      70
      44
      86
      93
     126
     116
     137
     152
     189
     161
     152
     141
     278
     271
      74
     125
     178
     135
     104
     152
      72
     119
     127
     109
     107
     108
     206
      66
      25
     105
      28
     143
     106
     113
     102
      28
      41
     116
     111
      20
      96
      56
     139
     132
     130
      71
     161
      45
      57
      86
     148
      97
     101
      53
      70
      71
     174
     148
      87
      94
     117
      82
      68
     108
      78
      15
      39
      34
      55
      60
      75
     155
      60
      61
     193
      90
      24
      62
      70
      79
     108
     192
     160
      48
     146
      95
     194
      95
     135
     220
      52
      83
      77
      15
      50
     167
      89
     102
      38
      64
     160
       7
     154
      58
     226
      24
      21
     105
     121
      64
      55
     122
      69
      91
      33
      79
     103
     107
      22
      50
     193
     122
     103
      69
      62
      64
      11
      94
      22
      35
     157
      22
     156
      40
     163
     106
      30
     104
      64
     167
      14
      86
      52
      63
      27
      74
     104
      29
       8
       4
      74
      94
      78
     115
      60
      39
      15
      41
     113
      36
      60
     109
      94
      79
       8
      40
      71
       7
      74
      46
      79
      41
      54
      77
      72
      72
      31
      49
      79
      95
      24
     103
      55
     182
      62
      86
     131
      42
      17
      26
     103
      63
     110
      45
     150
      91
     194
      90
      29
      79
      17
      23
      82
      49
      70
      98
     119
      61
      13
      34
     144
       7
      12
      17
     102
       0
      26
      13
      30
      20
      23
      46
      26
      90
      64
      29
      75
      67
      20
       0
       7
      85
      59
      43
     128
      19
      38
      53
      62
      26
      43
      39
      39
      17
      20
      19
      23
      11
      33
      36
      28
      36
      30
     126
      54
      14
     104
      14
      81
      56
      41
       0
       9
      23
      14
      32
       6
       7
      78
      49
       7
      79
      87
      59
      67
       0
       0
     125
      46
      48
      28
       0
      18
      38
       1
      46
     151
      70
      20
      15
      26
      18
      65
      44
      38
      24
      43
      65
      56
      48
      56
      42
      84
      33
      34
      42
      39
      12
      40
      57
      94
       0
      23
      48
      26
      10
      34
       2
      34
      86
      44
      23
       1
      10
      17
       0
      18
       0
      28
       0
      43
      33
      17
      11
      63
       2
      37
      26
      55
      25
      43
      59
      75
       3
      24
      31
      15
      77
      66
      55
       2
      23
      65
      16
      22
      15
     113
       8
      17
      31
      86
      25
      45
      41
      20
      94
      47
      46
      60
       0
      16
      71
      21
      68
      73
      59
       0
      16
      29
      37
      28
      75
      13
      10
      16
      10
       8
      11
      40
      33
       0
      43
       0
      36
      22
       5
      35
       6
      21
       8
      11
       0
       0
       1
      76
      49
       0
      27
     105
      20
       1
      58
       2
      10
       9
      25
      20
      74
      84
       2
      33
      13
      28
      34
       0
       0
      27
      48
      17
       0
       0
       1
      26
      37
      14
       2
       4
       0
       0
      17
      35
      44
      26
      15
      13
      48
      38
      10
      24
      13
      34
      28
      21
      27
      16
      36
       0
       0
       5
      26
       0
      11
      51
      61
      28
      58
      23
       0
      59
      22
       1
       0
      45
       0
       6
       5
      38
      21
      35
      23
       0
       0
       0
      15
       0
      29
      31
       1
       0
       9
      24
       2
     117
      42
      27
      32
      27
       0
      15
      24
      11
       1
      12
      16
      18
      49
       9
       0
      16
      45
      11
      14
       2
       0
       2
      41
       2
      15
       4
       0
       0
       0
      28
      92
     104
      10
       0
       0
      16
      14
       0
       0
      11
      12
       9
       0
      35
      39
      70
       8
      35
      11
      76
      12
      16
      28
      40
      80
       3
      17
       4
      16
      31
       9
       0
       0
      13
      50
      18
       0
       0
       0
       0
       0
       0
       0
      53
      10
      14
      32
      16
       0
       0
       0
      40
       2
      22
       2
      20
       0
      38
      17
       0
       4
       0
      41
      64
      50
       0
      35
       0
       0
       6
       0
       1
       7
       0
      15
       4
       0
      34
       6
      86
       2
      30
       0
      38
       0
       0
       6
      28
      30
       3
      29
       0
       0
       6
       0
       5
      61
      11
      25
       0
      10
      26
      20
      25
       1
      31
       9
       3
       1
       9
      20
       0
      11
       8
       2
      34
      19
       0
       0
       1
      13
      27
       2
      33
       0
      37
       3
     131
      36
       1
      21
      16
      36
      17
      21
       0
       9
       0
       0
       2
       0
       1
      25
       3
      36
       0
      33
       0
       9
       8
       0
      10
       0
      22
      25
       0
       0
       0
       0
      11
      24
       0
       9
      17
       0
      17
      25
      42
      40
      18
       0
       7
      21
       0
       0
      13
      25
      39
       6
       8
       0
       0
       0
       0
       3
       0
       0
       6
       0
       0
      14
      10
       4
      16
       7
       0
       0
       0
       4
       6
       0
       0
       6
      20
      28
       0
       0
      12
       0
       0
       0
      50
      29
      46
       0
      60
       3
       5
       0
      25
       0
       8
       0
       6
       0
       0
       0
      42
       0
      26
       0
       0
       2
       9
      10
      44
       0
       0
       0
       0
      53
      13
       0
       0
       1
      12
      20
       0
       5
       0
       0
       0
      75
      22
       7
       2
       8
      42
       9
       0
       2
      29
      24
      41
       0
       0
       5
       0
       0
       2
       0
       0
       0
       0
       0
       0
       2
       0
       0
       0
      14
       5
       4
      13
       0
       0
       0
       0
       0
       0
      34
       0
       0
       0
      16
       0
       0
       0
       1
      30
       1
       0
       0
      30
       0
       0
       0
       0
       0
       0
      23
       0
       9
       0
       0
       0
       3
       0
      41
       0
      30
       0
       0
       0
       0
      16
       0
       0
      50
       0
       0
       0
       0
      23
       0
      10
      21
      29
       0
      21
      21
       2
       6
       0
       0
      30
       0
       0
      24
      12
       8
       0
       0
       0
       2
       0
      16
      14
       0
       0
       0
       4
       0
       0
       0
       0
       0
       9
      35
       0
       0
       0
       0
       0
       0
       0
       0
       0
      26
       0
       0
       0
       0
       0
       0
       0
       0
       0
       2
      11
       3
       6
       0
       6
       0
       0
       0
       0
       0
      25
       0
      14
       0
       0
       0
       3
       0
       0
       3
      17
       0
       0
       0
       0
       0
      19
      17
       0
       0
      20
       0
       0
      22
       0
       0
      45
       0
      27
      29
       1
       1
       8
       2
       6
       0
       0
       0
       4
       8
      21
      31
      17
       0
       9
      47
       0
       3
       8
       5
      35
      42
       7
       0
       0
       0
       0
       0
       0
       0
      36
      68
       0
       0
       0
       0
       0
       0
       0
       0
       0
       0
       0
       0
       0
       8
       0
       0
       0
       0
       0
      44
       7
      15
       4
       1
      32
       0
      13
       0
       0
       5
       0
       0
       0
       0
       0
      11
      51
       0
       0
       0
       5
       0
       2
       0
       0
       0
       0
       0
       0
       0
       0
       0
       0
       0
       0
       0
      19
      43
       0
      41
       0
       0
       0
       0
      30
      11
       0
       0
      23
      10
       0
       0
      13
      43
      14
       0
       0
       0
       0
       0
       0
       0
       0
       7
       0
      16
       0
       0
       1
      12
       0
      12
       0
      77
       0
       5
      12
       8
      62
      50
       0
       6
       4
       0
      65
      57
      27
       0
       0
       0
       0
      10
       0
       1
       0
       2
       0
       5
       0
       0
      24
       9
       0
       6
       0
       0
       0
       0
       0
       0
       0
       0
       0
       0
       0
       0
       0
       0
       0
       0
       0
       0
       0
       0
       0
       9
       6
       0
       0
       0
       0
       0
       0
       0
       0
       0
       7
       0
       0
       0
       0
       0
       0
       0
       0
       0
       1
       0
       0
       0
       4
       0
       0
       0
      16
       0
       0
       0
      20
       3
       0
       0
       0
       0
       0
       0
      69
       0
       0
       0
       0
       0
      14
       0
       0
       0
       0
       4
       0
       0
      38
       0
       3
       0
       3
       0
       0
       0
       0
      19
       0
       0
       0
       0
       0
       0
       0
       0
       0
       0
       0
       3
       0
       0
       0
      30
      10
      28
       9
      66
       1
      13
       0
      25
      27
       0
       0
       0
       0
       0
       0
       0
       0
       0
       0
       0
       0
       0
       0
      26
       0
       0
       0
       0
       0
       0
       7
      33
       5
       0
       0
       0
       0
       0
      11
       0
       0
       0
       0
       0
       0
       0
       0
       0
       0
       0
       0
      12
       0
      13
       0
       0
       0
       0
       0
       0
       0
       0
       0
       0
       4
       7
       0
       0
       0
       3
       0
       0
       5
       0
       0
       0
       0
       0
       0
       0
       0
       0
       0
       0
       0
       0
       0
       3
       0
       0
       0
       0
       0
       0
       0
       0
       0
       0
       0
       0
       0
       0
       0
       0
       0
       0
       0
       0
       0
       1
       0
      55
       0
       0
       0
       0
       0
       5
       0
       0
      13
       0
       0
       0
       0
       0
       0
       0
       0
       0
       0
       0
       0
      19
       0
       0
       0
       0
       0
       0
      23
       6
       0
       0
       0
       0
       0
       0
       0
       0
       0
       0
      15
       0
       0
       0
       0
       0
       0
       0
       0
       0
       3
      10
       0
       0
      37
       0
       0
       0
       0
       0
       0
       0
       0
       0
       0
       0
       0
       0
       0
       0
       0
       0
       0
       0
       0
       0
       0
       0
       0
       0
       0
       0
       0
      32
       0
      37
       0
       0
       0
       0
       0
       0
       0
       0
       0
       0
       0
       7
       0
       0
       0
       0
       0
       0
       0
       0
       0
       0
       0
       0
       0
       0
       0
       0
       0
       0
       0
       0
       0
       0
       0
      11
       0
       0
       0
      22
       0
       0
       0
       5
       0
       0
       0
       0
       0
       0
       0
       8
       0
      33
      14
      13
       0
       0
       0
       0
       0
       0
       0
       0
       0
       6
       0
      28
      40
       0
       0
       0
       0
       0
       0
       1
       0
       0
       0
       0
       0
       1
       0
       0
      37
       0
       0
       0
       0
       0
       0
       0
       0
       0
       7
      51
       6
       0
       0
       0
       0
       0
       0
       0
       0
       0
       0
       0
       0
       0
       0
      31
       0
       0
       0
       0
       0
       0
       0
       0
       0
       0
       0
       0
       0
       0
       0
       0
       0
       0
       0
       0
      22
       0
       0
       0
       0
       0
       0
       0
       0
       0
       0
       0
       0
       0
       0
       0
       0
       0
       0
       0
       0
       0
       0
       0
       0
       0
       0
       0
       0
       0
       0
       0
       0
       0
      25
       0
       0
       0
       0
       0
       0
       0
       0
       0
       0
       0
       0
       0
       0
       0
       0
       3
       7
       0
       0
       0
      16
       0
      22
      10
       0
       0
       0
      21
       0
       0
       0
       0
       0
       0
       0
       0
       0
       0
       0
       0
       0
       0
       0
       0
       0
       0
       0
       4
       0
       0
       0
       0
       0
       0
       0
       0
       0
       0
       0
       0
       0
       0
       0
       0
      49
       5
       0
       0
       0
       0
       0
       0
       0
       0
       0
       0
       0
       0
       0
       0
       0
       0
       0
       0
       0
       0
       0
       0
       0
       0
       0
       0
       0
       0
       2
       0
       0
       0
       0
       0
       0
       0
       0
       0
       0
       0
       0
       0
       0
       0
       0
       0
       0
       0
       0
       0
       0
      52
       0
       7
       0
       0
       0
       0
       0
       0
       0
       0
       0
       0
       0
       0
       0
       0
       0
       0
       0
       0
       0
       0
       0
       0
       0
       0
       0
       0
       0
       0
       0
       0
       0
       0
       0
       0
       0
       0
       0
       0
       0
       0
       0
       0
      17
      11
       0
       0
       0
       3
       0
       0
       0
      12
      20
       0
       6
       0
       0
       0
       0
       0
       0
       0
       0
       2
       0
       0
      57
      21
       0
       0
       0
       0
       0
       0
       0
       0
       0
       0
       0
      14
      19
       8
       0
       0
       0
       0
       0
       0
       0
       0
       0
       0
       0
       0
       0
       0
       0
       0
       0
       0
       0
       0
       0
       0
       0
       0
       0
       0
       0
       0
       0
       0
       0
      13
       0
      25
       0
       0
       0
       0
       0
       0
       0
       0
       0
       0
       0
       0
       0
       0
       0
       0
       0
      21
       4
       0
       1
       0
       0
       0
       0
       0
       0
       0
       0
       0
       0
       0
       0
       0
       0
       0
       0
       0
       0
       0
       0
       0
       0
       0
       0
       0
       0
       0
       0
       0
       0
       0
       0
       0
       0
       0
       0
       0
       9
       0
       0
       0
       0
       0
       0
       0
       0
       0
       0
       0
       1
       7
       1
       0
       0
       0
       0
       0
       0
       0
       0
       0
       0
       0
       0
       0
       0
       0
       6
       0
       0
      32
       0
       0
       0
       0
       0
       0
       0
       0
       0
       0
       0
       0
       0
       0
       0
       0
       0
       0
       0
       0
       0
       0
       0
       0
       0
       0
       0
       0
       0
       0
       0
       0
       0
       0
       0
       0
       0
       0
       0
       0
       0
       0
       0
       0
       0
       0
       0
       0
       0
       0
       0
       0
       0
       0
       0
      20
       0
       0
       0
       0
       0
       4
       0
       7
       5
       0
       7
       0
       0
       0
       0
       0
       0
       0
       0
       0
       0
       0
       0
       0
      18
       1
       0
       0
       0
       0
       0
       0
       0
       0
       0
       0
       0
       0
       0
       0
       0
       0
       0
       9
       0
       0
       0
       0
       0
       0
       0
       0
       0
       0
       0
       0
       0
       0
       0
       0
       0
       0
       0
       0
      20
       0
       0
       0
       0
       0
       0
       0
       0
       0
       0
       0
       0
       0
       0
       0
       0
       0
       0
       0
       0
       0
       0
       0
       0
       0
       0
       0
       0
       0
       0
       0
       0
       0
       0
       0
       0
       0
      22
      22
       0
       0
       0
       0
       0
       0
       0
       0
       0
       0
       0
       0
       0
       0
       0
       0
       0
       0
       0
       0
       0
       0
       0
       0
       0
       0
       0
       0
       0
       0
       0
       0
       0
       0
       0
      68
      58
       8
       0
       0
       0
       0
       0
       0
       0
       0
       0
       0
       0
       0
       0
       0
       2
       0
       0
       0
       0
       0
       0
       0
       0
       0
       0
       0
       0
       1
      15
       0
       0
       0
