141.1
140.712
141.056
140.873
140.975
140.913
140.975
140.928
140.813
141.279
141.024
141.012
141.22
140.982
141.081
140.877
140.74
140.63
140.549
140.833
140.681
140.555
140.653
140.703
140.756
140.191
140.71
140.266
140.266
140.192
140.368
140.1
140.162
140.24
140.376
140.15
140.106
140.37
139.649
139.759
140.082
139.775
139.853
139.992
139.759
139.421
139.256
139.515
139.605
139.177
139.148
139.412
139.473
139.473
139.655
139.578
139.531
139.555
139.372
139.604
139.416
139.482
139.198
139.524
139.523
139.353
139.353
139.551
139.27
139.067
139.001
139.097
139.538
139.326
139.257
139.147
139.087
139.24
139.029
139
139.318
139.165
138.875
139.319
139.344
139.08
139.239
138.984
139.05
138.79
138.675
138.897
138.523
138.852
138.645
138.719
138.719
138.41
138.558
138.78
138.655
138.674
138.791
138.735
138.448
138.641
138.646
138.416
138.263
138.333
138.847
138.352
138.354
138.199
138.669
138.609
138.555
138.588
138.612
138.298
138.611
138.454
138.318
138.756
138.405
138.365
138.64
138.166
138.677
138.302
138.202
138.511
138.425
138.528
138.476
138.604
138.427
138.498
138.295
138.067
138.402
138.086
138.373
138.226
138.501
138.18
138.492
138.224
138.522
138.272
138.111
138.148
138.233
137.922
138.183
138.085
138.317
138.127
137.94
137.784
138.142
137.921
137.926
138.049
137.894
138.152
137.616
137.752
137.716
137.686
138.044
137.764
137.815
138.224
138.227
137.661
137.846
137.514
137.526
137.892
137.767
137.816
137.777
137.671
137.702
137.613
137.618
137.564
137.302
137.364
137.222
137.592
137.669
137.596
137.407
137.49
137.561
137.379
137.621
137.311
137.07
137.236
137.172
137.4
137.171
137.35
137.262
137.165
137.205
137.213
137.365
137.286
136.572
136.903
136.948
136.898
136.949
136.998
137.144
137.116
137.105
136.749
137.021
136.846
136.987
137.209
137.119
136.961
137.134
136.71
136.943
137.09
137.056
137.079
137.053
136.706
136.638
136.718
136.665
136.77
136.67
136.552
137.122
136.621
136.827
136.82
136.772
136.751
136.439
136.459
136.357
136.351
136.237
136.259
136.148
136.575
136.541
136.558
136.808
136.315
136.783
136.497
136.62
136.336
136.465
136.545
136.46
136.436
136.28
136.463
136.238
135.98
135.923
136.374
135.972
136.017
136.11
136.09
135.926
136.257
136.224
136.035
136.296
136.237
136.252
136.159
136.157
136.046
136.204
136.138
136.18
135.938
135.811
135.873
135.82
135.846
135.914
136.032
135.903
135.813
135.857
136.101
135.93
135.822
135.954
135.793
136.09
136.013
135.962
135.879
135.968
135.603
135.921
135.865
135.995
135.7
135.706
135.833
135.801
135.645
135.714
135.675
135.807
135.733
135.401
135.735
135.556
135.656
135.412
135.437
135.491
135.516
135.557
135.498
135.509
135.415
135.454
135.373
135.341
135.281
135.534
135.578
135.268
135.402
135.073
135.522
135.043
135.304
135.457
135.213
135.302
135.233
135.167
135.18
135.443
135.236
135.423
135.122
135.157
135.107
135.106
134.525
134.83
134.823
135.058
134.745
134.807
134.717
134.512
134.859
134.462
134.458
134.578
134.495
134.326
134.586
134.275
134.336
134.172
134.332
134.121
133.867
133.942
134.209
133.804
133.939
133.897
134.079
133.852
133.788
133.757
133.653
133.894
133.878
133.469
133.602
133.442
133.64
133.659
133.76
133.406
133.558
133.517
133.59
133.328
133.549
133.462
133.278
133.562
133.631
133.614
133.474
133.394
133.477
133.796
133.674
133.517
133.565
133.581
133.665
133.558
133.525
133.429
133.7
133.373
133.136
133.498
133.39
133.446
133.531
133.436
133.477
133.413
133.56
133.559
133.776
133.628
133.651
133.46
133.783
133.483
133.454
133.76
133.565
133.586
133.637
133.431
133.603
133.307
133.441
133.096
133.545
133.301
133.249
133.532
133.281
133.299
133.305
133.301
133.359
133.383
133.346
133.41
133.291
133.535
133.137
133.039
133.362
133.101
133.242
133.094
133.289
133.117
133.172
133.279
133.094
133.341
132.851
133.174
133.268
133.074
133.132
133.154
133.351
133.255
133.452
133.183
133.307
133.183
133.153
133.163
133.48
133.268
133.267
133.214
133.342
132.984
132.97
133.032
133.074
133.208
133.131
132.964
132.826
132.974
133.092
133.168
133.035
133.053
133.002
132.909
133
132.911
133.183
132.776
132.583
132.898
132.882
132.685
132.853
132.822
132.626
132.874
132.927
132.634
132.694
132.429
132.527
132.609
132.497
132.503
132.32
132.369
132.296
132.15
132.458
132.382
132.204
132.299
132.398
132.117
132.215
132.162
132.22
132.165
132.136
132.173
132.325
132.056
132.247
132.466
132.141
132.038
132.309
132.176
132.084
131.941
132.19
132.245
132.078
132.067
132.254
131.982
131.852
131.876
131.949
131.873
131.728
131.772
131.455
131.369
131.525
131.494
131.536
131.338
131.484
131.331
131.27
131.28
131.579
131.411
131.523
131.486
131.433
131.532
131.367
131.229
131.448
131.472
131.513
131.55
131.509
131.31
131.682
131.341
131.228
131.205
131.262
131.322
131.394
131.253
131.531
131.4
131.435
131.268
131.357
131.364
130.906
131.192
131.106
131.144
131.151
131.071
131.126
131.306
131.25
131.211
131.368
131.246
131.291
131.386
131.408
131.317
131.411
131.099
131.266
131.222
131.349
131.163
131.437
131.142
131.088
131.123
131.226
131.204
130.91
130.904
131.083
131.186
131.182
131.157
131.144
130.98
130.944
131.021
131.279
131.045
131.002
130.863
130.919
130.769
130.892
130.912
130.937
130.763
130.835
130.714
130.788
130.837
130.808
130.84
130.814
130.789
130.831
130.823
130.691
130.481
130.554
130.818
130.757
130.595
130.503
130.677
130.706
130.591
130.303
130.387
130.417
130.385
130.475
130.374
130.516
130.508
130.592
130.396
130.457
130.528
130.681
130.65
130.507
130.586
130.628
130.703
130.413
130.613
130.782
130.674
130.851
130.769
130.644
130.603
130.638
130.556
130.637
130.429
130.383
130.684
130.502
130.44
130.286
130.665
130.324
130.535
130.565
130.656
130.656
130.544
130.587
130.316
130.601
130.426
130.329
130.324
130.405
130.398
130.44
130.445
130.233
130.387
130.371
130.384
130.206
130.157
130.289
130.278
130.182
130.357
130.227
130.292
130.21
130.189
130.043
130.055
130.151
129.994
130.102
130.185
129.997
130.042
130.236
130.061
130.038
130.1
130
130.082
129.968
130.028
129.868
129.817
129.902
129.807
129.913
129.738
129.529
130.034
129.75
130.039
129.937
129.571
129.919
129.999
129.897
129.739
129.872
130.125
130.026
129.976
130.148
129.875
129.898
129.913
129.909
130.149
130.079
129.793
129.828
129.694
129.922
129.987
130.06
129.929
129.891
129.807
130.108
129.909
129.756
129.761
129.822
129.764
129.463
129.652
129.696
129.905
129.672
129.708
129.697
129.688
129.748
129.729
129.525
129.634
129.704
129.519
129.772
129.8
129.745
129.626
129.615
129.353
129.462
129.422
129.251
129.295
129.547
129.528
129.388
129.521
129.361
129.336
129.27
129.231
129.406
129.304
129.399
129.247
129.264
129.336
129.282
129.466
129.342
129.29
129.269
129.351
129.425
129.237
129.189
129.179
129.476
129.586
129.237
129.174
129.149
129.242
129.487
129.31
129.441
129.224
129.285
129.333
129.313
129.207
129.319
129.494
129.259
129.188
129.525
129.231
129.406
129.409
129.252
129.098
129.156
129.301
129.161
129.283
129.061
129.277
129.153
129.21
129.301
129.268
129.126
129.127
128.971
129.043
129.279
129.003
129.172
129.017
129.072
129.026
129.026
128.919
128.891
128.928
128.917
128.883
128.931
128.721
128.865
128.746
128.86
128.712
128.615
128.777
128.621
128.541
128.488
128.493
128.662
128.624
128.707
128.543
128.391
128.417
128.417
128.324
128.509
128.432
128.385
128.148
128.197
128.116
128.188
128.245
128.225
128.193
128.015
128.142
128.18
128.257
128.31
128.168
128.267
128.024
128.253
128.073
128.314
128.238
128.232
128.151
128.061
128.126
128.121
128.157
128.184
128.141
128.084
127.929
127.938
127.905
128.095
127.983
128.203
128.104
127.916
127.87
127.903
127.907
127.985
127.841
127.767
127.714
127.972
127.791
127.751
127.901
127.794
127.748
127.587
127.655
127.599
127.56
127.596
127.547
127.499
127.654
127.669
127.672
127.418
127.465
127.457
127.684
127.459
127.54
127.687
127.629
127.54
127.609
127.671
127.489
127.478
127.555
127.745
127.765
127.591
127.707
127.595
127.537
127.544
127.537
127.518
127.443
127.544
127.345
127.43
127.497
127.605
127.454
127.5
127.358
127.408
127.412
127.542
127.399
127.503
127.426
127.413
127.349
127.348
127.31
127.387
127.325
127.404
127.425
127.441
127.504
127.587
127.523
127.538
127.394
127.272
127.277
127.455
127.557
127.499
127.33
127.253
127.257
127.571
127.307
127.431
127.299
127.433
127.226
127.287
127.316
127.183
127.336
127.197
127.377
127.364
127.437
127.263
127.295
127.476
127.296
127.315
127.265
127.325
127.234
127.209
127.123
127.149
127.201
127.18
127.299
127.23
127.192
127.281
127.206
127.158
127.265
127.094
127.194
127.101
127.213
127.399
127.199
127.213
127.136
127.276
127.131
127.239
127.24
127.1
127.144
127.104
127.173
126.965
127.09
127.063
126.964
127.082
127.134
127.207
127.168
127.097
127.182
127.288
126.922
127.137
126.906
127.142
127.108
127.001
127.168
127.112
127.014
127.098
127.098
127.032
126.997
127.083
126.998
127.044
127.136
127.163
127.063
127.104
127.063
127.119
127.156
127.094
127.044
127.013
127.168
126.976
127.072
126.969
126.971
126.973
126.902
127.025
126.858
127.03
126.833
126.727
126.769
126.926
126.818
126.903
126.801
126.873
126.716
126.949
126.843
126.616
126.88
126.796
126.712
126.757
126.789
126.661
126.702
126.759
126.729
126.771
126.939
126.779
126.91
126.805
126.789
126.829
126.839
126.944
126.941
126.897
126.707
126.822
126.73
126.736
126.76
126.597
126.63
126.684
126.77
126.696
126.768
126.645
126.693
126.752
126.675
126.711
126.619
126.773
126.62
126.597
126.837
126.647
126.784
126.848
126.681
126.674
126.753
126.621
126.732
126.586
126.516
126.613
126.385
126.46
126.59
126.499
126.458
126.446
126.464
126.592
126.458
126.44
126.481
126.263
126.268
126.417
126.317
126.339
126.374
126.312
126.377
126.269
126.233
126.286
126.327
126.248
126.274
126.248
126.158
126.229
126.219
126.266
126.31
126.407
126.318
126.441
126.216
126.336
126.442
126.257
126.3
126.175
126.134
126.25
126.186
126.105
126.248
126.273
126.165
126.192
126.133
126.08
126.175
126.219
126.211
126.129
126.203
126.265
126.188
126.133
126.188
126.272
126.205
126.14
126.203
126.201
126.223
126.129
126.081
126.231
125.999
126.076
126.047
126.12
126.115
126.092
125.936
125.975
126.152
126.066
126.055
126.117
126.107
126.159
126.19
126.099
126.083
126.006
126.133
126.161
126.091
126.01
126.143
126.062
126.151
125.999
126.095
126.2
126.239
126.105
126.072
126.061
126.163
126.09
126.103
126.092
126.125
126.142
126.028
126.121
126.088
126.068
126.011
126.121
126.092
126.112
126.021
125.911
125.945
126
125.983
125.88
125.851
125.854
125.855
125.837
125.896
125.916
125.806
125.817
125.734
125.642
125.752
125.7
125.69
125.702
125.719
125.684
125.714
125.724
125.771
125.811
125.891
125.868
125.784
125.754
125.722
125.69
125.68
125.655
125.772
125.812
125.659
125.722
125.738
125.63
125.709
125.788
125.705
125.688
125.77
125.751
125.852
125.806
125.664
125.766
125.684
125.67
125.665
125.68
125.665
125.764
125.831
125.672
125.645
125.624
125.706
125.633
125.701
125.589
125.64
125.692
125.652
125.762
125.779
125.684
125.776
125.731
125.75
125.643
125.64
125.626
125.71
125.778
125.553
125.628
125.694
125.73
125.687
125.555
125.605
125.58
125.645
125.575
125.698
125.812
125.727
125.598
125.64
125.746
125.713
125.679
125.725
125.746
125.785
125.725
125.666
125.623
125.701
125.691
125.702
125.656
125.717
125.666
125.674
125.706
125.741
125.732
125.638
125.657
125.639
125.669
125.615
125.659
125.676
125.715
125.635
125.605
125.614
125.616
125.584
125.614
125.598
125.519
125.564
125.655
125.569
125.486
125.539
125.598
125.593
125.422
125.462
125.548
125.414
125.42
125.437
125.55
125.467
125.387
125.385
125.368
125.441
125.371
125.408
125.396
125.451
125.353
125.44
125.371
125.29
125.446
125.399
125.353
125.445
125.3
125.431
125.301
125.291
125.349
125.307
125.226
125.274
125.225
125.346
125.212
125.256
125.369
125.323
125.263
125.386
125.276
125.335
125.318
125.255
125.347
125.176
125.288
125.291
125.3
125.28
125.245
125.255
125.329
125.207
125.331
125.202
125.373
125.266
125.268
125.228
125.308
125.243
125.249
125.244
125.24
125.319
125.263
125.299
125.188
125.218
125.16
125.194
125.186
125.182
125.214
125.178
125.234
125.252
125.286
125.246
125.254
125.253
125.227
125.303
125.199
125.225
125.175
125.229
125.125
125.13
125.235
125.283
125.239
125.21
125.201
125.16
125.276
125.257
125.287
125.218
125.228
125.277
125.166
125.159
125.201
125.171
125.193
125.171
125.262
125.231
125.268
125.208
125.123
125.169
125.201
125.133
125.136
125.081
125.132
125.121
125.109
125.252
125.139
125.146
125.101
125.088
125.203
125.105
125.116
125.155
125.205
125.182
125.201
125.08
125.141
125.156
125.096
125.181
125.166
124.971
125.015
125.114
125.088
125.019
125.002
125.041
124.999
124.953
125.01
125.021
125.001
125.013
125.111
125.081
125.027
125.097
125.025
125.041
124.934
125.058
124.953
125.12
125.053
125.021
125.068
125.002
125.056
125.089
125.082
124.946
125.053
125.105
125.076
125.013
125.007
125.014
125
124.965
124.94
125.067
125.029
125.062
125.047
125.046
125.016
124.975
125.051
125.052
125.005
124.987
125.039
125.029
125.001
125.035
124.995
124.925
125.002
124.986
124.956
125.05
124.946
124.949
124.964
124.972
125.031
125.024
124.884
124.966
125.028
124.95
124.959
124.947
124.96
125.007
124.918
124.998
124.949
125.111
124.965
125.034
125.001
124.939
124.951
124.882
124.942
124.919
124.961
125.03
125.012
124.883
124.97
124.936
124.922
124.939
124.92
124.875
124.922
124.891
124.911
124.862
124.808
124.923
124.894
124.889
124.978
124.909
124.912
124.915
124.896
125.008
124.917
124.862
124.907
124.921
124.888
124.905
124.892
124.937
124.861
124.826
124.932
124.888
124.903
124.868
124.871
124.882
124.831
124.792
124.898
124.759
124.811
124.823
124.881
124.917
124.848
124.874
124.883
124.851
124.759
124.836
124.866
124.851
124.856
124.895
124.851
124.829
124.777
124.84
124.788
124.799
124.821
124.862
124.786
124.752
124.799
124.749
124.798
124.838
124.83
124.776
124.798
124.814
124.77
124.854
124.783
124.772
124.739
124.747
124.769
124.836
124.84
124.736
124.782
124.807
124.786
124.873
124.767
124.806
124.838
124.794
124.809
124.73
124.764
124.746
124.804
124.763
125.773
124.655
124.694
124.713
124.672
124.677
124.711
124.713
124.694
124.706
124.659
124.669
124.631
124.676
124.683
124.657
124.684
124.643
124.611
124.616
124.67
124.717
124.648
124.659
124.729
124.623
124.618
124.601
124.618
124.628
124.673
124.613
124.651
124.654
124.671
124.611
124.602
124.641
124.596
124.644
124.645
124.679
124.693
124.618
124.623
124.613
124.613
124.614
124.611
124.687
124.655
124.686
124.664
124.584
124.625
124.642
124.587
124.557
124.605
124.656
124.603
124.599
124.599
124.597
124.611
124.601
124.638
124.614
124.601
124.571
124.616
124.656
124.614
124.585
124.611
124.624
124.558
124.572
124.65
124.559
124.637
124.623
124.592
124.549
124.65
124.649
124.608
124.63
124.594
124.615
124.659
124.615
124.61
124.595
124.646
124.655
124.618
124.618
124.657
124.616
124.617
124.597
124.612
124.674
124.588
124.687
124.599
124.708
124.606
124.603
124.565
124.608
124.586
124.613
124.646
124.649
124.618
124.583
124.675
124.66
124.683
124.57
124.613
124.591
124.676
124.643
124.617
124.636
124.617
124.7
124.66
124.655
124.605
124.595
124.634
124.687
124.638
124.577
124.576
124.694
124.653
124.631
124.662
124.605
124.682
124.647
124.642
124.697
124.652
124.713
124.644
124.617
124.672
124.646
124.619
124.559
124.644
124.609
124.658
124.618
124.663
124.602
124.639
124.647
124.54
124.633
124.613
124.689
124.653
124.594
124.583
124.654
124.605
124.691
124.693
124.632
124.612
124.614
124.56
124.565
124.569
124.586
124.584
124.586
124.54
124.572
124.584
124.613
124.6
124.621
124.577
124.607
124.585
124.558
124.547
124.625
124.561
124.639
124.577
124.625
124.65
124.591
124.61
124.572
124.584
124.611
124.594
124.587
124.587
124.565
124.645
124.541
124.591
124.568
124.619
124.603
124.668
124.572
124.608
124.536
124.536
124.551
124.619
124.578
124.572
124.557
124.555
124.576
124.604
124.565
124.608
124.573
124.547
124.597
124.575
124.594
124.567
124.528
124.583
124.57
124.628
124.551
124.596
124.606
124.571
124.565
124.578
124.582
124.587
124.588
124.595
124.601
124.574
124.551
124.567
124.554
124.54
124.618
124.578
124.535
124.584
124.537
124.54
124.544
124.566
124.506
124.518
124.569
124.512
124.557
124.544
124.584
124.542
124.537
124.571
124.545
124.504
124.576
124.546
124.536
124.487
124.525
124.578
124.504
124.575
124.586
124.615
124.526
124.603
124.57
124.582
124.545
124.543
124.583
124.535
124.579
124.564
124.544
124.593
124.535
124.513
124.551
124.589
124.603
124.532
124.556
124.563
124.576
124.596
124.602
124.511
124.553
124.545
124.555
124.55
124.582
124.541
124.572
124.517
124.548
124.517
124.538
124.533
124.581
124.562
124.583
124.574
124.512
124.631
124.565
124.561
124.627
124.555
124.574
124.571
124.571
124.578
124.501
124.565
124.532
124.563
124.529
124.574
124.548
124.545
124.563
124.577
124.609
124.547
124.527
124.529
124.553
124.589
124.625
124.541
124.607
124.55
124.552
124.554
124.557
124.603
124.518
124.619
124.515
124.573
124.588
124.52
124.572
124.518
124.6
124.574
124.54
124.539
124.58
124.56
124.592
124.581
124.499
124.56
124.635
124.568
124.586
124.558
124.556
124.592
124.583
124.597
124.613
124.552
124.562
124.581
124.619
124.608
124.57
124.555
124.586
124.534
124.616
124.558
124.608
124.63
124.578
124.494
124.541
124.583
124.629
124.609
124.549
124.524
124.593
124.577
124.51
124.583
124.593
124.549
124.58
124.572
124.631
124.594
124.586
124.585
124.61
124.626
124.574
124.623
124.589
124.599
124.535
124.542
124.599
124.587
124.557
124.638
124.583
124.578
124.583
124.59
124.562
124.592
124.569
124.62
124.565
124.58
124.55
124.622
124.585
124.544
124.555
124.566
124.62
124.622
124.527
124.625
124.611
124.635
124.555
124.517
124.558
124.61
124.523
124.569
124.594
124.571
124.559
124.551
124.542
124.586
124.563
124.573
124.59
124.545
124.582
124.566
124.55
124.519
124.57
124.578
124.552
124.506
124.607
124.544
124.539
124.553
124.573
124.593
124.556
124.588
124.525
124.624
124.563
124.593
124.634
124.523
124.536
124.493
124.545
124.525
124.567
124.563
124.575
124.566
124.533
124.623
124.547
124.565
124.576
124.548
124.577
124.485
124.517
124.565
124.647
124.588
124.553
124.584
124.591
124.628
124.58
124.577
124.559
124.561
124.616
124.662
124.587
124.58
124.547
124.606
124.543
124.57
124.533
124.58
124.555
124.588
124.602
124.62
124.626
124.53
124.573
124.6
124.615
124.583
124.594
124.577
124.583
124.564
124.576
124.596
124.567
124.609
124.571
124.599
124.611
124.63
124.622
124.677
124.692
124.567
124.538
124.553
124.552
124.568
124.591
124.545
124.534
124.568
124.585
124.618
124.579
124.634
124.521
124.578
124.533
124.554
124.602
124.651
124.629
124.593
124.566
124.6
124.607
124.557
124.572
124.637
124.551
124.664
124.607
124.617
124.586
124.64
124.622
124.616
124.628
124.602
124.654
124.608
124.641
124.594
124.592
124.614
124.604
124.628
124.656
124.645
124.649
124.631
124.599
124.623
124.614
124.651
124.624
124.653
124.587
124.656
124.596
124.639
124.618
124.639
124.634
124.643
124.683
124.641
124.614
124.675
124.62
124.57
124.639
124.652
124.697
124.636
124.656
124.623
124.655
124.585
124.628
124.663
124.672
124.649
124.662
124.62
124.641
124.684
124.647
124.657
124.643
124.675
124.682
124.59
124.648
124.624
124.728
124.663
124.682
124.631
124.618
124.652
124.692
124.691
124.72
124.718
124.626
124.636
124.661
124.673
124.653
124.619
124.681
124.71
124.72
124.719
124.711
124.702
124.713
124.653
124.649
124.684
124.663
124.679
124.631
124.623
124.634
124.602
124.639
124.624
124.596
124.622
124.635
124.642
124.637
124.631
124.623
124.639
124.61
124.67
124.645
124.66
124.689
124.64
124.641
124.576
124.645
124.623
124.587
124.631
124.614
124.665
124.655
124.577
124.632
124.638
124.619
124.641
124.682
124.609
124.593
124.612
124.616
124.632
124.662
124.665
124.668
124.622
124.629
124.673
124.622
124.659
124.656
124.648
124.597
124.613
124.646
124.614
124.662
124.609
124.635
124.621
124.713
124.603
124.623
124.579
124.57
124.562
124.622
124.632
124.571
124.626
124.667
124.63
124.624
124.613
124.636
124.642
124.652
124.606
124.609
124.594
124.706
124.63
124.655
124.61
124.669
124.579
124.611
124.597
124.598
124.619
124.563
124.615
124.582
124.594
124.602
124.617
124.575
124.653
124.69
124.564
124.616
124.684
124.657
124.571
124.607
124.68
124.574
124.605
124.645
124.647
124.629
124.598
124.624
124.636
124.589
124.696
124.602
124.6
124.636
124.643
124.587
124.601
124.61
124.641
124.609
124.545
124.64
124.639
124.639
124.576
124.528
124.597
124.66
124.606
124.576
124.691
124.587
124.619
124.564
124.611
124.633
124.612
124.609
124.614
124.603
124.61
124.594
124.552
124.62
124.558
124.585
124.607
124.555
124.587
124.599
124.562
124.54
124.584
124.577
124.609
124.658
124.591
124.63
124.556
124.563
124.657
124.565
124.616
124.542
124.578
124.612
124.6
124.612
124.611
124.575
124.627
124.557
124.589
124.612
124.596
124.63
124.555
124.597
124.651
124.546
124.575
124.568
124.59
124.613
124.577
124.568
124.636
124.631
124.561
124.562
124.614
124.601
124.595
124.599
124.522
124.656
124.593
124.582
124.547
124.51
124.574
124.616
124.59
124.563
124.551
124.478
124.544
124.566
124.554
124.592
124.561
124.578
124.548
124.587
124.571
124.614
124.588
124.552
124.53
124.577
124.572
124.552
124.567
124.562
124.536
124.541
124.492
124.548
124.628
124.572
124.55
124.564
124.527
124.547
124.535
124.541
124.588
124.599
124.586
124.589
124.572
124.57
124.598
124.577
124.611
124.612
124.565
124.564
124.606
124.615
124.577
124.584
124.587
124.583
124.565
124.571
124.583
124.571
124.564
124.582
124.495
124.592
124.544
124.56
124.558
124.615
124.576
124.577
124.56
124.648
124.563
124.566
124.553
124.598
124.571
124.56
124.564
124.617
124.588
124.598
124.594
124.556
124.537
124.537
124.52
124.577
124.588
124.577
124.585
124.589
124.553
124.575
124.542
124.555
124.558
124.599
124.566
124.544
124.602
124.514
124.561
124.579
124.561
124.566
124.594
124.526
124.552
124.551
124.545
124.59
124.551
124.57
124.596
124.5
124.562
124.527
124.588
124.556
124.614
124.567
124.583
124.532
124.555
124.529
124.536
124.564
124.653
124.579
124.562
124.537
124.593
124.525
124.53
124.523
124.566
124.51
124.561
124.551
124.551
124.603
124.529
124.517
124.562
124.527
124.549
124.535
124.494
124.558
124.532
124.545
124.53
124.559
124.535
124.524
124.536
124.526
124.588
124.577
124.559
124.568
124.577
124.506
124.559
124.574
124.526
124.532
124.551
124.552
124.591
124.528
124.557
124.505
124.57
124.539
124.56
124.53
124.534
124.543
124.525
124.521
124.573
124.536
124.564
124.569
124.525
124.483
124.558
124.545
124.56
124.582
124.547
124.551
124.514
124.577
124.561
124.553
124.587
124.556
124.618
124.656
124.585
124.6
124.579
124.513
124.534
124.6
124.557
124.508
124.587
124.551
124.51
124.517
124.509
124.522
124.538
124.577
124.549
124.559
124.552
124.565
124.536
124.598
124.515
124.574
124.529
124.568
124.566
124.535
124.531
124.597
124.516
124.497
124.544
124.506
124.605
124.536
124.544
124.608
124.518
124.486
124.57
124.542
124.59
124.525
124.559
124.532
124.554
124.508
124.548
124.551
124.571
124.543
124.544
124.562
124.581
124.559
124.539
124.507
124.528
124.579
124.574
124.516
124.517
124.535
124.553
124.554
124.597
124.553
124.514
124.492
124.608
124.518
124.527
124.512
124.523
124.499
124.511
124.575
124.556
124.521
124.55
124.54
124.527
124.479
124.525
124.557
124.574
124.503
124.509
124.575
124.545
124.494
124.539
124.516
124.498
124.582
124.479
124.565
124.545
124.523
124.531
124.52
124.581
124.524
124.579
124.521
124.525
124.571
124.522
124.519
124.519
124.539
124.518
124.445
124.511
124.554
124.507
124.562
124.564
124.492
124.531
124.579
124.491
124.546
124.482
124.559
124.471
124.493
124.486
124.527
124.596
124.538
124.543
124.558
124.528
124.505
124.514
124.592
124.524
124.504
124.504
124.467
124.537
124.523
124.501
124.506
124.517
124.531
124.552
124.504
124.515
124.517
124.491
124.538
124.519
124.502
124.517
124.539
124.5
124.481
124.53
124.487
124.531
124.478
124.529
124.474
124.476
124.539
124.534
124.56
124.494
124.504
124.495
124.512
124.493
124.499
124.461
124.514
124.507
124.561
124.49
124.474
124.551
124.495
124.468
124.495
124.512
124.463
124.501
124.516
124.51
124.495
124.504
124.483
124.482
124.535
124.496
124.51
124.517
124.482
124.486
124.519
124.499
124.512
124.524
124.497
124.506
124.493
124.473
124.51
124.502
124.466
124.511
124.493
124.53
124.427
124.518
124.539
124.538
124.493
124.572
124.479
124.544
124.525
124.513
124.507
124.479
124.56
124.501
124.512
124.498
124.535
124.494
124.506
124.498
124.505
124.543
124.529
124.53
124.463
124.479
124.506
124.504
124.563
124.529
124.526
124.513
124.526
124.506
124.53
124.507
124.452
124.456
124.539
124.538
124.515
124.52
124.506
124.516
124.518
124.519
124.559
124.519
124.494
124.522
124.506
124.459
124.554
124.515
124.499
124.485
124.435
124.571
124.509
124.505
124.525
124.481
124.567
124.474
124.485
124.527
124.478
124.497
124.514
124.503
124.52
124.501
124.542
124.501
124.499
124.532
124.513
124.5
124.517
124.541
124.519
124.49
124.477
124.483
124.481
124.57
124.485
124.5
124.457
124.48
124.479
124.508
124.492
124.51
124.574
124.474
124.528
124.439
124.441
124.525
124.504
124.485
124.537
124.452
124.516
124.49
124.517
124.513
124.53
124.527
124.5
124.49
124.539
124.475
124.481
124.493
124.467
124.474
124.475
124.526
124.532
124.469
124.495
124.49
124.494
124.523
124.474
124.524
124.448
124.495
124.501
124.524
124.521
124.488
124.542
124.488
124.481
124.598
124.505
124.446
124.567
124.493
124.528
124.566
124.531
124.489
124.561
124.453
124.514
124.473
124.509
124.533
124.548
124.492
124.496
124.534
124.533
124.503
124.531
124.509
124.522
124.505
124.507
124.477
124.537
124.537
124.543
124.522
124.47
124.456
124.505
124.535
124.523
124.488
124.51
124.533
124.536
124.531
124.553
124.531
124.529
124.539
124.549
124.577
124.52
124.592
124.575
124.511
124.563
124.571
124.565
124.506
124.533
124.519
124.534
124.515
124.497
124.489
124.49
124.59
124.597
124.54
124.508
124.508
124.535
124.543
124.509
124.481
124.537
124.586
124.507
124.515
124.517
124.553
124.508
124.546
124.503
124.514
124.535
124.559
124.537
124.494
124.495
124.492
124.527
124.557
124.547
124.516
124.498
124.546
124.505
124.539
124.55
124.5
124.538
124.523
124.532
124.536
124.467
124.482
124.523
124.529
124.525
124.497
124.538
124.523
124.509
124.57
124.533
124.505
124.514
124.491
124.565
124.519
124.533
124.489
124.52
124.554
124.528
124.517
124.5
124.549
124.499
124.538
124.537
124.56
124.501
124.532
124.536
124.586
124.524
124.569
124.509
124.524
124.473
124.519
124.493
124.455
124.491
124.587
124.508
124.524
124.582
124.522
124.538
124.536
124.581
124.543
124.51
124.55
124.529
124.502
124.547
124.599
124.506
124.525
124.568
124.548
124.511
124.476
124.562
124.507
124.559
124.526
124.5
124.533
124.507
124.513
124.561
124.561
124.534
124.529
124.779
124.506
124.5
124.537
124.503
124.538
124.522
124.495
124.523
124.525
124.529
124.544
124.526
124.542
124.514
124.485
124.484
124.585
124.545
124.538
124.501
124.528
124.525
124.495
124.512
124.583
124.521
124.578
124.542
124.588
124.48
124.552
124.518
124.544
124.539
124.55
124.64
124.577
124.554
124.578
124.546
124.573
124.541
124.585
124.55
124.544
124.598
124.549
124.57
124.541
124.568
124.583
124.5
124.495
124.529
124.543
124.56
124.565
124.539
124.519
124.577
124.573
124.578
124.596
124.564
124.535
124.577
124.492
124.497
124.614
124.546
124.585
124.519
124.555
124.548
124.522
124.535
124.6
124.56
124.524
124.529
124.58
124.559
124.564
124.547
124.532
124.522
124.535
124.531
124.574
124.532
124.527
124.531
124.514
124.556
124.552
124.525
124.591
124.578
124.519
124.581
124.579
124.543
124.509
124.526
124.557
124.569
124.525
124.53
124.517
124.515
124.549
124.547
124.528
124.488
124.537
124.505
124.564
124.55
124.534
124.524
124.51
124.527
124.508
124.469
124.547
124.549
124.557
124.522
124.468
124.559
124.536
124.471
124.489
124.563
124.547
124.515
124.613
124.598
124.531
124.537
124.501
124.55
124.526
124.515
124.612
124.583
124.553
124.547
124.571
124.515
124.53
124.527
124.504
124.547
124.524
124.506
124.532
124.55
124.512
124.523
124.525
124.561
124.546
124.581
124.51
124.527
124.529
124.528
124.544
124.491
124.545
124.503
124.476
124.505
124.512
124.522
124.496
124.483
124.512
124.494
124.563
124.51
124.507
124.517
124.562
124.459
124.533
124.533
124.561
124.515
124.49
124.495
124.515
124.517
124.533
124.535
124.552
124.456
124.507
124.454
124.549
124.561
124.525
124.555
124.528
124.565
124.533
124.521
124.509
124.509
124.548
124.592
124.558
124.473
124.554
124.502
124.52
124.51
124.541
124.517
124.536
124.55
124.509
124.534
124.517
124.534
124.526
124.539
124.536
124.518
124.553
124.563
124.522
124.549
124.558
124.484
124.557
124.501
124.517
124.507
124.524
124.535
124.549
124.528
124.513
124.576
124.56
124.484
124.512
124.528
124.563
124.532
124.53
124.525
124.543
124.547
124.486
124.517
124.523
124.549
124.509
124.521
124.567
124.537
124.512
124.521
124.573
124.518
124.514
124.524
124.516
124.545
124.527
124.559
124.554
124.56
124.594
124.557
124.504
124.525
124.487
124.523
124.449
124.552
124.547
124.587
124.491
124.523
124.524
124.546
124.526
124.502
124.547
124.551
124.544
124.492
124.574
124.573
124.52
124.569
124.549
124.544
124.52
124.513
124.466
124.547
124.539
124.542
124.584
124.518
124.552
124.509
124.566
124.574
124.494
124.526
124.553
124.547
124.562
124.572
124.56
124.483
124.525
124.461
124.517
124.552
124.564
124.543
124.57
124.522
124.529
124.528
124.556
124.529
124.529
124.572
124.556
124.568
124.515
124.563
124.542
124.547
124.558
124.55
124.542
124.595
124.541
124.528
124.502
124.468
124.546
124.551
124.501
124.499
124.549
124.528
124.549
124.577
124.51
124.511
124.5
124.528
124.52
124.547
124.566
124.497
124.536
124.547
124.519
124.536
124.535
124.523
124.525
124.532
124.566
124.486
124.577
124.557
124.556
124.52
124.511
124.514
124.557
124.547
124.539
124.475
124.53
124.532
124.498
124.547
124.518
124.527
124.589
124.492
124.544
124.536
124.527
124.513
124.549
124.538
124.535
124.52
124.518
124.551
124.57
124.506
124.557
124.512
124.513
124.596
124.543
124.509
124.518
124.492
124.49
124.575
124.518
124.555
124.532
124.503
124.573
124.568
124.519
124.584
124.538
124.495
124.588
124.486
124.501
124.565
124.535
124.55
124.578
124.532
124.517
124.562
124.54
124.566
124.574
124.506
124.504
124.567
124.508
124.547
124.549
124.514
124.494
124.547
124.56
124.568
124.508
124.586
124.524
124.538
124.525
124.539
124.54
124.543
124.514
124.485
124.538
124.579
124.553
124.519
124.558
124.54
124.545
124.579
124.544
124.513
124.595
124.559
124.581
124.554
124.57
124.519
124.553
124.55
124.538
124.547
124.539
124.563
124.543
124.509
124.517
124.562
124.527
124.484
124.531
124.523
124.536
124.556
124.519
124.562
124.603
124.549
124.535
124.506
124.556
124.499
124.541
124.522
124.52
124.554
124.549
124.522
124.522
124.495
124.564
124.543
124.517
124.593
124.504
124.554
124.511
124.534
124.535
124.545
124.534
124.553
124.536
124.521
124.567
124.592
124.527
124.543
124.491
124.509
124.533
124.509
124.532
124.531
124.594
124.526
124.524
124.561
124.601
124.499
124.556
124.525
124.478
124.559
124.534
124.544
124.497
124.497
124.627
124.568
124.556
124.611
124.559
124.535
124.548
124.574
124.569
124.617
124.588
124.55
124.594
124.624
124.536
124.564
124.592
124.555
124.614
124.558
124.552
124.532
124.606
124.577
124.582
124.592
124.581
124.667
124.558
124.544
124.583
124.592
124.598
124.559
124.571
124.586
124.552
124.616
124.566
124.536
124.658
124.558
124.574
124.597
124.633
124.581
124.6
124.61
124.635
124.635
124.633
124.657
124.716
124.603
124.631
124.616
124.59
124.596
124.614
124.628
124.612
124.639
124.647
124.58
124.593
124.639
124.607
124.619
124.586
124.568
124.61
124.592
124.588
124.577
124.54
124.608
124.567
124.574
124.559
124.574
124.551
124.562
124.576
124.58
124.561
124.578
124.601
124.652
124.614
124.605
124.597
124.631
124.546
124.58
124.616
124.646
124.585
124.64
124.63
124.606
124.614
124.557
124.659
124.639
124.591
124.631
124.602
124.582
124.624
124.589
124.616
124.583
124.596
124.582
124.605
124.612
124.627
124.655
124.563
124.576
124.582
124.572
124.648
124.624
124.583
124.642
124.615
124.625
124.681
124.606
124.63
124.609
124.554
124.658
124.624
124.581
124.537
124.637
124.604
124.574
124.614
124.649
124.636
124.574
124.676
124.642
124.616
124.607
124.612
124.65
124.583
124.588
124.539
124.604
124.641
124.617
124.579
124.568
124.539
124.569
124.638
124.551
124.554
124.6
124.589
124.594
124.556
124.617
124.584
124.593
124.555
124.598
124.603
124.564
124.539
124.602
124.556
124.635
124.587
124.594
124.53
124.61
124.564
124.57
124.587
124.583
124.597
124.64
124.55
124.569
124.587
124.599
124.59
124.547
124.539
124.534
124.603
124.552
124.567
124.529
124.578
124.62
124.604
124.564
124.586
124.503
124.535
124.575
124.561
124.537
124.646
124.574
124.564
124.547
124.59
124.597
124.564
124.577
124.595
124.579
124.591
124.58
124.61
124.616
124.601
124.606
124.604
124.639
124.511
124.605
124.569
124.691
124.579
124.544
124.564
124.596
124.534
124.531
124.544
124.561
124.587
124.554
124.57
124.581
124.634
124.582
124.586
124.658
124.576
124.548
124.572
124.567
124.596
124.537
124.586
124.63
124.609
124.57
124.629
124.54
124.533
124.588
124.621
124.583
124.521
124.599
124.566
124.494
124.587
124.546
124.559
124.558
124.609
124.583
124.626
124.591
124.572
124.57
124.579
124.533
124.589
124.553
124.547
124.574
124.534
124.503
124.594
124.638
124.568
124.607
124.507
124.583
124.601
124.568
124.508
124.612
124.555
124.557
124.564
124.55
124.588
124.593
124.561
124.516
124.552
124.618
124.582
124.574
124.605
124.543
124.567
124.615
124.559
124.492
124.56
124.534
124.447
124.572
124.54
124.575
124.596
124.557
124.538
124.53
124.571
124.564
124.546
124.519
124.497
124.496
124.545
124.551
124.544
124.541
124.558
124.596
124.522
124.519
124.535
124.596
124.551
124.533
124.618
124.529
124.578
124.527
124.569
124.557
124.566
124.573
124.572
124.54
124.506
124.556
124.49
124.513
124.59
124.577
124.567
124.549
124.542
124.613
124.525
124.553
124.521
124.589
124.561
124.545
124.496
124.559
124.495
124.555
124.533
124.5
124.542
124.547
124.596
124.514
124.513
124.553
124.517
124.537
124.592
124.523
124.607
124.583
124.579
124.588
124.558
124.589
124.548
124.548
124.594
124.58
124.538
124.513
124.556
124.557
124.536
124.522
124.527
124.568
124.523
124.561
124.539
124.539
124.564
124.537
124.493
124.64
124.539
124.532
124.47
124.552
124.53
124.557
124.444
124.519
124.571
124.579
124.54
124.535
124.473
124.599
124.547
124.569
124.547
124.547
124.524
124.563
124.551
124.57
124.568
124.556
124.505
124.524
124.514
124.853
124.489
124.538
124.547
124.578
124.53
124.548
124.536
124.585
124.541
124.5
124.517
124.514
124.562
124.581
124.543
124.469
124.518
124.522
124.566
124.556
124.522
124.528
124.534
124.484
124.529
124.542
124.507
124.513
124.532
124.492
124.512
124.54
124.524
124.516
124.558
124.531
124.541
124.553
124.543
124.562
124.502
124.518
124.571
124.508
124.531
124.569
124.554
124.513
124.516
124.478
124.555
124.572
124.569
124.482
124.559
124.52
124.565
124.517
124.537
124.526
124.513
124.51
124.648
124.561
124.533
124.526
124.557
124.482
124.491
124.546
124.522
124.535
124.503
124.505
124.536
124.577
124.535
124.554
124.551
124.544
124.628
124.497
124.506
124.54
124.548
124.544
124.569
124.504
124.555
124.518
124.536
124.574
124.551
124.527
124.482
124.574
124.55
124.511
124.513
124.592
124.492
124.575
124.49
124.524
124.559
124.505
124.562
124.504
124.512
124.448
124.56
124.522
124.502
124.543
124.553
124.498
124.566
124.462
124.529
124.557
124.556
124.543
124.548
124.539
124.506
124.524
124.467
124.543
124.506
124.526
124.549
124.533
124.527
124.538
124.504
124.527
124.481
124.512
124.542
124.53
124.542
124.547
124.534
124.529
124.508
124.482
124.541
124.472
124.591
124.516
124.467
124.535
124.508
124.561
124.509
124.546
124.539
124.529
124.556
124.505
124.54
124.547
124.549
124.525
124.583
124.526
124.552
124.466
124.523
124.464
124.515
124.479
124.487
124.507
124.534
124.528
124.557
124.519
124.488
124.547
124.58
124.517
124.522
124.487
124.477
124.529
124.584
124.555
124.538
124.504
124.515
124.486
124.485
124.573
124.516
124.5
124.533
124.43
124.509
124.493
124.533
124.503
124.484
124.532
124.545
124.489
124.553
124.529
124.514
124.547
124.515
124.525
124.544
124.542
124.601
124.534
124.536
124.518
124.52
124.517
124.54
124.572
124.555
124.526
124.52
124.58
124.512
124.513
124.537
124.501
124.532
124.508
124.51
124.502
124.548
124.556
124.51
124.48
124.588
124.519
124.547
124.503
124.447
124.509
124.506
124.596
124.533
124.541
124.548
124.533
124.497
124.538
124.554
124.544
124.552
124.489
124.522
124.511
124.573
124.557
124.563
124.524
124.5
124.479
124.538
124.594
124.536
124.508
124.562
124.542
124.543
124.563
124.534
124.545
124.578
124.453
124.533
124.497
124.436
124.536
124.513
124.521
124.548
124.586
124.557
124.569
124.567
124.536
124.501
124.564
124.475
124.539
124.515
124.548
124.534
124.564
124.541
124.561
124.495
124.51
124.521
124.575
124.541
124.513
124.507
124.496
124.505
124.533
124.531
124.499
124.522
124.524
124.568
124.583
124.501
124.551
124.523
124.563
124.526
124.577
124.58
124.576
124.515
124.538
124.541
124.54
124.565
124.531
124.568
124.512
124.588
124.547
124.536
124.53
124.55
124.584
124.566
124.496
124.558
124.563
124.581
124.543
124.555
124.515
124.532
124.505
124.575
124.543
124.566
124.607
124.551
124.555
124.546
124.498
124.557
124.547
124.569
124.568
124.559
124.51
124.502
124.533
124.513
124.53
124.558
124.539
124.517
124.448
124.54
124.531
124.48
124.567
124.538
124.513
124.565
124.554
124.534
124.527
124.554
124.518
124.52
124.515
124.524
124.525
124.554
124.547
124.503
124.512
124.501
124.503
124.526
124.56
124.491
124.521
124.518
124.58
124.515
124.548
124.576
124.611
124.537
124.54
124.527
124.542
124.526
124.524
124.528
124.5
124.539
124.528
124.547
124.565
124.529
124.506
124.546
124.507
124.563
124.546
124.568
124.532
124.531
124.528
124.518
124.547
124.524
124.52
124.519
124.579
124.533
124.542
124.495
124.502
124.518
124.487
124.554
124.55
124.546
124.502
124.485
124.524
124.53
124.593
124.532
124.551
124.562
124.5
124.515
124.54
124.499
124.517
124.859
124.51
124.555
124.515
124.532
124.541
124.552
124.525
124.497
124.507
124.533
124.58
124.571
124.519
124.518
124.517
124.537
124.544
124.563
124.548
124.577
124.501
124.536
124.518
124.533
124.547
124.555
124.497
124.559
124.576
124.527
124.535
124.513
124.513
124.494
124.505
124.562
124.519
124.532
124.561
124.458
124.512
124.485
124.553
124.546
124.551
124.519
124.537
124.542
124.501
124.584
124.552
124.46
124.518
124.504
124.556
124.561
124.506
124.536
124.544
124.52
124.479
124.573
124.565
124.517
124.467
124.484
124.512
124.487
124.515
124.434
124.513
124.495
124.564
124.462
124.562
124.58
124.526
124.535
124.522
124.54
124.48
124.506
124.525
124.53
124.466
124.5
124.505
124.56
124.531
124.499
124.521
124.474
124.512
124.509
124.56
124.509
124.581
124.558
124.561
124.51
124.537
124.552
124.493
124.519
124.539
124.563
124.473
124.533
124.544
124.524
124.507
124.489
124.52
124.5
124.557
124.526
124.539
124.56
124.567
124.586
124.511
124.551
124.536
124.534
124.572
124.557
124.53
124.568
124.51
124.587
124.504
124.576
124.558
124.507
124.548
124.556
124.555
124.561
124.54
124.482
124.517
124.487
124.543
124.508
124.512
124.528
124.505
124.496
124.514
124.53
124.504
124.551
124.496
124.583
124.522
124.523
124.545
124.522
124.51
124.478
124.496
124.562
124.546
124.506
124.533
124.501
124.512
124.513
124.554
124.567
124.484
124.543
124.516
124.554
124.531
124.534
124.506
124.513
124.568
124.53
124.594
124.643
124.557
124.553
124.592
124.539
124.546
124.559
124.619
124.518
124.524
124.6
124.562
124.579
124.523
124.528
124.595
124.578
124.58
124.548
124.552
124.506
124.58
124.542
124.559
124.543
124.508
124.534
124.559
124.545
124.597
124.56
124.534
124.568
124.535
124.555
124.595
124.563
124.559
124.543
124.65
124.524
124.498
124.568
124.547
124.564
124.539
124.537
124.585
124.562
124.623
124.527
124.558
124.539
124.58
124.593
124.573
124.595
124.592
124.571
124.603
124.495
124.571
124.638
124.49
124.577
124.599
124.55
124.611
124.573
124.551
124.561
124.591
124.562
124.584
124.585
124.629
124.542
124.601
124.586
124.566
124.519
124.545
124.54
124.538
124.495
124.59
124.578
124.574
124.535
124.531
124.529
124.542
124.524
124.468
124.547
124.599
124.519
124.542
124.568
124.642
124.563
124.505
124.574
124.485
124.549
124.542
124.54
124.548
124.536
124.605
124.543
124.553
124.549
124.551
124.578
124.513
124.488
124.615
124.517
124.477
124.63
124.539
124.571
124.512
124.584
124.603
124.528
124.57
124.597
124.548
124.525
124.551
124.574
124.516
124.577
124.55
124.589
124.547
124.546
124.547
124.562
124.564
124.537
124.523
124.528
124.521
124.59
124.538
124.55
124.575
124.513
124.46
124.553
124.593
124.552
124.571
124.55
124.529
124.564
124.56
124.547
124.534
124.547
124.573
124.533
124.581
124.529
124.542
124.584
124.56
124.544
124.525
124.525
124.57
124.524
124.534
124.525
124.575
124.544
124.528
124.548
124.573
124.574
124.525
124.56
124.53
124.503
124.539
124.593
124.55
124.582
124.547
124.532
124.552
124.568
124.555
124.541
124.57
124.521
124.54
124.572
124.544
124.551
124.598
124.579
124.538
124.48
124.579
124.534
124.581
124.55
124.574
124.579
124.558
124.52
124.55
124.52
124.62
124.549
124.565
124.585
124.525
124.575
124.516
124.521
124.508
124.53
124.564
124.559
124.553
124.585
124.578
124.528
124.522
124.581
124.536
124.516
124.563
124.489
124.481
124.53
124.577
124.527
124.515
124.607
124.56
124.483
124.546
124.554
124.562
124.547
124.521
124.521
124.621
124.518
124.572
124.535
124.551
124.53
124.542
124.549
124.552
124.542
124.553
124.529
124.561
124.561
124.497
124.53
124.518
124.54
124.58
124.608
124.503
124.568
124.515
124.534
124.551
124.579
124.535
124.547
124.586
124.554
124.539
124.562
124.553
124.542
124.555
124.542
124.553
124.587
124.534
124.523
124.531
124.542
124.547
124.52
124.515
124.535
124.551
124.544
124.574
124.514
124.6
124.532
124.488
124.547
124.513
124.528
124.52
124.997
124.52
124.544
124.555
124.539
124.545
124.499
124.513
124.49
124.524
124.559
124.529
124.52
124.524
124.532
124.513
124.501
124.562
124.569
124.519
124.536
124.565
124.502
124.559
124.545
124.579
124.494
124.564
124.506
124.523
124.547
124.584
124.518
124.54
124.559
124.525
124.502
124.535
124.545
124.479
124.536
124.537
124.529
124.546
124.549
124.526
124.57
124.498
124.525
124.503
124.453
124.548
124.513
124.528
124.528
124.573
124.535
124.545
124.487
124.473
124.499
124.508
124.492
124.575
124.542
124.53
124.568
124.569
124.528
124.529
124.494
124.544
124.551
124.545
124.519
124.51
124.532
124.51
124.496
124.473
124.563
124.459
124.574
124.514
124.524
124.505
124.51
124.546
124.499
124.509
124.577
124.474
124.525
124.52
124.496
124.528
124.494
124.519
124.517
124.515
124.528
124.516
124.506
124.57
124.494
124.509
124.558
124.525
124.536
124.529
124.491
124.48
124.505
124.496
124.484
124.504
124.51
124.499
124.498
124.55
124.518
124.529
124.506
124.483
124.479
124.484
124.53
124.544
124.521
124.562
124.507
124.504
124.522
124.466
124.518
124.5
124.52
124.532
124.566
124.495
124.514
124.453
124.464
124.561
124.521
124.489
124.457
124.518
124.501
124.569
124.514
124.511
124.543
124.474
124.485
124.531
124.52
124.456
124.525
124.482
124.504
124.501
124.511
124.555
124.49
124.512
124.505
124.461
124.486
124.534
124.497
124.523
124.542
124.469
124.53
124.502
124.497
124.513
124.466
124.494
124.55
124.515
124.549
124.49
124.476
124.514
124.541
124.506
124.529
124.465
124.522
124.467
124.542
124.491
124.518
124.487
124.497
124.466
124.473
124.488
124.486
124.55
124.52
124.516
124.544
124.476
124.514
124.51
124.491
124.514
124.502
124.504
124.5
124.503
124.492
124.504
124.478
124.506
124.526
124.526
124.484
124.484
124.491
124.475
124.567
124.513
124.518
124.528
124.537
124.503
124.489
124.481
124.563
124.549
124.52
124.536
124.5
124.526
124.515
124.48
124.434
124.539
124.537
124.5
124.494
124.55
124.486
124.56
124.528
124.507
124.564
124.495
124.52
124.509
124.468
124.522
124.527
124.518
124.521
124.51
124.454
124.493
124.556
124.482
124.538
124.543
124.508
124.491
124.504
124.485
124.522
124.484
124.494
124.516
124.531
124.522
124.533
124.469
124.486
124.523
124.476
124.502
124.469
124.523
124.493
124.49
124.465
124.565
124.517
124.521
124.53
124.511
124.564
124.548
124.514
124.513
124.499
124.529
124.482
124.464
124.508
124.55
124.509
124.523
124.491
124.506
124.534
124.527
124.518
124.511
124.5
124.531
124.468
124.554
124.524
124.515
124.486
124.51
124.474
124.462
124.501
124.481
124.525
124.522
124.511
124.485
124.514
124.519
124.543
124.458
124.501
124.461
124.519
124.532
124.502
124.556
124.48
124.479
124.523
124.484
124.514
124.534
124.5
124.529
124.527
124.52
124.539
124.517
124.53
124.503
124.576
124.528
124.535
124.481
124.505
124.508
124.507
124.524
124.532
124.509
124.532
124.515
124.565
124.509
124.562
124.489
124.505
124.523
124.511
124.534
124.49
124.548
124.524
124.542
124.511
124.57
124.522
124.55
124.516
124.492
124.524
124.462
124.49
124.514
124.522
124.572
124.509
124.534
124.535
124.517
124.531
124.524
124.508
124.475
124.509
124.498
124.55
124.478
124.517
124.53
124.581
124.512
124.524
124.551
124.541
124.506
124.533
124.532
124.466
124.55
124.439
124.504
124.529
124.508
124.533
124.538
124.47
124.517
124.526
124.513
124.491
124.539
124.523
124.519
124.457
124.508
124.512
124.525
124.517
124.517
124.49
124.544
124.593
124.512
124.527
124.532
124.489
124.488
124.551
124.573
124.551
124.542
124.528
124.51
124.541
124.529
124.46
124.46
124.532
124.559
124.479
124.517
124.506
124.544
124.509
124.505
124.442
124.495
124.465
124.501
124.552
124.479
124.474
124.487
124.515
124.47
124.485
124.545
124.494
124.564
124.498
124.557
124.524
124.551
124.522
124.486
124.529
124.52
124.563
124.461
124.516
124.515
124.458
124.504
124.536
124.546
124.547
124.545
124.527
124.493
124.503
124.495
124.495
124.522
124.489
124.513
124.488
124.491
124.505
124.474
124.514
124.507
124.476
124.498
124.495
124.498
124.541
124.539
124.474
124.477
124.516
124.478
124.534
124.501
124.538
124.486
124.504
124.506
124.527
124.532
124.529
124.45
124.54
124.53
124.494
124.547
124.472
124.489
124.533
124.496
124.489
124.563
124.529
124.537
124.513
124.501
124.471
124.495
124.521
124.502
124.504
124.486
124.532
124.548
124.538
124.52
124.527
124.522
124.474
124.526
124.487
124.581
124.433
124.49
124.513
124.534
124.506
124.485
124.53
124.513
124.492
124.484
124.519
124.504
124.462
124.51
124.514
124.519
124.54
124.473
124.507
124.497
124.503
124.451
124.503
124.51
124.486
124.553
124.541
124.496
124.511
124.539
124.488
124.466
124.47
124.518
124.499
124.454
124.589
124.489
124.499
124.457
124.468
124.508
124.52
124.486
124.507
124.509
124.506
124.496
124.512
124.487
124.516
124.53
124.509
124.532
124.524
124.498
124.466
124.485
124.536
124.51
124.506
124.513
124.459
124.504
124.46
124.552
124.474
124.484
124.496
124.514
124.484
124.444
124.547
124.507
124.555
124.469
124.492
124.52
124.485
124.486
124.517
124.507
124.571
124.499
124.463
124.488
124.502
124.472
124.46
124.459
124.489
124.537
124.488
124.498
124.456
124.492
124.513
124.474
124.514
124.492
124.462
124.495
124.504
124.486
124.507
124.493
124.527
124.533
124.504
124.477
124.538
124.511
124.508
124.517
124.546
124.461
124.558
124.521
124.474
124.456
124.511
124.491
124.492
124.492
124.508
124.48
124.436
124.492
124.473
124.536
124.456
124.514
124.518
124.504
124.483
124.505
124.525
124.547
124.489
124.494
124.522
124.504
124.491
124.513
124.529
124.531
124.502
124.541
124.481
124.49
124.512
124.493
124.483
124.533
124.488
124.512
124.49
124.516
124.499
124.486
124.497
124.502
124.486
124.539
124.516
124.54
124.54
124.487
124.497
124.498
124.549
124.519
124.46
124.522
124.502
124.499
124.54
124.503
124.484
124.493
124.509
124.526
124.503
124.474
124.543
124.496
124.481
124.518
124.519
124.524
124.544
124.562
124.496
124.531
124.411
124.457
124.524
124.558
124.521
124.508
124.512
124.497
124.51
124.489
124.446
124.501
124.511
124.494
124.494
124.475
124.495
124.476
124.487
124.517
124.56
124.51
124.485
124.499
124.48
124.513
124.486
124.519
124.513
124.457
124.499
124.522
124.501
124.441
124.492
124.475
124.512
124.565
124.507
124.529
124.514
124.491
124.489
124.471
124.532
124.511
124.471
124.517
124.507
124.517
124.466
124.527
124.466
124.512
124.445
124.509
124.446
124.485
124.537
124.476
124.573
124.537
124.513
124.5
124.577
124.531
124.488
124.485
124.511
124.503
124.54
124.545
124.512
124.496
124.535
124.499
124.513
124.556
124.526
124.512
124.559
124.473
124.537
124.543
124.487
124.471
124.467
124.482
124.5
124.466
124.526
124.515
124.542
124.483
124.479
124.513
124.536
124.497
124.543
124.496
124.513
124.526
124.518
124.523
124.507
124.523
124.499
124.48
124.519
124.497
124.471
124.49
124.513
124.541
124.534
124.511
124.489
124.551
124.524
124.461
124.539
124.445
124.528
124.582
124.531
124.53
124.508
124.475
124.517
124.505
124.498
124.541
124.536
124.487
124.492
124.516
124.491
124.508
124.511
124.535
124.493
124.548
124.486
124.524
124.484
124.55
124.494
124.508
124.52
124.523
124.531
124.548
124.511
124.511
124.533
124.521
124.521
124.459
124.535
124.505
124.504
124.456
124.546
124.533
124.565
124.53
124.484
124.48
124.519
124.535
124.518
124.56
124.509
124.578
124.529
124.492
124.503
124.564
124.541
124.496
124.54
124.506
124.512
124.548
124.527
124.561
124.527
124.488
124.543
124.541
124.482
124.465
124.537
124.558
124.497
124.515
124.513
124.515
124.502
124.509
124.532
124.536
124.502
124.496
124.523
124.483
124.52
124.562
124.523
124.532
124.508
124.549
124.548
124.466
124.582
124.497
124.535
124.585
124.488
124.525
124.558
124.545
124.522
124.495
124.54
124.599
124.505
124.509
124.518
124.558
124.518
124.532
124.557
124.523
124.518
124.534
124.48
124.558
124.509
124.506
124.506
124.458
124.533
124.543
124.57
124.557
124.528
124.457
124.505
124.514
124.568
124.546
124.535
124.528
124.487
124.542
124.525
124.484
124.514
124.523
124.521
124.513
124.55
124.51
124.554
124.517
124.527
124.498
124.45
124.543
124.56
124.547
124.503
124.553
124.486
124.531
124.532
124.559
124.506
124.536
124.499
124.546
124.543
124.512
124.595
124.521
124.54
124.522
124.515
124.477
124.449
124.521
124.54
124.556
124.56
124.528
124.556
124.543
124.527
124.515
124.53
124.573
124.507
124.521
124.505
124.52
124.528
124.542
124.534
124.51
124.514
124.523
124.488
124.514
124.507
124.525
124.506
124.486
124.478
124.522
124.517
124.528
124.496
124.525
124.612
124.54
124.515
124.527
124.515
124.545
124.529
124.527
124.687
124.515
124.507
124.491
124.475
124.537
124.467
124.538
124.53
124.566
124.54
124.45
124.516
124.522
124.513
124.536
124.513
124.508
124.504
124.519
124.518
124.501
124.58
124.556
124.546
124.531
124.494
124.497
124.496
124.462
124.522
124.489
124.496
124.521
124.528
124.499
124.503
124.51
124.515
124.48
124.527
124.518
124.455
124.477
124.501
124.439
124.529
124.489
124.547
124.528
124.49
124.516
124.481
124.465
124.508
124.498
124.477
124.5
124.499
124.445
124.507
124.584
124.514
124.476
124.473
124.516
124.527
124.515
124.522
124.556
124.48
124.524
124.451
124.498
124.464
124.49
124.473
124.522
124.482
124.495
124.518
124.461
124.492
124.481
124.524
124.468
124.506
124.489
124.514
124.497
124.538
124.522
124.508
124.468
124.517
124.499
124.478
124.491
124.5
124.465
124.523
124.487
124.49
124.486
124.567
124.491
124.506
124.512
124.595
124.515
124.501
124.519
124.505
124.491
124.536
124.51
124.51
124.428
124.492
124.5
124.49
124.55
124.502
124.555
124.54
124.474
124.474
124.517
124.499
124.517
124.456
124.49
124.493
124.502
124.458
124.481
124.47
124.507
124.534
124.502
124.53
124.467
124.562
124.518
124.52
124.451
124.555
124.479
124.483
124.482
124.482
124.503
124.485
124.48
124.451
124.506
124.519
124.485
124.512
124.5
124.511
124.504
124.483
124.48
124.478
124.497
124.529
124.526
124.439
124.46
124.485
124.498
124.549
124.484
124.454
124.515
124.544
124.487
124.498
124.515
124.525
124.494
124.483
124.503
124.538
124.509
124.456
124.438
124.494
124.452
124.445
124.527
124.46
124.491
124.537
124.546
124.455
124.464
124.557
124.436
124.408
124.487
124.457
124.511
124.482
124.461
124.519
124.524
124.507
124.536
124.493
124.501
124.499
124.468
124.473
124.477
124.517
124.504
124.447
124.491
124.52
124.431
124.443
124.535
124.479
124.522
124.542
124.502
124.519
124.461
124.486
124.501
124.499
124.498
124.484
124.457
124.492
124.467
124.451
124.464
124.484
124.521
124.486
124.463
124.479
124.501
124.513
124.48
124.527
124.437
124.451
124.483
124.498
124.499
124.483
124.482
124.524
124.449
124.497
124.511
124.441
124.498
124.478
124.51
124.471
124.485
124.508
124.478
124.502
124.482
124.534
124.488
124.51
124.471
124.449
124.505
124.488
124.516
124.437
124.501
124.518
124.525
124.5
124.536
124.514
124.469
124.482
124.44
124.539
124.475
124.502
124.498
124.482
124.53
124.486
124.5
124.484
124.504
124.476
124.437
124.47
124.445
124.495
124.495
124.462
124.461
124.528
124.49
124.452
124.495
124.492
124.49
124.462
124.476
124.51
124.576
124.48
124.492
124.499
124.545
124.493
124.528
124.493
124.499
124.47
124.445
124.438
124.489
124.527
124.529
124.478
124.466
124.471
124.456
124.486
124.505
124.489
124.451
124.455
124.48
124.459
124.523
124.492
124.489
124.451
124.494
124.498
124.502
124.453
124.49
124.483
124.473
124.48
124.509
124.484
124.508
124.513
124.501
124.5
124.514
124.487
124.503
124.525
124.545
124.515
124.522
124.507
124.485
124.533
124.504
124.475
124.494
124.469
124.526
124.481
124.524
124.515
124.47
124.458
124.505
124.472
124.492
124.501
124.463
124.472
124.502
124.448
124.489
124.483
124.493
124.488
124.508
124.521
124.498
124.465
124.46
124.485
124.508
124.505
124.481
124.511
124.501
124.46
124.515
124.547
124.493
124.485
124.463
124.469
124.496
124.463
124.483
124.499
124.531
124.516
124.509
124.481
124.519
124.494
124.566
124.559
124.48
124.524
124.459
124.483
124.507
124.479
124.505
124.453
124.53
124.51
124.471
124.526
124.516
124.442
124.502
124.497
124.551
124.506
124.533
124.491
124.528
124.522
124.505
124.481
124.487
124.473
124.508
124.503
124.515
124.542
124.541
124.516
124.497
124.517
124.505
124.511
124.473
124.502
124.523
124.487
124.497
124.493
124.445
124.504
124.477
124.464
124.498
124.486
124.522
124.515
124.483
124.495
124.493
124.483
124.488
124.49
124.472
124.43
124.493
124.493
124.498
124.471
124.471
124.471
124.495
124.439
124.49
124.45
124.45
124.471
124.542
124.524
124.516
124.483
124.479
124.5
124.509
124.461
124.517
124.494
124.494
124.503
124.498
124.492
124.435
124.486
124.487
124.452
124.45
124.477
124.484
124.468
124.476
124.483
124.496
124.477
124.508
124.475
124.458
124.491
124.486
124.524
124.494
124.464
124.496
124.506
124.514
124.497
124.456
124.498
124.517
124.497
124.507
124.464
124.469
124.47
124.45
124.524
124.482
124.48
124.505
124.491
124.492
124.47
124.497
124.448
124.485
124.538
124.464
124.507
124.5
124.511
124.522
124.472
124.443
124.498
124.532
124.427
124.489
124.523
124.444
124.47
124.513
124.488
124.472
124.478
124.491
124.497
124.52
124.493
124.52
124.436
124.467
124.47
124.474
124.517
124.493
124.497
124.483
124.53
124.514
124.517
124.508
124.47
124.473
124.481
124.503
124.451
124.486
124.493
124.486
124.488
124.475
124.495
124.509
124.459
124.505
124.494
124.483
124.493
124.46
124.498
124.427
124.463
124.433
124.534
124.502
124.485
124.482
124.492
124.55
124.482
124.468
124.497
124.458
124.477
124.463
124.483
124.506
124.471
124.528
124.489
124.505
124.468
124.497
124.527
124.504
124.496
124.462
124.498
124.524
124.446
124.537
124.497
124.506
124.495
124.508
124.484
124.462
124.519
124.527
124.569
124.455
124.498
124.515
124.471
124.469
124.461
124.478
124.492
124.449
124.486
124.534
124.508
124.462
124.463
124.504
124.472
124.492
124.483
124.46
124.505
124.492
124.486
124.476
124.533
124.476
124.474
124.513
124.493
124.49
124.47
124.51
124.488
124.459
124.537
124.495
124.519
124.443
124.538
124.526
124.53
124.46
124.434
124.455
124.531
124.503
124.48
124.475
124.431
124.49
124.465
124.493
124.464
124.459
124.488
124.441
124.474
124.477
124.437
124.466
124.556
124.456
124.456
124.499
124.49
124.534
124.488
124.452
124.531
124.469
124.515
124.49
124.51
124.463
124.475
124.487
124.481
124.539
124.479
124.48
124.495
124.463
124.507
124.526
124.523
124.483
124.527
124.501
124.492
124.447
124.473
124.506
124.54
124.489
124.477
124.516
124.464
124.474
124.507
124.485
124.476
124.522
124.477
124.505
124.513
124.499
124.489
124.473
124.463
124.488
124.513
124.506
124.484
124.532
124.477
124.468
124.48
124.513
124.486
124.513
124.493
124.506
124.536
124.487
124.457
124.48
124.453
124.497
124.473
124.472
124.479
124.517
124.472
124.47
124.511
124.51
124.471
124.481
124.477
124.431
124.467
124.454
124.515
124.488
124.496
124.48
124.518
124.488
124.471
124.5
124.506
124.539
124.501
124.448
124.451
124.481
124.458
124.463
124.501
124.5
124.468
124.454
124.436
124.448
124.513
124.478
124.482
124.487
124.487
124.499
124.42
124.454
124.423
124.502
124.491
124.435
124.481
124.486
124.469
124.472
124.521
124.486
124.436
124.429
124.481
124.464
124.519
124.51
124.478
124.507
124.512
124.486
124.447
124.48
124.449
124.474
124.478
124.488
124.53
124.469
124.488
124.484
124.502
124.484
124.403
124.478
124.499
124.475
124.442
124.493
124.494
124.478
124.487
124.474
124.447
124.455
124.456
124.497
124.46
124.44
124.462
124.528
124.517
124.513
124.473
124.487
124.446
124.482
124.5
124.464
124.45
124.506
124.507
124.545
124.515
124.457
124.521
124.463
124.468
124.516
124.435
124.508
124.448
124.476
124.505
124.519
124.452
124.472
124.494
124.467
124.464
124.445
124.478
124.439
124.437
124.47
124.518
124.47
124.454
124.43
124.47
124.45
124.503
124.472
124.462
124.494
124.476
124.48
124.46
124.523
124.47
124.491
124.516
124.473
124.492
124.491
124.454
124.458
124.487
124.5
124.479
124.411
124.468
124.486
124.452
124.487
124.476
124.489
124.486
124.453
124.509
124.471
124.499
124.453
124.491
124.464
124.491
124.482
124.498
124.471
124.469
124.494
124.455
124.469
124.462
124.534
124.473
124.482
124.463
124.469
124.451
124.465
124.493
124.487
124.426
124.481
124.511
124.485
124.5
124.477
124.42
124.492
124.469
124.508
124.467
124.488
124.469
124.462
124.518
124.497
124.467
124.448
124.452
124.481
124.476
124.449
124.481
124.443
124.503
124.464
124.484
124.452
124.434
124.45
124.509
124.479
124.484
124.437
124.494
124.468
124.518
124.466
124.506
124.514
124.502
124.46
124.462
124.411
124.557
124.467
124.475
124.478
124.472
124.488
124.447
124.45
124.483
124.497
124.509
124.424
124.513
124.493
124.442
124.464
124.525
124.48
124.494
124.443
124.467
124.464
124.462
124.511
124.497
124.428
124.438
124.485
124.484
124.438
124.457
124.488
124.431
124.494
124.483
124.423
124.523
124.456
124.459
124.44
124.499
124.447
124.43
124.491
124.472
124.484
124.435
124.455
124.474
124.486
124.514
124.482
124.484
124.501
124.467
124.491
124.464
124.479
124.449
124.513
124.491
124.455
124.527
124.476
124.462
124.462
124.513
124.52
124.5
124.466
124.429
124.452
124.492
124.53
124.436
124.488
124.492
124.474
124.463
124.462
124.546
124.457
124.493
124.469
124.482
124.475
124.491
124.486
124.469
124.464
124.519
124.453
124.456
124.488
124.41
124.508
124.451
124.435
124.469
124.463
124.468
124.464
124.479
124.466
124.47
124.507
124.493
124.476
124.448
124.446
124.501
124.541
124.46
124.516
124.491
124.5
124.422
124.504
124.426
124.49
124.469
124.537
124.459
124.47
124.507
124.461
124.481
124.424
124.478
124.48
124.477
124.506
124.461
124.537
124.456
124.534
124.452
124.475
124.458
124.499
124.482
124.484
124.481
124.469
124.442
124.485
124.438
124.421
124.47
124.495
124.443
124.495
124.495
124.48
124.467
124.458
124.476
124.453
124.48
124.459
124.463
124.45
124.482
124.504
124.483
124.471
124.463
124.454
124.51
124.446
124.46
124.436
124.431
124.464
124.437
124.45
124.442
124.459
124.535
124.492
124.472
124.487
124.504
124.466
124.465
124.506
124.454
124.524
124.474
124.557
124.466
124.465
124.466
124.514
124.475
124.446
124.434
124.431
124.5
124.474
124.469
124.48
124.518
124.504
124.476
124.471
124.474
124.475
124.485
124.462
124.443
124.481
124.423
124.455
124.464
124.452
124.46
124.485
124.511
124.467
124.574
124.501
124.453
124.483
124.475
124.435
124.469
124.482
124.476
124.487
124.496
124.472
124.486
124.516
124.462
124.464
124.45
124.468
124.475
124.431
124.464
124.468
124.456
124.446
124.513
124.47
124.5
124.495
124.476
124.45
124.459
124.453
124.482
124.493
124.437
124.503
124.476
124.516
124.486
124.504
124.48
124.601
124.489
124.482
124.451
124.476
124.485
124.468
124.503
124.494
124.457
124.475
124.436
124.468
124.495
124.443
124.496
124.491
124.433
124.484
124.488
124.535
124.491
124.544
124.444
124.47
124.492
124.465
124.51
124.41
124.435
124.511
124.499
124.499
124.474
124.514
124.497
124.431
124.444
124.439
124.482
124.486
124.444
124.503
124.526
124.439
124.501
124.449
124.512
124.499
124.452
124.476
124.465
124.496
124.472
124.491
124.525
124.468
124.469
124.476
124.485
124.507
124.474
124.477
124.456
124.478
124.502
124.456
124.497
124.488
124.449
124.476
124.435
124.458
124.453
124.457
124.512
124.482
124.518
124.456
124.468
124.474
124.485
124.501
124.528
124.497
124.504
124.466
124.497
124.513
124.492
124.523
124.474
124.465
124.489
124.485
124.428
124.503
124.485
124.496
124.455
124.52
124.486
124.525
124.493
124.443
124.48
124.482
124.504
124.461
124.487
124.473
124.485
124.466
124.483
124.515
124.495
124.453
124.479
124.425
124.458
124.441
124.444
124.428
124.486
124.424
124.491
124.481
124.441
124.466
124.466
124.5
124.496
124.436
124.497
124.495
124.477
124.469
124.501
124.458
124.507
124.489
124.481
124.487
124.487
124.472
124.44
124.46
124.45
124.452
124.448
124.469
124.476
124.435
124.485
124.458
124.477
124.493
124.483
124.481
124.466
124.428
124.501
124.448
124.51
124.501
124.441
124.488
124.497
124.473
124.448
124.563
124.564
124.511
124.466
124.45
124.491
124.467
124.479
124.445
124.477
124.479
124.483
124.464
124.475
124.449
124.458
124.45
124.495
124.453
124.472
124.455
124.466
124.435
124.466
124.497
124.453
124.465
124.474
124.512
124.461
124.481
124.479
124.481
124.452
124.509
124.493
124.43
124.456
124.434
124.45
124.469
124.488
124.446
124.431
124.46
124.497
124.5
124.488
124.474
124.479
124.498
124.468
124.481
124.418
124.478
124.472
124.476
124.437
124.489
124.491
124.474
124.431
124.444
124.477
124.494
124.483
124.497
124.406
124.503
124.438
124.43
124.464
124.465
124.5
124.469
124.485
124.459
124.491
124.475
124.439
124.46
124.479
124.483
124.449
124.465
124.462
124.466
124.445
124.395
124.454
124.392
124.412
124.457
124.453
124.45
124.51
124.409
124.516
124.446
124.465
124.451
124.435
124.451
124.472
124.415
124.472
124.45
124.489
124.445
124.487
124.451
124.468
124.512
124.452
124.432
124.437
124.471
124.409
124.441
124.419
124.453
124.502
124.475
124.459
124.502
124.487
124.471
124.435
124.422
124.438
124.429
124.469
124.589
124.429
124.421
124.463
124.438
124.446
124.456
124.457
124.469
124.489
124.485
124.505
124.495
124.42
124.425
124.425
124.519
124.478
124.404
124.48
124.437
124.457
124.51
124.46
124.477
124.433
124.493
124.444
124.468
124.478
124.44
124.468
124.399
124.434
124.474
124.506
124.45
124.479
124.513
124.519
124.453
124.449
124.438
124.497
124.463
124.49
124.503
124.467
124.474
124.465
124.488
124.442
124.443
124.506
124.507
124.473
124.398
124.477
124.464
124.5
124.423
124.521
124.445
124.506
124.479
124.484
124.481
124.429
124.49
124.487
124.466
124.5
124.497
124.45
124.485
124.451
124.483
124.449
124.479
124.461
124.482
124.469
124.432
124.48
124.453
124.469
124.423
124.49
124.441
124.484
124.461
124.49
124.502
124.472
124.445
124.451
124.418
124.505
124.481
124.484
124.434
124.477
124.459
124.466
124.474
124.416
124.473
124.46
124.497
124.52
124.455
124.466
124.446
124.431
124.516
124.477
124.431
124.505
124.523
124.483
124.452
124.443
124.491
124.499
124.458
124.512
124.486
124.469
124.443
124.487
124.451
124.471
124.438
124.476
124.455
124.479
124.525
124.511
124.469
124.456
124.473
124.461
124.437
124.457
124.439
124.459
124.475
124.445
124.454
124.441
124.475
124.485
124.497
124.4
124.451
124.424
124.459
124.458
124.45
124.473
124.467
124.507
124.468
124.515
124.454
124.498
124.446
124.423
124.49
124.495
124.435
124.464
124.437
124.419
124.451
124.488
124.463
124.475
124.432
124.454
124.441
124.411
124.47
124.429
124.421
124.502
124.458
124.435
124.459
124.447
124.467
124.424
124.535
124.45
124.484
124.47
124.455
124.464
124.436
124.438
124.488
124.48
124.473
124.51
124.438
124.455
124.41
124.417
124.481
124.463
124.41
124.49
124.455
124.443
124.455
124.416
124.449
124.523
124.447
124.46
124.462
124.521
124.473
124.445
124.441
124.494
124.441
124.457
124.441
124.452
124.467
124.437
124.441
124.466
124.417
124.477
124.442
124.431
124.443
124.454
124.472
124.46
124.436
124.462
124.466
124.493
124.477
124.473
124.435
124.464
124.44
124.486
124.494
124.452
124.452
124.456
124.488
124.444
124.416
124.436
124.448
124.474
124.479
124.465
124.454
124.519
124.481
124.441
124.461
124.457
124.499
124.435
124.487
124.474
124.443
124.452
124.478
124.401
124.442
124.475
124.431
124.468
124.498
124.476
124.467
124.466
124.496
124.465
124.482
124.456
124.423
124.498
124.396
124.416
124.487
124.439
124.432
124.483
124.442
124.46
124.447
124.462
124.492
124.473
124.459
124.467
124.467
124.484
124.442
124.448
124.493
124.472
124.447
124.457
124.462
124.471
124.451
124.502
124.462
124.455
124.479
124.435
124.461
124.485
124.427
124.503
124.477
124.454
124.434
124.433
124.497
124.435
124.443
124.487
124.455
124.495
124.473
124.459
124.457
124.444
124.474
124.501
124.506
124.46
124.489
124.475
124.451
124.431
124.46
124.457
124.435
124.487
124.406
124.478
124.494
124.442
124.5
124.441
124.463
124.47
124.423
124.476
124.473
124.447
124.465
124.452
124.501
124.418
124.484
124.431
124.439
124.443
124.494
124.452
124.548
124.461
124.474
124.403
124.453
124.501
124.461
124.512
124.413
124.486
124.442
124.461
124.411
124.469
124.473
124.478
124.522
124.445
124.443
124.467
124.463
124.443
124.43
124.421
124.461
124.506
124.401
124.465
124.449
124.447
124.413
124.453
124.486
124.422
124.433
124.476
124.459
124.406
124.472
124.466
124.47
124.449
124.453
124.474
124.419
124.508
124.495
124.502
124.431
124.459
124.495
124.481
124.457
124.44
124.478
124.402
124.538
124.456
124.444
124.423
124.48
124.433
124.489
124.436
124.389
124.475
124.434
124.469
124.491
124.507
124.453
124.427
124.456
124.479
124.44
124.42
124.482
124.479
124.467
124.498
124.428
124.436
124.419
124.469
124.472
124.462
124.514
124.446
124.446
124.421
124.394
124.443
124.488
124.472
124.496
124.459
124.475
124.501
124.482
124.462
124.48
124.436
124.475
124.48
124.424
124.416
124.507
124.466
124.467
124.522
124.448
124.485
124.456
124.473
124.508
124.451
124.465
124.485
124.501
124.443
124.474
124.468
124.445
124.48
124.478
124.457
124.431
124.46
124.478
124.436
124.486
124.501
124.483
124.469
124.496
124.5
124.461
124.483
124.705
124.518
124.475
124.494
124.469
124.498
124.476
124.446
124.476
124.456
124.485
124.456
124.482
124.487
124.444
124.454
124.55
124.485
124.474
124.522
124.457
124.47
124.469
124.457
124.505
124.46
124.442
124.473
124.451
124.473
124.429
124.453
124.492
124.47
124.478
124.486
124.489
124.502
124.494
124.468
124.473
124.428
124.491
124.544
124.476
124.496
124.424
124.419
124.451
124.468
124.462
124.478
124.494
124.469
124.481
124.461
124.463
124.488
124.466
124.489
124.509
124.508
124.518
124.512
124.499
124.459
124.519
124.515
124.476
124.535
124.542
124.456
124.447
124.469
124.502
124.491
124.459
124.506
124.48
124.498
124.447
124.484
124.453
124.483
124.453
124.493
124.443
124.496
124.486
124.456
124.502
124.469
124.445
124.415
124.48
124.459
124.483
124.465
124.437
124.444
124.441
124.425
124.454
124.493
124.466
124.448
124.491
124.444
124.495
124.405
124.421
124.486
124.481
124.494
124.391
124.47
124.413
124.439
124.435
124.47
124.456
124.464
124.437
124.473
124.446
124.433
124.473
124.496
124.476
124.46
124.403
124.444
124.453
124.45
124.487
124.455
124.457
124.428
124.443
124.446
124.409
124.464
124.471
124.408
124.468
124.458
124.457
124.47
124.43
124.451
124.474
124.459
124.391
124.528
124.383
124.452
124.475
124.467
124.429
124.427
124.414
124.476
124.414
124.468
124.459
124.471
124.462
124.42
124.465
124.468
124.475
124.48
124.39
124.438
124.429
124.449
124.397
124.416
124.465
124.439
124.434
124.429
124.42
124.458
124.43
124.423
124.439
124.461
124.453
124.404
124.397
124.506
124.397
124.446
124.449
124.415
124.457
124.442
124.477
124.447
124.393
124.431
124.505
124.446
124.41
124.423
124.435
124.464
124.441
124.411
124.455
124.407
124.476
124.456
124.394
124.42
124.439
124.441
124.441
124.442
124.429
124.451
124.423
124.446
124.431
124.433
124.487
124.492
124.435
124.461
124.433
124.392
124.391
124.439
124.427
124.455
124.43
124.429
124.498
124.466
124.489
124.45
124.408
124.471
124.432
124.462
124.453
124.442
124.45
124.449
124.447
124.443
124.415
124.444
124.453
124.439
124.414
124.37
124.455
124.382
124.426
124.425
124.451
124.459
124.458
124.455
124.479
124.411
124.416
124.47
124.391
124.419
124.406
124.425
124.392
124.456
124.474
124.422
124.449
124.398
124.443
124.432
124.469
124.463
124.485
124.399
124.455
124.364
124.447
124.426
124.438
124.454
124.467
124.451
124.409
124.436
124.416
124.433
124.452
124.44
124.477
124.465
124.415
124.484
124.454
124.472
124.414
124.447
124.492
124.427
124.427
124.444
124.432
124.405
124.423
124.432
124.454
124.461
124.409
124.438
124.451
124.416
124.484
124.435
124.449
124.425
124.435
124.463
124.427
124.432
124.431
124.438
124.495
124.452
124.457
124.484
124.406
124.454
124.417
124.455
124.431
124.435
124.466
124.433
124.428
124.454
124.453
124.46
124.45
124.467
124.439
124.435
124.434
124.452
124.487
124.474
124.45
124.428
124.421
124.478
124.509
124.462
124.468
124.478
124.501
124.457
124.435
124.43
124.478
124.471
124.425
124.453
124.452
124.47
124.44
124.478
124.454
124.464
124.454
124.462
124.425
124.427
124.467
124.396
124.395
124.426
124.424
124.471
124.425
124.442
124.424
124.424
124.478
124.433
124.423
124.452
124.512
124.457
124.456
124.43
124.5
124.415
124.443
124.395
124.431
124.471
124.425
124.432
124.431
124.395
124.419
124.421
124.435
124.431
124.505
124.479
124.441
124.375
124.437
124.443
124.404
124.441
124.485
124.453
124.412
124.439
124.404
124.499
124.472
124.459
124.458
124.423
124.458
124.432
124.443
124.397
124.462
124.457
124.439
124.454
124.432
124.447
124.441
124.42
124.448
124.419
124.437
124.449
124.47
124.436
124.403
124.457
124.449
124.444
124.435
124.419
124.421
124.425
124.462
124.411
124.456
124.444
124.451
124.452
124.438
124.41
124.454
124.43
124.381
124.376
124.461
124.425
124.439
124.427
124.416
124.508
124.476
124.456
124.404
124.445
124.467
124.406
124.471
124.415
124.449
124.483
124.455
124.377
124.397
124.419
124.426
124.417
124.452
124.423
124.467
124.428
124.434
124.399
124.471
124.425
124.456
124.414
124.431
124.418
124.464
124.443
124.415
124.408
124.419
124.426
124.432
124.402
124.428
124.407
124.418
124.44
124.404
124.414
124.387
124.468
124.397
124.471
124.396
124.435
124.441
124.398
124.484
124.417
124.432
124.424
124.414
124.413
124.446
124.409
124.474
124.435
124.414
124.425
124.449
124.434
124.432
124.432
124.411
124.416
124.412
124.413
124.449
124.48
124.415
124.443
124.429
124.376
124.416
124.43
124.677
124.44
124.418
124.408
124.4
124.448
124.453
124.427
124.413
124.379
124.438
124.396
124.396
124.484
124.404
124.413
124.412
124.384
124.442
124.404
124.435
124.457
124.421
124.382
124.362
124.422
124.401
124.398
124.412
124.412
124.474
124.423
124.444
124.419
124.417
124.452
124.419
124.437
124.402
124.401
124.383
124.406
124.395
124.435
124.417
124.429
124.381
124.431
124.46
124.425
124.438
124.415
124.42
124.425
124.426
124.421
124.404
124.445
124.445
124.455
124.436
124.408
124.456
124.379
124.432
124.444
124.443
124.416
124.404
124.421
124.434
124.46
124.457
124.484
124.436
124.432
124.44
124.414
124.435
124.43
124.473
124.433
124.414
124.426
124.454
124.365
124.402
124.4
124.437
124.417
124.419
124.412
124.425
124.438
124.468
124.409
124.383
124.495
124.409
124.426
124.414
124.415
124.428
124.449
124.468
124.443
124.438
124.443
124.428
124.42
124.427
124.427
124.444
124.438
124.424
124.401
124.405
124.435
124.47
124.404
124.403
124.38
124.46
124.399
124.461
124.403
124.427
124.442
124.488
124.48
124.429
124.404
124.407
124.466
124.45
124.427
124.413
124.485
124.438
124.386
124.385
124.401
124.407
124.427
124.44
124.433
124.454
124.419
124.44
124.431
124.402
124.425
124.428
124.393
124.459
124.417
124.443
124.486
124.399
124.426
124.395
124.442
124.434
124.428
124.419
124.422
124.422
124.415
124.386
124.411
124.409
124.406
124.45
124.414
124.452
124.446
124.409
124.427
124.421
124.42
124.422
124.44
124.406
124.43
124.468
124.412
124.373
124.412
124.392
124.44
124.423
124.485
124.427
124.465
124.43
124.409
124.465
124.423
124.443
124.468
124.425
124.412
124.358
124.408
124.448
124.444
124.438
124.413
124.451
124.416
124.454
124.4
124.496
124.424
124.451
124.457
124.464
124.431
124.442
124.452
124.459
124.443
124.482
124.421
124.426
124.436
124.425
124.459
124.473
124.444
124.452
124.432
124.435
124.496
124.426
124.454
124.463
124.474
124.43
124.422
124.472
124.415
124.435
124.395
124.47
124.5
124.445
124.439
124.495
124.491
124.444
124.414
124.446
124.431
124.476
124.482
124.418
124.474
124.453
124.418
124.444
124.449
124.476
124.487
124.474
124.445
124.465
124.433
124.442
124.506
124.451
124.447
124.449
124.466
124.479
124.462
124.451
124.464
124.466
124.459
124.463
124.464
124.474
124.499
124.432
124.487
124.413
124.48
124.511
124.458
124.415
124.477
124.463
124.457
124.393
124.476
124.439
124.478
124.442
124.395
124.463
124.469
124.693
124.464
124.442
124.465
124.44
124.461
124.429
124.456
124.448
124.404
124.452
124.468
124.497
124.445
124.427
124.452
124.475
124.426
124.444
124.398
124.44
124.411
124.461
124.447
124.483
124.466
124.399
124.458
124.422
124.437
124.469
124.462
124.403
124.451
124.474
124.481
124.466
124.435
124.457
124.475
124.467
124.504
124.431
124.493
124.475
124.464
124.473
124.471
124.45
124.458
124.413
124.455
124.429
124.464
124.468
124.484
124.434
124.505
124.469
124.501
124.464
124.481
124.473
124.439
124.452
124.439
124.405
124.475
124.441
124.497
124.47
124.484
124.44
124.491
124.438
124.415
124.521
124.444
124.459
124.444
124.502
124.466
124.386
124.476
124.487
124.504
124.454
124.433
124.462
124.429
124.429
124.436
124.447
124.453
124.461
124.484
124.5
124.466
124.531
124.451
124.484
124.44
124.47
124.464
124.431
124.476
124.456
124.47
124.447
124.507
124.488
124.461
124.481
124.484
124.465
124.45
124.479
124.462
124.447
124.458
124.472
124.471
124.438
124.416
124.441
124.403
124.463
124.465
124.449
124.493
124.45
124.455
124.452
124.437
124.424
124.4
124.473
124.405
124.442
124.486
124.397
124.455
124.461
124.451
124.399
124.397
124.5
124.438
124.442
124.439
124.435
124.413
124.42
124.415
124.413
124.457
124.466
124.435
124.449
124.398
124.41
124.43
124.45
124.411
124.438
124.439
124.421
124.413
124.465
124.436
124.462
124.465
124.43
124.441
124.417
124.398
124.451
124.461
124.439
124.438
124.431
124.419
124.403
124.426
124.459
124.422
124.398
124.454
124.422
124.447
124.398
124.413
124.403
124.454
124.468
124.452
124.427
124.461
124.44
124.424
124.477
124.478
124.425
124.469
124.392
124.442
124.433
124.367
124.41
124.427
124.474
124.445
124.479
124.443
124.419
124.407
124.489
124.405
124.454
124.393
124.45
124.416
124.464
124.432
124.447
124.355
124.464
124.434
124.452
124.422
124.419
124.415
124.415
124.435
124.426
124.399
124.399
124.437
124.411
124.42
124.457
124.438
124.427
124.453
124.443
124.442
124.43
124.402
124.439
124.45
124.403
124.452
124.439
124.441
124.428
124.457
124.403
124.406
124.438
124.421
124.432
124.461
124.437
124.472
124.47
124.426
124.434
124.44
124.388
124.398
124.472
124.456
124.434
124.42
124.487
124.451
124.441
124.432
124.457
124.381
124.403
124.444
124.446
124.417
124.446
124.432
124.421
124.465
124.437
124.428
124.541
124.435
124.444
124.441
124.436
124.427
124.411
124.455
124.431
124.429
124.428
124.425
124.428
124.464
124.424
124.456
124.447
124.406
124.44
124.462
124.435
124.455
124.48
124.459
124.441
124.427
124.422
124.418
124.512
124.479
124.418
124.449
124.45
124.476
124.484
124.399
124.452
124.442
124.42
124.474
124.447
124.428
124.427
124.435
124.412
124.484
124.455
124.437
124.447
124.46
124.433
124.395
124.402
124.454
124.428
124.461
124.438
124.396
124.419
124.416
124.417
124.407
124.396
124.407
124.449
124.443
124.446
124.373
124.472
124.418
124.423
124.426
124.442
124.433
124.415
124.42
124.419
124.379
124.388
124.444
124.426
124.444
124.417
124.415
124.435
124.45
124.445
124.438
124.412
124.465
124.385
124.409
124.427
124.403
124.436
124.409
124.412
124.416
124.452
124.429
124.397
124.429
124.416
124.436
124.446
124.424
124.409
124.412
124.412
124.428
124.409
124.443
124.464
124.447
124.434
124.425
124.445
124.43
124.38
124.416
124.452
124.398
124.428
124.425
124.404
124.423
124.421
124.453
124.39
124.445
124.459
124.387
124.356
124.46
124.417
124.442
124.359
124.482
124.387
124.43
124.425
124.441
124.401
124.479
124.413
124.414
124.456
124.45
124.398
124.478
124.405
124.418
124.439
124.442
124.459
124.456
124.443
124.429
124.423
124.417
124.448
124.433
124.438
124.426
124.425
124.447
124.433
124.443
124.425
124.449
124.43
124.443
124.461
124.446
124.464
124.472
124.433
124.443
124.443
124.426
124.448
124.415
124.394
124.4
124.441
124.49
124.459
124.43
124.404
124.423
124.387
124.419
124.529
124.381
124.465
124.431
124.405
124.422
124.485
124.401
124.414
124.393
124.48
124.446
124.436
124.515
124.387
124.425
124.457
124.45
124.427
124.436
124.439
124.474
124.458
124.406
124.411
124.418
124.45
124.396
124.413
124.465
124.48
124.44
124.435
124.39
124.468
124.427
124.457
124.443
124.413
124.414
124.459
124.429
124.433
124.452
124.437
124.422
124.45
124.466
124.414
124.448
124.427
124.445
124.436
124.463
124.412
124.434
124.407
124.424
124.475
124.423
124.424
124.487
124.377
124.457
124.415
124.432
124.426
124.412
124.512
124.449
124.442
124.506
124.452
124.432
124.447
124.399
124.483
124.423
124.444
124.457
124.463
124.464
124.412
124.441
124.417
124.439
124.456
124.442
124.495
124.435
124.43
124.47
124.464
124.453
124.428
124.487
124.43
124.476
124.456
124.481
124.462
124.418
124.428
124.447
124.46
124.488
124.431
124.423
124.44
124.476
124.495
124.437
124.438
124.432
124.489
124.395
124.47
124.454
124.448
124.448
124.452
124.453
124.392
124.483
124.422
124.443
124.425
124.463
124.483
124.468
124.424
124.485
124.504
124.439
124.427
124.428
124.42
124.469
124.452
124.464
124.451
124.38
124.445
124.451
124.466
124.423
124.465
124.478
124.485
124.448
124.455
124.535
124.398
124.458
124.466
124.437
124.434
124.478
124.45
124.435
124.46
124.476
124.472
124.471
124.444
124.51
124.436
124.476
124.463
124.467
124.462
124.424
124.437
124.458
124.483
124.475
124.458
124.467
124.485
124.461
124.444
124.442
124.431
124.451
124.417
124.458
124.461
124.453
124.45
124.465
124.466
124.462
124.447
124.469
124.453
124.452
124.448
124.45
124.462
124.456
