      0
    130
    475
    827
    892
   1346
   1511
   2099
   2076
   2758
   3541
   3737
   3890
   3787
   4140
   4577
   4824
   4806
   5660
   5488
   5461
   5956
   6593
   6580
   7046
   6872
   7394
   8501
   7983
   9003
   9540
   9679
   9839
  10244
  10570
  10070
  10389
  11678
  11585
  11289
  12510
  12325
  12604
  13690
  13623
  13794
  13708
  13832
  13174
  14871
  14813
  15349
  17117
  16017
  18068
  17197
  17608
  17734
  18214
  17470
  19091
  18931
  18773
  20319
  19606
  19434
  20906
  20797
  22137
  22875
  21888
  22235
  23787
  23663
  22542
  24290
  24871
  24197
  24042
  25487
  26855
  26048
  26392
  27527
  28673
  27478
  27980
  30387
  29839
  29680
  31410
  30151
  31531
  31463
  32684
  32943
  32784
  33252
  33389
  32866
  36620
  35619
  36420
  37557
  37136
  37909
  37111
  36273
  38229
  38111
  38529
  38603
  41563
  43306
  40546
  43022
  42036
  43326
  42829
  44982
  44204
  45278
  48249
  46325
  46877
  48231
  47705
  48088
  47172
  49352
  50532
  51472
  51940
  50484
  51213
  50117
  53111
  51600
  52890
  54912
  56329
  55556
  57761
  57833
  57040
  58890
  58630
  58951
  59866
  59152
  59044
  59525
  63062
  62203
  62894
  62444
  64782
  65805
  68481
  66158
  64073
  66102
  68092
  65674
  67857
  71356
  69646
  70536
  71006
  74608
  74293
  73106
  75132
  75986
  78154
  76178
  76114
  77403
  78615
  80323
  79164
  80473
  78708
  83383
  82115
  83053
  83773
  85677
  83128
  83813
  84696
  89012
  90643
  91089
  89345
  92256
  90421
  92890
  97138
  93909
  95816
  96267
  96366
 101445
  99961
 101444
 100032
 100794
 101898
 105166
 105556
 101744
 101870
 104164
 104652
 105963
 105760
 106844
 104774
 109534
 111139
 108836
 112732
 113188
 114325
 113711
 117434
 114471
 116960
 118597
 120631
 120378
 120617
 123191
 121114
 126521
 127825
 130938
 121725
 127010
 132181
 131303
 133594
 130261
 132217
 134427
 135959
 138189
 135527
 136520
 139047
 139435
 138436
 142055
 143887
 142556
 145699
 146947
 144082
 147591
 149811
 153017
 150693
 149962
 153696
 155232
 160491
 158246
 157958
 158641
 161416
 163212
 168042
 165379
 167437
 168607
 171935
 167848
 174269
 173788
 171787
 171431
 174867
 174152
 177957
 177566
 176732
 180817
 181868
 176883
 183567
 186975
 190544
 186735
 192265
 192944
 192243
 189414
 195792
 196815
 199818
 202174
 202903
 205991
 203821
 206192
 206115
 209098
 209950
 216073
 218807
 214566
 217187
 216830
 220759
 224293
 224922
 228429
 226602
 228016
 228780
 228169
 230810
 234114
 232347
 230805
 232123
 235438
 245208
 239974
 244316
 246300
 248128
 244714
 249124
 251792
 248566
 258773
 254906
 256682
 260696
 263362
 263022
 266973
 263171
 269607
 263481
 269341
 269779
 272117
 281987
 282796
 278522
 283240
 288125
 284612
 287294
 286967
 287396
 293770
 294741
 294701
 303323
 293083
 297626
 304677
 305039
 309239
 311044
 309445
 307243
 312173
 321541
 313501
 319373
 319845
 318964
 324824
 332068
 322139
 328605
 325073
 329884
 339786
 337835
 338497
 343840
 344494
 343836
 343928
 348372
 354584
 356804
 356485
 359109
 362045
 368658
 364550
 365234
 365727
 373257
 368206
 374573
 379857
 376367
 374883
 380808
 384704
 382060
 386437
 395958
 398747
 397273
 395379
 403059
 402387
 405114
 405590
 407956
 409242
 411191
 417816
 413686
 417972
 420726
 430666
 425496
 426422
 428313
 431537
 429093
 436380
 439987
 436457
 440870
 445720
 450874
 451443
 450907
 449195
 456199
 453948
 464647
 460177
 467160
 462512
 470257
 473570
 472914
 472490
 476082
 479502
 482421
 483503
 490440
 483406
 493039
 491890
 501561
 505846
 501237
 501199
 509410
 511930
 512854
 517345
 517210
 517771
 519674
 512270
 525630
 527377
 528610
 530986
 534471
 537803
 537797
 532483
 543990
 544102
 547050
 549253
 558842
 547992
 554968
 560173
 552879
 570048
 574551
 568243
 572136
 579225
 580195
 576568
 582726
 586375
 592236
 591350
 594069
 597399
 604451
 601981
 610456
 609123
 611757
 607583
 616960
 614603
 614038
 624631
 618198
 628474
 626940
 626080
 634461
 634895
 638117
 643189
 644855
 647619
 650718
 653321
 662573
 661854
 657479
 664583
 666449
 672083
 671128
 672500
 676279
 676508
 682515
 685554
 690596
 694894
 689571
 699082
 698903
 700242
 705072
 706393
 704692
 711826
 718172
 714380
 721209
 729823
 727376
 733777
 733438
 731761
 740621
 745904
 746457
 740103
 747669
 752138
 752228
 750879
 755035
 758487
 763908
 771360
 768802
 767266
 772396
 776587
 772431
 781447
 780650
 787836
 792870
 786439
 786611
 795577
 811409
 810440
 810892
 811846
 810654
 807719
 819924
 820012
 818272
 828659
 821574
 831408
 834798
 838757
 835007
 842379
 841935
 848238
 850929
 849987
 851781
 859911
 859225
 856557
 867203
 863266
 865082
 866593
 872157
 880244
 879181
 875159
 882395
 878148
 889879
 890990
 900166
 897125
 900419
 896547
 907556
 910053
 913682
 916860
 912156
 915547
 918956
 923936
 927102
 932613
 930816
 937826
 933434
 941308
 932805
 937901
 949115
 948073
 949327
 946313
 960774
 951659
 973889
 963791
 969533
 969414
 981358
 971134
 983637
 990169
 992716
 992288
1004269
1007532
1002856
 995407
1001648
1000739
1009167
1008879
1012055
1018730
1019931
1017081
1033274
1025202
1025448
1034049
1024789
1032567
1032543
1037153
1044149
1045653
1044730
1051079
1052461
1055276
1055598
1048582
1065605
1069703
1074146
1060929
1076270
1072515
1085796
1069970
1082591
1084205
1084557
1094011
1084899
1089047
1090690
1114516
1100907
1120935
1112341
1107204
1115868
1117890
1122802
1121381
1126398
1126933
1129417
1130766
1138481
1130000
1132528
1147601
1144062
1147298
1155067
1144585
1155887
1164532
1164699
1166173
1161928
1175542
1173858
1180388
1181611
1182509
1190926
1185397
1194424
1197637
1197343
1192757
1193197
1194138
1201755
1203594
1210328
1207051
1211836
1208220
1220194
1214364
1218595
1217560
1222880
1222571
1218076
1234735
1227707
1222635
1227773
1230371
1220817
1235859
1235803
1233838
1248888
1241922
1242505
1245922
1253677
1244248
1248682
1260242
1251683
1252699
1260038
1264172
1269165
1261466
1261122
1264645
1264914
1274289
1276558
1270335
1263950
1278527
1282226
1289177
1285847
1286526
1287549
1287803
1287844
1288055
1298035
1296908
1287377
1289943
1285126
1292494
1301539
1299363
1298494
1300333
1301462
1304353
1299421
1310958
1313865
1323234
1311676
1310370
1309911
1321738
1318981
1327585
1310234
1315595
1324912
1320785
1328291
1326322
1320601
1323374
1332300
1326990
1322973
1339394
1324145
1326815
1329235
1333822
1340339
1335208
1340813
1325475
1329811
1339365
1344923
1338796
1332769
1343945
1346457
1347447
1342340
1350099
1352836
1341088
1347092
1346806
1349132
1348183
1348323
1348668
1353878
1346385
1360346
1359837
1360214
1357948
1351670
1352090
1360546
1367130
1355164
1371406
1376767
1365140
1373044
1372303
1376801
1368862
1371238
1375465
1369179
1376436
1365680
1381014
1375965
1371699
1369649
1386019
1370092
1386559
1375725
1373213
1376267
1384896
1387458
1382062
1381794
1393202
1382118
1383942
1379408
1386118
1393885
1387613
1390172
1391316
1396408
1390496
1384844
1388872
1387840
1387918
1392731
1391937
1382842
1385736
1389363
1392636
1386654
1391456
1387961
1391202
1389734
1387632
1387160
1390308
1397251
1398333
1392083
1379178
1396876
1392930
1388995
1389557
1384222
1389904
1393862
1386297
1378501
1396733
1402743
1395354
1390138
1383138
1383858
1382645
1387592
1388521
1390541
1383718
1384094
1398307
1384851
1381976
1377788
1384725
1386814
1379775
1383042
1385675
1385425
1387699
1383479
1384670
1382470
1378650
1384226
1381704
1391320
1378728
1385757
1383910
1382758
1378170
1378141
1383161
1379994
1375242
1380307
1372170
1378026
1376946
1370975
1367605
1384398
1375629
1376915
1368519
1368094
1380295
1372632
1372956
1366380
1363052
1351104
1357527
1361310
1366355
1353771
1349467
1352400
1368798
1343940
1363022
1345446
1357749
1350525
1348218
1344244
1355262
1330549
1339271
1343827
1347366
1341526
1340812
1330877
1337636
1336789
1332428
1325572
1324825
1317481
1322477
1325599
1322760
1325302
1318173
1321584
1312529
1310741
1321753
1313177
1309603
1312440
1316256
1296756
1313170
1319012
1301628
1303360
1291005
1290059
1294216
1288109
1301575
1292686
1276811
1284828
1282639
1293270
1300928
1291700
1288505
1282215
1281217
1278856
1279470
1270227
1287127
1275807
1269437
1264430
1266964
1269221
1257351
1269913
1275260
1267642
1260586
1248996
1247124
1251682
1256445
1249086
1238424
1236611
1242489
1237351
1233653
1236918
1229623
1240774
1229913
1233903
1232338
1230315
1233793
1223955
1232918
1206103
1214149
1219535
1212142
1205034
1208761
1203809
1204146
1209222
1202532
1197200
1198173
1191115
1186856
1196166
1180059
1184046
1187526
1188064
1183615
1182799
1171944
1181779
1168095
1165157
1176700
1167294
1162071
1165235
1158100
1154707
1166081
1155148
1149462
1144253
1146909
1148159
1140896
1144118
1136808
1133137
1138042
1132033
1129865
1134201
1129247
1130655
1125836
1127768
1119972
1127784
1123797
1115658
1120255
1111587
1114860
1106638
1097989
1103074
1103672
1098760
1096795
1097635
1092990
1092844
1085869
1082172
1082273
1076527
1071352
1075421
1077973
1075636
1070257
1062812
1070937
1060802
1057368
1048257
1064832
1049471
1054662
1054243
1043160
1051280
1043798
1045334
1046499
1042116
1029986
1033142
1028823
1031842
1025846
1024026
1023556
1018508
1022624
1010965
1021007
1010673
1008091
1009866
1000901
1002416
1000727
1003568
1008204
 993806
1000043
 992769
 999993
 986128
 987614
 982524
 982044
 974396
 980563
 972861
 976799
 968124
 961188
 963884
 958393
 951674
 955136
 950897
 955991
 948332
 945623
 942341
 945554
 938717
 927236
 931468
 933878
 935362
 931569
 926262
 926752
 926772
 926203
 924103
 918965
 920665
 921887
 916131
 917498
 914299
 912134
 906561
 913135
 904759
 911308
 898196
 902627
 901029
 896813
 903281
 904691
 889351
 887604
 893422
 884690
 891860
 886120
 886576
 881745
 879254
 876585
 873863
 864038
 873330
 874282
 869924
 864887
 861798
 859484
 856683
 866384
 856449
 866268
 848518
 848580
 852376
 859325
 855777
 844313
 852113
 863952
 843233
 837203
 845996
 837070
 840692
 833515
 831997
 834645
 837717
 828640
 820576
 830291
 829631
 821636
 815460
 820946
 815658
 815777
 808903
 814242
 820174
 811259
 814944
 804458
 808521
 810821
 807407
 800957
 803370
 797726
 793365
 800401
 800528
 789594
 795472
 793404
 787687
 783275
 783508
 781458
 779190
 790479
 781181
 776030
 779040
 777542
 771561
 771609
 777862
 769447
 767840
 767919
 783060
 767235
 767342
 770645
 765433
 768411
 756848
 759465
 766839
 762814
 760686
 758337
 761990
 752662
 762570
 753114
 763645
 759729
 754885
 748469
 754853
 750659
 749888
 747124
 752718
 749719
 749635
 744915
 742212
 739813
 744653
 751433
 749636
 747522
 744911
 743759
 740854
 735579
 736717
 741153
 737109
 736332
 735977
 737783
 733261
 740678
 739030
 735762
 731601
 735291
 734321
 733599
 733013
 737965
 735193
 734861
 730100
 736658
 734538
 716753
 733137
 727536
 727720
 725315
 734625
 735720
 731579
 727531
 723773
 729357
 733475
 730928
 727250
 738456
 730081
 726783
 723511
 732270
 731149
 734884
 727375
 733234
 733051
 733153
 731566
 736118
 730796
 734817
 730025
 732399
 734859
 733845
 739800
 734232
 733597
 729557
 735920
 732120
 736029
 741280
 735325
 735387
 729081
 737931
 742331
 740019
 740541
 734187
 732948
 732673
 743894
 738886
 739803
 735612
 737820
 741262
 746824
 749706
 752668
 744796
 751065
 760076
 756588
 750000
 754666
 758002
 749587
 749098
 761729
 764259
 758719
 754201
 759595
 763268
 764991
 756412
 759514
 765935
 767563
 772711
 768737
 770714
 765482
 768010
 771618
 776192
 770023
 780803
 777408
 779496
 775583
 777812
 778497
 788149
 779835
 791211
 783784
 788733
 789636
 786913
 782886
 798173
 792387
 791070
 801241
 790191
 794388
 795468
 797607
 797721
 807765
 803864
 803728
 807968
 808979
 812948
 812626
 824595
 818252
 822012
 822767
 822031
 824077
 831985
 831457
 834036
 829140
 848371
 833451
 846361
 835432
 836362
 846841
 847527
 853766
 850571
 857177
 857939
 860994
 863374
 860772
 859453
 862601
 858085
 866835
 865591
 876190
 880763
 869403
 877797
 882568
 885645
 890155
 899691
 901676
 893140
 899578
 897004
 906038
 904582
 916128
 923020
 915156
 919361
 924229
 917937
 921994
 938031
 929508
 939430
 940646
 933177
 932645
 945960
 949040
 943398
 953456
 946762
 951079
 958003
 972716
 958730
 963621
 973620
 974464
 973541
 979192
 990662
 987605
 988865
 989757
 992296
 999028
1003490
1005676
1005435
1012451
1010062
1025899
1022220
1024214
1030841
1036264
1043223
1045734
1037528
1039944
1050491
1046978
1054447
1051943
1061563
1061941
1063974
1075313
1074366
1081866
1076445
1089961
1089537
1094870
1099240
1102226
1099313
1096435
1115794
1113753
1112564
1125214
1133782
1123705
1129524
1129016
1139253
1143017
1141617
1150760
1163180
1165512
1175317
1164431
1166815
1182512
1187699
1180595
1187248
1190439
1199764
1204899
1216023
1214557
1214815
1206363
1221557
1218340
1218719
1226702
1230195
1251494
1245803
1249424
1248462
1255830
1258809
1266638
1272989
1270227
1273536
1279819
1288495
1286381
1304633
1302593
1300442
1315083
1306266
1311992
1320687
1315360
1325122
1328566
1338599
1340314
1346137
1349414
1354576
1353152
1356289
1369068
1355868
1371393
1370108
1391228
1395217
1384913
1397572
1392042
1401158
1407640
1407151
1409523
1423115
1426779
1434365
1451720
1436260
1456534
1448935
1441161
1449827
1456956
1458960
1472389
1476587
1470564
1487973
1484961
1496067
1492649
1508320
1506673
1511330
1525596
1522619
1527515
1525223
1534945
1544863
1548876
1551922
1540110
1556070
1559014
1568262
1567349
1577663
1569757
1581008
1580314
1602341
1600598
1613284
1607635
1605886
1621724
1623412
1628174
1632084
1643836
1639191
1635610
1649820
1651243
1652260
1659905
1667328
1672128
1692741
1668606
1688824
1685905
1698530
1693021
1703850
1712021
1721707
1720611
1727228
1741261
1731252
1740110
1729931
1740092
1753695
1754587
1763658
1751243
1762410
1773539
1783685
1783655
1799605
1787889
1812768
1793835
1812535
1822081
1823265
1827304
1823861
1831851
1835333
1847853
1843931
1864322
1864908
1871417
1860111
1879625
1870245
1881079
1885889
1896539
1898229
1911044
1894267
1898996
1907291
1914380
1917134
1924671
1914340
1929837
1943607
1948259
1952908
1962968
1967882
1960438
1971008
1962809
1988070
1989314
1994287
2013753
1997489
2012047
2002329
2007348
2028312
2019750
2024790
2032291
2051354
2039868
2046039
2045410
2064070
2066501
2075405
2082671
2071916
2084129
2064485
2082858
2094891
2109546
2117594
2109018
2123260
2119663
2122371
2121011
2141608
2127171
2144022
2146143
2154924
2169365
2161893
2177514
2161240
2174442
2191661
2170846
2196964
2193828
2195643
2190664
2222168
2205947
2236301
2218320
2223175
2222811
2235847
2232010
2250171
2235904
2231202
2251718
2263150
2261342
2256046
2270431
2284325
2284041
2280401
2269592
2285072
2280427
2310599
2295579
2309491
2302153
2312367
2308504
2310749
2319413
2314717
2335198
2329514
2341690
2345483
2345499
2346006
2360800
2351162
2363500
2361788
2358872
2372616
2386774
2381875
2364938
2371343
2395125
2401183
2396516
2400207
2386984
2394750
2403352
2398259
2415334
2421261
2401783
2424532
2421356
2434624
2448400
2425702
2442389
2429792
2449800
2440874
2453384
2461918
2456630
2459764
2474729
2465983
2476089
2487887
2487181
2472349
2482904
2504692
2485687
2490366
2494232
2507569
2489091
2506382
2517664
2504418
2509379
2519395
2524432
2532227
2521371
2545175
2539533
2532183
2538807
2534838
2554474
2547216
2565431
2547328
2548179
2553801
2568713
2559560
2564891
2572430
2556709
2577586
2565784
2578958
2578976
2591492
2573209
2571111
2575206
2581125
2583413
2581641
2590448
2597460
2597651
2594437
2581019
2589975
2616082
2601150
2611894
2614190
2609397
2622190
2613037
2622296
2608392
2616890
2612619
2614746
2630677
2623266
2619304
2626462
2643201
2642607
2635985
2627061
2630158
2640623
2643330
2653373
2657430
2645172
2639076
2646068
2665090
2648653
2658704
2665352
2647669
2674579
2654520
2637304
2660438
2654820
2665445
2657465
2663110
2652983
2662893
2677218
2665980
2670007
2681078
2680337
2671618
2682000
2678188
2663973
2671159
2679858
2675481
2680580
2696748
2681312
2672657
2674917
2684916
2687532
2682544
2688922
2683128
2681863
2700722
2676461
2695946
2694920
2690522
2698225
2682059
2694147
2682415
2676914
2718665
2692808
2689285
2684605
2698163
2681936
2705372
2703631
2703014
2688612
2679890
2699559
2687407
2701904
2691520
2700438
2692067
2686709
2685317
2682169
2690234
2688771
2676636
2697743
2676271
2694975
2692007
2682648
2686467
2687163
2678943
2677013
2690504
2690505
2663757
2686111
2681682
2666773
2671703
2664892
2680585
2670820
2688485
2668074
2667183
2671787
2650388
2651984
2662581
2661952
2666084
2660405
2661128
2642488
2667423
2648407
2642289
2640507
2635828
2640474
2633927
2642656
2624939
2633782
2643608
2628676
2621389
2626542
2626278
2620209
2638348
2629870
2631846
2616377
2612796
2620667
2610779
2600515
2607720
2611887
2596026
2594538
2605656
2607825
2598338
2594360
2580578
2586927
2580961
2584899
2582636
2575939
2575731
2565809
2580079
2576869
2578210
2574568
2564774
2562420
2570286
2546633
2546998
2550638
2544176
2551179
2543863
2532223
2525739
2539286
2517626
2528729
2521871
2519141
2510106
2512706
2516728
2506433
2509441
2503253
2499544
2495743
2491169
2491475
2491205
2494970
2489542
2478951
2470726
2479493
2463782
2475950
2472883
2452976
2463954
2456364
2443477
2458842
2443425
2440705
2434777
2427510
2430540
2428986
2427558
2418083
2414057
2404926
2423097
2400309
2387614
2406332
2372373
2388138
2385357
2379645
2377868
2368435
2370593
2361708
2358711
2358606
2363204
2357008
2342817
2340664
2338011
2330880
2335097
2330992
2332072
2311398
2317642
2310044
2304532
2304303
2306498
2307627
2270386
2274180
2290102
2284984
2279621
2283860
2268507
2273344
2262355
2259122
2249340
2258455
2238078
2239492
2234809
2236325
2227862
2224081
2214739
2207337
2217909
2211939
2208144
2219552
2199331
2189859
2212605
2180807
2175229
2175051
2187364
2181527
2166152
2155613
2159821
2163226
2146785
2146871
2115572
2130424
2126868
2130154
2121163
2117673
2111346
2102632
2111052
2092387
2093385
2088097
2086675
2085701
2091528
2077406
2064355
2062845
2059140
2046506
2060113
2048174
2035312
2029592
2024914
2039798
2034162
2010273
2003838
2015667
2019875
1998889
1989249
1992418
1985049
1984693
1986297
1978812
1965874
1960532
1939196
1948893
1946701
1928367
1941537
1927328
1925828
1931576
1915943
1903579
1899431
1896719
1898802
1897085
1895272
1880575
1880802
1873198
1876807
1858329
1852712
1849647
1851043
1843576
1839783
1841231
1839179
1833527
1822056
1818970
1814479
1812706
1806387
1797514
1783955
1801540
1783506
1775972
1778325
1770410
1764659
1757671
1751794
1761191
1751075
1741227
1744379
1724264
1720767
1712762
1723161
1716802
1717125
1703389
1705165
1698919
1688763
1680961
1674775
1667682
1661424
1670864
1650943
1648861
1653393
1652559
1633878
1632372
1632505
1621373
1615629
1623476
1605645
1612959
1587188
1601958
1587418
1582129
1575714
1568457
1570008
1576476
1564981
1545536
1550634
1534300
1525485
1528654
1518862
1524993
1516313
1501438
1498441
1499076
1493580
1489389
1482794
1484516
1480922
1466839
1457990
1461101
1446853
1444989
1438797
1433775
1444001
1419140
1417278
1411157
1420796
1410327
1399323
1394347
1391838
1385930
1368238
1383043
1374285
1362977
1354098
1343559
1347350
1345561
1335958
1343271
1331639
1327685
1319228
1315677
1312772
1312609
1314953
1309025
1308066
1286847
1281313
1264354
1275467
1259888
1268493
1258313
1251438
1246318
1251708
1252115
1236238
1230684
1220206
1219328
1218334
1206577
1193724
1206586
1198322
1190256
1189160
1180445
1178935
1174279
1169430
1171685
1158027
1146845
1150546
1130459
1136856
1131103
1134317
1122471
1120507
1122765
1120433
1109345
1106416
1101109
1090537
1087804
1080250
1082378
1080261
1073279
1062108
1065452
1052041
1044055
1041755
1039679
1038726
1031233
1038073
1019285
1021544
1019789
1017984
1012250
1003162
 997783
 997639
 993258
 988915
 976049
 972984
 968609
 970710
 959324
 956804
 959082
 948275
 954201
 939933
 938825
 935719
 937865
 920566
 920130
 923600
 910327
 912324
 915413
 902402
 895059
 890684
 892222
 889895
 878437
 874714
 876267
 871678
 862927
 858485
 849942
 851812
 845019
 844336
 840187
 828558
 838970
 824248
 820458
 819890
 819818
 808395
 802156
 799518
 794366
 792797
 786953
 788048
 777600
 776166
 761654
 768514
 764130
 758752
 751237
 753971
 743389
 743276
 746777
 744014
 744798
 735316
 734305
 729011
 727382
 713600
 711054
 715084
 707828
 698033
 700280
 702737
 693122
 702308
 688534
 683202
 676940
 687967
 674938
 676575
 668629
 664410
 660233
 654342
 653213
 655212
 643112
 643532
 641213
 640384
 632731
 625801
 622509
 626191
 620875
 614127
 605906
 609151
 602305
 602959
 604655
 597631
 592440
 593323
 587638
 583158
 581341
 575410
 574636
 575685
 564759
 557377
 556148
 553754
 556572
 551727
 548827
 548098
 539576
 538456
 539832
 536563
 533387
 525710
 527913
 524800
 520546
 516134
 511440
 509823
 505672
 502911
 497642
 495173
 496889
 491200
 488517
 488484
 479789
 490703
 476093
 474293
 474921
 470483
 462588
 460222
 466712
 460928
 457705
 451868
 447756
 446356
 444358
 443075
 439339
 432474
 437737
 431588
 430026
 427902
 423706
 416930
 419324
 419439
 419256
 413030
 406401
 400120
 397513
 403696
 398809
 394180
 396701
 391984
 392994
 384192
 382265
 383106
 382935
 376738
 371589
 376641
 369615
 367001
 364858
 363180
 366506
 361251
 355235
 352091
 353821
 350260
 351524
 340993
 348385
 341617
 344943
 337092
 340255
 334337
 330695
 325835
 326308
 322588
 323399
 322048
 318584
 315352
 311423
 309680
 306188
 307067
 310952
 304716
 302041
 297495
 298149
 298261
 293376
 296988
 294300
 291473
 285557
 290655
 282265
 283935
 276040
 276846
 273982
 272033
 272939
 268640
 273985
 268244
 267045
 264398
 259215
 261463
 260398
 257166
 254119
 251592
 249635
 250852
 254530
 245664
 246350
 241386
 237204
 237812
 240982
 240926
 231983
 235025
 234954
 227389
 227112
 229368
 225692
 226122
 224619
 221456
 223022
 216490
 217886
 214479
 213752
 212079
 208214
 208039
 207357
 205536
 207040
 201353
 201912
 202914
 198588
 203686
 200140
 195688
 192288
 190978
 190190
 192765
 190494
 189217
 190618
 189630
 183153
 186047
 182219
 179543
 179826
 172702
 177081
 175366
 174622
 169199
 173390
 166812
 169669
 169038
 164198
 165225
 162633
 166879
 160923
 159989
 160305
 156861
 158569
 156907
 153890
 151539
 150982
 150080
 150328
 152690
 147509
 149418
 143430
 140748
 142843
 145205
 142495
 141936
 138367
 139788
 138299
 136627
 134616
 134533
 133958
 131675
 130558
 129414
 130019
 127311
 129844
 127759
 127707
 125186
 125425
 120932
 122663
 121397
 120368
 119895
 117224
 116567
 117181
 118545
 120625
 115382
 113481
 115392
 115010
 114638
 109531
 109530
 109137
 108677
 107415
 106864
 106407
 104911
 103281
 105838
 104227
 100314
  99571
 100423
  99054
  97779
  99597
  93994
  94286
  98243
  96190
  95833
  95911
  93508
  93016
  93572
  92378
  91662
  90088
  89836
  88989
  88022
  87971
  85633
  85432
  82295
  81565
  80994
  81918
  81381
  81065
  81677
  80552
  79401
  79196
  79123
  77136
  75661
  76086
  75226
  75441
  73947
  76055
  73328
  75323
  72676
  71554
  71441
  74452
  70746
  68766
  68456
  70860
  67466
  68744
  68013
  70470
  68949
  66854
  64088
  64604
  62795
  65869
  64802
  62763
  64975
  60415
  62122
  61230
  60749
  60136
  59142
  59863
  58829
  56706
  56572
  55783
  58954
  57170
  56340
  56540
  55699
  55064
  54194
  56508
  52003
  52007
  50503
  51339
  51256
  52106
  49188
  49751
  47718
  47472
  49931
  48195
  49009
  45903
  45391
  45911
  44874
  45874
  41643
  43276
  44223
  40830
  42014
  40676
  42320
  42214
  43742
  42120
  41189
  42381
  40658
  40322
  40796
  39185
  38331
  38203
  37305
  36018
  38149
  35895
  37011
  35849
  36210
  33309
  35146
  34226
