3.22119
3.11525
3.18594
3.09168
3.0953
3.16365
3.11899
3.08206
3.11179
3.09237
3.12901
3.09998
3.13978
3.11522
3.12754
3.11834
3.10958
3.10814
3.1495
3.183
3.11233
3.09773
3.10816
3.11148
3.09696
3.08813
3.09656
3.06963
3.1
3.06042
3.08281
3.06317
3.09608
3.03515
3.10117
3.07218
3.09163
3.1001
3.05141
3.05217
3.06787
3.07359
3.07105
3.1025
3.09832
3.10851
3.06192
3.07982
3.0367
3.04516
3.09916
3.06983
3.08367
3.08108
3.07385
3.06688
3.1071
3.06062
3.09623
3.05456
3.05688
3.11691
3.06813
3.08249
3.06137
3.02864
3.03571
3.0563
3.10508
3.08352
3.04873
3.06889
3.05346
3.03071
3.08575
3.03346
3.04056
3.05447
3.08456
3.06224
2.99925
3.03996
3.06211
3.04956
3.03847
3.09432
3.07415
3.05497
3.0535
3.01809
3.05792
3.04855
3.05299
3.03065
3.04954
3.04507
3.05678
3.07703
3.06358
3.04157
3.06263
3.05794
3.06616
3.0695
3.06134
3.0388
3.0606
3.04223
3.0436
3.04104
3.07088
3.03215
3.08184
3.04779
3.05667
3.01241
3.05899
3.09503
3.03665
3.08522
3.10164
3.04609
3.07062
3.06529
3.05638
3.08516
3.02464
3.06224
3.07908
3.03545
3.11648
3.05217
3.0371
3.04886
3.02422
3.0456
3.0713
3.05459
3.09341
3.08571
3.05675
3.06777
3.05921
3.03498
3.04435
3.05852
3.07296
3.06813
3.11614
3.03968
3.02812
3.08471
3.08572
3.04312
3.05432
3.03939
3.08341
3.09225
3.05089
3.02993
3.1073
3.07205
3.06988
3.07744
3.06395
3.07021
3.057
3.03268
3.07402
3.05481
3.06023
3.07336
3.05984
3.06303
3.07062
3.07244
3.06025
3.087
3.06081
3.03744
3.05356
3.03563
3.04734
3.05067
3.04604
3.01658
3.06838
3.06283
3.03442
3.03806
3.07533
3.05596
3.08788
3.07545
3.04986
3.07408
3.05301
3.03059
3.04617
3.04418
3.06223
3.07511
3.04052
3.0568
3.03409
3.10434
3.02501
3.05552
3.08467
3.0351
3.044
3.03433
3.09284
3.06591
3.06171
3.05175
3.03114
3.06477
3.03731
3.06643
3.06041
3.05851
3.04402
3.06347
3.03362
3.07457
3.09353
3.02463
3.08295
3.07336
3.09279
3.09145
3.07695
3.0581
3.04539
3.02903
3.08126
3.07775
3.06208
3.0452
3.0367
3.03526
3.01334
3.048
3.02648
3.05971
3.05046
3.07708
3.07268
3.06898
3.06457
3.06105
3.06499
3.0912
3.05638
3.0666
3.08254
3.06201
3.02572
3.0287
3.04677
3.05854
3.04913
3.0678
3.07535
3.05764
3.04034
3.05849
3.09819
3.04604
3.08055
3.07131
3.0746
3.02617
3.05363
3.03016
3.09869
3.05836
3.13523
3.10082
3.0557
3.0605
3.04318
3.07321
3.04573
3.05023
3.07661
3.069
3.09458
3.05042
3.05487
3.09133
3.03109
3.03974
3.061
3.05726
3.04905
3.06101
3.05125
3.05755
3.05392
3.05903
3.06535
3.04208
3.05688
3.0386
3.04164
2.999
3.06706
3.06667
3.06183
3.07783
3.04651
3.04718
3.04598
3.05884
3.07427
3.0546
3.05403
3.09689
3.03017
3.02612
3.05117
3.05144
3.08757
3.10482
3.09257
3.10068
3.04032
3.05111
3.08938
3.05235
3.10608
3.07848
3.13181
3.07867
3.07974
3.05655
3.06641
3.08689
3.07082
3.04602
3.00949
3.06766
3.03952
3.04967
3.0317
3.05937
3.05892
3.07452
3.08367
3.03314
3.0365
3.04599
3.07244
3.03825
3.04486
3.05028
3.06057
3.11163
3.07737
3.06452
3.06941
3.03465
3.06612
3.0338
3.05481
3.07788
3.04711
3.04158
3.03021
3.07082
3.06323
3.07265
3.06017
3.0234
3.04573
3.0387
3.0612
3.05197
3.04614
3.0794
3.05301
3.03013
3.04384
3.19129
3.04812
3.0632
3.03274
3.03129
3.04859
3.05639
3.06424
3.04988
3.0963
3.08618
3.04568
3.03954
3.04522
3.06315
3.08104
3.04983
3.07634
3.03575
3.03637
3.10543
3.08566
3.06589
3.03804
3.06251
3.07405
3.03799
3.05769
3.06588
3.0457
3.04815
3.03173
3.02895
3.05236
3.05673
3.08921
3.06425
3.07358
3.06153
3.05478
3.05148
3.09931
3.06336
3.07629
3.05509
3.04144
3.03385
3.06668
3.03844
3.04069
3.04648
3.0341
3.04238
3.06091
3.0367
3.03294
3.06607
3.09634
3.04672
3.0802
3.04322
3.02218
3.05329
3.08119
3.04222
3.06923
3.02303
3.0411
3.01672
3.05033
3.06143
3.07559
3.06355
3.09495
3.07323
3.03833
3.05204
3.0603
3.07409
3.06604
3.06155
3.03932
3.06088
3.05515
3.0423
3.05744
3.05819
3.07506
3.07539
3.04919
3.03286
3.07267
3.04332
3.05683
3.04535
3.02602
3.05846
3.03039
3.04654
3.04162
3.03845
3.03607
3.05042
3.08193
3.04525
3.02763
3.05324
3.03821
3.08049
3.05845
3.06706
3.06633
3.08068
3.06685
3.0645
3.05917
3.05381
3.05497
3.07028
3.02766
3.06767
3.07089
3.0482
3.06942
3.08209
3.01022
3.04263
3.08087
2.99791
3.04655
3.05716
3.02101
3.0724
3.07255
3.05081
3.03128
3.05161
3.08526
3.05652
3.04607
3.06767
3.06224
3.01918
3.06071
3.05682
3.05989
3.03263
3.05554
3.01966
3.07541
3.0854
3.0701
3.09684
3.03056
3.02266
3.05893
3.05323
3.03378
3.05197
3.04941
3.06442
3.04326
3.08291
3.06554
3.07188
3.05258
3.09039
3.03527
3.03066
3.07926
3.08317
3.073
3.05904
3.05715
3.04374
3.037
3.05322
3.09363
3.07676
3.0318
3.05152
3.10084
3.08711
3.05961
3.03076
3.05255
3.0457
3.03023
3.072
3.03907
3.06741
3.07549
3.04704
3.06523
3.09934
3.0403
3.09128
3.09336
3.06905
3.03682
3.05895
3.05728
3.08153
3.07661
3.06883
3.06225
3.04123
3.01061
3.04416
3.07521
3.07992
3.04812
3.06715
3.05852
3.08587
3.04081
3.07828
3.05337
3.07079
3.03259
3.0497
3.03122
3.01736
3.01972
3.01859
3.04161
3.0931
3.02627
3.07543
3.04067
3.04452
3.05149
3.03099
3.09715
3.06961
3.08975
3.07102
3.0456
3.06372
3.06309
3.05793
3.06182
3.00775
3.06506
3.08744
3.07455
3.07965
3.04784
3.07859
3.03581
3.07986
3.02473
3.06166
3.02346
3.052
3.06825
3.07439
3.05175
3.09096
3.04505
3.0606
3.07516
3.04542
3.05326
3.10506
3.06366
3.07009
3.02979
3.06049
3.04349
3.06637
3.05382
3.08041
3.04963
3.06097
3.07482
3.02242
3.08234
3.05446
3.07815
3.05849
3.04502
3.04096
3.06186
3.04352
3.06191
3.06468
3.07604
3.07544
3.04131
3.0827
3.05847
3.05425
3.07032
3.03987
3.06782
3.07912
3.07085
3.04514
3.04767
3.0501
3.04806
3.03799
3.02168
3.05019
3.01823
3.04392
3.06176
3.0244
3.04335
3.06702
3.05968
3.03997
3.06909
3.07787
3.02168
3.06439
3.0658
3.04559
3.04235
3.03807
3.06542
3.04964
3.06063
3.09368
3.03432
3.00657
3.09387
3.0838
3.06654
3.0866
3.05627
3.03953
3.0487
3.10761
3.07354
3.08199
3.04143
3.09723
3.06652
3.04231
3.04591
3.08186
3.06153
3.04415
3.07872
3.08965
3.02624
3.05543
3.08262
3.04774
3.03016
3.05113
3.04482
3.07268
3.05785
3.08705
3.06707
3.01202
3.03339
3.05437
3.02876
3.04684
3.02977
3.04799
3.06649
3.05052
3.05815
3.04655
3.05054
3.07247
3.06041
3.08732
3.11301
3.028
3.01774
3.07453
3.00465
3.04583
3.07833
3.05393
3.03253
3.05542
3.08647
3.04227
3.08234
3.05917
3.04814
3.03825
3.0501
3.05117
3.02764
3.0517
3.03173
3.10524
3.05805
3.03599
3.08041
3.03934
3.03349
3.06739
3.06469
3.05769
3.07959
3.04235
3.04392
3.03474
3.03898
3.07701
3.04984
3.07251
3.08519
3.08218
3.07624
3.05389
3.04294
3.04822
3.06089
3.03994
3.11701
3.05395
3.0707
3.04913
3.04463
3.06811
3.07543
3.06416
3.04031
3.0428
3.05368
3.02802
3.07761
3.06095
3.05387
3.03175
3.05713
3.06064
3.0747
3.0997
3.08429
3.11227
3.03962
3.04775
3.10472
3.03187
3.06608
3.06453
3.06493
3.04906
3.06714
3.08541
3.06775
3.03805
3.06696
3.04405
3.04993
3.04909
3.06002
3.02442
3.05411
3.05697
3.02553
3.06808
3.0244
3.09441
3.04225
3.02468
3.0465
3.04198
3.04899
3.078
3.08967
3.07455
3.06385
3.03525
3.01792
3.05488
3.06473
3.01195
3.07287
3.09653
3.04281
3.06766
3.04124
3.04414
3.04855
3.06285
3.04756
3.06629
3.07968
3.05645
3.0794
3.05356
3.01868
3.06744
3.0727
3.04044
3.05691
3.05022
3.05392
3.03367
3.03947
3.09301
3.07375
3.04813
3.04669
3.04943
3.04623
3.08257
3.07986
3.0601
3.05045
3.03673
3.07172
3.07861
3.04644
3.07376
3.03992
3.04694
3.08754
3.05561
3.08282
3.07957
3.03157
3.03238
3.07179
3.07243
3.07662
3.02901
3.09355
3.06929
3.06825
3.05243
3.03529
3.05808
3.06263
3.04116
3.06342
3.08681
3.07037
3.05495
3.08439
3.0692
3.04366
3.06212
3.06145
3.01827
3.03868
3.08442
3.04859
3.02229
3.06044
3.06507
3.10938
3.03856
3.01966
3.0537
3.01349
3.02262
3.05762
3.03723
3.00543
3.13729
3.07648
3.04968
3.04808
3.08434
3.03503
3.01965
3.06715
3.05188
3.05206
3.05235
3.06142
3.0723
3.08919
3.0329
3.07062
3.06664
3.05519
3.07534
3.05879
3.02997
3.02544
3.05011
3.04982
3.03642
3.05188
3.05339
3.06377
3.0645
3.04786
3.04301
3.06447
3.03671
3.03637
3.08175
3.05565
3.04787
3.05732
3.02706
3.06151
3.0279
3.06458
3.05151
3.04312
3.07156
3.05152
3.05804
3.06952
3.01895
3.02089
3.05247
3.08057
3.0423
3.04512
3.04933
3.08536
3.05383
3.02831
3.04486
3.04929
3.04594
3.11054
3.08278
3.07761
3.07725
3.06076
3.0451
3.03804
3.04471
3.06162
3.03645
3.06898
3.06651
3.05293
3.07054
3.01165
3.05192
3.06827
3.05593
3.01738
3.03045
3.03565
3.04763
3.04757
3.0456
3.08805
3.03262
3.07241
3.07202
3.0527
3.02252
3.07696
3.03776
3.06301
3.03805
3.08162
3.08645
3.02791
3.03527
3.07398
3.06667
3.04565
3.06821
3.06824
3.05832
3.07252
3.06311
3.01993
3.05673
3.05614
3.05679
3.05514
3.05549
3.04732
3.05108
3.03554
3.02878
3.05922
3.05327
3.01979
3.05668
3.0859
3.06463
3.05668
3.05353
3.06952
3.06431
3.06543
3.057
3.03198
3.0366
3.06372
3.08208
3.02907
3.09192
3.10714
3.06873
3.09641
3.03065
3.08126
3.06558
3.06705
3.09241
3.0676
3.02974
3.05477
3.0446
3.06364
3.05776
3.02462
3.04169
3.07031
3.06709
3.03323
3.04903
3.05896
3.04157
3.06957
3.04092
3.08022
3.01016
3.04988
3.12937
3.0774
3.06058
3.08855
3.0593
3.06358
3.09452
3.10712
3.04857
3.0526
3.04055
3.01893
3.06614
3.0514
3.06915
3.05784
3.03099
3.09032
3.06798
3.06653
3.03141
3.04836
3.08874
3.09099
3.04146
3.06134
3.04729
3.06557
3.01407
3.00332
3.06579
3.05172
3.06897
3.04349
3.05642
3.03766
3.06084
3.03943
3.0644
3.0587
3.06188
3.10456
3.06738
3.03646
3.10358
3.06873
3.08314
3.05512
3.05339
3.07483
3.08417
3.05477
3.03206
3.05814
3.04724
3.03742
3.04034
3.05589
3.03947
3.04831
3.04926
3.00655
3.06428
3.05749
3.10986
3.09952
3.0814
3.02833
3.0752
3.06559
3.07843
3.05713
3.0423
3.02614
3.07047
3.0558
3.08398
3.05192
3.02703
3.01939
3.03852
3.01736
3.04903
3.06675
3.0536
3.04263
3.07054
3.04252
3.06017
3.05379
3.0454
3.08337
3.0566
3.07243
3.03138
3.05516
3.0458
3.05276
3.05789
3.04467
3.09698
3.04245
3.03123
3.05571
3.07029
3.06205
3.0112
3.00512
3.03353
3.03864
3.02189
3.05357
3.0526
3.01677
3.06985
3.07183
3.06807
3.04394
3.06097
3.06488
3.01664
3.05331
3.05404
3.06616
3.05891
3.04956
3.06665
3.05799
3.06545
3.0639
3.04836
3.0675
3.04956
3.05263
3.04254
3.0683
3.04836
3.08121
3.05259
3.03812
3.0534
3.0233
3.03725
3.01643
3.06444
3.04007
3.04142
3.06155
3.049
3.01246
3.02758
3.09151
3.19073
3.04155
3.04371
3.07228
3.07909
3.03778
3.08209
3.04075
3.00965
3.07162
3.05416
3.03075
3.06256
3.04564
3.02874
3.1001
3.07351
3.06646
3.06332
3.09057
3.03362
3.03399
3.0248
3.05516
3.06391
3.09816
3.0446
3.05316
3.05549
3.0546
3.05873
3.016
3.06151
3.04853
3.03633
3.06197
3.03169
3.10592
3.06357
3.09307
3.02877
3.0768
3.0593
3.06614
3.05859
3.0185
3.08709
3.04991
3.1038
3.04434
3.03759
3.08412
3.06566
3.05564
3.04817
3.06908
3.08446
3.0468
3.0746
3.06317
3.07794
3.04418
3.05299
3.06387
3.03926
3.06221
3.03503
3.06986
3.04635
3.04584
3.03865
3.02083
3.07472
3.0836
3.08869
3.05475
3.03909
3.0568
3.02531
3.03422
3.04631
3.0422
3.04534
3.07861
3.07907
3.06282
3.06738
3.03855
3.07218
3.0578
3.05307
3.05449
3.09771
3.06401
3.04424
3.05221
3.07529
3.05928
3.05603
3.09713
3.05596
3.05241
3.05841
3.05215
3.05241
3.05694
3.07206
3.11542
3.05874
3.06704
3.04332
3.08209
3.06079
3.06994
3.03053
3.06149
3.05675
3.08008
3.06273
3.03676
3.0529
3.06177
3.08106
3.08021
3.08053
3.03831
3.0774
3.09428
3.04493
3.05249
3.03707
3.03082
3.03361
3.05893
3.04059
3.04083
3.05357
3.07035
3.06781
3.08018
3.09893
3.04855
3.12434
3.08483
3.06893
3.05279
3.06737
3.08046
3.05165
3.08107
2.99861
3.04988
3.05812
3.04411
3.04837
3.05901
3.0627
3.08381
3.08639
3.02684
3.05909
3.09399
3.05621
3.02678
3.06467
3.05909
3.08683
3.07392
3.04703
3.04596
3.05303
3.08381
3.05396
3.04596
3.04597
3.09646
3.03105
3.03301
3.05429
3.05438
3.0493
3.0737
3.05211
3.091
3.0541
3.0636
3.04645
3.03545
3.02513
3.05586
3.04129
3.04018
3.0355
3.06595
3.07045
3.06117
3.03753
3.05536
3.0632
3.00475
3.06971
3.07774
3.06411
3.04604
3.0645
3.07882
3.06031
3.08363
3.0844
3.08198
3.0835
3.05546
3.05151
3.02441
3.07404
3.05472
3.05292
3.04102
3.03563
3.06248
3.05092
3.04271
3.0253
3.06258
3.05378
3.05359
3.09415
3.05752
3.10892
3.05491
3.08513
3.06547
3.03756
3.05831
3.06209
3.04606
3.03473
3.03736
3.03595
3.05286
3.03818
3.08274
3.05672
3.07432
3.04142
3.10319
3.05306
3.07761
3.04576
3.04886
3.00779
3.04323
3.03116
3.03868
3.0221
3.06436
3.03259
3.05074
3.07612
3.05334
3.0593
3.06393
3.06511
3.07954
3.04778
3.05536
3.04423
3.05668
3.04868
3.07639
3.05871
3.0388
3.06865
3.04455
3.04715
3.02561
3.04718
3.04087
3.05821
3.04256
3.02448
3.06101
3.05375
3.05533
3.05293
3.07409
3.08087
3.08448
3.03832
3.04412
3.07136
3.05052
3.04585
3.05709
3.06134
3.05132
3.11552
3.05534
3.0283
3.05211
3.07008
3.05577
3.05816
3.04811
3.05053
3.03651
3.04006
3.0681
3.04454
3.08654
3.0535
3.07819
3.06736
3.03988
3.09071
3.09628
3.08174
3.08235
2.98651
3.05019
3.07453
3.05884
3.03665
3.05922
3.04029
3.02678
3.08318
3.03887
3.0206
3.01846
3.01328
3.05127
3.0684
2.99847
3.05198
3.06651
3.06717
3.03166
3.07773
3.06523
3.06277
3.05446
3.04492
3.08204
3.06922
3.08045
3.08449
3.05604
3.08973
3.03397
3.05566
3.0221
3.06811
3.05478
3.05602
3.09071
3.05618
3.07494
3.05252
3.07985
3.04853
3.03341
3.02453
3.07281
3.07283
3.0425
3.05769
3.06213
3.04917
3.07217
3.05307
3.02736
3.04611
3.0398
3.07488
3.04921
3.05323
3.07242
3.05874
3.04423
3.06613
3.07177
3.06677
3.03595
3.05164
3.07751
3.04615
3.04519
3.03123
3.04461
3.0986
3.0475
3.07771
3.08567
3.06554
3.05799
3.08238
3.07475
3.11677
3.09058
3.08506
3.07079
3.02934
3.03861
3.07502
3.05364
3.04778
3.0451
3.08054
3.07524
3.0579
3.06385
3.08895
3.02655
3.03057
3.04793
3.09006
3.04336
3.08848
3.04808
3.06257
3.03856
3.03177
3.10342
3.06328
3.07008
3.03122
3.04885
3.04858
3.02479
3.0537
3.04321
3.06629
3.08677
3.06263
3.08524
3.0232
3.07721
3.05559
3.09355
3.08886
3.07023
3.03685
3.05742
3.04251
3.05228
3.08794
3.12222
3.0653
3.09532
3.05075
3.12438
3.01202
3.065
3.04302
3.04028
3.05948
3.07358
3.02322
3.05365
3.06944
3.05787
3.03448
3.03752
3.02479
3.08486
3.05921
3.05152
3.08452
3.07231
3.04094
3.0226
3.0776
3.08285
3.02929
3.04524
3.07704
3.00737
3.06062
3.04318
3.04485
3.10163
3.03647
3.05362
3.08095
3.06658
3.07853
3.04655
3.05044
3.06118
3.08467
3.07601
3.10963
3.07849
3.0679
3.03441
3.0357
3.05113
3.03447
3.05217
3.06563
3.05622
3.08323
3.04762
3.08309
3.03466
3.04972
3.03098
3.06304
3.04654
3.0345
3.0506
3.03789
3.0282
3.03246
3.03577
3.07181
3.06421
3.05499
3.02632
3.05195
3.06268
3.04256
3.06208
3.04968
3.03572
3.08029
3.05986
3.03217
3.04488
3.07273
3.04198
3.03385
3.04758
3.04169
3.04752
3.06526
3.06592
3.05018
3.05335
3.07585
3.04313
3.05317
3.04161
3.05642
3.00703
3.05982
3.06004
3.05264
3.061
3.10506
3.05519
3.05079
3.03711
3.06925
3.09057
3.07496
3.03366
3.06508
3.06546
3.07836
3.06125
3.04039
3.04544
3.04805
3.02707
3.02044
3.04479
3.07183
3.05233
3.03844
3.02932
3.08733
3.04283
3.05983
3.09696
3.04629
3.04933
3.03853
3.01815
3.06143
3.06573
3.05718
3.04639
3.06216
3.03534
3.02774
3.03238
3.05003
3.06277
3.06969
3.08523
3.03499
3.10024
3.10683
3.04713
3.04209
3.08575
3.06055
3.07511
3.0607
3.10019
3.05465
3.05604
3.03057
3.04097
3.05979
3.06784
3.04225
3.06074
3.05334
3.02031
3.06008
3.03657
3.01388
3.05481
3.08226
3.02351
3.07827
3.13806
3.05423
3.0811
3.05129
3.0291
3.05277
3.04902
3.06269
3.0767
3.05617
3.05595
3.07304
3.07115
3.01186
3.07713
3.05244
3.06734
3.05742
3.04701
3.04551
3.07647
3.03419
3.03942
3.07226
3.04566
3.05787
3.05005
3.05827
3.08475
3.09962
3.07449
3.04548
3.04928
3.07551
3.02213
3.06384
3.05116
3.08453
3.03427
3.06268
3.03316
3.05965
3.07988
3.07721
3.06894
3.06901
3.04755
3.08523
3.07967
3.0591
3.0273
3.02966
3.06705
3.05142
3.08529
3.07548
3.03854
3.0599
3.03682
3.05792
3.05942
3.04355
3.06192
3.02684
3.01882
3.07042
3.05707
3.05033
3.06547
3.06432
3.01674
3.04776
3.06581
3.08557
3.05665
3.06416
3.0544
3.05302
3.03897
3.06887
3.04317
3.08179
3.03293
3.06523
3.03846
3.04271
3.05991
3.08466
3.07516
3.07197
3.05945
3.06037
3.0524
3.07064
3.04002
3.02761
3.06648
3.04735
3.05479
3.05328
3.06131
3.00367
3.08957
3.07052
3.06674
3.03335
3.06321
3.0481
3.02856
3.05702
3.05577
3.05962
3.06011
3.06469
3.05788
3.05846
3.05117
3.05604
3.05662
3.05799
