3.26022
3.1315
3.14434
3.14888
3.14209
3.14761
3.13374
3.13577
3.14008
3.13789
3.12765
3.12799
3.13121
3.12882
3.12034
3.13634
3.11816
3.11172
3.10354
3.12478
3.13075
3.10883
3.11015
3.09062
3.10859
3.09756
3.09452
3.1006
3.10357
3.09559
3.09994
3.09333
3.10871
3.08736
3.08442
3.09828
3.09283
3.07662
3.07872
3.0629
3.07841
3.07722
3.07187
3.06897
3.07994
3.06229
3.06219
3.05633
3.05753
3.0712
3.07233
3.05712
3.0557
3.0486
3.0722
3.06554
3.05729
3.06605
3.06359
3.06784
3.05211
3.06041
3.04837
3.06307
3.0646
3.05941
3.06355
3.06355
3.07226
3.05207
3.05675
3.05738
3.04687
3.06946
3.04931
3.05987
3.06084
3.06389
3.0666
3.05891
3.05548
3.05346
3.06626
3.06219
3.05321
3.06699
3.05661
3.06813
3.07152
3.05118
3.05722
3.06254
3.05882
3.05507
3.06196
3.05788
3.05786
3.05235
3.05734
3.06043
3.05598
3.05529
3.07077
3.04892
3.1099
3.06097
3.04662
3.05694
3.05717
3.0509
3.05545
3.05439
3.05808
3.05319
3.03491
3.05996
3.06098
3.04071
3.06315
3.05564
3.06244
3.06287
3.05776
3.043
3.05455
3.05058
3.05923
3.04881
3.04968
3.06218
3.06186
3.05637
3.05727
3.05621
3.05526
3.05062
3.04334
3.04895
3.05905
3.0451
3.04795
3.04997
3.05231
3.06234
3.0555
3.06617
3.04011
3.04894
3.0525
3.0625
3.05497
3.04084
3.05808
3.05732
3.0591
3.05781
3.0565
3.05108
3.05307
3.06155
3.06397
3.05225
3.05195
3.05273
3.04804
3.05847
3.06065
3.05935
3.0524
3.0493
3.05956
3.05236
3.06386
3.05636
3.06179
3.06305
3.07261
3.05017
3.05861
3.06264
3.05407
3.04206
3.06301
3.04247
3.0555
3.06416
3.05046
3.06271
3.03997
3.07271
3.05696
3.05324
3.04216
3.05061
3.05587
3.0582
3.04676
3.06956
3.06564
3.05664
3.06305
3.05493
3.05522
3.05045
3.06356
3.06384
3.04956
3.05117
3.0715
3.06519
3.05253
3.05654
3.05649
3.05998
3.06202
3.04814
3.05487
3.05411
3.06224
3.05565
3.04855
3.06478
3.04959
3.04311
3.06107
3.054
3.06245
3.05134
3.04505
3.05145
3.05533
3.05045
3.05224
3.04964
3.05651
3.06374
3.05663
3.05751
3.06416
3.05463
3.07256
3.05708
3.05397
3.05711
3.0542
3.06142
3.05509
3.05286
3.04287
3.04696
3.0594
3.03933
3.04973
3.04935
3.07816
3.06862
3.04559
3.0523
3.06297
3.0681
3.05304
3.05616
3.04338
3.05333
3.05834
3.05687
3.04368
3.04236
3.05914
3.04902
3.05005
3.05414
3.04
3.05418
3.05514
3.06222
3.0528
3.06901
3.0557
3.05899
3.0437
3.05921
3.05619
3.06147
3.05666
3.06269
3.06619
3.05407
3.04476
3.07037
3.06263
3.05866
3.05789
3.04818
3.06315
3.0467
3.05641
3.06278
3.0609
3.05304
3.04905
3.05902
3.06674
3.05151
3.05879
3.05953
3.04781
3.05997
3.0633
3.04711
3.0565
3.058
3.06342
3.05444
3.0549
3.04747
3.07297
3.04951
3.06654
3.04886
3.06085
3.05716
3.05368
3.05635
3.07651
3.05688
3.04414
3.06263
3.05455
3.04915
3.05439
3.05375
3.05381
3.06164
3.05226
3.05207
3.04414
3.05653
3.05428
3.05212
3.05987
3.04883
3.05223
3.05173
3.05289
3.06163
3.04369
3.0643
3.04925
3.0399
3.04644
3.06482
3.04451
3.05201
3.047
3.05123
3.07922
3.0537
3.04831
3.0522
3.05644
3.05564
3.05694
3.06013
3.05901
3.06413
3.05834
3.04701
3.05009
3.04864
3.05387
3.05948
3.05003
3.04967
3.05253
3.06644
3.05129
3.04767
3.0477
3.04704
3.04251
3.07157
3.04625
3.05178
3.04438
3.05248
3.05884
3.05639
3.05813
3.06037
3.05924
3.05495
3.05302
3.05923
3.05252
3.06136
3.04929
3.06129
3.06836
3.06014
3.05922
3.06045
3.06134
3.05418
3.0555
3.05535
3.05653
3.05166
3.05832
3.06498
3.0543
3.05473
3.05087
3.05045
3.04655
3.06227
3.06014
3.04971
3.06621
3.0606
3.05869
3.04436
3.05128
3.05581
3.0735
3.06174
3.05214
3.06304
3.06962
3.04627
3.05983
3.063
3.05521
3.05813
3.05157
3.05205
3.05797
3.05823
3.05426
3.04464
3.06357
3.05438
3.06169
3.06306
3.05153
3.05879
3.05252
3.05418
3.06558
3.06356
3.06873
3.06801
3.05009
3.06833
3.0549
3.05062
3.04931
3.05558
3.05704
3.06625
3.05195
3.05266
3.05741
3.04954
3.06211
3.06083
3.05441
