3.18169
3.28316
3.39922
3.48183
3.55849
3.62081
3.6737
3.70804
3.70592
3.70896
3.71026
3.71452
3.71492
3.72427
3.70295
3.70892
3.6907
3.66763
3.67167
3.6717
3.66027
3.65735
3.64683
3.64788
3.63315
3.63462
3.63584
3.619
3.60405
3.58055
3.55715
3.5149
3.4671
3.44074
3.39463
3.3801
3.34888
3.32201
3.30824
3.28598
3.2728
3.24628
3.23129
3.19922
3.17927
3.15572
3.14292
3.13538
3.11905
3.1108
3.10621
3.11242
3.12528
3.11219
3.11058
3.12402
3.13279
3.13639
3.13954
3.1362
3.13097
3.12791
3.10935
3.10795
3.10161
3.09322
3.0913
3.09887
3.09639
3.09438
3.09809
3.0974
3.10043
3.10125
3.10071
3.09609
3.09325
3.09468
3.09764
3.08455
3.10302
3.09845
3.09593
3.08923
3.08642
3.08798
3.08976
3.09769
3.09711
3.09987
3.09006
3.09798
3.09457
3.0906
3.09447
3.09135
3.09246
3.08563
3.08866
3.0885
3.0915
3.08942
3.08859
3.09101
3.09381
3.08549
3.08693
3.0887
3.08604
3.08795
3.08913
3.08426
3.08354
3.07852
3.08717
3.09248
3.09215
3.09354
3.08288
3.09085
3.08526
3.08719
3.08216
3.08826
3.09268
3.09087
3.08819
3.08361
3.08812
3.08885
3.08787
3.081
3.0857
3.08861
3.08804
3.08957
3.07898
3.0897
3.08547
3.09256
3.08928
3.08946
3.08233
3.09171
3.08548
3.08936
3.09111
3.0886
3.08951
3.08553
3.08022
3.09311
3.08583
3.08879
3.08986
3.09224
3.08746
3.08535
3.0806
3.08652
3.08807
3.08397
3.08067
3.08585
3.09077
3.08485
3.08093
3.09509
3.09181
3.09156
3.0881
3.09122
3.08333
3.0849
3.08515
3.08815
3.08937
3.09375
3.08682
3.08515
3.09818
3.0839
3.08597
3.08137
3.08929
3.09985
3.08274
3.0861
3.0912
3.09219
3.08834
3.08775
3.08677
3.08951
3.09114
3.09179
3.09004
3.08966
3.0901
3.09083
