      0
   3387
  10408
  18365
  25624
  32687
  38529
  46468
  53734
  60282
  66737
  73160
  81730
  89104
  96983
 104629
 110410
 117064
 126286
 130132
 138209
 146962
 155678
 160186
 168513
 174933
 182332
 189246
 198183
 203645
 212436
 218198
 225054
 236173
 239198
 248098
 254547
 261751
 269496
 277394
 287686
 293472
 301363
 307156
 312659
 321010
 330933
 336763
 345697
 352444
 355557
 366330
 370960
 380914
 392717
 400502
 406176
 413944
 416310
 427112
 438385
 440650
 450298
 459331
 466618
 476745
 482202
 485218
 495448
 506490
 514571
 520949
 527800
 539935
 545713
 554131
 560991
 568656
 582606
 583842
 597919
 600576
 609889
 618659
 627279
 631961
 647769
 651466
 665639
 664063
 676393
 692318
 698545
 698479
 712244
 716777
 721601
 742107
 737394
 755334
 762826
 774644
 779449
 787475
 797808
 806108
 815414
 825916
 830566
 839542
 851017
 860149
 867408
 874214
 881636
 889706
 905530
 919114
 923228
 929267
 940935
 945828
 954412
 965474
 975155
 980667
 992302
1001036
1012642
1023524
1028021
1043886
1043364
1053458
1071844
1080995
1087095
1094572
1105875
1125586
1129794
1133440
1147925
1153792
1161232
1172286
1178532
1196471
1202814
1207318
1218546
1232796
1244942
1257651
1262714
1274153
1277626
1290126
1305498
1315272
1334757
1329664
1344496
1355110
1359573
1364626
1382991
1389721
1401719
1411783
1422489
1435108
1442143
1459315
1469213
1467598
1485445
1490624
1506183
1512542
1519528
1533387
1551966
1558827
1565139
1572202
1581038
1594895
1606280
1615605
1632496
1629944
1649172
1656682
1665153
1668629
1690079
1702408
1716227
1717617
1736763
1747441
1747248
1767091
1775776
1787270
1799045
1796111
1818954
1822834
1839086
1847208
1855853
1866701
1884309
1885408
1895100
1907163
1918176
1928819
1943379
1951570
1959731
1967290
1984031
1989328
1997528
2011307
2029127
2024068
2046206
2053898
2060037
2081831
2093815
2092007
2106172
2120156
2122794
2136923
2142621
2146908
2167919
2177113
2182860
2197031
2197023
2206289
2235197
2243491
2244835
2259840
2266341
2268593
2288066
2288277
2290558
2318688
2333719
2330286
2343602
2352595
2358102
2368194
2387523
2389757
2404043
2412768
2418507
2430681
2439090
2447667
2458177
2460564
2474735
2484107
2494995
2510253
2507276
2521626
2521447
2538816
2554535
2555740
2568971
2573943
2578119
2596839
2597422
2612880
2630070
2621307
2636549
2649406
2654854
2670311
2679543
2685792
2685591
2686977
2696226
2707375
2720165
2737290
2735618
2739541
2737084
2755908
2765444
2772385
2782863
2787749
2784679
2808019
2813187
2818491
2828191
2832853
2850907
2854182
2852383
2865587
2863329
2868915
2883245
2886665
2893017
2904479
2912013
2915820
2925653
2920375
2926352
2937697
2949153
2950281
2964819
2968618
2968056
2978088
2985968
2982045
2984110
2999664
3003257
3015494
3011003
3027956
3023058
3037190
3040129
3047015
3051225
3046595
3066231
3052366
3062297
3068201
3076360
3073679
3076265
3085478
3072993
3097924
3101764
3106284
3111493
3111230
3119612
3117961
3126206
3128856
3127164
3134167
3141549
3141886
3136746
3141777
3152596
3167862
3156842
3155838
3158059
3162025
3160689
3178457
3160211
3173927
3177165
3180580
3176216
3184506
3180750
3188450
3188588
3183096
3199149
3187594
3199829
3197999
3194416
3204390
3193038
3199960
3208061
3206132
3202805
3203277
3215869
3218287
3217156
3210727
3205740
3207960
3213511
3212959
3212260
3206005
3205885
3210204
3205882
3216408
3215429
3213507
3207800
3204443
3201813
3220373
3204527
3200113
3201313
3204354
3200228
3208580
3202386
3205488
3207565
3190597
3196052
3195188
3187968
3186439
3199074
3191608
3171903
3165601
3168055
3176176
3183295
3168939
3179730
3178311
3173335
3172220
3165813
3165781
3163851
3151193
3147639
3149214
3143309
3141153
3149559
3141577
3140955
3126937
3147224
3121323
3124128
3104226
3106882
3106791
3096209
3094169
3105882
3091131
3092736
3076909
3084404
3077208
3078176
3066386
3056417
3060223
3043384
3053841
3041561
3035952
3034310
3032325
3021249
3010335
3010288
3011257
2995471
3002755
2985421
2981805
2979251
2968124
2963623
2958706
2959422
2939586
2946843
2945007
2946567
2929445
2929256
2913033
2911556
2912062
2900943
2895842
2892623
2883142
2871076
2871176
2859620
2856737
2853519
2842441
2837070
2820947
2822329
2810057
2802935
2804106
2795202
2787811
2770427
2774230
2756721
2761080
2755434
2752063
2735351
2730291
2724301
2708552
2713653
2703692
2701568
2680622
2670780
2678707
2661046
2656218
2648515
2646352
2629900
2620495
2616617
2615136
2600483
2590063
2583982
2581359
2570964
2563902
2559157
2540537
2539549
2537832
2527047
2514687
2500713
2492824
2484339
2486742
2467296
2466002
2459091
2447370
2439585
2436147
2415146
2412835
2411825
2402534
2389430
2385406
2370341
2360203
2357449
2352576
2341082
2329178
2317343
2313231
2303756
2285007
2275250
2274133
2260793
2265287
2253915
2245543
2230556
2227237
2214946
2202436
2204996
2191430
2180382
2177878
2162749
2157430
2140271
2131389
2128573
2116152
2101336
2103867
2095144
2077060
2075571
2064414
2061400
2051194
2048277
2028291
2020301
2009907
2008003
1999299
1987351
1979203
1975846
1964471
1952276
1944133
1940004
1920415
1918178
1904822
1897607
1889538
1874460
1873161
1860817
1853814
1841729
1842157
1827886
1814458
1805983
1799596
1789888
1786617
1774744
1757745
1751720
1740101
1735566
1721004
1725969
1711670
1691738
1697376
1685945
1675645
1666217
1657644
1644726
1641935
1625096
1626839
1613157
1605549
1600393
1593301
1581080
1569980
1573790
1547750
1548008
1542496
1528401
1518185
1514355
1507183
1495464
1493765
1473532
1473338
1470845
1451384
1450364
1436443
1433687
1420986
1416930
1406060
1395901
1393311
1379185
1377324
1370929
1352392
1352626
1338862
1342678
1341557
1321050
1309873
1302530
1300078
1287294
1274247
1268654
1266552
1260524
1249214
1239057
1234165
1226514
1217578
1208603
1206421
1192454
1187851
1175574
1176080
1166103
1163502
1153763
1146427
1134753
1130753
1123999
1112770
1108238
1101879
1093844
1086421
1074154
1066448
1065687
1055793
1051773
1041870
1031560
1030042
1018427
1013814
1007927
1006171
 995527
 986201
 982604
 974145
 973509
 961386
 956087
 949991
 943762
 933836
 934892
 928615
 916301
 912357
 903381
 897649
 887774
 888255
 882166
 869949
 868233
 868479
 857585
 847950
 840438
 831552
 828569
 824843
 818477
 810386
 801183
 796295
 792332
 788406
 786047
 771288
 773260
 763341
 761827
 752903
 751733
 742215
 734285
 727266
 722298
 720338
 716078
 707630
 704358
 696621
 690149
 694185
 681057
 678524
 669369
 662980
 668010
 659921
 655292
 647101
 640522
 639265
 633172
 626137
 625972
 619263
 613304
 604784
 603399
 599697
 590641
 587114
 586610
 580766
 573645
 567170
 562604
 561664
 556230
 551696
 543681
 543324
 538276
 530123
 527953
 525887
 521357
 515635
 512777
 510357
 507617
 497576
 495808
 490048
 484505
 481471
 479464
 471854
 467475
 466457
 463630
 456951
 453999
 449548
 447762
 441347
 437179
 434632
 435517
 430274
 424018
 420215
 417281
 414619
 413223
 403981
 403657
 397918
 393790
 390491
 390252
 381907
 380101
 376975
 375902
 373248
 369359
 362853
 358851
 356647
 354346
 348931
 349589
 341304
 338592
 336827
 337484
 332640
 329978
 327421
 322970
 318119
 317782
 312074
 309527
 311901
 306572
 299772
 301140
 298249
 297297
 294066
 293149
 286956
 284409
 281584
 279772
 280279
 275297
 271251
 271276
 265134
 259702
 261480
 256678
 256248
 251676
 250637
 249129
 242736
 243523
 241101
 240236
 237234
 231343
 231173
 226335
 227386
 225039
 225376
 220373
 218865
 214226
 212516
 211295
 210156
 206097
 205266
 203713
 200242
 201850
 196563
 194881
 193851
 189504
 189904
 184445
 183763
 184754
 180669
 180720
 177452
 178275
 175267
 174236
 171518
 169539
 167845
 165684
 164335
 163450
 161139
 160612
 157611
 155211
 154643
 150636
 152381
 149835
 146688
 145999
 145212
 143987
 143076
 140560
 140157
 137211
 136876
 133122
 134981
 130113
 130369
 125656
 128442
 123994
 123350
 122627
 121518
 120286
 120819
 119756
 116653
 114729
 114629
 113614
 112867
 109853
 109272
 108421
 106396
 103643
 103317
 103610
 100683
 100474
  99675
  98745
  98670
  96827
  95853
  94686
  93841
  92656
  92737
  91279
  91484
  89194
  88173
  86938
  85832
  84543
  82388
  81799
  81444
  81314
  80699
  77652
  78005
  75603
  75895
  75130
  75084
  72244
  74162
  71846
  69913
  70520
  69577
  67575
  68043
  68553
  65340
  64867
  64988
  63792
  63189
  62559
  63137
  61628
  60638
  60084
  57931
  59537
  56815
  56662
  56296
  54222
  54266
  52382
  53797
  53089
  51567
  50569
  50577
  51649
  48614
  48803
  47839
  46268
  46839
  46458
  46396
  44590
  45539
  43809
  43476
  42793
  41173
  43352
  42005
  40989
  40330
  39277
  39748
  38193
  38914
  38362
  37774
  37121
  35990
  36522
  35505
  36182
  35498
  34843
  34647
  33105
  33731
  33721
  33029
  31816
  31789
  30892
  30629
  30515
  30116
  30405
  29387
  29152
  28437
  29408
  27498
  28508
  26872
  26975
  27591
  27255
  26152
  25533
  26245
  26081
  25129
  24773
  23504
  23682
  23734
  22813
  22996
  21931
  21678
  22029
  21231
  20950
  20901
  21273
  20855
  19685
  20239
  19876
  19477
  19868
  17895
  18351
  18292
  17495
  18015
  17119
  17176
  16388
  17806
  17070
  16737
  16436
  16132
  15629
  16169
  15452
  15406
  15443
  15009
  13836
  14774
  14909
  14037
  13977
  13784
  13517
  12963
  13083
  12516
  12377
  12023
  12304
  12028
  11829
  11934
  11613
  11668
  11603
  10989
  11104
  10234
  10631
  10145
   9917
  10680
  10811
  10151
  10179
   9716
   9437
   9277
   9518
   9387
   9098
   9349
   8891
   8285
   8842
   8555
   8675
   7956
   7910
   7587
   8003
   8135
   7252
   7639
   7771
   7348
   6930
   7407
   7579
   7145
   7180
   7373
   6834
   6368
   6832
   6085
   6961
   6690
   5867
   6003
   5856
   5748
   5309
   5277
   5374
   4950
   5357
   5711
   5213
   5401
   5074
   5138
   5235
   4670
   4808
   4811
   4865
   4686
   4581
   4476
   4667
   4787
   4313
   4348
   3984
   4085
   4136
   3629
   3788
   4176
   3890
   3982
   3794
   3670
   3614
   4191
   3232
   3242
   3355
   3297
   3787
   3290
   3271
   3592
   3009
   3163
   2891
   3307
   3088
   2673
   2810
   2482
   2810
   2680
   2613
   2639
   2601
   2483
   2858
   2140
   2567
   2248
   2421
   2286
   2118
   2058
   2237
   2022
   2157
   2247
   1921
   2063
   2074
   2056
   2236
   2137
   2019
   1701
   1727
   1809
   1527
   2152
   1659
   1423
   1871
   1938
   1425
   1631
   1660
   1657
   1506
   1297
   1551
   1465
   1728
   1428
   1494
   1418
   1439
   1451
   1192
   1298
   1250
   1259
   1163
   1035
   1217
   1167
   1247
   1194
    987
   1237
   1135
   1055
   1150
   1113
    830
    872
   1066
   1033
   1075
    819
    920
    801
    822
    856
    867
    819
    669
    880
    853
    622
    903
    804
    669
    775
    784
    773
    750
    838
    651
    771
    585
    632
    623
    641
    620
    586
    756
    510
    624
    503
    684
    590
    556
    521
    496
    466
    547
    422
    410
    613
    521
    444
    475
    417
    408
    337
    424
    487
    500
    500
    524
    421
    353
    331
    256
    497
    272
    285
    348
    348
    450
    261
    334
    378
    313
    321
    268
    329
    384
    261
    369
    380
    301
    410
    288
    274
    347
    316
    249
    251
    389
    274
    312
    330
    245
    258
    256
    333
    218
    191
    304
    239
    188
    221
    149
    206
    203
    278
    258
    193
    148
    158
    159
    124
    230
    163
    228
    291
    240
    258
    189
    180
    163
    204
    191
    200
    159
    143
    169
    173
    257
    111
    204
    145
     75
    170
    174
    156
    138
    136
    114
    100
     93
    161
    132
    149
     73
    157
     96
     81
    110
     74
    143
    164
    111
    140
    163
     79
     86
     92
     47
    100
     84
    119
    147
     96
    105
    114
    211
    127
     57
     98
     62
    128
     97
    101
     91
     55
    107
    178
    109
     46
     92
     52
     90
     67
    101
    127
     87
     45
     58
     41
     93
     37
     75
    178
     61
     44
     77
     43
     47
     32
     65
     17
     26
     89
     41
     96
     51
     70
     62
     29
    102
     94
     77
     40
     67
     53
     86
     37
     65
     77
     72
     63
     53
     15
     38
     13
     67
     28
     61
     61
     25
     30
     68
     75
     20
     27
     14
     20
     24
     34
     71
     48
      9
     11
     24
     41
     34
     13
     43
     42
     71
     68
     48
     55
      7
     20
     47
     82
     36
     58
     39
     59
     55
     56
     76
     17
     10
     17
     31
     55
     58
     33
     27
     71
     50
     47
      9
     72
      3
     24
     21
     24
     44
     12
     63
     39
     74
     25
     18
     54
     29
     60
     10
     21
     16
     46
     11
     62
     15
     24
     20
     25
     43
     48
     11
     36
     66
     31
     34
     30
     18
     20
     17
     23
     21
     14
     33
     32
     43
     19
     13
     39
     41
     30
     12
      4
     16
     23
      7
     11
     18
     22
     37
      5
     17
     68
     47
     55
     13
      9
     12
     29
     27
     19
     14
     14
      7
     21
     15
     14
      0
     44
     29
     42
     22
      6
      5
      2
      8
     55
     20
     17
     29
      5
     15
     12
      1
     37
      4
     12
      5
      1
      0
     13
     25
     28
     11
     37
      5
     56
      3
      9
     34
     25
      4
     31
     10
     11
     10
     14
     12
     12
      8
      4
     25
     14
     19
      6
     23
     33
     16
     36
     65
     11
     17
     27
     13
      0
     20
     25
     21
      5
     28
     23
     40
      3
     47
     18
      2
      9
     12
     10
     15
     19
     29
     16
     54
     43
     11
      9
      4
      0
     17
     12
     39
     32
     15
      4
      4
     14
     13
     41
     19
     50
     27
     15
     37
     26
     18
     38
      5
     30
      4
      2
     19
     16
     22
     16
     11
     31
     17
     32
     12
      2
     22
      4
      7
     21
     10
     14
     28
      0
     13
     32
     13
     11
      0
      9
      1
     24
     22
     17
     44
     30
      8
     15
     18
     32
     10
     27
     47
     59
     19
      0
      9
      9
     26
     13
     15
     16
      0
      5
     17
      5
     19
     26
     20
      2
     12
      1
     20
     26
      7
     13
     11
      3
      4
      7
     37
     14
     22
      2
      5
     30
     24
     17
      3
      6
      2
     20
      0
      6
     23
     24
      3
      0
     15
      0
      7
      6
      0
     27
      2
      6
     17
     13
      6
      0
     23
     32
      2
     60
     39
     37
      1
      0
     21
      2
     12
     18
     27
     25
      3
      0
      3
     20
      7
      7
     51
      2
      0
      7
     17
      5
     13
     12
     30
      0
     26
     27
     26
      0
      4
     33
      3
     11
      2
      4
      8
      4
     27
     22
      9
     11
     16
      2
      9
      3
      7
      3
      9
     14
     16
      9
      6
      0
      2
     33
      2
      7
      9
     13
      0
     37
     13
      6
      0
     12
      6
      0
      8
      0
      2
     36
      6
      0
      0
      7
      7
     13
      9
     10
     10
      8
      0
     19
      5
      3
      0
      6
     28
      0
     23
      2
      1
      0
      0
      9
      0
     11
      2
      3
      0
     13
      1
     14
      1
      0
     22
      7
     14
      0
      0
      0
     20
     21
      4
     27
     19
      4
      0
     22
      2
     11
      0
      0
      0
      0
     24
      0
     12
      6
     33
      0
      0
     12
     12
      0
     18
      0
      0
      0
      5
      6
      8
      0
      7
      5
     36
     29
      0
      6
      0
      4
     13
     16
     23
      1
      2
      6
      5
     10
      6
      5
     12
      2
      5
      9
      4
      1
     28
      8
      0
      2
      0
     35
      6
      6
      3
      1
      6
      1
      2
     14
     26
      0
     11
     17
      9
     10
      3
     16
      8
     23
     17
     16
      7
      3
      0
      8
     44
      0
      9
      1
      0
      8
      5
      0
      6
      0
      0
      1
      0
     11
      1
      0
      0
      0
      9
     12
      2
      0
     15
      9
     10
      4
     17
     52
      7
     27
      0
      2
     17
      1
      7
     15
      4
     30
      0
      8
      0
      3
      9
      7
      0
      6
      2
      5
      4
      0
      0
      0
      0
      6
     33
      2
      0
      0
      6
     26
      0
      2
      9
      7
      2
     15
      1
      0
      5
     13
     10
      0
      1
      2
      0
      6
      0
      0
      2
      5
      5
      4
      3
      1
     16
      0
     16
      0
      4
      0
     17
     32
     14
      0
      1
     18
     26
      7
     24
      5
      0
     26
      4
     20
      1
      1
     14
      4
      5
      2
      4
      8
     15
      0
      0
      0
      3
      0
      0
      0
      6
     19
      0
      3
      8
      6
     26
      3
      1
      2
      0
      0
     11
     19
      3
     20
      9
      0
      5
     12
      0
      0
     35
     10
      0
      0
     14
      0
     19
      2
     12
     10
      0
      0
     10
     10
      9
      4
      0
     11
      0
      0
      1
      2
      2
      0
      0
      0
      0
      0
      1
      0
      0
      8
     18
      0
      0
      3
      1
      1
     20
      3
      0
      0
      0
      3
      8
      0
      0
      0
      0
      0
      0
      0
      1
      0
      9
      0
      0
      2
      1
      0
      0
      6
      1
     19
      8
     11
      4
      9
      6
      0
     16
      3
      0
      5
      8
      0
      1
      0
     14
      0
     15
     24
      0
      0
      4
      0
      0
      3
      0
      1
      7
      0
      0
      0
     24
      0
      0
      0
      0
      0
      0
     13
      0
     16
      0
      0
      0
      3
      0
      0
      8
      9
     11
      0
      2
      5
      1
      2
      0
     21
     16
     24
      6
      7
      0
      5
      0
      4
      0
      9
      0
      0
      5
      0
      5
      9
      0
      0
     24
      0
     12
     28
     22
      0
      3
      0
     59
     16
      0
      0
      6
      5
      0
      0
      8
      6
     14
      0
      0
      0
      2
      0
      0
      0
      0
      1
     26
      0
      0
      0
      0
     26
      6
      0
      1
      1
      0
      0
      4
      6
      5
      0
      0
      0
      0
      0
      0
      1
     17
      2
      0
      0
      0
      0
      3
      0
      0
      0
      0
      0
      0
     20
      0
     20
      7
      9
      0
      0
      0
      0
      2
      0
      7
      0
      0
      0
      0
      0
     14
      0
      3
      0
      0
      0
      0
     10
      6
      0
      4
      0
      3
     14
      0
      0
      0
      0
      0
      0
      0
      0
      0
      0
      0
      0
      0
      8
      0
      0
      0
     32
      0
      0
      0
      0
      0
      0
      0
      0
      5
      6
     10
      8
     26
      2
     25
      0
      0
      0
      1
      3
     13
      0
      0
      0
      3
      0
      0
      0
      0
      0
      0
      0
      0
     10
      0
     17
      6
     16
      0
      0
      1
      0
      2
      3
      0
      0
      0
     33
      3
     10
      0
      1
      1
      0
      0
      0
      0
     15
     10
     13
      0
      0
      0
      0
      0
      0
      2
      0
      0
      0
      0
      0
      0
      0
      0
      0
      0
      0
      0
      0
      0
      0
      0
      0
      0
      0
     11
      0
      0
      0
     11
      0
      0
      9
      0
      0
      0
      6
      0
      0
      0
      0
     16
      6
      5
      0
      1
      0
      0
      1
     32
      1
      3
      3
      3
      0
      0
      0
      0
      0
     26
     20
      2
      0
      0
     13
      0
      0
      0
      0
     10
      0
      0
      5
      0
     10
      3
      2
      0
     15
      2
      4
      0
      0
      0
      1
      0
      0
      2
      0
      4
      0
      0
      0
      0
      0
     15
      0
      5
      3
      0
      0
      0
      0
      0
      0
      0
      0
      0
      2
      0
      1
     24
      0
      7
     27
      0
      0
      9
      0
      0
      0
      0
      0
      0
      1
      0
      0
      0
      0
      0
      0
      3
      0
      0
      0
      0
      1
      0
      0
      0
      0
      0
      1
      0
      0
      0
      0
      0
      0
     23
      0
      0
      1
      0
      0
      0
      0
      0
      0
      5
      0
      0
      0
      0
      0
      0
      0
      0
      0
      0
      0
      0
      0
      0
      0
      0
      0
      0
      0
      0
      0
      0
      0
      0
      0
      0
      0
      0
      0
      0
      0
      0
      0
      0
      1
      0
      0
      4
      1
      0
      0
     12
      5
      1
      0
      0
      0
      6
      0
     15
     23
     14
      0
     12
     21
      6
      0
      2
      0
      2
      0
      3
     17
     10
      0
      2
      0
      4
      2
      0
      0
      0
      0
      0
      0
      0
     15
      0
      9
      0
      0
      0
      0
      0
      0
     15
      0
      0
      0
      3
      9
      0
      0
      0
      0
      3
      0
      4
      1
     22
      0
      0
      7
      0
      0
      0
      0
     12
      0
      0
      0
      3
      7
      6
      0
      0
      1
      0
      0
     17
      0
      0
      0
      8
      0
      2
      0
      0
      0
      0
      0
      8
      5
      0
      0
      0
      0
      0
      5
      0
      0
      0
      0
      0
      8
      0
      0
      0
      0
      2
     10
      0
      0
      1
      6
      0
      1
      0
      0
     20
      1
      0
      4
      9
      1
      0
      0
     38
      8
      0
     10
      1
      0
     19
      2
      0
      0
      0
      8
      0
      0
      0
      0
      0
      0
      1
      0
      0
      0
      0
      0
      0
      0
     22
      0
      4
      0
      0
      0
      0
      0
      7
      1
      0
      0
      0
     10
      0
      0
      0
      3
      0
      0
      0
      0
      0
      0
      0
      0
      0
      0
      0
      2
      0
      0
      0
     19
      0
      0
      0
      0
      0
      0
      0
      0
      0
      0
      0
      0
      0
      0
      0
      0
      0
      0
      0
      0
      0
      0
      0
      0
      0
      0
      0
      4
      0
      0
      0
      0
      0
      2
     11
      0
      3
      0
      0
      0
      0
      2
      0
      0
      2
      4
      0
      0
      0
      2
      0
     11
      0
      0
      0
      3
      0
      0
      0
      0
      0
      0
      0
      0
     11
      5
      0
      0
      0
      9
      5
      0
      0
      0
