       0
   29686
   77791
  131152
  187979
  249375
  301926
  354062
  414151
  474978
  522652
  591168
  675850
  729441
  782938
  853815
  929662
 1011514
 1090200
 1152750
 1247367
 1313869
 1410746
 1496672
 1594430
 1690910
 1779427
 1893794
 1988116
 2092709
 2213041
 2332372
 2429955
 2526258
 2671228
 2786708
 2926548
 3050855
 3186796
 3337738
 3479216
 3648017
 3799346
 3923710
 4060187
 4268096
 4492567
 4621582
 4780933
 4907837
 5094542
 5310452
 5540573
 5677541
 5895489
 6067236
 6268416
 6468485
 6649309
 6884679
 7098472
 7247035
 7489687
 7704576
 7924733
 8067206
 8254457
 8452552
 8739086
 8939026
 9036898
 9344962
 9576759
 9669022
 9917632
10104433
10329817
10530555
10691803
10912145
11151626
11350484
11502601
11735083
11858604
12098135
12151426
12422789
12611250
12743755
12918178
13091485
13183875
13399919
13496861
13665080
13844537
13911485
14038359
14160589
14251161
14440595
14422012
14585796
14634138
14774307
14858165
14937554
14985634
14964556
15130884
15182976
15224416
15270867
15255356
15190050
15390694
15357395
15383983
15339903
15334651
15370234
15383256
15311309
15281416
15230454
15202723
15154121
15118278
15030043
15119402
14992769
14832323
14802592
14757198
14743987
14704193
14664046
14587785
14462619
14551938
14349594
14276549
14197954
14181135
14177851
14068756
14026838
13883207
13796788
13808774
13810615
13772687
13642975
13619859
13596537
13575959
13576630
13535908
13545282
13527830
13501865
13534804
13540444
13587485
13568432
13639540
13619274
13730899
13733040
13729364
13806000
13935558
13984943
14027893
14141925
14266302
14387619
14535643
14625774
14789851
14973758
15078240
15229610
15393231
15627839
15835866
16069160
16247376
16438041
16601916
16882435
17111632
17348278
17528749
17800004
18012401
18322663
18680469
18888168
19245877
19487084
19705808
19984581
20227479
20624454
20859769
21222021
21520451
21815531
22186269
22542966
22864721
23142580
23410796
23700486
24086170
24320606
24650590
24968660
25260864
25635766
25986776
26201599
26526745
26945576
27216555
27683199
27843354
28241046
28406223
28848635
29134983
29421159
29649369
29806322
30172051
30401347
30682466
31034198
31192188
31528057
31664622
32000799
32153454
32274002
32490622
32855107
32924003
33190799
33354901
33494736
33699678
33884687
34008725
34106726
34221185
34293855
34387036
34522157
34778407
34741285
34846762
34994200
34892041
35001289
35056592
35001018
34984590
35131027
35097070
35080719
34929183
34939293
35028866
34761061
34786830
34704731
34672075
34571064
34411644
34295700
34136501
34008264
33803454
33704074
33512328
33364045
33144243
32924189
32870064
32590442
32350267
32239191
31955345
31681161
31409015
31183635
30940926
30707944
30396750
30104612
29908310
29624489
29387631
29137718
28837971
28447169
28271581
28023984
27618660
27406439
27144797
26849531
26596989
26329700
25962768
25820252
25453048
25208698
24996974
24676958
24439046
24161421
23924194
23715993
23409965
23246117
23049681
22829793
22603461
22446441
22242000
22091460
21980701
21832882
21651174
21491606
21563563
21429070
21313442
21220792
21188528
21079209
21234843
21152285
21213874
21247629
21242669
21353915
21317797
21469337
21503425
21700399
21724909
21932140
21899083
22234820
22373109
22594101
22661074
22977092
23190905
23371036
23702150
24058917
24250559
24673304
24864392
25253526
25589202
25851554
26296123
26618740
26930227
27305336
27731525
28067840
28513186
28935991
29252258
29788882
30144890
30549092
31053290
31482455
31759590
32327538
32751701
33047607
33514711
33952786
34335761
34773131
35083533
35582207
36022025
36442485
36798648
37145513
37484332
37748749
38195844
38605292
38777056
39201339
39466112
39743075
40103434
40226618
40499234
40778237
41003017
41334161
41520338
41603533
41695606
41872307
41985461
42198960
42286584
42303677
42226951
42330434
42364322
42406137
42217305
42268199
42336909
42198319
42138954
41979706
41889765
41616922
41470309
41340312
41075146
40989519
40654446
40403603
40210677
39707538
39537327
39103316
38950308
38549030
38141876
37856102
37429672
37021919
36711437
36283336
35821767
35323453
34835088
34535644
33985234
33540565
33009938
32485854
32171751
31536963
31117827
30526981
30072791
29512392
28999832
28517206
27894543
27400510
26910686
26309916
25752588
25269474
24801163
24084669
23693734
23185183
22566533
22029695
21481251
21020054
20525697
19999608
19575419
18988003
18523322
17985419
17470396
16970763
16527411
16001234
15551078
15135051
14688464
14257542
13740744
13333583
12893776
12521854
12181819
11713387
11368475
10926652
10558648
10202195
 9858856
 9537997
 9235647
 8892328
 8536685
 8201351
 7907373
 7677606
 7328201
 7058156
 6772757
 6525384
 6285264
 5994529
 5737918
 5506733
 5297953
 5090723
 4902483
 4670970
 4499315
 4258593
 4109280
 3932552
 3750566
 3570376
 3430675
 3260071
 3096711
 2959262
 2803779
 2659743
 2544507
 2440653
 2327121
 2197577
 2108874
 1984487
 1878262
 1807279
 1716893
 1633934
 1551556
 1449353
 1402564
 1333240
 1248971
 1189753
 1123791
 1045721
 1025062
  958088
  895324
  855026
  797470
  759558
  720137
  674800
  637495
  608444
  579006
  534553
  494192
  485335
  446238
  430937
  390200
  368441
  340710
  318045
  293938
  289199
  272713
  252257
  237181
  213245
  199527
  190104
  183109
  169864
  158240
  153231
  144375
  131448
  119162
  117349
  109060
  110478
   99238
   93086
   89803
   78585
   71865
   71795
   59515
   62796
   55497
   52935
   44885
   46305
   43522
   38512
   35801
   36328
   34614
   27398
   27795
   23189
   22356
   23342
   19951
   18897
   14155
   16300
   13851
   13619
   14043
   11129
   11803
   10474
   10117
    9986
    9994
    9281
    6056
    7839
    7538
    7057
    7199
    5889
    5967
    4345
    3959
    3491
    3516
    4211
    3256
    2196
    2590
    2356
    1341
    2619
    2012
    2002
    1363
    1576
    1357
     954
    1396
    1540
     791
     941
     695
    1143
     441
    1019
    1095
    1394
    1141
     500
     648
     283
     301
     397
     425
     514
     407
     187
     315
     133
     122
     495
      80
     174
     196
     160
     344
     121
      32
     143
      27
      92
       0
       0
       0
       0
       0
       0
       0
       0
       0
       0
       0
       0
       0
       0
       0
       0
       0
       0
       0
       0
       0
       0
       0
       0
       0
       0
       0
       0
       0
       0
       0
       0
       0
       0
       0
       0
       0
       0
       0
       0
       0
       0
       0
       0
       0
       0
       0
       0
       0
       0
       0
       0
       0
       0
       0
       0
       0
       0
       0
       0
       0
       0
       0
       0
       0
       0
       0
       0
       0
       0
       0
       0
       0
       0
       0
       0
       0
       0
       0
       0
       0
       0
       0
       0
       0
       0
       0
       0
       0
       0
       0
       0
       0
       0
       0
       0
       0
       0
       0
       0
       0
       0
       0
       0
       0
       0
       0
       0
       0
       0
       0
       0
       0
       0
       0
       0
       0
       0
       0
       0
       0
       0
       0
       0
       0
       0
       0
       0
       0
       0
       0
       0
       0
       0
       0
       0
       0
       0
       0
       0
       0
       0
       0
       0
       0
       0
       0
       0
       0
       0
       0
       0
       0
       0
       0
       0
       0
       0
       0
       0
       0
       0
       0
       0
       0
       0
       0
       0
       0
       0
       0
       0
       0
       0
       0
       0
       0
       0
       0
       0
       0
       0
       0
       0
       0
       0
       0
       0
       0
       0
       0
       0
       0
       0
       0
       0
       0
       0
       0
       0
       0
       0
       0
       0
       0
       0
       0
       0
       0
       0
       0
       0
       0
       0
       0
       0
       0
       0
       0
       0
       0
       0
       0
       0
       0
       0
       0
       0
       0
       0
       0
       0
       0
       0
       0
       0
       0
       0
       0
       0
       0
       0
       0
       0
       0
       0
       0
       0
       0
       0
       0
       0
       0
       0
       0
       0
       0
       0
       0
       0
       0
       0
       0
       0
       0
       0
       0
       0
       0
       0
       0
       0
       0
       0
       0
       0
       0
       0
       0
       0
       0
       0
       0
       0
       0
       0
       0
       0
       0
       0
       0
       0
       0
       0
       0
       0
       0
       0
       0
       0
       0
       0
       0
       0
       0
       0
       0
       0
       0
       0
       0
       0
