3.78343
3.78386
3.78399
3.77961
3.77759
3.77769
3.77787
3.77711
3.77675
3.77744
3.77791
3.77746
3.77694
3.77741
3.77804
3.77715
3.77769
3.77766
3.77728
3.77743
3.77701
3.77746
3.77671
3.77601
3.77654
3.77717
3.77708
3.77712
3.77812
3.7772
3.77656
3.77751
3.77675
3.77648
3.7764
3.77708
3.7764
3.77708
3.77599
3.77578
3.7765
3.7768
3.77598
3.77619
3.77577
3.77692
3.7767
3.7761
3.77628
3.77538
3.77582
3.77548
3.77585
3.77591
3.77584
3.77558
3.77487
3.77464
3.77587
3.7752
3.77494
3.77403
3.77411
3.77455
3.77437
3.7742
3.77458
3.77372
3.77412
3.7735
3.7732
3.77387
3.77421
3.77363
3.77269
3.77299
3.77191
3.7719
3.77141
3.77164
3.77174
3.77208
3.77112
3.77145
3.77106
3.77064
3.7711
3.77161
3.77007
3.77014
3.76975
3.76919
3.77
3.76871
3.76926
3.76857
3.76841
3.76799
3.76868
3.76876
3.76765
3.76839
3.76769
3.76813
3.76726
3.76737
3.76764
3.76644
3.76743
3.7667
3.76676
3.76652
3.76599
3.76686
3.76617
3.76619
3.76655
3.76626
3.76571
3.76489
3.76488
3.76527
3.76604
3.76526
3.76549
3.76576
3.76529
3.76572
3.76482
3.76549
3.76517
3.76422
3.7641
3.76531
3.76458
3.76491
3.76432
3.76415
3.76424
3.76496
3.76406
3.76401
3.76381
3.76438
3.76412
3.76468
3.76406
3.76412
3.76353
3.76371
3.76367
3.76428
3.7632
3.76346
3.76292
3.76307
3.76256
3.76297
3.76359
3.76223
3.76259
3.7624
3.76234
3.76268
3.76182
3.76222
3.76184
3.76145
3.76192
3.76131
3.76064
3.76162
3.76099
3.76102
3.76057
3.76117
3.76044
3.76122
3.76051
3.76062
3.76085
3.76046
3.76042
3.76031
3.75997
3.76003
3.75994
3.75959
3.75997
3.75901
3.7591
3.75884
3.75915
3.75781
3.75866
3.75849
3.7594
3.75806
3.75834
3.75776
3.75922
3.75868
3.75787
3.75828
3.75765
3.75852
3.75817
3.75822
3.75759
3.75741
3.75764
3.75754
3.75771
3.75676
3.75699
3.75766
3.75737
3.75811
3.75679
3.75732
3.75722
3.75725
3.75772
3.75666
3.75687
3.75691
3.7566
3.75679
3.7569
3.75697
3.75709
3.75707
3.75624
3.75702
3.75717
3.7564
3.75701
3.7562
3.75664
3.75613
3.75685
3.75637
3.75666
3.75663
3.75713
3.75631
3.75665
3.75605
3.75663
3.75693
