      0
  16205
  48465
  78769
 113559
 144199
 176783
 208392
 239288
 271917
 304967
 334017
 366716
 398636
 427146
 461620
 493370
 527450
 558424
 587958
 618813
 651472
 681417
 712869
 741606
 776200
 808164
 837427
 870509
 897195
 930554
 961432
 991218
1019455
1050590
1080673
1112937
1141551
1170612
1195622
1229200
1259927
1289956
1318730
1344818
1371823
1404879
1431772
1460305
1486295
1514779
1546306
1572951
1600172
1629387
1650676
1678275
1706877
1734083
1757240
1782171
1807963
1836485
1865857
1887373
1910663
1933158
1958452
1984720
2007040
2031090
2052340
2076166
2097413
2120968
2143510
2161149
2186291
2204343
2227994
2246295
2271154
2288109
2303361
2327796
2348149
2366157
2384805
2397061
2418265
2434737
2451224
2467396
2486310
2506272
2512907
2528721
2544202
2558002
2572188
2586928
2601280
2613560
2622490
2638470
2647545
2657603
2670696
2680377
2691656
2696648
2710459
2721415
2724547
2736617
2739475
2743987
2753505
2764539
2769069
2773961
2778662
2784144
2786068
2789172
2799663
2796229
2797469
2798382
2795170
2805212
2801464
2801369
2802624
2803364
2803297
2797131
2799619
2793578
2793715
2793261
2794291
2783496
2781375
2774993
2770936
2769379
2760133
2756457
2750689
2747054
2731726
2726177
2717096
2709719
2699095
2692420
2687272
2676716
2665384
2657448
2645286
2635758
2630540
2614160
2598287
2586707
2572645
2566999
2548351
2538829
2528197
2510196
2497075
2482581
2469458
2456448
2440544
2422835
2413671
2395304
2374775
2359839
2344299
2331717
2314814
2296770
2281536
2268302
2243074
2230512
2212156
2191446
2174153
2157047
2138744
2122032
2105398
2085211
2065185
2046764
2027014
2006887
1991514
1975487
1953565
1936671
1914177
1895112
1876041
1853992
1840144
1816357
1797420
1778354
1762440
1738315
1723293
1704828
1678492
1666275
1640938
1629776
1611599
1589827
1571440
1547621
1527108
1508624
1493247
1476665
1453278
1434160
1414214
1394083
1378317
1360726
1340066
1323449
1304987
1285665
1264161
1247756
1229427
1213673
1198532
1178928
1161584
1144370
1124398
1110855
1093983
1077487
1057405
1042179
1024930
1008142
 991946
 979221
 962804
 946330
 927645
 914631
 896066
 888546
 869505
 854275
 839270
 824879
 810840
 794727
 780316
 769932
 757243
 740730
 728053
 718460
 701820
 689690
 674805
 662613
 653263
 637636
 624913
 616092
 603821
 589179
 578735
 568588
 555907
 544314
 533919
 524095
 512927
 502684
 491805
 481568
 470283
 461670
 450254
 442554
 431245
 425274
 416369
 405068
 397358
 390134
 380353
 370161
 362878
 354948
 349231
 339251
 329919
 323806
 318016
 309815
 301641
 297242
 287454
 282131
 273746
 268674
 263127
 256320
 249216
 243696
 240763
 234318
 226937
 222323
 215373
 210666
 205102
 200451
 194320
 190035
 185732
 181304
 174969
 171729
 167412
 163498
 157600
 154983
 149998
 145956
 142831
 138572
 133809
 131412
 128687
 125309
 121414
 117099
 115000
 111700
 109365
 105324
 102717
  99097
  97033
  93815
  90781
  89612
  86211
  84341
  81095
  79781
  76670
  74069
  72241
  69965
  68823
  66555
  63972
  62642
  60866
  57416
  57532
  55057
  53436
  51734
  50492
  48586
  47156
  45451
  44574
  43494
  41435
  40436
  38385
  37579
  36245
  35548
  34494
  33189
  32196
  31297
  30424
  29349
  27974
  27870
  26231
  25537
  25144
  23928
  22630
  22901
  21671
  20690
  20081
  19880
  18656
  18721
  17397
  17064
  16143
  15407
  15720
  15022
  14010
  13856
  13233
  13389
  12442
  11775
  11718
  11281
  10885
  10665
  10230
   9893
   9563
   8957
   8591
   8449
   7665
   7917
   7533
   7175
   7008
   6630
   6706
   6229
   6009
   5860
   5822
   5361
   5145
   5021
   4771
   4337
   4420
   4292
   4273
   4268
   3757
   3714
   3691
   3513
   3151
   3226
   3023
   2906
   2734
   2573
   2555
   2493
   2351
   2209
   2104
   1940
   2013
   1851
   1689
   1596
   1724
   1525
   1578
   1497
   1316
   1432
   1286
   1272
   1158
   1210
   1122
   1112
   1040
   1077
    907
    842
    888
    855
    779
    721
    708
    644
    648
    566
    566
    546
    485
    570
    489
    472
    407
    421
    407
    462
    433
    383
    370
    428
    270
    345
    281
    258
    257
    292
    265
    265
    237
    232
    193
    231
    192
    198
    161
    152
    125
    153
    135
    111
    137
    153
     88
    123
    108
    109
     96
     87
     96
     65
     81
     69
     88
     54
     85
     91
     55
     49
     54
     68
     57
     56
     41
     48
     28
     33
     43
     11
     29
     34
     42
     23
     32
     16
     30
     12
     21
     54
     20
      7
     28
     20
     13
      9
     22
     21
     19
      8
     32
     14
     12
     11
     15
     12
     12
     11
      8
     11
      7
     10
      2
      2
      2
      2
      7
      1
      2
      3
      2
      2
     22
     14
     10
      1
     14
      1
     10
      4
      2
      5
      3
      2
      4
      9
      3
      2
      8
      2
      0
      1
      0
      2
      4
      2
      0
      0
      0
      0
      0
      0
      0
      1
      3
      0
      1
      2
      3
      0
      1
      0
      0
      0
      0
      3
      0
      0
      0
      0
      0
      0
      0
      0
      0
      0
      1
      0
      0
      0
      0
      0
      3
      0
      0
      0
      0
      2
      7
      0
      0
      0
      0
      0
      0
      0
      0
      0
      0
      0
      0
      0
      0
      0
      0
      0
      0
      0
      0
      0
      0
      0
      0
      0
      0
      0
      0
      0
      0
      0
      0
      0
      0
      0
      0
      0
      0
      0
      0
      0
      0
      0
      0
      0
      0
      0
      0
      0
      0
      0
      0
      0
      0
      0
      0
      0
      0
      0
      0
      0
      0
      0
      0
      0
      0
      0
      0
      0
      0
      0
      0
      0
      0
      0
      0
      0
      0
      0
      0
      0
      0
      0
      0
      0
      0
      0
      0
      0
      0
      0
      0
      0
      0
      0
      0
      0
      0
      0
      0
      0
      0
      0
      0
      0
      0
      0
      0
      0
      0
      0
      0
      0
      0
      0
      0
      0
      0
      0
      0
      0
      0
      0
      0
      0
      0
      0
      0
      0
      0
      0
      0
      0
      0
      0
      0
      0
      0
      0
      0
      0
      0
      0
      0
      0
      0
      0
      0
      0
      0
      0
      0
      0
      0
      0
      0
      0
      0
      0
      0
      0
      0
      0
      0
      0
      0
      0
      0
      0
      0
      0
      0
      0
      0
      0
      0
      0
      0
      0
      0
      0
      0
      0
      0
      0
      0
      0
      0
      0
      0
      0
      0
      0
      0
      0
      0
      0
      0
      0
      0
      0
      0
      0
      0
      0
      0
      0
      0
      0
      0
      0
      0
      0
      0
      0
      0
      0
      0
      0
      0
      0
      0
      0
      0
      0
      0
      0
      0
      0
      0
      0
      0
      0
      0
      0
      0
      0
      0
      0
      0
      0
      0
      0
      0
      0
      0
      0
      0
      0
      0
      0
      0
      0
      0
      0
      0
      0
      0
      0
      0
      0
      0
      0
      0
      0
      0
      0
      0
      0
      0
      0
      0
      0
      0
      0
      0
      0
      0
      0
      0
      0
      0
      0
      0
      0
      0
      0
      0
      0
      0
      0
      0
      0
      0
      0
      0
      0
      0
      0
      0
      0
      0
      0
      0
      0
      0
      0
      0
      0
      0
      0
      0
      0
      0
      0
      0
      0
      0
      0
      0
      0
      0
      0
      0
      0
      0
      0
      0
