     0
     0
     2
     5
    10
     6
    22
    19
    44
    48
    43
    86
    82
   115
    92
   134
   179
   186
   203
   233
   277
   285
   283
   308
   412
   473
   416
   484
   547
   564
   541
   700
   708
   640
   846
   787
   819
   870
   987
  1028
   986
  1061
  1103
  1157
  1299
  1337
  1320
  1418
  1401
  1500
  1668
  1603
  1769
  1791
  1901
  2036
  1925
  2197
  2243
  2233
  2366
  2491
  2458
  2522
  2627
  2834
  2897
  2990
  3253
  3321
  3232
  3444
  3338
  3545
  3548
  3700
  3631
  3670
  3939
  4309
  4381
  4393
  4366
  4710
  4535
  4689
  4940
  4958
  4939
  5183
  5406
  5636
  5689
  5959
  5930
  5941
  6066
  6350
  6417
  6701
  6603
  6552
  6760
  6858
  7033
  7160
  7144
  7434
  7728
  7913
  7803
  8125
  8193
  8296
  8587
  8958
  8887
  9091
  9144
  9265
  9445
  9614
  9566
  9898
 10067
 10307
 10503
 10704
 10778
 11085
 10976
 11717
 11028
 11627
 11695
 11909
 12130
 12365
 12618
 12514
 12662
 12845
 13082
 13521
 13829
 13678
 13804
 14421
 14388
 14471
 14539
 15005
 15052
 14941
 15752
 15828
 15821
 16601
 16199
 16336
 16561
 17177
 17364
 17352
 17695
 17958
 18287
 18283
 18066
 18478
 18597
 18739
 19715
 19772
 19785
 19893
 20198
 20606
 20765
 20742
 21255
 21294
 22127
 22005
 21644
 22968
 22574
 22869
 22886
 23100
 23252
 23326
 23533
 23993
 24235
 24826
 24810
 25298
 26202
 25866
 26204
 25904
 26618
 27334
 27266
 27018
 27785
 27928
 28260
 28277
 28389
 28250
 29438
 29240
 29486
 29442
 30646
 31436
 31059
 31255
 31087
 32020
 31982
 32127
 32608
 32526
 32636
 33095
 33674
 34013
 34093
 34697
 34998
 34869
 35729
 35513
 35514
 36253
 37132
 36820
 37138
 37355
 37845
 38292
 38650
 38678
 38787
 39337
 39315
 39880
 39968
 40379
 40962
 41039
 41765
 41745
 41881
 42732
 42909
 43346
 43840
 43421
 44432
 44855
 44812
 45468
 45584
 45510
 46380
 47073
 46704
 47444
 47121
 48257
 48698
 48392
 48715
 48664
 48439
 49658
 50434
 49710
 51273
 52062
 51882
 52306
 52284
 53072
 52636
 53271
 53836
 53567
 53995
 54852
 55822
 55466
 55983
 56231
 57327
 57116
 57858
 58287
 58629
 57623
 59674
 60138
 60093
 60100
 60211
 60919
 61852
 61284
 62136
 61971
 63409
 63808
 63607
 63887
 64496
 65041
 65459
 65110
 65842
 65797
 66621
 66874
 67123
 67525
 68329
 68557
 68205
 69481
 69682
 69472
 70525
 71139
 71497
 71653
 72416
 72574
 71384
 73638
 73566
 73261
 74775
 75153
 75337
 76173
 76222
 77449
 77397
 77887
 77758
 78700
 77862
 79110
 79460
 79920
 80413
 81403
 81431
 81520
 82757
 82578
 83507
 83999
 84147
 84731
 85054
 84785
 86135
 86483
 86344
 87269
 86865
 88424
 87166
 88630
 89085
 88690
 90374
 90735
 91163
 92228
 91509
 92244
 93281
 94028
 93359
 93976
 93459
 95242
 96254
 96935
 97109
 97062
 97531
 97850
 99104
 98766
100079
 99603
100023
100859
100699
102424
102575
102745
102902
103892
103948
104248
104115
105281
105832
106249
106971
106964
108739
107752
108454
109073
110141
110357
111117
110159
111518
111401
111389
112472
113575
113713
113958
114653
115365
116512
116546
115742
117666
117969
118168
118769
118864
119833
120215
120940
120269
122720
122313
123184
123135
124194
124545
124120
125713
125977
126080
127233
127335
128578
127730
128841
129486
129502
130106
130463
130901
131279
131956
133415
132747
134316
134131
135074
136430
136655
135660
138523
138006
138306
138471
138329
140269
140905
140799
141236
141043
142043
142282
143592
144783
144160
142859
146521
146020
145554
145999
147549
147827
148781
149001
149233
151584
149845
150103
151802
151186
152370
154122
154883
155270
154812
155422
154444
155881
156093
157401
157356
159491
158007
160026
160775
160493
161527
161745
162479
162986
164281
163647
164267
164828
166450
166452
167483
168742
167766
167902
168546
169623
170594
170927
171062
172206
172404
174277
172705
174158
173504
174301
176350
176534
177436
177672
178295
178453
178641
179599
179898
179799
181108
181400
183193
184065
182137
184962
184354
185120
184719
186888
187310
186706
187653
188919
188979
190256
190688
191144
191173
191851
193129
193730
194413
194545
194000
196094
194428
195677
196274
198245
197704
198659
201443
199344
199627
199315
199818
201436
200876
203547
202936
204365
203821
204923
207694
205642
205077
207974
207413
208365
209536
210085
209553
210059
210752
211138
211543
212923
212428
214226
213867
215207
216048
216321
218637
216783
216852
217898
218411
219938
220228
219579
219572
222621
222066
222189
223729
222986
225377
223383
225160
226179
225874
228707
227046
228686
230966
229507
230030
229570
231987
232368
232752
231336
234606
234150
233232
235058
237797
237250
237876
237103
238833
238155
239158
240937
240572
240103
239462
242488
242112
243138
245263
242002
243895
245227
244783
245816
246666
247470
246637
247043
248828
249005
250698
250673
250133
251610
251915
253762
255517
255278
254130
254143
255865
256377
256171
257736
257941
257455
260828
259656
260307
261922
262236
261800
263032
263737
262854
264030
265583
267056
265995
265691
264935
268016
268561
268193
269899
270737
270163
270145
270095
272004
271767
274639
272991
275038
274894
275258
274958
277417
276591
277218
278334
279551
278526
280009
279133
281705
282642
281570
280504
281739
283667
283646
285275
285337
284285
285576
286818
287823
287082
288012
287310
289848
287887
287868
290663
291004
292631
291798
293345
292053
294332
295285
292708
296187
296088
296846
298296
294582
298332
298487
298165
299769
298778
302014
300605
301879
302531
306336
304224
305263
304855
305263
304568
306623
306048
306251
307666
308262
307275
307160
309148
310881
308538
311294
311826
312048
312438
311172
314106
312901
312454
313345
316285
315768
316967
316636
317331
316167
317460
319673
318704
319373
319416
319464
321389
322349
322582
322997
322740
321847
322712
323863
324174
326259
325294
326265
326960
326478
326095
327251
328294
329462
329852
329861
330610
330815
331463
331279
332380
333781
334364
335493
334176
335590
334682
334453
335048
337670
337319
336524
337743
337678
338939
338620
337693
338991
340445
341158
340980
342000
341645
341012
342171
341623
343781
344903
343947
342639
344920
344373
345785
344647
347305
346045
346237
347944
348700
349317
351690
349848
349803
350349
352274
352142
353000
353486
354112
352565
353757
356047
354128
356247
357791
358335
357114
355129
359257
357246
357053
358697
358315
360315
359068
361332
361672
361771
359719
360110
361418
362271
362464
361974
364324
362230
365381
365006
363464
366316
365926
366697
366817
365621
367886
368595
366503
368121
370395
370683
368445
369694
368280
369688
372729
371673
372187
372293
372877
373471
373207
370211
374135
373933
376626
375197
374508
375098
374891
376097
374350
377701
378997
377635
379694
378989
378615
379212
378291
379811
380174
379781
380161
382919
385060
380195
383468
383592
383402
383684
383914
384496
382894
384747
384179
385147
387078
384495
386612
388167
386562
385858
386906
387444
386610
388776
385756
389847
387536
390739
388439
389119
389698
390937
391633
391799
388972
391798
390879
393166
391614
393852
393078
394256
394350
394742
393205
394349
395044
394903
396165
394521
395994
393255
395730
396344
396678
396504
397936
396194
397819
396976
399182
398846
401162
398459
401559
398624
400531
399788
401131
400806
401907
400983
401653
399782
401634
401355
403194
402195
402263
402649
403046
403785
406068
404354
403868
404925
403392
405935
404834
405479
405495
404452
407301
406004
404448
405068
404933
408446
407446
407541
407275
407968
406341
407846
407988
410297
408239
410528
408167
410840
408804
409394
407937
411252
410304
407706
408628
409276
410095
412505
412846
411574
411231
413052
411668
411400
410233
409374
413048
411835
410877
409707
413940
414412
414120
413242
415519
413360
413897
412826
413530
411945
414600
414678
412933
413825
413937
415047
415221
412948
414018
414339
415538
414600
415168
415675
416324
417541
415857
413873
414796
415929
416873
414471
417115
417117
415849
416896
416556
416183
417846
418380
417342
416882
416875
420066
415524
418461
418191
417424
417844
416663
417943
419639
419166
417200
419097
417572
418211
417149
418763
420816
417409
419560
418444
417537
419780
418578
416633
420093
418623
418625
418104
420950
417994
419758
419477
419293
420152
419305
420051
419278
419898
421017
419433
419219
420367
417715
420231
419076
418647
419302
419672
418325
419685
421191
418800
419315
419242
419981
418455
419339
420541
418065
417566
419956
419614
418800
418247
418678
420060
419205
418140
420085
417938
419999
419123
420778
418990
418103
419507
418972
417833
418255
419342
418696
417983
418841
417104
421570
418149
416126
419855
419458
419545
417846
420446
419102
420020
417600
417753
421484
420453
417711
416328
420052
417460
419366
420397
418865
418292
418443
418327
419470
416687
416649
414702
414891
417071
418820
418069
414856
416255
416215
415633
417276
417665
417702
416768
419612
414546
415237
417508
415206
415010
413735
415560
414710
414188
415440
413550
414448
415350
413457
413821
413158
416052
414443
412415
412533
414669
412457
412782
413569
412210
412952
410642
413559
412687
413077
411130
411646
409652
412396
411157
410837
410462
411518
410232
411884
411119
410054
412762
408720
409136
409363
409046
408114
407484
409540
412538
407557
407586
404967
407474
408425
408874
405538
406129
407462
406288
408428
406893
405812
408574
407694
405734
406741
405257
404952
406415
405116
407117
408662
403166
403419
404737
402737
401989
403384
403034
402368
403354
402869
402067
401878
401048
401314
399741
400290
402421
400206
401375
400558
399832
399309
399944
400675
399266
398627
400276
398143
395899
399993
398436
397983
399804
397514
397810
398117
394989
396602
395355
394313
395164
395625
395505
395926
393838
393955
394285
391557
395614
394422
393411
394506
390425
391201
392210
390603
392065
392990
389379
391686
389240
388947
388174
388868
388817
389285
389795
388417
387063
390216
388122
387357
385702
385948
385000
385984
384984
384146
385291
385842
382262
383591
381867
382379
382925
384594
382062
382350
382629
383666
381745
380547
380097
379482
380587
379966
380350
381327
379005
379840
378061
377984
376927
374393
376915
375454
375690
377012
375919
377138
376518
374099
374181
374290
373361
373846
374012
373888
374298
371648
371535
370356
369487
371145
370963
370391
369757
369007
369186
368794
369290
366677
368749
368638
367148
367661
366863
363371
366986
364762
365189
365317
363368
364998
362804
362198
362627
361433
359195
363483
361989
360317
357357
360731
360827
360081
360554
358789
358473
355876
358669
359009
356678
357151
357153
356910
355995
355284
354858
353798
354009
352459
355908
354543
352898
351765
352551
352069
351222
351374
350798
349792
348506
349907
348390
348818
347649
347612
346634
347551
346153
346605
344290
345184
344676
345933
343212
342770
343944
342339
343088
342928
338862
340548
339372
339556
338081
339883
340154
336954
338523
337236
336492
338485
335754
335790
335179
335930
333986
334138
334439
332843
334236
332201
334811
331530
333530
330822
330882
329738
329884
328672
330423
328604
327789
329363
328697
327923
324084
325059
324649
325077
324975
324283
323011
324889
325074
323231
322732
322166
322943
319958
319436
322115
319136
321322
319866
319386
318231
316915
317333
317226
316764
317633
314530
316565
313860
316980
314312
312567
313985
313809
312785
312107
311528
311525
312053
310210
310603
309227
310386
307732
309155
307231
308055
306194
306554
305832
304740
304877
304054
303454
302414
303213
302471
301330
301850
301466
301382
300153
299466
300565
300198
298476
297936
298376
297894
296574
295217
295506
297608
293413
296306
294366
293599
295052
292455
291817
291724
290954
291894
289232
290728
289196
291721
289706
290053
287310
287826
286033
283702
286177
284508
286055
285799
283414
283017
283925
283825
281736
279525
282209
280906
280888
281436
278400
279952
277921
277922
279088
277277
276385
275092
277645
275784
274940
275317
273952
274336
272718
273715
273009
271517
270520
271206
272976
271220
269809
268515
270035
268336
266803
267550
266922
264895
265035
266098
264440
263998
262819
264987
262843
263669
260803
262222
261839
260292
261250
260202
261891
259368
258592
258848
256453
257402
257543
258999
256328
255151
254948
252657
254987
253132
252473
252284
252202
252939
251761
251201
250790
249373
248357
250537
247672
247627
247566
247369
247834
246903
245463
246274
246215
245706
242460
244133
244425
242418
242547
242967
241029
241075
238292
239882
240595
241331
238488
237864
237736
237017
236557
236820
235944
235290
233918
235402
234487
234809
233991
232652
232481
231705
231546
229584
230820
230234
230577
229019
229291
227576
229329
229761
226491
227380
226520
224866
225188
224161
226840
223663
223466
222351
223894
222110
222949
221619
221364
221816
221337
218988
217764
217518
218486
218327
219182
217191
217158
216559
215247
214713
213727
214584
213405
213601
213430
212606
210476
210473
211048
209845
210164
209440
208909
208644
209430
207921
208535
207480
205918
207409
206698
205989
205487
204794
205797
204779
204222
203423
202410
201995
200684
200780
199768
199962
200362
199538
199751
199056
198814
199051
199121
197350
197253
195247
195793
195565
196327
194622
193934
193321
193453
192984
193222
191297
189828
191720
190863
190236
189638
189761
189723
188325
188848
188263
187241
187559
185965
186213
185611
186633
184343
185845
182541
183409
182535
182091
182698
182167
181148
180266
179963
180118
178366
179061
179286
177877
178021
176960
176225
177434
175524
174953
177217
176755
176091
174786
175200
174905
172963
173325
172004
174083
171233
171519
171225
170735
170158
169927
169691
170677
167902
168742
168017
168315
168363
166765
165683
165633
166464
166212
164268
164691
163866
164688
164808
162512
163123
162204
160835
161876
162118
160664
159976
159018
158401
159125
159141
158107
158069
158779
156119
156119
155812
156498
156052
156567
154153
154005
154032
154020
153386
152308
152711
152636
151473
150283
151577
150334
150401
148692
150283
149164
148324
148428
147811
147591
146606
146680
146634
145403
145014
143653
145859
145359
144642
143524
143781
142259
142484
142303
142839
141685
141223
140248
139639
139793
139973
140071
138236
140079
138309
138593
139174
137067
136650
137030
135828
135788
135922
135542
134296
134461
133520
133717
133324
133077
132639
133306
131982
131960
130718
129970
130536
129124
129717
130170
129288
129142
128756
127497
128449
127109
127173
126023
126350
124926
125528
125747
125619
125154
123688
124157
124791
124877
123774
122321
122855
122283
120036
121853
121288
121239
120686
119645
119838
120251
119114
118190
118447
117157
117894
117070
117025
116416
117203
115041
115855
115514
116190
116067
113896
115774
114331
113387
114018
112735
112659
112562
111534
112166
111617
111885
110707
110345
110779
110407
109301
108520
108386
109155
107789
107945
107432
108429
107832
106155
106425
106395
105795
106076
105045
104531
103454
106013
104037
104386
103719
104523
103638
102778
102281
102218
102312
102061
101881
100556
100766
 99891
 99861
 99777
 99118
 99720
 99336
 99892
 98851
 98667
 97725
 98413
 97110
 96643
 96763
 97513
 95942
 96107
 95906
 94899
 94169
 95499
 94612
 94207
 94460
 94056
 93719
 92352
 93842
 92115
 92114
 90669
 91292
 90224
 90021
 91224
 89639
 90300
 89746
 90216
 89273
 89688
 88651
 88969
 88715
 89244
 87717
 87450
 87287
 87563
 87270
 86588
 86412
 85594
 86155
 86210
 86021
 84932
 85078
 84653
 83820
 84393
 84076
 84615
 83664
 83205
 83318
 82655
 82309
 81874
 81562
 81320
 81723
 80179
 80841
 80496
 79872
 79457
 79804
 78910
 79731
 78844
 78806
 78597
 78112
 77837
 77489
 77362
 77497
 77437
 76870
 76152
 75865
 75910
 75434
 76144
 75331
 75426
 75472
 74171
 74522
 75206
 74004
 74336
 73333
 72540
 72298
 72871
 72072
 72327
 71283
 71776
 71781
 71378
 71508
 70384
 71064
 70195
 69305
 70299
 70147
 69248
 68797
 68968
 68512
 68444
 67764
 67936
 67742
 67258
 67393
 67363
 66922
 67321
 66656
 65899
 65037
 66183
 65582
 65937
 64583
 65039
 64439
 64694
 64243
 63666
 62922
 63238
 62861
 62714
 62526
 62852
 63203
 62613
 61867
 61591
 62341
 61756
 61745
 61138
 61278
 59856
 60480
 60812
 60005
 60419
 59268
 59146
 59437
 58743
 59285
 59015
 58428
 58397
 58079
 57007
 56947
 57365
 57311
 56705
 57046
 57667
 57135
 56137
 56303
 55867
 56059
 55787
 55751
 55712
 55112
 55469
 55105
 54828
 54088
 54225
 54491
 53557
 54390
 52980
 53857
 52794
 52922
 52529
 52665
 51981
 52322
 52327
 51972
 51597
 52041
 50462
 50881
 51523
 50654
 50786
 50354
 49996
 50759
 50422
 49692
 48768
 50089
 49437
 48383
 48224
 48766
 48295
 48877
 47885
 47883
 47956
 46645
 47021
 47632
 47115
 47379
 46334
 46287
 46579
 46434
 46691
 46276
 45027
 45071
 44595
 45429
 44962
 45517
 44883
 44415
 44492
 44417
 44161
 44027
 43637
 44604
 43455
 44162
 42485
 42970
 42713
 42550
 43122
 42191
 42354
 42098
 42082
 41688
 41975
 41850
 41939
 41746
 41192
 40781
 40797
 40996
 40567
 40198
 39721
 39887
 39272
 40042
 39849
 39443
 39337
 39584
 39011
 39141
 39326
 38535
 38122
 38351
 37826
 37526
 37789
 37490
 37298
 37545
 37062
 37151
 37260
 37360
 36945
 36793
 36236
 36192
 36681
 35855
 36250
 35712
 35912
 36064
 35844
 35135
 35442
 35472
 35021
 34364
 34533
 34786
 34655
 33779
 33944
 34355
 33858
 34086
 33549
 34248
 32963
 33212
 33176
 33760
 33392
 32569
 32046
 32768
 32353
 32169
 31863
 31741
 31978
 31831
 31445
 31880
 31907
 31421
 31516
 31269
 30764
 30791
 30888
 30429
 30657
 30782
 29599
 30482
 29946
 29652
 29429
 29911
 29095
 29761
 28967
 29473
 29244
 29416
 28464
 28519
 28519
 28786
 28206
 28346
 28278
 27480
 27844
 28350
 27384
 26989
 27431
 27412
 27463
 27224
 27021
 27044
 26964
 26539
 26500
 26497
 26334
 26397
 26444
 26446
 26070
 25167
 26065
 25522
 25731
 25041
 25688
 25350
 25532
 25271
 24776
 24638
 25100
 24662
 24599
 24571
 23958
 24590
 24056
 23955
 23876
 23974
 23486
 23695
 23664
 23004
 22852
 23329
 23332
 23053
 22418
 23098
 22832
 22613
 22455
 22511
 22976
 22411
 22033
 22222
 21900
 21977
 22109
 22062
 21978
 21741
 21258
 21744
 21675
 21537
 21242
 21477
 20895
 20493
 20889
 20847
 20945
 20949
 20724
 20514
 20355
 20557
 20030
 20181
 20037
 19868
 19978
 19852
 19697
 19516
 19444
 19220
 19686
 19414
 19025
 19155
 19255
 19076
 18657
 19096
 18555
 18645
 18603
 18460
 18595
 17839
 18124
 18296
 17867
 18337
 18181
 17800
 17733
 17739
 17600
 17172
 17328
 17109
 17297
 17387
 16965
 17313
 16903
 17091
 16918
 16868
 16707
 16653
 16901
 16500
 16512
 15825
 15988
 15933
 15740
 16113
 15865
 16289
 15629
 15624
 15891
 15673
 15492
 15802
 15433
 15250
 15610
 15408
 15357
 15023
 15205
 14955
 14857
 15029
 14862
 14902
 14816
 14429
 14630
 14469
 14383
 14074
 13951
 14347
 14335
 14363
 14128
 13756
 13674
 14032
 13958
 13532
 13657
 13465
 13479
 13274
 13827
 13368
 13444
 13089
 13117
 13068
 13346
 12907
 13066
 12811
 12486
 12808
 12989
 12655
 12431
 12145
 12546
 12414
 12506
 12414
 12336
 12222
 11879
 12195
 12319
 12276
 11907
 12381
 11908
 11711
 11808
 11721
 11501
 11488
 11773
 11091
 11725
 11343
 11431
 11491
 11123
 11438
 11050
 11064
 11010
 10756
 10811
 10840
 10877
 10858
 10565
 10322
 11128
 10540
 10729
 10095
 10469
 10503
 10359
 10237
 10460
  9994
 10149
  9618
  9776
  9999
  9685
  9737
  9677
 10121
  9831
  9753
  9578
  9500
  9498
  9458
  9616
  9761
  9396
  8998
  9210
  9410
  9214
  9123
  9006
  9504
  9398
  8717
  8667
  8859
  9118
  8762
  8717
  8945
  9045
  8905
  8931
  8375
  8386
  8873
  8817
  8247
  8394
  8428
  8221
  8504
  8013
  8040
  8071
  7940
  8059
  8154
  7930
  7884
  7731
  7634
  7643
  7866
  7902
  7802
  7747
  7787
  7441
  7459
  7187
  7480
  7539
  7616
  7339
  7167
  7187
  7472
  7352
  7268
  7486
  7282
  6859
  7212
  6904
  7227
  6909
  7064
  7051
  7143
  6918
  6938
  6826
  6785
  6733
  6856
  6632
  6478
  6560
  6496
  6642
  6659
  6756
  6621
  6426
  6242
  6387
  6357
  6311
  6311
  6344
  6350
  6024
  6040
  6330
  6363
  6090
  6183
  6184
  5772
  5604
  5857
  5990
  5943
  5754
  5876
  5575
  5460
  5608
  5659
  5603
  5721
  5699
  5532
  5527
  5482
  5475
  5581
  5460
  5316
  5504
  5557
  5381
  5358
  5218
  5272
  4985
  5091
  5108
  5082
  5059
  4944
  5196
  5081
  4984
  5170
  5139
  4715
  4842
  4845
  4874
  4728
  4760
  4827
  4829
  4723
  4749
  4606
  4807
  4691
  4672
  4603
  4444
  4573
  4677
  4570
  4701
  4395
  4350
  4427
  4454
  4222
  4386
  4130
  4255
  4250
  4416
  4198
  4119
  4107
  4104
  4149
  3998
  3991
  4040
  4043
  4066
  3903
  3880
  4079
  3912
  3972
  3962
  3941
  3788
  3839
  3948
  3915
  3931
  3847
  3711
  3864
  3655
  3807
  3631
  3657
  3676
  3718
  3799
  3620
  3772
  3580
  3577
  3582
  3513
  3450
  3553
  3617
  3575
  3393
  3402
  3362
  3498
  3339
  3242
  3191
  3354
  3264
  3235
  3257
  3209
  3094
  3197
  3223
  3261
  3142
  3002
  3229
  3008
  2925
  3108
  3018
  3141
  2929
  3150
  2844
  2888
  2872
  2875
  2948
  2865
  2890
  2765
  2825
  2909
