93.9123
92.5601
92.3882
92.5383
92.357
92.5285
92.3898
92.4807
92.4322
92.3555
92.5366
92.3765
92.4495
92.3668
92.4863
92.5309
92.4162
92.359
92.4078
92.4449
92.4575
92.4898
92.1868
92.2619
92.3749
92.4413
92.2613
92.5138
92.5546
92.6107
92.4009
92.2913
92.4304
92.2016
92.4587
92.2522
92.2362
92.2772
92.3006
92.232
92.2897
92.2084
92.0671
92.2378
92.2826
92.1314
92.1528
91.9927
92.3419
92.0735
92.171
92.3192
92.146
92.1197
92.0955
92.1146
92.2432
92.0539
91.8842
92.1134
92.2106
92.079
91.8894
92.0692
92.0231
92.0068
92.2631
91.8711
92.1015
92.0454
91.8104
91.8149
91.8662
92.0581
91.8367
91.8641
91.7828
91.7414
91.6907
91.6306
91.4735
91.5151
91.6044
91.6634
91.4704
91.5251
91.4104
91.3338
91.1295
91.3103
91.1908
91.244
91.3151
91.1397
91.0483
91.2156
91.0045
90.8964
90.7494
90.6907
90.5432
90.5226
90.4094
90.2568
90.0956
90.0082
89.8825
89.6936
89.6866
89.4573
89.2528
89.1454
88.8293
88.7998
88.7498
88.58
88.6624
88.4888
88.3618
88.323
88.258
88.2201
88.1933
88.1862
88.1998
88.1794
88.1795
88.2542
88.1301
88.1411
88.2341
88.1704
88.2727
88.1669
88.1854
88.1649
88.1497
88.1651
88.1239
88.1451
88.063
88.0258
88.0731
88.0011
87.9761
87.9626
87.9977
87.9921
87.9014
87.927
87.9011
87.9272
87.8842
87.8883
87.8781
87.8017
87.8675
87.7803
87.7936
87.7381
87.7309
87.7179
87.7668
87.7481
87.7281
87.7609
87.7129
87.7424
87.8062
87.7181
87.7225
87.7489
87.6691
87.7444
87.7374
87.7294
87.6974
87.7314
87.6879
87.7101
87.7206
87.7019
87.7123
87.6925
87.731
87.6742
87.7156
87.6812
87.6848
87.6543
87.7106
87.6584
87.7086
87.7212
87.7175
87.7438
87.6878
87.685
87.665
87.7059
87.6619
87.6903
87.6421
87.6989
87.672
87.6582
87.6628
87.6427
87.6798
87.6511
87.679
87.7266
87.6262
87.6856
87.6488
87.6583
87.635
87.6431
87.6253
87.6467
87.6574
87.6352
87.651
87.6125
87.667
87.669
87.6174
87.5987
87.6282
87.6208
87.5996
87.6355
87.6225
87.6102
87.6281
87.6018
87.624
87.6239
87.6025
87.5432
87.592
87.6241
87.6247
87.588
87.5915
87.5547
87.6279
87.5566
87.586
87.5586
87.5881
87.6035
87.6294
87.6035
87.5718
87.5983
87.5445
87.5712
87.579
87.5734
87.5543
87.5454
87.5587
87.5619
87.5383
87.6038
87.5419
87.5646
87.5605
87.598
87.5378
87.5636
87.5943
87.5562
87.5677
87.5542
87.5937
87.5999
87.5815
87.6196
87.5031
87.5558
87.5828
87.5708
87.5764
87.6239
87.5646
87.5114
87.5338
87.5391
87.5488
87.5759
87.5563
87.5674
87.597
87.5359
87.5505
87.5952
87.5618
87.5372
87.588
87.5293
87.5263
87.5871
87.5066
87.5442
87.5444
87.5017
87.5525
87.5355
87.5209
87.4881
87.5512
87.4698
87.5492
87.5191
87.4939
87.5218
87.5941
87.5233
87.5657
87.5376
87.5707
87.4924
87.4821
87.4876
87.5739
87.5674
87.5457
87.5222
87.5323
87.5198
87.567
87.5551
87.5619
87.5379
87.5469
87.5303
87.5676
87.626
87.5458
87.5957
87.5353
87.5874
87.5815
87.577
87.6005
87.6068
87.661
87.5946
87.5526
87.5607
87.5201
87.5637
87.5747
87.5382
87.5199
87.5905
87.6081
87.5741
87.5315
87.5416
87.5669
87.5714
87.597
87.5243
87.546
87.5465
87.4964
87.5249
87.5745
87.5589
87.5244
87.5302
87.5351
87.5462
87.5295
87.5499
87.5515
87.5351
87.539
87.5342
87.5272
87.519
87.5044
87.5084
87.5307
87.5275
87.5176
87.5005
87.5159
87.5112
87.5194
87.5127
87.5345
87.5088
87.5791
87.5267
87.5646
87.5625
87.5356
87.5623
87.5706
87.5792
87.5963
87.546
87.5392
87.5411
87.5646
87.6204
87.5701
87.6132
87.5798
87.5937
87.6217
87.5743
87.552
87.6472
87.5695
87.5663
87.5757
87.5883
87.5164
87.5416
87.5897
87.5858
87.5459
87.5431
87.5476
87.5665
87.5397
87.5522
87.5474
87.5534
87.5297
87.4897
87.5407
87.5464
87.5766
87.495
87.4971
87.5087
87.5628
87.5473
87.5509
87.5701
87.5387
87.5587
87.5994
87.5656
87.5983
87.5725
87.5615
87.5244
87.5375
87.5796
87.5245
87.5568
87.5246
87.5434
87.5414
87.5597
87.5624
87.5475
87.5677
87.5886
87.5236
87.5606
87.5486
87.5011
87.5978
87.5479
87.5547
87.5391
87.5694
87.6163
87.5307
87.5584
87.5889
87.5824
87.5755
87.5421
87.5746
87.5671
87.5676
87.5493
87.6164
87.5104
87.5594
87.5614
87.5715
87.5608
87.5806
87.5633
87.5477
87.6027
87.5495
87.5226
87.5565
87.5366
87.5207
87.5482
87.4975
87.5498
87.5421
87.5333
87.479
87.5087
87.5265
87.5429
87.5718
87.5897
87.5472
87.5913
87.5697
87.5272
87.6032
87.5489
87.5287
87.5355
87.5521
87.5589
87.5322
87.606
87.5633
87.5739
87.5706
87.5066
87.548
87.5775
87.5596
87.5903
87.494
87.523
87.5445
87.5736
87.5395
87.5074
87.4958
87.5517
87.5227
87.5404
87.5303
87.5065
87.5353
87.5172
87.536
87.5556
87.5345
87.4963
87.4844
87.5536
87.5004
87.5211
87.5222
87.5116
87.5363
87.519
87.5304
87.528
87.5214
87.5196
87.5484
87.5474
87.4948
87.5192
87.4973
87.5365
87.5735
87.4925
87.5179
87.4902
87.5022
87.4853
87.4846
87.475
87.5259
87.5444
87.5014
87.4946
87.5081
87.5245
87.5326
87.4647
87.5113
87.5134
87.5325
87.552
87.4837
87.4998
87.5042
87.4924
87.5593
87.5409
87.4906
87.5384
87.5197
87.5354
87.5088
87.4831
87.5119
87.5126
87.4866
87.5477
87.4849
87.4895
87.5678
87.4837
87.5401
87.5688
87.5693
87.5258
87.5414
87.5001
87.4923
87.5154
87.4864
87.5691
87.4967
87.5249
87.5344
87.5655
87.523
87.4804
87.5019
87.4681
87.4869
87.4851
87.4878
87.4673
87.503
87.5215
87.5133
87.4652
87.5124
87.4917
87.4895
87.4642
87.5338
87.4508
87.5117
87.468
87.5263
87.465
87.505
87.4909
87.504
87.4844
87.5021
87.5061
87.5347
87.5006
87.5318
87.4903
87.4952
87.4818
87.4678
87.4679
87.4521
87.496
87.4324
87.4877
87.4648
87.4209
87.4713
87.4506
87.4551
87.4649
87.4941
87.4721
87.5168
87.5378
87.5199
87.4419
87.5113
87.497
87.5346
87.5185
87.529
87.5601
87.5081
87.5089
87.5158
87.5199
87.5281
87.5403
87.5028
87.4985
87.5656
87.5784
87.52
87.5228
87.5251
87.5259
87.5008
87.5294
87.5542
87.5326
87.5015
87.5242
87.4945
87.5178
87.5363
87.485
87.4981
87.5017
87.5234
87.4896
87.5191
87.4667
87.4817
87.5405
87.4803
87.5415
87.4904
87.5359
87.507
87.4739
87.5217
87.5394
87.4881
87.5163
87.53
87.525
87.5604
87.5292
87.5563
87.5729
87.535
87.5715
87.5377
87.5515
87.515
87.4659
87.5617
87.5463
87.5
87.4589
87.4802
87.4988
87.4796
87.4708
87.5089
87.4847
87.4643
87.3987
87.5061
87.4445
87.5106
87.467
87.4799
87.4618
87.4512
87.4897
87.4871
87.4545
87.5072
87.4774
87.4503
87.4755
87.4962
87.5011
87.5029
87.4896
87.4857
87.4997
87.5043
87.508
87.4985
87.4735
87.4415
87.4183
87.4882
87.5021
87.4744
87.4829
87.4938
87.4915
87.5222
87.532
87.5268
87.5149
87.5027
87.5238
87.4989
87.4751
87.4658
87.4624
87.4427
87.4821
87.423
87.5114
87.4646
87.4694
87.4777
87.494
87.5012
87.4474
87.4866
87.508
87.4983
87.5064
87.4997
87.4875
87.466
87.5003
87.4813
87.4378
87.4934
87.5188
87.4987
87.4469
87.4555
87.449
87.3993
87.3756
87.4607
87.3837
87.3674
87.3799
87.4117
87.3929
87.3818
87.4231
87.4353
87.4425
87.4586
87.4691
87.4572
87.4488
87.4508
87.4099
87.4806
87.4117
87.3995
87.4126
87.4584
87.4286
87.4426
87.4353
87.4526
87.4355
87.4582
87.4622
87.4193
87.4617
87.4817
87.4155
87.4593
87.4167
87.4353
87.4356
87.437
87.4317
87.3621
87.467
87.4596
87.4751
87.4533
87.4202
87.403
87.4472
87.4291
87.4315
87.4629
87.4507
87.4339
87.4262
87.44
87.4069
87.4189
87.4389
87.4272
87.4035
87.442
87.4326
87.3987
87.4048
87.4008
87.4428
87.4337
87.3979
87.4561
87.4274
87.4383
87.4634
87.4109
87.4164
87.4254
87.4476
87.4211
87.4249
87.4082
87.3931
87.4483
87.4007
87.4223
87.3935
87.3744
87.4206
87.3966
87.432
87.3969
87.4284
87.4498
87.4052
87.3667
87.4234
87.3812
87.3739
87.3459
87.365
87.4115
87.371
87.3768
87.4237
87.4007
87.3842
87.382
87.4186
87.3649
87.4019
87.3976
87.4009
87.373
87.3669
87.4096
87.3668
87.343
87.3888
87.3872
87.3606
87.383
87.4029
87.3423
87.3873
87.3854
87.4049
87.4343
87.406
87.4398
87.4318
87.4234
87.356
87.4639
87.3885
87.4107
87.4333
87.4259
87.331
87.3754
87.4024
87.3908
87.3806
87.3664
87.3505
87.3949
87.3208
87.3855
87.3798
87.3627
87.3915
87.3153
87.363
87.3551
87.3776
87.3351
87.3533
87.3414
87.3433
87.311
87.3488
87.3308
87.3656
87.3348
87.3363
87.3525
87.3842
87.3626
87.3375
87.3639
87.3377
87.3298
87.3877
87.3174
87.3029
87.3859
87.3434
87.3389
87.322
87.3343
87.3814
87.3493
87.3312
87.312
87.3007
87.3075
87.3379
87.3329
87.3367
87.3211
87.2792
87.3283
87.3007
87.3663
87.3364
87.3499
87.3131
87.3166
87.3789
87.2675
87.3046
87.3166
87.3347
87.3557
87.3778
87.3571
87.3778
87.3557
87.394
87.3497
87.3098
87.3551
87.3573
87.374
87.3688
87.3143
87.3407
87.2714
87.3022
87.3328
87.3104
87.349
87.3093
87.3193
87.2934
87.2592
87.3036
87.2726
87.2887
87.3355
87.2983
87.2732
87.2782
87.3008
87.2663
87.3103
87.3153
87.2569
87.3088
87.2688
87.3086
87.2731
87.2953
87.2579
87.2493
87.3012
87.3112
87.2876
87.2972
87.2999
87.3495
87.3005
87.2964
87.249
87.2359
87.293
87.2616
87.2679
87.2463
87.2962
87.2543
87.2281
87.2496
87.2752
87.175
87.2032
87.2387
87.2235
87.1849
87.2511
87.226
87.2408
87.2456
87.2462
87.2318
87.2506
87.2863
87.2549
87.2744
87.271
87.2476
87.2371
87.2216
87.2852
87.2359
87.2671
87.2752
87.2256
87.1817
87.1909
87.2364
87.2017
87.2013
87.1922
87.1926
87.2053
87.2326
87.1651
87.1435
87.2155
87.1423
87.2364
87.1504
87.1854
87.1821
87.1571
87.1587
87.1402
87.1876
87.1677
87.158
87.1982
87.1707
87.1613
87.1357
87.1546
87.1449
87.1248
87.1287
87.1369
87.1373
87.0938
87.1394
87.116
87.1004
87.1346
87.0955
87.1279
87.0934
87.0783
87.0891
87.1669
87.1048
87.0962
87.0907
87.0625
87.0989
87.063
87.0838
87.0869
87.0905
87.0816
87.0419
87.0739
87.0798
87.0706
87.0625
87.0824
87.0786
87.0403
87.0751
87.0267
87.0676
87.0333
87.0388
87.0289
87.0026
87.0196
87.0225
87.0294
87.0276
87.007
87.0061
87.0016
87.0189
86.9759
87.0001
86.9944
87.0125
86.9751
86.963
86.9662
86.9566
86.9531
86.9232
86.9039
86.9151
86.9113
86.9225
86.8858
86.8955
86.8966
86.9091
86.8829
86.8894
86.8777
86.9287
86.8812
86.871
86.8391
86.8673
86.868
86.8265
86.8268
86.8414
86.8041
86.8197
86.8105
86.7603
86.7484
86.7774
86.7433
86.7115
86.7311
86.6828
86.7204
86.7062
86.7092
86.657
86.6638
86.6319
86.5688
86.5742
86.6072
86.6236
86.5748
86.5828
86.5666
86.5649
86.5509
86.5324
86.5101
86.4873
86.5007
86.4901
86.4572
86.4471
86.4077
86.43
86.4049
86.3891
86.3799
86.3207
86.3292
86.3235
86.3277
86.303
86.2817
86.2593
86.2392
86.2039
86.1959
86.1802
86.1526
86.1467
86.148
86.0916
86.0951
86.0789
86.0714
86.047
86.0162
86.0135
86.0015
85.9785
85.9538
85.9321
85.915
85.903
85.8931
85.8603
85.8345
85.8501
85.8456
85.8512
85.8286
85.8109
85.7822
85.769
85.7805
85.7832
85.7666
85.7634
85.7665
85.7532
85.7318
85.7536
85.7137
85.7283
85.7396
85.7153
85.7241
85.7215
85.7271
85.7336
85.7418
85.7387
85.7342
85.721
85.7064
85.7463
85.7304
85.7234
85.727
85.7257
85.7226
85.7311
85.7119
85.7298
85.7215
85.7095
85.7285
85.7113
85.7388
85.7289
85.7166
85.71
85.7175
85.7367
85.7233
85.7275
85.7191
85.7194
85.7143
85.7113
85.7128
85.7209
85.7249
85.7117
85.7181
85.706
85.7169
85.726
85.7135
85.7285
85.7051
85.6997
85.7124
85.7132
85.6953
85.7247
85.707
85.7197
85.7108
85.7201
85.7116
85.7132
85.7233
85.7064
85.7135
85.7284
85.7237
85.6999
85.6955
85.7109
85.708
85.7241
85.7073
85.7129
85.7086
85.7197
85.7229
85.7221
85.7133
85.7178
85.719
85.7132
85.7006
85.7264
85.7269
85.713
85.7085
85.7092
85.7111
85.7098
85.7203
85.7282
85.6979
85.7128
85.7281
85.7122
85.7188
85.7114
85.7187
85.7141
85.7168
85.7091
85.7231
85.7259
85.7146
85.6964
85.7164
85.719
85.718
85.7193
85.7216
85.735
85.7177
85.7083
85.7105
85.7116
85.6995
85.7126
85.708
85.7218
85.7236
85.7219
85.711
85.7177
85.6939
85.7085
85.7186
85.7205
85.7179
85.7211
85.7198
85.7263
85.7026
85.7179
85.7262
85.7081
85.7146
85.7099
85.7059
85.711
85.7292
85.7138
85.7281
85.7128
85.7106
85.7106
85.7
85.7136
85.7089
85.7179
85.7082
85.7318
85.7173
85.7034
85.7183
85.7114
85.7117
85.712
85.7216
85.7055
85.7172
85.724
85.6961
85.7162
85.7249
85.7167
85.6972
85.709
85.7229
85.7205
85.6996
85.7158
85.738
85.6997
85.7162
85.7147
85.7153
85.7121
85.7276
85.7239
85.7149
85.7195
85.7214
85.7381
85.7238
85.704
85.7153
85.7223
85.7116
85.7188
85.729
85.7103
85.7238
85.7069
85.7191
85.7096
85.7126
85.7276
85.7019
85.7187
85.7315
85.7218
85.7286
85.709
85.734
85.71
85.7033
85.7223
85.7157
85.722
85.7231
85.7119
85.7112
85.7237
85.7067
85.7115
85.7293
85.7079
85.7043
85.7117
85.7213
85.7173
85.7263
85.7167
85.7015
85.7147
85.704
85.7035
85.704
85.7144
85.7177
85.7166
85.7213
85.7238
85.7139
85.7038
85.7089
85.7136
85.7108
85.7166
85.7165
85.7155
85.7048
85.7102
85.7158
85.7137
85.7181
85.7338
85.7115
85.7226
85.7079
85.7051
85.7159
85.7137
85.711
85.711
85.7098
85.7248
85.7134
85.7228
85.7207
85.7176
85.7123
85.7302
85.6982
85.7224
85.7242
85.7103
85.7237
85.7156
85.7206
85.72
85.7088
85.7239
85.7098
85.7056
85.7245
85.7121
85.7085
85.7047
85.7107
85.7311
85.7128
85.7175
85.7196
85.7083
85.7125
85.7105
85.7165
85.7362
85.7214
85.7173
85.7166
85.7144
85.7088
85.7172
85.7251
85.7163
85.7195
85.7092
85.7107
85.7066
85.7116
85.7326
85.7134
85.7244
85.7244
85.7303
85.7356
85.7151
85.7197
85.7281
85.7233
85.7244
85.7084
85.7003
85.7271
85.7225
85.7161
85.7186
85.7149
85.7144
85.6968
85.7033
85.7292
85.7082
85.7201
85.7072
85.7114
85.7201
85.7084
85.7042
85.7165
85.7162
85.7227
85.7207
85.7215
85.7206
85.7166
85.7145
85.7156
85.7055
85.7097
85.7101
85.7195
85.7194
85.7184
85.7278
85.7193
85.72
85.7144
85.7239
85.7141
85.7133
85.7022
85.6982
85.7244
85.7178
85.7166
85.7204
85.7004
85.7205
85.7225
85.7141
85.7265
85.7241
85.699
85.7066
85.7223
85.7019
85.7184
85.7274
85.72
85.7177
85.7129
85.7121
85.7307
85.7119
85.7358
85.7137
85.7079
85.7288
85.7287
85.7147
85.7149
85.7159
85.7152
85.705
85.7134
85.7128
85.713
85.7278
85.7163
85.731
85.7095
85.7184
85.717
85.7172
85.7183
85.7227
85.7202
85.7251
85.7206
85.7021
85.7151
85.7119
85.7258
85.7105
85.692
85.7261
85.7181
85.726
85.7211
85.7088
85.7178
85.7126
85.7394
85.7238
85.7047
85.7271
85.7165
85.7014
85.7101
85.7252
85.7219
85.7239
85.7133
85.7046
85.7064
85.6953
85.7093
85.7021
85.7098
85.7122
85.714
85.7325
85.7291
85.7234
85.7334
85.7235
85.7348
85.731
85.7136
85.7284
85.7081
85.7152
85.7105
85.7278
85.7125
85.7098
85.7162
85.7188
85.7117
85.7235
85.7155
85.6964
85.7193
85.7217
85.7173
85.7244
85.7145
85.7251
85.7244
85.7219
85.7198
85.7192
85.7048
85.7251
85.7183
85.7165
85.7061
85.7187
85.7185
85.7053
85.7277
85.719
85.7353
85.7234
85.7156
85.7163
85.7099
85.7155
85.7142
85.709
85.7145
85.7105
85.6947
85.7262
85.7263
85.7202
85.7214
85.731
85.6993
85.7126
85.7161
85.7054
85.7272
85.7234
85.7335
85.7357
85.719
85.7034
85.7248
85.7407
85.7062
85.7098
85.7229
85.7093
85.7152
85.7155
85.7094
85.7182
85.7094
85.7305
85.7072
85.7179
85.7209
85.7301
85.7266
85.7175
85.7178
85.7438
85.7248
85.7061
85.7192
85.7217
85.7153
85.7093
85.7237
85.7289
85.6995
85.7162
85.7217
85.7339
85.7231
85.7067
85.6993
85.7046
85.7196
85.7227
85.6987
85.7143
85.7194
85.716
85.7175
85.7078
85.7201
85.7156
85.7165
85.7105
85.7087
85.7317
85.7297
85.7147
85.7298
85.7302
85.7254
85.727
85.7216
85.7174
85.6992
85.7249
85.7048
85.7144
85.7183
85.7282
85.715
85.7111
85.7222
85.7117
85.7273
85.7224
85.719
85.7233
85.7116
85.7169
85.7145
85.7073
85.7058
85.715
85.7204
85.7137
85.727
85.7057
85.7149
85.722
85.7172
85.7195
85.7181
85.7106
85.7016
85.7096
85.7077
85.7015
85.7093
85.7228
85.7184
85.6946
85.7175
85.7113
85.7285
85.7085
85.7167
85.7148
85.7103
85.715
85.7192
85.7132
85.7281
85.7166
85.716
85.7346
85.7321
85.7126
85.7182
85.699
85.723
85.7177
85.7195
85.7288
85.7171
85.7128
85.7186
85.7163
85.7315
85.7208
85.7102
85.7187
85.7247
85.7275
85.7261
85.7426
85.7224
85.7181
85.726
85.7179
85.717
85.7319
85.7273
85.7266
85.7143
85.6979
85.7197
85.7032
85.723
85.7011
85.7198
85.7244
85.7349
85.7318
85.71
85.7202
85.7201
85.7213
85.73
85.7125
85.7146
85.729
85.7114
85.7173
85.7255
85.7202
85.7122
85.7046
85.7179
85.7136
85.7198
85.7066
85.7205
85.7174
85.7229
85.7281
85.7223
85.7228
85.7077
85.7105
85.7007
85.7175
85.7304
85.7135
85.7126
85.7298
85.7097
85.7211
85.7109
85.715
85.7143
85.7243
85.7306
85.7293
85.7117
85.7304
85.722
85.7153
85.7209
85.7285
85.7346
85.7357
85.7214
85.7196
85.7129
85.7216
85.6988
85.7202
85.7118
85.7074
85.7093
85.7082
85.7123
85.7102
85.7152
85.7209
85.7203
85.7297
85.7148
85.7086
85.7215
85.7062
85.7094
85.7025
85.704
85.7255
85.7101
85.707
85.7178
85.6976
85.7274
85.7211
85.7276
85.7098
85.7094
85.7211
85.7133
85.7108
85.699
85.7203
85.709
85.7051
85.73
85.7257
85.7319
85.7164
85.7233
85.7235
85.722
85.7211
85.691
85.7293
85.7166
85.6988
85.7091
85.71
85.7363
85.7332
85.722
85.7235
85.7213
85.7219
85.7142
85.7288
85.7232
85.7135
85.7276
85.7326
85.7222
85.7148
85.7102
85.7354
85.7129
85.7198
85.7226
85.723
85.7155
85.7319
85.7264
85.7153
85.7262
85.7136
85.7146
85.722
85.714
85.7187
85.72
85.7066
85.72
85.7337
85.7389
85.7232
85.7133
85.712
85.7194
85.7263
85.7093
85.7186
85.7239
85.7222
85.7141
85.704
85.7062
85.718
85.7347
85.725
85.7172
85.7069
85.7168
85.7037
85.7244
85.7021
85.7326
85.7347
85.735
85.7168
85.708
85.7233
85.7177
85.6993
85.7202
85.7123
85.7129
85.7129
85.7066
85.724
85.7273
85.7107
85.7112
85.708
85.7157
85.7141
85.7075
85.727
85.713
85.7054
85.7132
85.7184
85.704
85.7317
85.7211
85.7284
85.7099
85.7177
85.7184
85.7205
85.7257
85.7173
85.7147
85.7174
85.7286
85.7286
85.7283
85.7018
85.7211
85.7302
85.7102
85.7267
85.7435
85.7193
85.7114
85.7193
85.7053
85.718
85.7169
85.7182
85.722
85.7152
85.7163
85.7257
85.7177
85.7142
85.7195
85.7193
85.7198
85.7215
85.7075
85.7171
85.7195
85.7146
85.7266
85.7102
85.7059
85.7233
85.7204
85.7259
85.7244
85.7182
85.7061
85.7114
85.7199
85.6994
85.701
85.6969
85.7144
85.7082
85.7115
85.714
85.7246
85.7295
85.7181
85.721
85.7153
85.707
85.7073
85.7218
85.7082
85.7151
85.7362
85.7245
85.6971
85.7088
85.7181
85.7261
85.7083
85.7226
85.7205
85.7113
85.7196
85.7195
85.7072
85.7123
85.7157
85.7214
85.7378
85.7071
85.7266
85.7154
85.719
85.7326
85.7166
85.7133
85.7291
85.7215
85.7238
85.7084
85.709
85.7173
85.706
85.7158
85.722
85.7419
85.722
85.7167
85.7132
85.708
85.7078
85.7103
85.7257
85.7203
85.71
85.7257
85.7152
85.7204
85.7071
85.722
85.7169
85.7203
85.7289
85.7094
85.7256
85.7198
85.728
85.7184
85.7058
85.7216
85.7234
85.7177
85.713
85.7172
85.7126
85.7051
85.7138
85.7099
85.7076
85.7033
85.723
85.7193
85.7198
85.7289
85.6996
85.7113
85.7232
85.7163
85.7211
85.7259
85.7109
85.7226
85.7166
85.7238
85.7135
85.7165
85.7204
85.7053
85.7048
85.7218
85.7133
85.7304
85.7208
85.702
85.7077
85.7128
85.7189
85.7188
85.725
85.7372
85.7202
85.7191
85.7224
85.7216
85.731
85.7108
85.711
85.7143
85.7157
85.7188
85.7027
85.7183
85.7251
85.719
85.7179
85.7241
85.7167
85.7216
85.7177
85.7141
85.7328
85.7015
85.7149
85.7078
85.7192
85.7229
85.7157
85.7239
85.7154
85.7108
85.7218
85.7163
85.7253
85.7134
85.7162
85.7111
85.714
85.7136
85.728
85.7187
85.7238
85.7325
85.7213
85.712
85.7243
85.7332
85.7424
85.7302
85.7121
85.7303
85.7196
85.7219
85.7096
85.7002
85.7302
85.7048
85.7219
85.7182
85.713
85.7232
85.7181
85.7039
85.7244
85.7154
85.7192
85.7171
85.7313
85.7159
85.729
85.7018
85.7209
85.7104
85.726
85.7153
85.723
85.739
85.7326
85.7151
85.7159
85.7335
85.7219
85.7361
85.7243
85.7253
85.7095
85.7278
85.7108
85.6997
85.7242
85.7242
85.7061
85.7207
85.7144
85.7175
85.7339
85.7258
85.7282
85.721
85.7352
85.7164
85.7102
85.7188
85.7294
85.7226
85.7085
85.6991
85.7263
85.7265
85.7231
85.7168
85.7105
85.7191
85.7024
85.7134
85.7029
85.7259
85.7132
85.7129
85.7157
85.7089
85.7143
85.7242
85.7142
85.7076
85.7153
85.7369
85.7222
85.7084
85.7119
85.7115
85.7233
85.7217
85.7368
85.726
85.7274
85.7116
85.7165
85.7145
85.7033
85.716
85.7115
85.7001
85.6997
85.695
85.7362
85.715
85.7174
85.7124
85.7016
85.7225
85.7107
85.7371
85.7208
85.7426
85.716
85.7321
85.7218
85.7156
85.7227
85.7108
85.7161
85.7198
85.7227
85.7197
85.721
85.7076
85.7162
85.7173
85.7134
85.7293
85.7073
85.728
85.7083
85.7332
85.7317
85.7307
85.7259
85.7221
85.7283
85.7119
85.723
85.6988
85.7271
85.7432
85.7299
85.7268
85.7264
85.7196
85.7176
85.716
85.7335
85.7253
85.7233
85.7103
85.7199
85.6899
85.7278
85.7193
85.7019
85.715
85.718
85.7122
85.6933
85.7246
85.7404
85.7184
85.7202
85.703
85.709
85.7282
85.7117
85.7211
85.7023
85.716
85.7294
85.7172
85.7277
85.721
85.7174
85.7056
85.7114
85.7074
85.7111
85.7137
85.7239
85.7118
85.7186
85.7227
85.7118
85.7058
85.6987
85.7171
85.7228
85.7103
85.7333
85.7222
85.7227
85.7056
85.7197
85.7176
85.7211
85.7256
85.7357
85.726
85.7188
85.7133
85.7336
85.7128
85.7215
85.7069
85.7321
85.7129
85.7087
85.7126
85.7163
85.7346
85.7311
85.7216
85.7021
85.7241
85.7204
85.7082
85.7253
85.7169
85.7213
85.723
85.7063
85.7097
85.7139
85.7019
85.7192
85.7323
85.7002
85.7149
85.7103
85.7278
85.7141
85.721
85.721
85.7262
85.734
85.7191
85.7296
85.7098
85.7116
85.724
85.7402
85.7283
85.7164
85.7393
85.7198
85.7221
85.722
85.7145
85.7155
85.7176
85.7234
85.7193
85.7175
85.733
85.7143
85.7377
85.7071
85.7175
85.7196
85.7129
85.7238
85.7245
85.718
85.7258
85.7178
85.7073
85.713
85.7223
85.7143
85.7259
85.7376
85.7271
85.7417
85.7235
85.7154
85.7189
85.723
85.7255
85.7232
85.7189
85.7245
85.7213
85.7248
85.7183
85.7247
85.7105
85.712
85.7207
85.7158
85.7109
85.7062
85.7117
85.7153
85.7187
85.7229
85.7206
85.7121
85.7246
85.7179
85.7149
85.7216
85.7188
85.7333
85.7115
85.7037
85.7096
85.7275
85.7323
85.7211
85.7134
85.7222
85.7342
85.7111
85.7158
85.717
85.7222
85.7211
85.7123
85.7179
85.7233
85.7151
85.7275
85.72
85.7244
85.7243
85.7166
85.7048
85.6929
85.7174
85.709
85.7168
85.7054
85.7029
85.7136
85.7073
85.6992
85.7233
85.7125
85.7283
85.7242
85.7262
85.7047
85.7373
85.7298
85.7193
85.7209
85.7175
85.7196
85.7029
85.7143
85.7222
85.7139
85.723
85.7094
85.7278
85.7136
85.7219
85.7182
85.7178
85.7155
85.7047
85.7173
85.7235
85.7201
85.7123
85.7271
85.7137
85.7192
85.7321
85.7192
85.7125
85.7086
85.7277
85.7159
85.708
85.7266
85.7245
85.7287
85.7229
85.7242
85.728
85.7304
85.7307
85.7074
85.7138
85.7148
85.7149
85.7276
85.7197
85.7111
85.7204
85.7218
85.7114
85.7172
85.6939
85.7082
85.6986
85.7244
85.731
85.7324
85.7266
85.7177
85.7132
85.7199
85.7151
85.7124
85.7191
85.7191
85.7072
85.7169
85.7128
85.7201
85.7133
85.7228
85.726
85.7325
85.7126
85.7182
85.7234
85.7095
85.6984
85.7131
85.7089
85.7183
85.7192
85.7078
85.7198
85.7205
85.7256
85.721
85.7335
85.7322
85.7137
85.7081
85.7118
85.7009
85.7136
85.725
85.7189
85.7199
85.7099
85.7178
85.7041
85.7104
85.7141
85.7203
85.7174
85.7149
85.7283
85.7214
85.7127
85.7196
85.7119
85.7294
85.7191
85.7176
85.7103
85.7103
85.7408
85.7241
85.7313
85.7298
85.729
85.7517
85.7129
85.7167
85.7308
85.7198
85.7146
85.7159
85.7246
85.7196
85.7311
85.7225
85.7272
85.7078
85.7127
85.7142
85.7215
85.7225
85.717
85.7112
85.7329
85.7209
85.7122
85.7219
85.7184
85.7121
85.7305
85.7412
85.6979
85.7245
85.7185
85.7121
85.7133
85.7089
85.7106
85.7263
85.7196
85.7211
85.7166
85.7209
85.7241
85.7158
85.7242
85.7421
85.7464
85.7311
85.7165
85.7152
85.7265
85.7096
85.7205
85.7185
85.7148
85.7165
85.7269
85.7063
85.7283
85.7111
85.711
85.7354
85.7128
85.7116
85.7124
85.7073
85.7183
85.7115
85.7133
85.7082
85.7164
85.7302
85.7195
85.7012
85.7219
85.717
85.7318
85.7169
85.7061
85.716
85.7099
85.7316
85.717
85.7095
85.7098
85.7212
85.708
85.7283
85.7074
85.7309
85.7173
85.7197
85.7148
85.7151
85.731
85.714
85.7232
85.7388
85.7034
85.7179
85.7154
85.7217
85.7343
85.7065
85.749
85.7369
85.7228
85.6984
85.731
85.7288
85.7202
85.7232
85.7088
85.7261
85.7031
85.7241
85.7106
85.7258
85.7132
85.725
85.7195
85.714
85.7133
85.7277
85.7352
85.7196
85.7228
85.7361
85.7199
85.723
85.7346
85.717
85.7154
85.7065
85.7229
85.727
85.7225
85.7067
85.7276
85.7229
85.7108
85.7304
85.7137
85.7133
85.7119
85.7077
85.695
85.7111
85.7144
85.7133
85.7155
85.7073
85.7161
85.7155
85.7009
85.7119
85.7271
85.7136
85.7201
85.7097
85.7231
85.7186
85.7307
85.7159
85.7134
85.7108
85.727
85.7228
85.7147
85.7171
85.715
85.7337
85.7213
85.7245
85.7258
85.7227
85.7108
85.7197
85.7258
85.7264
85.7192
85.7088
85.7191
85.7176
85.713
85.7258
85.725
85.72
85.7203
85.7187
85.7192
85.7168
85.7075
85.712
85.7211
85.7172
85.7193
85.716
85.7192
85.7164
85.7185
85.718
85.7137
85.7175
85.717
85.7153
