      0
     23
     62
    217
    301
    359
    428
    680
   1100
   1602
   1424
   2310
   2683
   3094
   3969
   3882
   4550
   5444
   6479
   7037
   7233
   8348
   8755
   9468
  10506
  11249
  12807
  13841
  14295
  16276
  16300
  17954
  19251
  20277
  21567
  23279
  24288
  26460
  27881
  29369
  29793
  33516
  33963
  35232
  38884
  38371
  40595
  44303
  45574
  45582
  49534
  49874
  51827
  55887
  57712
  59786
  61953
  63604
  64667
  66411
  71790
  72359
  74688
  78506
  81513
  85053
  86463
  88834
  92954
  92324
  98689
 102520
 103249
 107434
 111930
 111970
 116189
 120313
 123325
 127176
 131713
 133319
 137838
 142695
 142955
 145764
 154509
 154486
 160218
 161352
 164068
 172433
 174331
 180954
 185227
 188084
 195281
 198772
 197774
 203271
 208892
 212353
 218859
 223849
 229122
 232461
 235447
 243284
 248941
 255238
 256045
 262186
 270010
 276152
 278427
 283156
 289112
 298835
 298905
 305538
 309425
 315060
 317920
 328171
 337643
 341989
 350203
 352904
 357794
 367263
 370695
 375232
 386386
 391765
 401107
 405325
 412827
 416872
 425076
 436174
 439642
 439591
 453831
 457812
 471574
 475705
 483963
 487085
 496939
 508919
 515427
 518363
 530638
 534726
 548659
 554088
 564160
 571208
 581918
 582716
 595780
 609467
 610076
 618398
 632886
 643951
 646174
 652926
 664987
 671505
 674811
 697771
 697595
 717004
 733148
 730335
 743691
 750657
 760981
 769085
 778996
 792091
 797445
 812240
 818321
 827614
 837649
 846091
 860764
 868340
 880356
 900090
 908688
 921464
 927877
 932061
 948021
 958876
 965076
 980598
 994275
1001112
1010279
1027622
1036200
1049451
1061083
1073706
1080598
1099142
1106039
1124500
1130939
1153225
1153471
1171325
1187090
1197580
1204876
1223958
1240282
1243020
1260599
1275158
1281906
1293949
1302332
1316803
1335210
1351612
1360029
1372802
1392879
1401453
1411162
1427402
1444573
1451410
1469482
1480296
1499081
1510438
1532773
1541554
1555524
1564554
1590764
1589430
1614040
1622500
1646183
1651539
1669671
1687005
1704506
1709298
1731031
1744848
1755538
1777458
1793397
1806390
1821350
1825663
1854758
1868700
1877371
1898083
1915145
1926980
1943551
1954958
1967024
1982919
2002118
2017885
2022387
2063952
2055799
2077114
2091894
2113066
2131564
2145036
2155506
2178277
2195059
2207378
2229407
2247208
2252747
2282108
2291493
2312708
2320204
2339690
2359411
2360283
2385050
2401818
2425879
2448892
2457901
2463144
2487151
2513044
2514711
2548914
2564713
2564710
2575133
2608707
2626690
2644827
2647751
2668599
2685730
2702967
2724860
2727338
2760920
2792998
2781430
2805186
2816246
2847449
2856712
2872267
2869483
2896387
2915771
2940284
2950395
2968132
2980293
2999576
3032666
3026571
3057131
3062358
3077561
3087106
3130244
3139977
3155658
3165939
3176695
3193206
3214703
3236584
3242236
3278700
3269301
3294494
3310667
3308340
3342864
3352433
3376049
3382873
3398863
3423684
3421303
3458608
3457887
3492112
3504201
3510046
3533737
3561547
3568823
3576011
3594955
3620482
3608187
3633014
3647324
3663982
3683933
3694902
3706542
3730527
3745135
3753995
3760650
3764719
3797649
3811993
3804790
3833447
3859421
3857403
3884456
3896259
3898138
3912716
3921522
3936872
3965390
3997329
3976128
3998216
4008224
4026044
4053436
4049918
4063248
4061888
4079112
4099814
4119803
4115525
4134279
4148200
4157703
4163228
4191721
4199340
4197189
4199793
4216395
4238450
4244197
4269188
4265924
4289100
4282667
4290907
4326767
4316963
4324632
4341111
4343904
4366047
4377965
4373500
4405708
4395209
4414488
4412303
4437990
4440057
4445715
4461455
4470102
4474824
4479755
4485272
4503195
4502944
4511541
4515136
4525293
4535219
4549425
4549627
4555317
4558297
4570706
4576247
4587293
4576916
4600209
4613058
4601495
4615311
4630522
4624535
4640289
4632312
4628337
4647397
4664320
4654280
4657814
4659693
4672010
4683232
4667731
4689269
4690319
4690405
4681835
4687284
4704596
4700710
4723529
4705349
4710170
4701776
4712099
4704810
4714070
4720589
4725500
4723898
4722048
4724080
4733216
4739392
4736302
4742475
4738249
4739181
4732695
4736714
4756101
4738923
4729142
4744248
4736329
4738330
4736640
4723401
4742892
4723107
4727132
4728453
4712211
4728413
4732422
4720030
4729491
4706581
4707611
4708437
4699868
4715291
4724412
4716204
4704399
4693395
4701879
4716856
4697089
4691286
4685111
4683463
4665581
4656256
4666828
4649960
4652758
4636705
4644289
4641189
4638966
4605404
4630143
4615676
4611451
4612114
4608063
4604173
4596478
4575061
4569486
4558115
4556055
4553635
4541589
4536433
4519171
4532570
4517931
4496743
4503504
4499083
4479679
4472800
4462823
4467221
4458369
4451379
4427621
4432596
4414536
4416499
4409600
4392586
4393699
4384472
4378264
4362472
4347628
4360229
4336874
4328476
4310150
4299512
4273654
4271802
4265364
4276095
4230586
4221025
4225673
4217145
4198695
4190110
4174961
4191971
4165091
4154794
4148021
4121323
4117727
4105207
4097771
4073046
4061251
4059890
4040752
4027710
4011989
4013010
3999813
3977015
3958359
3960539
3946640
3922301
3914492
3894438
3890159
3870601
3854490
3851004
3836322
3826374
3799480
3805717
3785064
3763776
3756831
3747611
3729655
3716716
3692274
3680620
3669795
3669208
3640692
3629932
3615877
3594907
3594787
3581090
3561866
3543270
3528324
3523428
3513327
3493645
3479486
3470714
3439775
3422355
3415098
3410382
3392414
3381784
3354976
3347567
3321682
3305756
3299686
3285364
3265905
3255311
3246570
3235673
3215291
3183846
3180424
3167333
3146629
3127630
3112867
3105999
3084364
3091792
3065417
3041896
3022624
3005178
3010257
2981990
2974686
2958773
2938477
2925481
2900696
2892688
2879460
2873272
2835570
2832219
2825938
2800647
2782525
2784434
2760436
2740889
2719896
2710308
2699679
2672378
2664999
2649761
2636800
2625654
2604336
2590820
2573484
2549008
2546985
2533691
2500005
2500743
2492606
2478860
2458093
2445160
2432547
2421707
2399801
2379449
2382318
2353608
2337330
2325633
2309956
2298970
2285968
2264857
2253104
2231946
2220790
2210129
2192328
2187149
2158381
2147850
2132792
2113366
2114676
2094914
2083795
2065234
2055582
2037685
2028485
2010794
1997019
1984436
1976117
1945351
1937695
1928434
1910432
1901293
1885917
1870647
1862103
1833562
1832864
1808902
1810665
1797579
1780437
1761284
1757670
1743752
1726777
1726871
1698905
1693379
1672126
1664932
1651001
1643197
1621201
1616857
1602012
1589434
1575936
1558714
1546673
1537437
1523837
1516824
1502846
1488776
1487024
1470349
1459252
1442455
1436906
1419235
1412530
1402403
1380510
1376828
1364453
1349494
1346205
1328659
1314541
1308939
1300651
1287622
1273070
1263797
1255729
1248563
1244734
1222351
1213183
1203644
1201105
1189187
1176272
1154228
1153882
1136983
1128968
1120248
1101637
1098720
1092798
1079783
1072317
1057859
1053042
1037000
1034663
1023712
1013476
1003992
 989638
 989059
 978286
 973329
 960788
 949394
 942520
 939544
 928107
 912489
 905800
 898419
 892179
 883537
 871387
 869396
 861909
 849368
 844275
 830994
 826080
 817564
 802279
 799386
 789334
 785240
 784581
 765183
 759952
 758458
 753003
 736088
 733552
 726900
 721362
 702825
 701668
 698037
 685583
 674909
 674508
 666852
 661247
 649345
 651449
 640805
 635344
 632295
 620507
 613618
 605840
 601332
 593876
 594107
 583919
 576940
 567843
 561714
 560319
 552233
 547196
 543168
 541834
 529072
 523399
 519169
 509738
 510400
 503479
 497481
 490457
 482306
 479705
 475717
 468352
 460324
 464028
 455349
 449847
 446242
 437987
 428586
 427027
 419120
 419756
 415476
 404819
 401320
 398849
 395535
 388353
 381848
 377692
 377025
 376180
 365498
 364342
 364604
 355677
 347699
 350420
 343357
 338468
 335444
 327789
 325561
 324587
 318019
 317672
 310915
 309356
 305490
 298919
 292920
 296068
 290809
 289599
 286260
 280110
 272121
 276303
 267957
 265862
 263298
 261261
 256123
 255483
 249791
 249180
 246714
 240509
 240554
 234917
 234901
 229842
 225323
 223332
 221268
 215974
 214353
 209645
 208281
 210312
 201622
 198296
 197080
 193308
 192451
 191020
 189495
 185464
 184808
 182567
 179084
 174414
 173242
 174794
 169094
 166108
 160715
 159840
 161199
 157212
 156254
 155481
 153478
 151507
 146798
 146501
 143151
 142436
 141130
 139232
 135325
 133644
 134139
 130085
 131048
 126452
 124616
 122308
 120861
 120151
 118394
 115724
 116231
 113556
 112079
 110773
 108458
 107465
 107398
 104218
 105328
 102961
 100559
  99701
  96673
  93607
  93636
  92744
  92198
  90553
  90421
  88320
  85975
  85829
  83561
  84511
  81458
  81544
  79791
  80527
  77246
  76471
  75868
  74514
  73835
  71085
  69591
  68169
  70862
  68779
  66310
  64760
  64583
  64100
  63232
  60151
  60761
  57593
  57819
  57266
  57774
  54840
  55790
  53436
  54663
  51573
  51029
  51645
  50864
  49686
  49143
  47496
  48442
  45244
  46300
  44957
  44767
  44988
  43926
  41522
  41299
  40412
  41060
  40677
  40692
  39281
  38892
  36909
  38326
  35844
  35752
  34551
  34053
  34531
  32735
  33681
  31698
  31542
  30032
  29516
  30216
  29334
  28491
  28802
  28668
  27925
  27841
  28310
  26625
  25767
  26761
  24586
  25150
  24350
  24043
  23596
  23664
  23281
  22776
  21338
  21571
  21822
  21004
  20462
  19977
  19730
  19064
  19428
  19230
  19830
  18421
  17633
  17458
  17780
  18353
  18016
  16799
  16702
  15930
  15481
  15193
  15281
  14699
  14466
  14553
  14434
  13686
  13446
  13082
  12484
  13096
  13246
  13246
  12118
  12347
  12076
  12081
  11680
  11157
  10625
  10808
  10620
   9902
  10256
  10058
  10726
   9710
   9167
   9272
   8980
   9270
   9830
   9358
   8820
   9069
   9023
   8452
   8184
   7805
   8133
   8017
   7782
   7420
   7432
   6979
   7585
   7288
   7469
   6789
   6437
   6259
   6330
   6731
   5753
   4857
   5928
   5117
   5264
   5219
   5400
   5314
   5162
   4941
   5240
   4769
   4395
   5058
   4690
   4793
   4569
   4238
   4542
   4270
   3968
   3600
   3888
   4245
   3665
   3460
   3325
   3792
   3818
   3831
   3715
   3341
   3590
   3019
   3317
   3085
   2912
   3189
   2982
   2789
   2849
   2640
   2868
   2721
   2659
   2411
   2110
   2692
   1949
   2325
   2302
   2255
   2514
   2359
   2336
   1937
   2174
   1883
   2359
   2123
   1792
   1985
   1845
   1983
   1602
   1587
   1488
   1753
   1684
   1705
   1870
   1612
   1662
   1526
   1403
   1378
   1748
   1134
   1223
   1332
   1689
   1117
   1347
   1237
   1107
   1135
   1322
   1194
   1117
   1173
    950
   1085
    792
    785
    896
    994
    842
    950
   1044
    746
    551
    622
    858
    682
    788
    772
    699
    773
    617
    667
    470
    865
    587
    584
    610
    650
    571
    715
    520
    746
    573
    455
    403
    454
    504
    563
    473
    609
    341
    408
    466
    288
    311
    392
    332
    375
    408
    447
    368
    289
    317
    461
    274
    319
    264
    359
    362
    253
    382
    297
    219
    484
    339
    197
    218
    235
    387
    216
    240
    220
    304
    279
    258
    273
    161
    192
    284
    182
    212
    177
    226
    254
    242
    289
    212
    177
     98
     73
    121
    288
    128
    137
    109
    131
    268
    182
    110
    279
    165
    128
    161
    151
    115
    323
     90
    128
    125
     92
    144
    114
     86
    155
    108
    104
    111
     58
    168
    102
    104
    258
    135
     62
    138
     44
    118
    147
     61
     86
     61
    120
    165
     27
     79
     73
    122
     92
     72
     89
    121
    100
     49
     95
    105
     14
    126
     44
     47
     40
     37
     43
     46
      0
     83
     63
     41
     27
     53
     16
     97
     38
     72
     33
     66
     95
     45
     21
     68
     65
     36
     51
     40
     46
     49
     47
     31
     37
     36
     35
     44
     36
     20
      2
     21
      5
     34
      8
      7
     34
     42
     26
     31
     14
      4
     17
      7
      4
     34
     22
     72
      3
     12
      1
      5
      9
      9
      1
      2
     16
     33
     30
     33
     18
      0
      9
     62
     18
     53
     72
      4
      7
      0
     55
     20
     16
      8
     17
      8
     24
      9
     23
     12
     25
      1
      0
      0
      0
      8
      8
      9
     23
     16
     20
     29
     17
      5
     36
     29
     34
      0
      4
     48
     10
     15
      0
      4
      1
      4
     26
      6
     20
      0
      6
      0
     33
      1
      3
      1
      2
     14
     24
     13
      2
      8
      0
      6
      0
      0
      1
      3
      7
      9
      7
     29
      0
      8
     10
      6
      9
      4
      0
      1
     14
      0
     36
      6
     14
     11
     24
     12
     24
      2
      5
      0
      0
      0
     32
     30
      0
      0
      3
     50
      4
      9
     15
     59
     16
      0
     43
     15
      0
      0
      4
      6
      0
      5
     11
      4
      3
     14
     11
     24
      0
      0
      0
      0
      0
      0
      0
      6
      7
      0
      0
      3
      8
     13
      2
      0
      1
      0
      3
      3
      8
     40
     11
      0
     34
     21
     12
      7
     10
      1
     20
      8
     15
      0
      0
      0
      3
      4
      0
      8
      0
      0
      0
     16
     17
     21
      0
     15
      0
      2
      2
      7
     35
     19
      2
      0
     15
      6
     11
      8
      3
      0
     30
      0
     13
      0
      0
     20
      0
     10
     14
      2
      0
      0
      0
     16
      0
     19
      4
      8
     16
      1
     25
      0
     15
      0
      0
      0
      0
      0
     10
     19
      0
      1
      0
     19
      2
     14
     18
      0
     17
      0
      0
      0
      0
     35
     10
      0
      0
      0
      0
      0
      4
     28
      4
      0
      0
     14
      0
     11
      0
      0
      0
     28
      3
     20
     18
      7
      0
      8
      4
      0
      0
      8
      1
      3
      0
     25
      0
     20
     21
      0
      0
     28
      0
     18
      0
      1
      0
      1
      0
      0
      0
     10
      0
      0
     10
      0
      5
      0
      0
      0
     10
     14
      0
      7
      0
      6
      0
      4
     38
      0
      0
      0
      0
      0
      0
      6
      0
     34
      0
      0
      0
      0
     26
      0
      0
      1
     19
      6
      7
      0
      2
      5
      3
      3
      0
      3
      0
      1
      7
      0
      0
     12
     17
      6
      0
      0
      1
      0
      0
     23
      0
      0
      0
      0
      0
      0
      0
      0
      2
      0
      0
      0
      0
      0
      0
      0
      0
      0
      7
      0
      0
     19
      2
     13
     14
      0
      0
     12
     14
     39
     13
      6
      7
      0
      0
      0
      0
      0
      0
      0
      0
      0
      0
      8
      0
      0
      0
     14
      0
     27
     14
      0
      4
      0
      0
      0
      0
      0
      0
     17
     36
      0
      0
      0
      0
      0
     15
      0
      2
     24
     12
      0
     14
      0
      9
      0
      0
     11
      6
     11
      0
      0
     10
      3
      5
      2
      0
      0
      0
      0
      0
      0
      0
      0
      0
      5
      0
      0
      0
      3
      0
      0
      1
      0
      0
     34
     16
      2
     10
      1
     18
      7
      0
      0
     12
     15
      0
      0
      0
      0
      4
      0
      0
      2
      0
      0
      0
     11
      2
      3
      0
      0
      0
      0
      0
      0
      0
      0
      0
      0
      0
     21
      0
      0
      0
      0
      0
      0
      4
      0
      0
      0
      8
      0
      0
      0
      0
      0
      0
      6
      0
      0
      0
      0
     13
      4
     26
      0
      0
      9
      0
      0
      0
      0
      0
      0
      0
      9
      0
      1
      3
      0
      0
      0
      0
      0
      0
      0
      5
      0
      0
      6
      4
      0
      0
      0
      0
      0
      8
     12
      2
      0
     23
      0
     23
      0
      8
      0
      0
     11
      0
      7
      0
      0
      3
      0
      0
      0
     10
      3
     27
      0
      2
      2
      3
      0
     10
      9
      2
      0
      0
      9
      0
      8
     24
      0
      0
      0
      0
      0
      0
      0
      5
      0
      0
      0
      1
      0
      0
      0
      0
      0
      0
      0
      0
      0
      0
      0
      0
      0
      0
      0
      0
      0
      0
      0
      0
      0
      3
      0
      6
      0
      0
      0
      0
      0
      0
      0
      0
      0
      0
      0
      0
      0
      0
      0
      0
      0
      2
      0
      0
      5
      9
     10
     10
      0
      0
      0
      0
      0
      0
      0
      0
      0
      0
     24
      6
      0
      0
      0
      0
      0
      0
      0
      0
      0
     29
      0
      0
      0
      0
      2
      0
      0
     12
      3
      0
      0
      0
      0
      6
      0
      8
      0
     16
     18
      0
      0
      0
      0
      0
     18
      0
      4
      0
      0
      0
     17
      0
      0
      9
      0
      2
     15
      2
      0
      0
     10
      7
     14
      0
      0
      0
      9
      2
     12
     28
      0
      1
      0
      0
      0
      0
      0
      0
      0
      0
      0
      0
      5
      0
      0
      0
      0
     12
      3
     27
      0
     13
      0
     21
      5
      1
      0
      0
      0
      0
      0
      0
      0
      0
      0
      0
     14
      0
     10
      0
      2
      5
      6
      0
      0
      0
      0
      3
      0
      0
      0
      0
      0
      0
      0
      0
      0
      0
      0
      0
      0
      0
      0
      0
      0
     12
      0
     29
      0
      0
      0
      0
      0
      0
      0
      0
      0
      0
      0
      0
      0
      0
      0
      0
      0
      0
      0
      0
      0
      0
      0
      0
      0
      0
      0
      0
      2
      0
     17
      0
      0
      0
     13
      0
      0
      0
      0
      0
      0
      0
     11
      0
      0
      0
      0
      0
      0
      0
      0
      0
      0
      0
      0
      0
      0
      0
      0
      0
      0
      0
      0
      0
      0
      0
      0
      0
      0
      0
      0
      0
      0
      0
      0
     11
      0
      0
      0
      0
      8
      0
      0
      7
      0
     42
      0
      0
      0
     11
      0
      0
      0
     33
      0
      0
      0
      0
      0
      0
      0
      0
      0
      0
      0
      0
      0
      0
      0
      0
      0
     13
      0
      0
      0
      0
      0
      0
      0
      0
      0
      0
      0
      0
      0
      0
      0
      0
      0
      0
      0
      0
      0
      0
      0
      0
      0
      0
      0
      0
      0
      0
      0
      0
      0
      0
      0
      0
      0
      0
      0
      0
      0
      0
      0
      0
      0
      0
      0
      0
      0
     11
      0
      0
      0
      0
      0
     20
      0
      0
      0
      0
      0
     13
      0
      0
      0
     12
      0
      0
      0
      0
     25
      0
      0
      0
      0
      0
      0
      0
      0
      0
      0
      0
      0
      0
      0
      0
      0
      0
      0
      0
      0
      0
      0
      0
      0
      0
      0
      0
      0
      0
      0
      0
      0
      0
      0
      0
      0
      0
      0
      0
      0
      0
      0
      0
      0
      0
      0
      0
      0
      0
      0
      0
      0
      0
      0
      0
      0
      0
      0
      0
      0
      0
      0
      0
      0
      0
      0
      0
      0
      0
      0
      0
      6
     17
      0
      0
      0
      0
      0
      0
      0
      0
      6
      0
      2
      0
      0
      0
      0
      0
      1
     37
      0
      0
      0
      0
      0
      0
      0
      0
      0
      0
      0
      0
      0
      0
      0
      0
      0
      0
      0
      0
      0
      0
      0
      0
      0
      0
      0
      0
      1
      0
      2
      0
      0
      0
      0
      0
      0
      0
      0
      0
      0
      0
      0
      0
      0
      0
      0
      0
      0
      3
      7
      0
      0
      0
      8
      0
      0
      0
      0
      0
      0
      0
      0
      0
      0
      0
      0
      0
      0
      0
      0
      0
      0
      0
      0
      0
      0
      0
      0
      0
      0
      0
      0
      0
      0
      0
      0
      0
      0
      0
      0
     37
      0
      0
      0
      0
      0
      0
      0
      0
      0
      0
      0
      0
      0
      0
      0
      0
      0
      0
      0
      0
     13
      0
      1
      0
      0
      0
      0
      0
      0
      0
      0
      0
      0
      0
      0
      0
      0
      0
      0
      0
      0
      0
      0
      0
      0
      0
      0
      0
      0
      3
      0
      0
      0
      0
      0
      0
      0
      0
      0
      0
      4
      0
      0
     14
     14
      0
     16
      0
      0
      0
      0
      0
      0
      0
      0
      0
      0
      0
      0
      0
      0
      0
      0
      0
      0
      0
      0
      0
      0
      0
      0
      0
      0
      0
      0
      0
      2
      0
      0
      0
      0
      3
      0
      0
      0
      0
      0
      0
      0
     13
      0
      0
      0
      0
      0
      0
      0
      0
      0
      0
      0
      0
      0
      0
      0
      0
      0
     12
      0
      0
      0
      0
      0
     12
      0
      0
      0
      0
      0
      0
      0
      0
      0
      0
      0
      0
      0
      0
      0
      0
      0
      0
      0
      0
      0
      0
      0
      0
      0
      0
      0
      0
      0
      0
      0
      0
      0
      0
      0
      0
      0
      0
      0
      0
      0
      0
      0
      0
      0
      0
      0
     11
      0
      0
      0
      0
      4
      0
      0
      0
      0
      7
      0
      0
      0
      0
      0
      0
      0
      0
      0
      0
      0
      0
      0
      0
      0
      0
      0
      0
      0
      0
      0
      0
      0
      0
      0
      0
     10
      0
      0
      0
      0
      0
      0
      0
      0
      0
      0
      0
      4
      0
      0
     17
     39
      3
      0
      1
      0
      0
      0
      0
      0
      0
      0
      0
      0
      0
      0
      0
      0
      0
      0
      0
      0
      0
      0
      0
      0
      0
      0
      0
      0
      0
      0
      0
      0
      0
      0
      0
      0
      0
      0
      0
      0
      0
      0
      0
      0
      0
      0
      0
      0
      0
      0
      0
      3
      0
      0
      0
     20
      0
      0
     11
      1
      0
      0
      0
      0
      0
      0
      0
      0
      0
      0
      0
      0
      0
      0
      0
      0
      0
      0
      0
      0
      0
      0
      0
      0
      0
     12
      0
      0
      5
      5
      0
      0
      0
      0
      0
      0
      0
      0
      0
      0
      0
      0
      0
      0
      0
      0
      0
      0
      0
      0
      0
      0
      0
      0
      0
      0
      0
      0
      0
      0
      0
      0
      0
      0
      0
