0.86349
-0.672304
-0.372248
-0.0592011
0.210024
0.417999
0.540478
0.606729
0.627824
0.681926
0.749533
0.836435
0.918609
0.951511
0.974936
0.973429
0.956928
0.942687
0.875618
0.839479
0.773363
0.719507
0.67053
0.624734
0.591486
0.564483
0.545059
0.539204
0.532863
0.535427
0.532778
0.53647
0.538916
0.545563
0.534919
0.543122
0.543349
0.54511
0.549628
0.546258
0.552768
0.550799
0.550441
0.550633
0.548512
0.546879
0.542968
0.544725
0.543188
0.539596
0.540324
0.537465
0.536879
0.541496
0.538437
0.530078
0.535596
0.536716
0.53404
0.535045
0.534303
0.532265
0.538396
0.532823
0.533285
0.533452
0.534036
0.532249
0.535396
0.53275
0.534318
0.529855
0.532968
0.528272
0.533346
0.52916
0.530887
0.530857
0.52872
0.530618
0.529242
0.5317
0.527888
0.530063
0.526249
0.53028
0.526658
0.531856
0.528646
0.52624
0.529125
0.528301
0.528562
0.530512
0.529057
0.528227
0.52913
0.527951
0.526819
0.527729
0.527027
0.526947
0.529619
0.52528
0.526973
0.527628
0.528931
0.527966
0.527122
0.525005
0.528366
0.524945
0.523836
0.52484
0.525369
0.528166
0.529997
0.524373
0.529076
0.525445
0.524954
0.528833
0.528225
0.524295
0.523922
0.524825
0.528986
0.526927
0.525697
0.528221
0.52846
0.524378
0.526792
0.525839
0.524538
0.526327
0.527891
0.526023
0.525715
0.524756
0.526133
0.526017
0.528468
0.52573
0.52489
0.524767
0.528102
0.523696
0.524876
0.525806
0.526096
0.524895
0.524116
0.527707
0.527198
0.527697
0.52647
0.52812
0.523743
0.523307
0.525594
0.526976
0.523661
0.527262
0.526177
0.52707
0.52491
0.527132
0.522762
0.523169
0.526739
0.527744
0.526657
0.528855
0.529051
0.526611
0.532172
0.52731
0.528035
0.527941
0.528784
0.527301
0.525209
0.524479
0.528324
0.527962
0.526437
0.527081
0.528376
0.527727
0.524702
0.523064
0.526955
0.52599
0.527754
0.529161
0.525982
0.525221
0.52788
0.528424
0.52517
0.525098
0.524292
0.525866
0.523473
0.526512
0.526646
0.524562
0.528896
0.525766
0.529045
0.53088
0.526313
0.525122
0.526195
0.523764
0.523837
0.527814
0.524012
0.527631
0.526697
0.52727
0.528326
0.525448
0.52624
0.527316
0.527038
0.525859
0.527736
0.525123
0.527068
0.527192
0.52638
0.526746
0.526403
0.526521
0.527513
0.525732
0.525484
0.529251
0.527898
0.526292
0.526162
0.526873
0.526814
0.525242
0.527307
0.524408
0.526356
0.527885
0.527201
0.525234
0.52501
0.526221
0.52722
0.526897
0.525912
0.526103
0.527906
0.526372
0.526449
0.524576
0.526518
0.526298
0.525681
0.526632
0.527321
0.524699
0.528141
0.527539
0.528296
0.527569
0.527061
0.523814
0.525377
0.526659
0.525116
0.525819
0.528927
0.525682
0.526142
0.525397
0.527475
0.529714
0.525643
0.523234
0.524646
0.52355
0.52782
0.523544
0.526222
0.527259
0.527963
0.526761
0.525172
0.525484
0.523817
0.525001
0.528209
0.524139
0.527511
0.527219
0.526463
0.525193
0.528272
0.527056
0.526392
0.524333
0.524613
0.528841
0.52624
0.525175
0.527237
0.524928
0.527289
0.526815
0.526529
0.527421
0.525662
0.527957
0.528219
0.526687
0.526034
0.523363
0.52752
0.527258
0.528062
0.524513
0.525522
0.526159
0.528962
0.526596
0.527166
0.527615
0.52911
0.523654
0.52743
0.526341
0.529604
0.528575
0.526504
0.527402
0.527886
0.526456
0.526439
0.526647
0.528208
0.526403
0.525745
0.52439
0.525269
0.527889
0.527309
0.527516
0.527028
0.525358
0.523503
0.526864
0.523571
0.526317
0.526088
0.527726
0.523934
0.522095
0.527171
0.527466
0.526232
0.529978
0.526219
0.527755
0.525073
0.521784
0.527951
0.523453
0.523733
0.524103
0.523545
0.52883
0.529574
0.527189
0.525306
0.523158
0.526669
0.523568
0.526726
0.526249
0.527259
0.526155
0.527201
0.527405
0.528071
0.525462
0.526352
0.527829
0.527486
0.527859
0.526695
0.526492
0.527266
0.525132
0.528121
0.52828
0.522398
0.525616
0.527366
0.524984
0.525395
0.525398
0.525839
0.524633
0.526073
0.525214
0.523862
0.525217
0.524108
0.526267
0.523918
0.526983
0.527099
0.527465
0.526483
0.525444
0.527025
0.524563
0.525056
0.526487
0.526496
0.525842
0.524088
0.52536
0.527431
0.527526
0.524386
0.525857
0.525914
0.524085
0.52765
0.525045
0.525665
0.525571
0.525764
0.526788
0.522624
0.528245
0.525428
0.525957
0.525414
0.525802
0.529911
0.524175
0.523045
0.525018
0.525911
0.528087
0.523097
0.527897
0.527114
0.524838
0.527141
0.525197
0.52617
0.524043
0.52715
0.526315
0.527835
0.528119
0.527381
0.523288
0.525672
0.529162
0.523362
0.527789
0.526184
0.527866
0.524324
0.524951
0.525904
0.526993
0.524443
0.523914
0.525153
0.528153
0.528598
0.528009
0.526103
0.52474
0.522875
0.52471
0.528004
0.524594
0.521791
0.524919
0.523831
0.523772
0.527052
0.525595
0.524371
0.527578
0.524643
0.525342
0.522753
0.524264
0.524994
0.525851
0.526676
0.5245
0.526482
0.52658
0.523809
0.531039
0.526003
0.525092
0.527365
0.521997
0.527558
0.525265
0.527187
0.527122
0.524485
0.525416
0.523591
0.525845
0.527479
0.526922
0.527145
0.52595
0.52338
0.52575
0.524431
0.524676
0.523175
0.526454
0.526032
0.527419
0.524621
0.52635
0.525612
0.525841
0.525052
0.52507
0.524447
0.527194
0.525146
0.527362
0.525063
0.525221
0.524038
0.525622
0.524632
0.523602
0.526068
0.524532
0.525688
0.523905
0.525568
0.526354
0.523937
0.525271
0.52227
0.526127
0.524776
0.523826
0.518874
0.526043
0.525405
0.526506
0.522595
0.523674
0.528769
0.523756
0.523079
0.524959
0.525149
0.521964
0.52551
0.52542
0.525513
0.521788
0.525939
0.52796
0.522526
0.524372
0.524069
0.525057
0.525888
0.524107
0.525556
0.526807
0.524552
0.526225
0.525594
0.524663
0.524677
0.524415
0.525224
0.523263
0.525967
0.527706
0.526033
0.523981
0.525493
0.52727
0.525417
0.521679
0.524819
0.52302
0.523527
0.523711
0.523151
0.526851
0.520774
0.528922
0.524578
0.52667
0.528473
0.524954
0.52596
0.523451
0.526701
0.524582
0.524652
0.526348
0.526949
0.52409
0.525352
0.52854
0.523717
0.524385
0.52576
0.523748
0.523089
0.526342
0.525277
0.522471
0.522504
0.525322
0.52524
0.527284
0.522786
0.526036
0.52557
0.524619
0.525201
0.525022
0.524145
0.525366
0.526099
0.526352
0.525656
0.524961
0.527405
0.524785
0.524482
0.522917
0.523954
0.523392
0.523999
0.524436
0.526339
0.526216
0.525968
0.52617
0.528707
0.520265
0.525634
0.524513
0.52617
0.526596
0.520972
0.525083
0.524265
0.526605
0.528956
0.526365
0.525766
0.527731
0.523407
0.524382
0.523389
0.523092
0.523965
0.521625
0.525834
0.523982
0.523832
0.526211
0.522921
0.523523
0.524878
0.525554
0.52675
0.522567
0.522419
0.525359
0.530635
0.522439
0.525405
0.524539
0.52739
0.52312
0.524364
0.524211
0.52747
0.524847
0.526113
0.521157
0.527537
0.523972
0.528441
0.526463
0.521865
0.526623
0.523393
0.525153
0.527952
0.525971
0.526395
0.523437
0.523363
0.526348
0.524373
0.525959
0.526715
0.524238
0.525075
0.524926
0.523962
0.523017
0.519937
0.523355
0.524722
0.525066
0.524728
0.525768
0.521781
0.527402
0.522068
0.523454
0.525258
0.524952
0.521887
0.526278
0.522811
0.52573
0.52274
0.523049
0.523566
0.524021
0.523956
0.524846
0.523213
0.524696
0.522783
0.526253
0.524999
0.521725
0.523413
0.523033
0.523501
0.526269
0.523359
0.524712
0.528361
0.524407
0.524616
0.526809
0.523547
0.524234
0.525267
0.523404
0.524924
0.523451
0.521722
0.525949
0.52548
0.524653
0.526521
0.526513
0.523528
0.520499
0.5231
0.524034
0.523078
0.524284
0.52371
0.522295
0.523453
0.524269
0.524581
0.524793
0.523102
0.524232
0.525849
0.52466
0.523526
0.521375
0.525349
0.524327
0.522905
0.5254
0.527148
0.522764
0.524446
0.524188
0.521718
0.524873
0.527237
0.525715
0.524707
0.523847
0.526237
0.527436
0.522365
0.524253
0.52558
0.52531
0.523653
0.522483
0.521084
0.523813
0.522102
0.52091
0.527097
0.520803
0.522995
0.520926
0.526814
0.522995
0.523264
0.523297
0.523234
0.525925
0.523263
0.526247
0.524659
0.523761
0.52386
0.52416
0.524195
0.524414
0.525154
0.525899
0.52341
0.52505
0.521131
0.521579
0.525513
0.522769
0.524871
0.524938
0.523772
0.521707
0.527112
0.524327
0.525032
0.524811
0.523484
0.524272
0.521782
0.525772
0.522021
0.52407
0.523841
0.524963
0.525129
0.527739
0.522709
0.520852
0.522128
0.522428
0.525476
0.521827
0.520845
0.524244
0.522538
0.524351
0.524997
0.520925
0.522644
0.526061
0.523311
0.52551
0.525055
0.522954
0.521511
0.521362
0.528062
0.524697
0.526022
0.523246
0.519483
0.524492
0.527635
0.523839
0.524728
0.526709
0.522355
0.520596
0.525075
0.520405
0.521451
0.521339
0.524201
0.52336
0.519884
0.52088
0.521684
0.526398
0.523118
0.523626
0.522977
0.52155
0.525001
0.520706
0.523771
0.523143
0.522163
0.523425
0.522365
0.526759
0.52336
0.520915
0.522486
0.519814
0.522101
0.521119
0.524419
0.522223
0.525214
0.52535
0.528092
0.522775
0.523023
0.521711
0.527788
0.522242
0.521584
0.526056
0.522419
0.523381
0.524533
0.520519
0.524306
0.521588
0.524093
0.524311
0.522285
0.521844
0.524483
0.519124
0.524975
0.521667
0.525268
0.520673
0.524214
0.52298
0.526015
0.523836
0.522777
0.523483
0.521576
0.521835
0.52124
0.521897
0.521021
0.523313
0.52568
0.523216
0.521519
0.52264
0.520995
0.522913
0.525606
0.526249
0.522568
0.525056
0.523106
0.521982
0.521379
0.521597
0.521747
0.520729
0.525039
0.52193
0.52068
0.523196
0.523086
0.522602
0.522084
0.523778
0.522121
0.526833
0.522956
0.522683
0.524491
0.521568
0.520968
0.519594
0.522021
0.521383
0.523148
0.524401
0.521511
0.521489
0.526717
0.519216
0.522138
0.523713
0.520978
0.522648
0.521951
0.522317
0.524866
0.521133
0.52363
0.522313
0.523733
0.519013
0.52077
0.524281
0.521541
0.522426
0.52253
0.520663
0.522806
0.520856
0.521778
0.521527
0.521298
0.523757
0.522993
0.522425
0.525025
0.520198
0.523209
0.520122
0.522813
0.518854
0.521868
0.52076
0.52066
0.523094
0.522909
0.518815
0.523532
0.52517
0.520376
0.520103
0.522653
0.522042
0.522468
0.524729
0.524032
0.519223
0.522311
0.5169
0.523591
0.523264
0.522959
0.521791
0.520746
0.524874
0.520289
0.52061
0.520038
0.523054
0.520576
0.520609
0.521654
0.523699
0.522011
0.520931
0.523295
0.522158
0.519935
0.524428
0.522017
0.523634
0.520515
0.520929
0.521271
0.519414
0.521827
0.519709
0.520979
0.521446
0.523304
0.521699
0.522127
0.524488
0.518388
0.520747
0.523349
0.522311
0.523949
0.521117
0.523567
0.52112
0.523108
0.522478
0.524457
0.5224
0.519427
0.523682
0.519953
0.519592
0.521871
0.521264
0.521752
0.524479
0.524013
0.523425
0.520097
0.523374
0.522597
0.521138
0.520377
0.522631
0.521612
0.524249
0.520508
0.518251
0.522743
0.524365
0.521885
0.523526
0.519513
0.518858
0.521361
0.520107
0.519806
0.518885
0.522586
0.518881
0.520616
0.519142
0.519691
0.522695
0.520938
0.521827
0.520923
0.519562
0.521387
0.520367
0.522228
0.52145
0.518269
0.520774
0.518345
0.52401
0.520729
0.519067
0.520458
0.521868
0.52038
0.520217
0.520996
0.521489
0.522888
0.519947
0.523842
0.519175
0.521537
0.522544
0.519136
0.522898
0.52144
0.519701
0.518377
0.522354
0.521323
0.518612
0.516963
0.519523
0.517024
0.519739
0.520102
0.517633
0.519811
0.519754
0.521402
0.521753
0.518341
0.519901
0.518757
0.517855
0.521094
0.519074
0.518914
0.519889
0.520167
0.520915
0.519248
0.519492
0.521149
0.52228
0.519623
0.51992
0.524299
0.519966
0.524066
0.520393
0.515932
0.520176
0.519578
0.515995
0.518958
0.517147
0.519225
0.519671
0.519995
0.520047
0.518774
0.517967
0.518843
0.519113
0.519777
0.517369
0.520469
0.519158
0.521488
0.516348
0.521346
0.520557
0.524124
0.521255
0.517717
0.518808
0.518036
0.520962
0.521054
0.522352
0.519071
0.520976
0.517855
0.519413
0.519018
0.522176
0.518091
0.518459
0.519925
0.522241
0.522063
0.518858
0.520565
0.520737
0.516116
0.517524
0.521781
0.519066
0.517945
0.519657
0.521143
0.515859
0.521737
0.5202
0.520119
0.519353
0.522158
0.522682
0.518235
0.521553
0.519048
0.516661
0.517997
0.520644
0.520881
0.518958
0.520697
0.519004
0.519111
0.519744
0.518227
0.519303
0.516309
0.518935
0.51845
0.518596
0.519695
0.520849
0.524381
0.519505
0.518886
0.520174
0.519311
0.518344
0.519452
0.518837
0.520022
0.517151
0.518095
0.52172
0.519431
0.519972
0.51964
0.51949
0.518682
0.518373
0.517767
0.517376
0.519466
0.518904
0.518908
0.522786
0.521236
0.521416
0.518748
0.520003
0.519088
0.519997
0.519913
0.517437
0.518088
0.517553
0.523051
0.518492
0.516398
0.516445
0.517955
0.516496
0.519558
0.517456
0.518943
0.518342
0.519015
0.520423
0.520552
0.517242
0.516842
0.52166
0.52011
0.519351
0.516831
0.517883
0.519424
0.518801
0.518902
0.522341
0.517315
0.51994
0.521589
0.516191
0.522273
0.519354
0.519024
0.517289
0.519302
0.516576
0.519194
0.517435
0.516
0.517672
0.519497
0.518114
0.518565
0.517897
0.522588
0.516905
0.518394
0.518705
0.521032
0.521697
0.517757
0.517222
0.516525
0.517749
0.515429
0.514714
0.51987
0.51629
0.51787
0.521019
0.517759
0.520295
0.517472
0.521245
0.51756
0.517822
0.521493
0.517171
0.519178
0.52164
0.513737
0.517996
0.520463
0.521435
0.515946
0.517883
0.519325
0.518621
0.518963
0.517919
0.518407
0.521537
0.515854
0.51892
0.518336
0.517714
0.517149
0.517496
0.518386
0.517759
0.518166
0.518389
0.517583
0.519393
0.51586
0.518928
0.51802
0.517258
0.516777
0.517276
0.518096
0.516521
0.516765
0.518853
0.517759
0.516
0.518362
0.518949
0.522395
0.518124
0.516314
0.516315
0.517735
0.518952
0.516283
0.519068
0.516398
0.51802
0.517851
0.515837
0.517478
0.520375
0.517619
0.517212
0.517998
0.518875
0.519318
0.518304
0.518154
0.517857
0.518819
0.517024
0.517178
0.516587
0.518945
0.519397
0.517036
0.518324
0.519649
0.516557
0.518196
0.517821
0.516927
0.517122
0.514883
0.514804
0.518747
0.520848
0.51747
0.5183
0.518567
0.516396
0.521115
0.517885
0.517144
0.518475
0.517319
0.517764
0.517086
0.51845
0.516415
0.51834
0.519377
0.522899
0.519441
0.518517
0.520883
0.519896
0.518471
0.519075
0.519962
0.516945
0.5167
0.517212
0.516883
0.520584
0.519229
0.516433
0.518283
0.517585
0.517683
0.519261
0.516856
0.516276
0.516611
0.518025
0.516152
0.516079
0.521662
0.51963
0.517418
0.516834
0.517454
0.516733
0.519813
0.51945
0.518749
0.51676
0.518018
0.517069
0.516415
0.517563
0.51684
0.520663
0.515855
0.51478
0.517386
0.517295
0.519516
0.518088
0.516785
0.517313
0.516785
0.519244
0.516295
0.517547
0.519041
0.519403
0.518819
0.518967
0.516813
0.518117
0.517186
0.517402
0.517353
0.518802
0.519121
0.519848
0.516005
0.519727
0.516578
0.521023
0.519014
0.51583
0.517
0.516988
0.519474
0.515679
0.519193
0.516865
0.514801
0.516627
0.515412
0.517817
0.517802
0.517099
0.518808
0.51651
0.514014
0.518746
0.518474
0.519128
0.521872
0.515552
0.518145
0.516441
0.51682
0.51632
0.517775
0.519169
0.516086
0.518362
0.515846
0.517621
0.51632
0.521143
0.518008
0.515993
0.518776
0.516095
0.515963
0.51805
0.519957
0.517354
0.516656
0.517412
0.517705
0.516134
0.516895
0.5191
0.516555
0.518845
0.518362
0.518575
0.520436
0.516837
0.518085
0.520242
0.517533
0.518327
0.513065
0.519637
0.517174
0.517864
0.516254
0.516858
0.520336
0.517765
0.517628
0.519246
0.517118
0.516789
0.51863
0.517583
0.51685
0.51866
0.516994
0.518528
0.519716
0.518407
0.51971
0.517879
0.517736
0.518274
0.516965
0.518605
0.516271
0.518404
0.51659
0.519122
0.515805
0.518872
0.515225
0.518501
0.517591
0.515932
0.516086
0.515496
0.518013
0.51947
0.517493
0.517346
0.51895
0.518924
0.515791
0.51929
0.518251
0.518094
0.519278
0.519139
0.516537
0.516691
0.517371
0.516961
0.518568
0.520162
0.515837
0.517864
0.517224
0.516219
0.517919
0.516702
0.518238
0.517786
0.517627
0.517955
0.518839
0.516733
0.519186
0.516994
0.51869
0.516742
0.515617
0.516185
0.517554
0.517528
0.519915
0.515788
0.522054
0.520847
0.515606
0.51655
0.516091
0.51682
0.517766
0.518655
0.51745
0.516433
0.517877
0.518117
0.519491
0.517832
0.518715
0.518413
0.513006
0.515575
0.513632
0.516544
0.516843
0.516978
0.517635
0.519573
0.517846
0.517571
0.516018
0.513767
0.518282
0.519686
0.519663
0.517412
0.516516
0.517573
0.514195
0.518525
0.521094
0.518018
0.517646
0.519429
0.517806
0.514858
0.520685
0.515728
0.516928
0.518602
0.518901
0.518209
0.516669
0.51636
0.517468
0.519147
0.517869
0.519278
0.517374
0.516427
0.514622
0.517111
0.51663
0.517087
0.519673
0.519212
0.517993
0.519793
0.515751
0.516448
0.518218
0.517131
0.516186
0.517513
0.517191
0.51852
0.516882
0.517098
0.518189
0.516892
0.515186
0.519491
0.517255
0.518567
0.516453
0.517782
0.514694
0.516625
0.516817
0.52023
0.516645
0.516596
0.519956
0.516834
0.517945
0.518272
0.518417
0.516881
0.515259
0.51629
0.51715
0.516877
0.518337
0.517502
0.517229
0.517084
0.516964
0.517004
0.513167
0.514407
0.517659
0.516523
0.515898
0.515988
0.515798
0.519869
0.517524
0.515227
0.518399
0.515808
0.516728
0.51988
0.519068
0.516715
0.517606
0.518163
0.515589
0.516993
0.51616
0.517329
0.515278
0.520517
0.520925
0.516709
0.516402
0.515417
0.51786
0.514658
0.517361
0.517134
0.51872
0.517263
0.519241
0.517824
0.515732
0.518449
0.519162
0.518145
0.51746
0.518523
0.516922
0.516652
0.517615
0.520877
0.517281
0.516952
0.518805
0.515827
0.517154
0.518888
0.519145
0.515971
0.516166
0.519154
0.516359
0.514685
0.517981
0.515321
0.516863
0.517603
0.514488
0.517904
0.517994
0.518262
0.516333
0.516248
0.516678
0.516741
0.517936
0.520246
0.517947
0.517992
0.517831
0.516628
0.514081
0.518602
0.516383
0.516189
0.514074
0.517368
0.518369
0.517657
0.51741
0.516509
0.518162
0.516737
0.517915
0.518146
0.518641
0.518824
0.516948
0.520264
0.519519
0.520456
0.519956
0.519396
0.516688
0.514603
0.516616
0.516081
0.517109
0.516895
0.516463
0.518855
0.519153
0.518683
0.518227
0.517704
0.518912
0.513315
0.515992
0.518679
0.5171
0.514671
0.517017
0.515759
0.518688
0.516054
0.51587
0.516383
0.516618
0.519011
0.520714
0.518061
0.516739
0.517523
0.519161
0.51585
0.51446
0.516383
0.516079
0.515784
0.520004
0.516474
0.519044
0.516485
0.51818
0.519843
0.516481
0.517727
0.515788
0.516059
0.516976
0.517146
0.519112
0.518577
0.514827
0.517281
0.517595
0.518423
0.518566
0.517532
0.518025
0.517173
0.518891
0.518614
0.51986
0.520444
0.517911
0.516725
0.518554
0.515839
0.515872
0.515964
0.519737
0.514094
0.516651
0.517774
0.516802
0.517962
0.516752
0.514705
0.519082
0.516777
0.518756
0.517581
0.513814
0.516699
0.514407
0.517331
0.515876
0.518086
0.519413
0.517758
0.520764
0.5179
0.517174
0.51868
0.51703
0.51776
0.519099
0.518081
0.517453
0.514904
0.520057
0.516875
0.519841
0.517953
0.518177
0.517622
0.51825
0.518392
0.520737
0.517421
0.517637
0.518226
0.517474
0.516884
0.519299
0.520183
0.519349
0.518516
0.517187
0.513494
0.51798
0.518782
0.520756
0.514284
0.517964
0.518649
0.518344
0.517362
0.516438
0.518313
0.521623
0.516173
0.518584
0.517065
0.518183
0.518173
0.518975
0.517138
0.518725
0.518077
0.517121
0.515057
0.518893
0.515328
0.521363
0.517092
0.520028
0.517288
0.516986
0.517805
0.517694
0.515554
0.516154
0.519946
0.518222
0.518796
0.516139
0.520016
0.518105
0.518978
0.519173
0.517291
0.517108
0.514826
0.515463
0.517602
0.517013
0.517293
0.518884
0.518723
0.517023
0.519999
0.51969
0.518943
0.519085
0.518709
0.516728
0.518423
0.518346
0.517309
0.518508
0.518476
0.521346
0.519744
0.518381
0.518398
0.518514
0.519741
0.518498
0.520256
0.520606
0.518416
0.516672
0.516761
0.516986
0.515132
0.514246
0.517034
0.51913
0.516367
0.518552
0.518026
0.516883
0.519404
0.518285
0.518258
0.516376
0.51741
0.519689
0.51369
0.521776
0.517766
0.515654
0.517113
0.518476
0.517038
0.518901
0.519371
0.521111
0.517067
0.517387
0.518761
0.520162
0.517952
0.516434
0.51749
0.515551
0.519511
0.519728
0.517941
0.515757
0.516115
0.51469
0.517567
0.516122
0.516979
0.519679
0.519264
0.518446
0.520728
0.517734
0.519623
0.517535
0.519262
0.51629
0.519638
0.519817
0.514938
0.518033
0.51669
0.518187
0.51566
0.515714
0.518427
0.517986
0.515202
0.518281
0.515954
0.516019
0.516525
0.520387
0.515749
0.51792
0.519206
0.517777
0.515119
0.5158
0.515673
0.51666
0.518769
0.519384
0.518262
0.516604
0.51915
0.517642
0.520183
0.51939
0.518349
0.517546
0.518371
0.518338
0.517517
0.515936
0.518199
0.516729
0.516181
0.518556
0.518041
0.516417
0.519603
0.515647
0.517813
0.517342
0.519332
0.516834
0.517363
0.516682
0.516525
0.518555
0.516754
0.515984
0.516195
0.516814
0.516276
0.517099
0.517656
0.521908
0.515703
0.518024
0.515808
0.517429
0.51628
0.51791
0.517771
0.516492
0.514674
0.516413
0.515164
0.519767
0.515674
0.514596
0.51831
0.518147
0.518367
0.516634
0.517764
0.51898
0.516897
0.518398
0.518443
0.51895
0.514969
0.515714
0.518246
0.519364
0.516059
0.513848
0.514608
0.516265
0.51943
0.519475
0.517373
0.515858
0.516933
0.517518
0.516515
0.5174
0.517511
0.517732
0.519945
0.519337
0.51786
0.515821
0.517065
0.513764
0.515086
0.518277
0.515324
0.517667
0.517339
0.517861
0.519731
0.517818
0.52074
0.518376
0.51658
0.516192
0.517448
0.520043
0.51901
0.518212
0.515939
0.519253
0.51811
0.516949
0.517167
0.519199
0.51896
0.517084
0.517622
0.517506
0.517385
0.517108
0.516254
0.519038
0.515251
0.517449
0.518455
0.517266
0.515825
0.517871
0.516272
0.51667
0.5181
0.517244
0.518563
0.516356
0.517682
0.515303
0.51811
0.514575
0.518153
0.516348
0.516401
0.516401
0.515958
0.516592
0.513992
0.518229
0.520782
0.517579
0.518076
0.519468
0.517125
0.519597
0.517006
0.521639
0.518202
0.518813
0.520705
0.515544
0.515286
0.516594
0.51972
0.515403
0.515553
0.515931
0.518046
0.518405
0.518897
0.518125
0.516869
0.521121
0.516386
0.515946
0.515728
0.513967
0.519102
0.518083
0.516548
0.517179
0.51971
0.517067
0.514209
0.520215
0.517694
0.518048
0.518545
0.516117
0.517816
0.518639
0.518553
0.522129
0.518107
0.514992
0.519105
0.51744
0.517812
0.519183
0.519767
0.519171
0.515972
0.516387
0.516162
0.516985
0.519035
0.517456
0.517727
0.520034
0.519005
0.514654
0.520225
0.519013
0.515603
0.516307
0.515654
0.518025
0.515238
0.519383
0.515321
0.51746
0.518371
0.521065
0.520011
0.517121
0.518137
0.515217
0.516844
0.515837
0.51818
0.520009
0.516519
0.517258
0.516471
0.517669
0.514669
0.518296
0.518237
0.518567
0.517463
0.517172
0.518171
0.518402
0.516205
0.516795
0.518602
0.517885
0.521283
0.517844
0.51786
0.517396
0.51566
0.518095
0.515106
0.514608
0.517016
0.513798
0.519604
0.517251
0.517233
0.517944
0.517481
0.516827
0.518068
0.519022
0.518418
0.520092
0.514293
0.519251
0.517185
0.518429
0.519357
0.521231
0.516905
0.516907
0.519722
0.518669
0.518865
0.516537
0.520007
0.516944
0.517053
0.514349
0.516704
0.515268
0.519433
0.516094
0.516697
0.521087
0.520418
0.517315
0.517037
0.519712
0.514867
0.515908
0.517145
0.51826
0.517886
0.515338
0.514763
0.518911
0.520046
0.516755
0.518735
0.517149
0.517614
0.517812
0.520629
0.516394
0.516998
0.516826
0.515586
0.517732
0.519994
0.517517
0.51583
0.515953
0.518737
0.519992
0.517465
0.518861
0.517065
0.518635
0.517008
0.517108
0.517299
0.516593
0.518169
0.516583
0.514664
0.516391
0.516742
0.519353
0.517769
0.517813
0.52024
0.521154
0.515454
0.519278
0.517912
0.519962
0.518616
0.518833
0.51761
0.516661
0.517126
0.517427
0.518228
0.519165
0.519743
0.517602
0.517193
0.519498
0.517868
0.517335
0.516854
0.515544
0.517703
0.517557
0.51888
0.515092
0.516829
0.518802
0.515332
0.516413
0.519223
0.51857
0.517004
0.519505
0.519243
0.517439
0.517934
0.518672
0.514791
0.515631
0.516947
0.517783
0.51643
0.516313
0.515871
0.517572
0.519092
0.517853
0.517052
0.519086
0.518356
0.517019
0.517666
0.516785
0.517573
0.518096
0.514945
0.515531
0.517572
0.516361
0.521697
0.520012
0.516444
0.520751
0.517484
0.514411
0.517402
0.520019
0.517576
0.514821
0.52021
0.517638
0.518334
0.518561
0.518076
0.520327
0.515196
0.516326
0.516953
0.519954
0.516907
0.517651
0.514936
0.517251
0.51596
0.517032
0.518402
0.516358
0.516325
0.519002
0.515147
0.518104
0.51627
0.516971
0.519958
0.516101
0.518655
0.516251
0.517525
0.515652
0.518075
0.518948
0.517339
0.514502
0.51676
0.515997
0.520989
0.519294
0.518599
0.519066
0.517914
0.517525
0.51851
0.51898
0.518734
0.516372
0.516567
0.517411
0.518217
0.517851
0.522888
0.517741
0.518286
0.515207
0.520423
0.51709
0.517959
0.520797
0.516996
0.518769
0.519157
0.520247
0.517319
0.51773
0.517367
0.518048
0.517735
0.519588
0.517393
0.520467
0.517582
0.521259
0.514834
0.516146
0.514744
0.518979
0.515386
0.517596
0.518275
0.516993
0.518657
0.522258
0.518919
0.519235
0.519831
0.516907
0.519117
0.51869
0.520217
0.517296
0.518339
0.517749
0.516443
0.516659
0.518955
0.519378
0.514501
0.515552
0.516309
0.518202
0.518125
0.515562
0.515795
0.51965
0.51639
0.519474
0.516679
0.514834
0.518176
0.518366
0.520481
0.517196
0.517509
0.519428
0.517175
0.518119
0.519142
0.516792
0.518448
0.518017
0.515526
0.51903
0.514139
0.519797
0.51837
0.516908
0.520054
0.515467
0.517432
0.517389
0.516605
0.518509
0.518398
0.517187
0.520029
0.517932
0.5183
0.514685
0.51804
0.517502
0.516983
0.518167
0.517518
0.517126
0.514052
0.517377
0.517308
0.517957
0.515808
0.521129
0.516634
0.518491
0.518062
0.517939
0.516534
0.518737
0.515942
0.515049
0.520402
0.517787
0.520561
0.517364
0.516872
0.51583
0.518231
0.519062
0.516604
0.515496
0.517656
0.518769
0.518706
0.517507
0.516915
0.515833
0.515601
0.517813
0.519937
0.515084
0.516897
0.518451
0.518956
0.521167
0.517817
0.51733
0.519156
0.516988
0.516108
0.516141
0.51857
0.516723
0.518545
0.517662
0.518244
0.520319
0.517855
0.517089
0.518626
0.516767
0.517959
0.518192
0.518737
0.518766
0.517953
0.519166
0.517081
0.518528
0.516325
0.520586
0.518582
0.519922
0.518636
0.515956
0.517526
0.515184
0.516124
0.516222
0.518933
0.516364
0.517731
0.517762
0.518238
0.514055
0.518407
0.515875
0.519778
0.519831
0.519229
0.51685
0.516953
0.519865
0.515684
0.517498
0.516262
0.518997
0.51582
0.516081
0.519638
0.517492
0.518603
0.514612
0.517806
0.519651
0.519133
0.516035
0.517805
0.51754
0.515709
0.518929
0.515694
0.515972
0.519359
0.515417
0.520079
0.518943
0.517269
0.517391
0.516633
0.516897
0.514704
0.517696
0.517623
0.516047
0.516933
0.517423
0.51844
0.517194
0.51882
0.512383
0.51584
0.518078
0.518034
0.518068
0.517698
0.518392
0.518503
0.517392
0.5166
0.520287
0.518977
0.519124
0.51492
0.513906
0.517221
0.516714
0.519186
0.516252
0.515676
0.517308
0.517464
0.516859
0.520409
0.517779
0.519264
0.518418
0.516422
0.518913
0.516308
0.517679
0.517096
0.516575
0.515719
0.51744
0.516621
0.516921
0.515551
0.516353
0.516559
0.520036
0.516405
0.516689
0.516551
0.516708
0.517302
0.517431
0.516855
0.514993
0.516885
0.51713
0.516358
0.521022
0.517835
0.521399
0.518755
0.517447
0.519
0.517173
0.517308
0.516279
0.519837
0.518126
0.515834
0.515367
0.515092
0.518519
0.515409
0.51724
0.519756
0.516486
0.517151
0.518416
0.519153
0.515797
0.517683
0.51786
0.518877
0.518741
0.515335
0.516129
0.51957
0.517247
0.518573
0.516791
0.518599
0.517008
0.517476
0.519149
0.515045
0.51605
0.517559
0.517937
0.517714
0.513292
0.517741
0.517226
0.516943
0.52071
0.517885
0.517135
0.515352
0.519098
0.517776
0.518636
0.517796
0.517238
0.517055
0.518309
0.517144
0.51934
0.517123
0.519271
0.517712
0.517328
0.522781
0.515148
0.516225
0.518286
0.51544
0.517106
0.51339
0.516654
0.519375
0.516646
0.518583
0.51778
0.515074
0.518506
0.519671
0.519676
0.519875
0.515291
0.518543
0.517867
0.517549
0.517235
0.51799
0.518389
0.518813
0.51918
0.517745
0.518501
0.518969
0.516599
0.518197
0.516847
0.517263
0.518361
0.518824
0.519551
0.516515
0.51756
0.517793
0.513971
0.516591
0.520866
0.519905
0.517078
0.51609
0.519618
0.520016
0.518044
0.515958
0.519956
0.516432
0.518374
0.515349
0.520193
0.51974
0.519152
0.518245
0.518537
0.514488
0.518029
0.518404
0.519804
0.518217
0.517744
0.518258
0.518263
0.516674
0.516628
0.518205
0.519932
0.519999
0.516973
0.51796
0.51661
0.519314
0.517986
0.517041
0.520204
0.5181
0.519276
0.51623
0.51857
0.517382
0.514981
0.517388
0.519468
0.517778
0.518048
0.516278
0.516191
0.518035
0.520485
0.520326
0.513614
0.515344
0.517921
0.517334
0.518158
0.518842
0.516291
0.52003
0.519501
0.513484
0.520053
0.51821
0.516188
0.516868
0.518011
0.518029
0.519274
0.517749
0.516663
0.519239
0.520391
0.516652
0.518379
0.518484
0.519041
0.516494
0.518064
0.517881
0.519781
0.51374
0.518375
0.516799
0.518861
0.515211
0.518437
0.517399
0.515679
0.517304
0.517056
0.519247
0.517337
0.521997
0.515878
0.52114
0.517809
0.517665
0.518763
0.518507
0.516583
0.517504
0.518389
0.518088
0.516752
0.516657
0.521225
0.516499
0.517997
0.516103
0.519219
0.517588
0.519215
0.517433
0.51669
0.518022
0.517658
0.516993
0.514885
0.517295
0.520147
0.515724
0.518694
0.516814
0.515829
0.51971
0.517133
0.518849
0.51832
0.516929
0.519193
0.518287
0.518821
0.515809
0.515249
0.515182
0.519201
0.518525
0.517421
0.51943
0.516284
0.514441
0.516954
0.515786
0.515998
0.519618
0.517819
0.515316
0.517068
0.517709
0.519007
0.516178
0.520277
0.513699
0.517184
0.519238
0.515467
0.519633
0.517869
0.517787
0.518869
0.518862
0.516633
0.51724
0.51754
0.516771
0.518366
0.517222
0.51893
0.517903
0.519621
0.518197
0.518766
0.517551
0.51909
0.520374
0.517127
0.517455
0.51922
0.518359
0.517733
0.518671
0.515959
0.518695
0.519143
0.520715
0.519796
0.516421
0.519798
0.517227
0.517638
0.515232
0.513577
0.520804
0.519215
0.518483
0.518605
0.515926
0.518105
0.521814
0.517772
0.517487
0.519206
0.516616
0.514716
0.516242
0.519756
0.518892
0.517004
0.516716
0.520803
0.516124
0.51823
0.51617
0.52139
0.518237
0.517533
0.518469
0.516606
0.516599
0.516966
0.521004
0.51511
0.517241
0.517366
0.52061
0.516642
0.519089
0.51757
0.518249
0.518002
0.517757
0.519345
0.517867
0.516351
0.517764
0.51868
0.517048
0.520878
0.520024
0.516895
0.519251
0.518845
0.517136
0.518032
0.51619
0.518567
0.518293
0.516882
0.514724
0.518308
0.517791
0.516023
0.517697
0.521259
0.520546
0.516971
0.518448
0.516764
0.520159
0.51632
0.51821
0.514529
0.519143
0.518967
0.51561
0.517591
0.517958
0.518441
0.517641
0.517092
0.516941
0.518181
0.518116
0.518265
0.517476
0.516262
0.518879
0.517174
0.51905
0.518549
0.518693
0.517909
0.516761
0.514942
0.515959
0.518785
0.517613
0.51677
0.520146
0.518337
0.518006
0.517617
0.51592
0.519857
0.51656
0.518143
0.518531
0.518713
0.517884
0.519996
0.516959
0.516724
0.51456
0.518754
0.518728
0.51657
0.519615
0.516597
0.517315
0.517975
0.517428
0.515785
0.517552
0.52099
0.516847
0.515833
0.517199
0.515589
0.513442
0.517809
0.516446
0.52009
0.51558
0.518564
0.516426
0.519083
0.5182
0.517873
0.517583
0.516501
0.519622
0.516797
0.519633
0.516809
0.516378
0.519371
0.516184
0.515555
0.516826
0.518
0.522565
0.516214
0.517051
0.5177
0.51699
0.518277
0.516234
0.517422
0.519931
0.516052
0.519037
0.518327
0.519065
0.518256
0.518464
0.519146
0.517924
0.521041
0.521642
0.518452
0.518907
0.516985
0.516236
0.517016
0.517907
0.518216
0.516334
0.5163
0.517194
0.515966
0.51933
0.518466
0.515637
0.517801
0.517165
0.516659
0.516733
0.515307
0.519084
0.516767
0.517289
0.518285
0.520841
0.517389
0.515101
0.518543
0.51605
0.517133
0.517939
0.515126
0.51795
0.51582
0.51754
0.518
0.521547
0.517505
0.518805
0.518628
0.516302
0.518694
0.515739
0.520204
0.516713
0.517773
0.516915
0.516826
0.518149
0.514141
0.517081
0.517249
0.518617
0.516877
0.514384
0.517527
0.518462
0.516298
0.51855
0.520145
0.516469
0.516188
0.517826
0.515605
0.516256
0.517128
0.517857
0.519923
0.517998
0.516271
0.517774
0.518319
0.517665
0.515534
0.516768
0.515483
0.516426
0.515226
0.518273
0.518829
0.516298
0.517999
0.517885
0.517469
0.515988
0.515789
0.518015
0.5183
0.515415
0.522705
0.517567
0.516483
0.517015
0.517603
0.518896
0.520864
0.514168
0.51684
0.519569
0.520395
0.516445
0.518622
0.518361
0.516043
0.515534
0.517438
0.518971
0.518236
0.517642
0.51686
0.518237
0.51832
0.517413
0.515613
0.517612
0.517706
0.516654
0.519169
0.516354
0.518072
0.516378
0.518302
0.518248
0.518649
0.516999
0.519033
0.517852
0.516998
0.520176
0.517381
0.515133
0.513097
0.517558
0.520245
0.519879
0.516799
0.515251
0.517986
0.519316
0.51711
0.519315
0.518405
0.522483
0.519121
0.516635
0.519465
0.519177
0.51908
0.516112
0.517486
0.517114
0.518967
0.517735
0.516298
0.515568
0.519242
0.516861
0.518675
0.51546
0.515147
0.516938
0.516589
0.51553
0.514209
0.516614
0.519311
0.516843
0.513579
0.51912
0.517273
0.519056
0.515242
0.516798
0.517472
0.516736
0.520161
0.519413
0.516545
0.51862
0.519636
0.518569
0.517379
0.51573
0.519699
0.518548
0.512823
0.517303
0.518222
0.516136
0.518824
0.516226
0.518124
0.518764
0.518059
0.517276
0.518878
0.516824
0.517248
0.519612
0.517342
0.518467
0.518895
0.518315
0.51906
0.51975
0.51542
0.517562
0.519337
0.518115
0.517277
0.517181
0.517466
0.515695
0.518142
0.516606
0.519351
0.515499
0.5156
0.516951
0.519003
0.518141
0.520525
0.517039
0.51771
0.517041
0.518188
0.51991
0.518827
0.520064
0.516079
0.515726
0.51608
0.515885
0.51875
0.518836
0.518511
0.519685
0.517176
0.51683
0.517021
0.518229
0.517937
0.517892
0.515227
0.515478
0.515505
0.518996
0.517044
0.517144
0.51579
0.518182
0.519855
0.516267
0.516415
0.518081
0.520971
0.516255
0.516471
0.518042
0.515686
0.519451
0.518345
0.517281
0.518098
0.516436
0.512932
0.520436
0.518687
0.515326
0.517483
0.514044
0.515431
0.515996
0.518833
0.519597
0.518127
0.519436
0.515733
0.519239
0.520268
0.52151
0.516962
0.516731
0.520806
0.517632
0.517321
0.519077
0.519641
0.519581
0.517671
0.517797
0.51891
0.518795
0.516505
0.516573
0.516474
0.518514
0.516662
0.517664
0.518523
0.516396
0.518177
0.519013
0.518578
0.51582
0.519474
0.51669
0.517167
0.51809
0.519729
0.518989
0.521752
0.515724
0.516403
0.515716
0.516646
0.517622
0.514656
0.517271
0.519083
0.515873
0.518326
0.516527
0.517182
0.518693
0.51819
0.518184
0.516387
0.52108
0.51953
0.516153
0.518137
0.518425
0.517172
0.517313
0.519429
0.519749
0.519843
0.516899
0.518041
0.517178
0.517974
0.51674
0.518244
0.5179
0.516289
0.514937
0.516721
0.518964
0.51644
0.5183
0.517194
0.518377
0.519185
0.516419
0.517509
0.51746
0.516808
0.51569
0.516941
0.516315
0.519124
0.519803
0.518371
0.514288
0.516312
0.516676
0.515886
0.514915
0.515826
0.518117
0.519966
0.517189
0.519126
0.520151
0.51824
0.518742
0.518919
0.517585
0.517909
0.514975
0.5174
0.515419
0.515357
0.517023
0.518211
0.519616
0.517175
0.517934
0.516716
0.516112
0.517317
0.51682
0.518695
0.516361
0.520346
0.517067
0.516691
0.515954
0.515493
0.516286
0.520327
0.520822
0.517853
0.514002
0.515136
0.515896
0.519955
0.516183
0.51504
0.517946
0.517446
0.516562
0.519431
0.514083
0.518756
0.517128
0.519076
0.518404
0.517981
0.51594
0.515937
0.519272
0.517197
0.516344
0.517552
0.516643
0.518675
0.51767
0.519277
0.519288
0.517318
0.516868
0.517698
0.518865
0.518395
0.517093
0.517828
0.518452
0.518397
0.51732
0.516741
0.515618
0.519219
0.516279
0.51711
0.518221
0.517255
0.519185
0.518137
0.515467
0.514874
0.517051
0.518249
0.518216
0.517163
0.519672
0.518685
0.516704
0.514169
0.519958
0.517875
0.518261
0.519987
0.517575
0.519518
0.517056
0.517681
0.518087
0.518916
0.51758
0.517732
0.519283
0.518739
0.518177
0.518691
0.518604
0.51643
0.51759
0.517144
0.519193
0.518313
0.51725
0.519111
0.517653
0.518662
0.518131
0.518413
0.518615
0.518779
0.517139
0.517097
0.520073
0.518027
0.517948
0.517605
0.516471
0.519614
0.521392
0.518105
0.517466
0.517379
0.51741
0.517932
0.519956
0.517064
0.515944
0.518241
0.516575
0.516735
0.516897
0.5168
0.518889
0.518282
0.519293
0.519027
0.519159
0.518144
0.519913
0.517722
0.516559
0.517132
0.517852
0.521336
0.518207
0.519505
0.519375
0.51874
0.516664
0.519849
0.516896
0.518303
0.520637
0.518202
0.515098
0.516281
0.518485
0.517492
0.518371
0.518569
0.517424
0.518723
0.515612
0.518965
0.514789
0.517983
0.518679
0.517638
0.515873
0.516106
0.516883
0.518332
0.515602
0.519109
0.515432
0.515618
0.517532
0.518102
0.517019
0.518048
0.51859
0.518832
0.519887
0.517076
0.515685
0.514428
0.516745
0.519663
0.520735
0.519205
0.51642
0.515043
0.518736
0.515157
0.518776
0.518627
0.514397
0.519119
0.518231
0.52093
0.518254
0.516942
0.517863
0.517459
0.518064
0.519054
0.516085
0.51693
0.520513
0.517967
0.515643
0.516872
0.516251
0.519247
0.517151
0.520526
0.515339
0.515983
0.515703
0.515086
0.517014
0.517523
0.517924
0.518016
0.516819
0.518336
0.517401
0.517553
0.518538
0.517053
0.519338
0.519006
0.516654
0.519609
0.518886
0.517045
0.516886
0.514959
0.517314
0.516811
0.518189
0.519262
0.518128
0.51651
0.51759
0.516424
0.519191
0.520053
0.518292
0.517259
0.519032
0.518341
0.518003
0.51771
0.5169
0.518326
0.515271
0.516306
0.516826
0.519214
0.519813
0.515461
0.516763
0.518856
0.518861
0.514713
0.516172
0.518711
0.51511
0.521454
0.516685
0.516429
0.517728
0.521263
0.518057
0.517337
0.516821
0.518588
0.517149
0.520138
0.518832
0.515969
0.52295
0.516977
0.516574
0.515663
0.516373
0.517732
0.518801
0.518091
0.516199
0.516099
0.517059
0.519346
0.516649
0.51588
0.51835
0.517366
0.5164
0.516176
0.518093
0.517881
0.517109
0.520375
0.517769
0.515916
0.51729
0.515615
0.516281
0.518832
0.518013
0.517152
0.520263
0.516544
0.51653
0.516009
0.518368
0.516499
0.516114
0.515206
0.518545
0.519009
0.51885
0.515201
0.519087
0.5175
0.517476
0.518919
0.519381
0.517675
0.516515
0.519153
0.519044
0.518346
0.516757
0.51766
0.520003
0.516936
0.516259
0.518995
0.517637
0.517101
0.518932
0.515876
0.518057
0.518829
0.51604
0.519009
0.516181
0.517649
0.517757
0.518068
0.517158
0.516987
0.520194
0.517708
0.518572
0.515865
0.516861
0.516741
0.518314
0.518662
0.517059
0.518544
0.519209
0.519746
0.516606
0.517784
0.515493
0.518345
0.520379
0.519034
0.518359
0.516499
0.518413
0.51844
0.519831
0.515326
0.517449
0.519202
0.517811
0.515599
0.517599
0.516477
0.520206
0.517683
0.519925
0.520752
0.516309
0.51794
0.516366
0.516582
0.51964
0.516576
0.517495
0.518522
0.517431
0.516583
0.519022
0.519058
0.513832
0.518725
0.517984
0.51781
0.514991
0.517679
0.517881
0.518472
0.515875
0.518657
0.51705
0.516368
0.51827
0.513782
0.520397
0.518017
0.520193
0.519801
0.516796
0.519561
0.515556
0.518288
0.52047
0.520432
0.516355
0.516272
0.516656
0.517477
0.519294
0.519989
0.519412
0.518058
0.515749
0.51538
0.516676
0.513318
0.515827
0.51656
0.518369
0.51609
0.517533
0.517267
0.517544
0.518323
0.516088
0.518596
0.51749
0.515534
0.516333
0.519813
0.519053
0.52007
0.515727
0.519333
0.514222
0.520216
0.516616
0.517643
0.517599
0.515829
0.517102
0.518541
0.518336
0.515317
0.519564
0.517152
0.517106
0.517718
0.517255
0.518034
0.516572
0.516475
0.51852
0.516974
0.516491
0.51722
0.517167
0.516786
0.51912
0.518572
0.518526
0.517568
0.517531
0.518708
0.517658
0.518391
0.512756
0.516957
0.519228
0.519914
0.517052
0.517795
0.516295
0.516887
0.5181
0.516601
0.516316
0.516059
0.515961
0.519389
0.516119
0.519569
0.518774
0.517559
0.517125
0.517823
0.518256
0.517821
0.518109
0.516593
0.518128
0.51886
0.518856
0.519682
0.516577
0.51824
0.517616
0.516034
0.5189
0.516006
0.518866
0.518205
0.516496
0.516839
0.515612
0.519893
0.518476
0.517404
0.516942
0.519251
0.520033
0.515912
0.51549
0.515889
0.51784
0.514706
0.517444
0.519794
0.519831
0.516751
0.517558
0.518816
0.517865
0.516775
0.518632
0.517158
0.515543
0.517535
0.51781
0.519137
0.515615
0.51865
0.517066
0.518696
0.518286
0.521902
0.519314
0.519125
0.519217
0.517932
0.519565
0.520244
0.516613
0.518297
0.517607
0.517085
0.517573
0.518524
0.517661
0.518216
0.516321
0.516974
0.518032
0.517309
0.518055
0.516194
0.521514
0.518407
0.514998
0.517007
0.520028
0.515951
0.518516
0.515963
0.516547
0.517898
0.517486
0.516143
0.519132
0.517257
0.517036
0.519494
0.518866
0.518326
0.519633
0.515843
0.518726
0.5159
0.519427
0.515509
0.519613
0.51617
0.521254
0.519882
0.518637
0.517088
0.518958
0.519055
0.51827
0.516005
0.517967
0.517415
0.518785
0.517928
0.518196
0.517586
0.518655
0.519799
0.521091
0.519511
0.516668
0.51916
0.513414
0.51858
0.520483
0.515309
0.515761
0.517689
0.518095
0.514645
0.517633
0.519189
0.517498
0.518273
0.517609
0.514767
0.517982
0.518994
0.51821
0.517397
0.515618
0.518196
0.515224
0.516168
0.51667
0.517347
0.51787
0.51707
0.516675
0.517009
0.516749
0.516349
0.518701
0.517009
0.518423
0.516995
0.520039
0.519844
0.516301
0.516667
0.518188
0.518397
0.515781
0.519167
0.519665
0.520061
0.517209
0.515451
0.51809
0.518481
0.518968
0.517879
0.519335
0.517459
0.519603
0.51712
0.520489
0.519368
0.517636
0.516878
0.518141
0.519362
0.518569
0.516586
0.517347
0.519289
0.517115
0.517753
0.516823
0.516182
0.51585
0.518445
0.517225
0.519306
0.518247
0.516434
0.516838
0.517744
0.517449
0.51721
0.518954
0.519318
0.518801
0.520944
0.517991
0.517395
0.517181
0.517415
0.516256
0.520457
0.516292
0.518586
0.520182
0.51921
0.518609
0.517072
0.517781
0.516722
0.51964
0.516752
0.516868
0.519932
0.519032
0.516048
0.516553
0.519343
0.521364
0.515579
0.516724
0.516092
0.519505
0.516194
0.516457
0.516446
0.517312
0.51797
0.515093
0.51813
0.515652
0.518829
0.520535
0.518203
0.519301
0.518089
0.518582
0.515857
0.517079
0.516595
0.516589
0.517342
0.517396
0.516919
0.519891
0.515684
0.518164
0.518642
0.516943
0.517319
0.520474
0.517578
0.519008
0.517596
0.517723
0.516971
0.514609
0.518252
0.517985
0.516517
0.516397
0.518562
0.516886
0.51664
0.51982
0.521091
0.519364
0.514289
0.519111
0.517555
0.518414
0.515723
0.518458
0.518936
0.519145
0.517437
0.5181
0.518291
0.519111
0.516517
0.521018
0.519631
0.517533
0.517686
0.519662
0.519195
0.519104
0.518821
0.519144
0.517101
0.518744
0.517067
0.514507
0.52101
0.516402
0.517605
0.515693
0.515699
0.518696
0.519169
0.520451
0.516174
0.516879
0.516915
0.515408
0.518646
0.522332
0.516801
0.517845
0.51951
0.516963
0.519656
0.521413
0.518101
0.519482
0.518347
0.517114
0.519745
0.519326
0.520144
0.51826
0.514857
0.516777
0.520628
0.521824
0.519412
0.517217
0.519979
0.519671
0.518368
0.518373
0.519078
0.518042
0.51616
0.516624
0.518083
0.51794
0.517571
0.516886
0.519803
0.516358
0.517731
0.520716
0.518255
0.516126
0.517135
0.51781
0.517346
0.515096
0.518585
0.51823
0.514906
0.515892
0.515619
0.519071
0.518571
0.519008
0.518217
0.520195
0.514355
0.516267
0.519952
0.520355
0.518188
0.517925
0.519289
0.519292
0.517304
0.519393
0.515937
0.516437
0.514631
0.516595
0.518156
0.515986
0.51846
0.524119
0.517918
0.513517
0.51965
0.517518
0.516671
0.520097
0.520248
0.51948
0.515985
0.518983
0.519664
0.518168
0.515819
0.517126
0.516808
0.516229
0.517402
0.517558
0.519986
0.517263
0.517477
0.514511
0.519948
0.519531
0.51882
0.516267
0.517152
0.516421
0.519165
0.516947
0.520749
0.518795
0.515667
0.518562
0.517502
0.516608
0.518082
0.517866
0.516657
0.517478
0.520957
0.516683
0.516734
0.519379
0.517809
0.516185
0.520817
0.518961
0.517878
0.516438
0.518851
0.518585
0.518221
0.520038
0.517953
0.515796
0.514895
0.519897
0.519328
0.515426
0.518084
0.518837
0.521943
0.51619
0.515812
0.517063
0.518555
0.518955
0.515544
0.522135
0.518723
0.518533
0.516171
0.517925
0.517635
0.517764
0.519367
0.516756
0.516157
0.519452
0.520344
0.518006
0.518396
0.51929
0.517761
0.518757
0.516238
0.518473
0.518732
0.516678
0.519802
0.515939
0.519747
0.51544
0.519107
0.513974
0.518266
0.518512
0.517097
0.518256
0.516194
0.518676
0.518362
0.518831
0.516093
0.5153
0.517455
0.518441
0.517645
0.51726
0.516868
0.518625
0.515971
0.516809
0.518195
0.516489
0.519453
0.515317
0.518391
0.5169
0.51661
0.51996
0.518431
0.517012
0.514599
0.514338
0.519406
0.517124
0.518578
0.517751
0.518727
0.517512
0.517962
0.520978
0.518747
0.519448
0.51822
0.519229
0.517185
0.520737
0.518887
0.518303
0.519808
0.518963
0.51485
0.518344
0.516707
0.517789
0.517884
0.519625
0.519649
0.515754
0.518154
0.519383
0.5171
0.516743
0.517132
0.51919
0.518742
0.517095
0.517809
0.518117
0.514907
0.514526
0.516739
0.5209
0.5199
0.52017
0.519057
0.51767
0.514797
0.519378
0.520304
0.519237
0.519904
0.516372
0.517948
0.518056
0.516707
0.518442
0.518933
0.518029
0.518908
0.519102
0.517275
0.519231
0.516872
0.518631
0.51798
0.520218
0.516009
0.517919
0.517263
0.518661
0.519576
0.518284
0.518922
0.520025
0.515819
0.517607
0.522653
0.519765
0.516303
0.522256
0.517109
0.516424
0.517901
0.516423
0.518982
0.515639
0.516563
0.518148
0.516528
0.517196
0.520539
0.514959
0.518284
0.516343
0.51659
0.52032
0.517909
0.519509
0.518372
0.520465
0.517197
0.515038
0.51907
0.519137
0.519112
0.517526
0.519159
0.517957
0.517778
0.516845
0.519871
0.516618
0.516781
0.51759
0.517594
0.517101
0.518084
0.516461
0.516063
0.515678
0.518074
0.517981
0.513947
0.516414
0.518094
0.518413
0.518544
0.520031
0.516636
0.514857
0.516736
0.517051
0.517214
0.517873
0.51697
0.517507
0.516471
0.51568
0.516718
0.520368
0.517412
0.514683
0.5167
0.518316
0.51798
0.515435
0.514809
0.517958
0.518494
0.517489
0.517934
0.517831
0.518333
0.518969
0.517453
0.519169
0.516728
0.517401
0.516604
0.518269
0.518004
0.518451
0.517584
0.515918
0.516975
0.519101
0.519371
0.518955
0.518536
0.516508
0.516965
0.520021
0.517116
0.515234
0.519722
0.516632
0.518375
0.518166
0.516323
0.518721
0.519492
0.515567
0.515537
0.517406
0.516957
0.516932
0.518481
0.518008
0.518148
0.518555
0.519683
0.517148
0.518341
0.517777
0.516879
0.518439
0.517591
0.516971
0.515964
0.517801
0.516797
0.515746
0.517608
0.519026
0.516688
0.513469
0.516953
0.518614
0.519112
0.517925
0.518968
0.520632
0.522051
0.519857
0.516526
0.518672
0.518154
0.517026
0.514616
0.517184
0.519044
0.51795
0.515573
0.517605
0.516796
0.516316
0.520101
0.520294
0.517388
0.517545
0.518162
0.517387
0.513707
0.521543
0.519045
0.518206
0.516016
0.520759
0.522203
0.515917
0.518354
0.518598
0.517264
0.518021
0.519135
0.516013
0.518185
0.517598
0.517137
0.518203
0.517481
0.519357
0.517415
0.516824
0.515874
0.517434
0.517787
0.518738
0.519023
0.517894
0.515645
0.517208
0.514856
0.517269
0.521326
0.517787
0.519432
0.515458
0.51876
0.51598
0.521056
0.516263
0.515925
0.518244
0.518118
0.517093
0.517687
0.517925
0.518163
0.517804
0.517408
0.518138
0.517474
0.517712
