0.618889
0.617993
0.61997
0.607969
0.601243
0.594036
0.590991
0.58353
0.580249
0.576793
0.572041
0.577217
0.57166
0.572871
0.567825
0.566963
0.566397
0.562382
0.560908
0.556965
0.553861
0.555943
0.558674
0.55648
0.554753
0.553611
0.553013
0.552908
0.548234
0.550526
0.549141
0.548277
0.547642
0.548138
0.54805
0.548249
0.546353
0.545826
0.54428
0.545139
0.546085
0.543032
0.543916
0.545329
0.543965
0.544866
0.543256
0.541894
0.542004
0.541291
0.54108
0.54218
0.542975
0.54373
0.539447
0.540722
0.539876
0.541525
0.541205
0.542305
0.541178
0.541295
0.541003
0.540024
0.538676
0.538231
0.538732
0.538491
0.540547
0.538691
0.540055
0.538511
0.538059
0.539984
0.536732
0.538192
0.53779
0.537268
0.537183
0.538324
0.537346
0.538117
0.53793
0.537201
0.537966
0.537343
0.538018
0.538045
0.536009
0.537909
0.539065
0.536572
0.537332
0.535828
0.53758
0.53729
0.535766
0.536073
0.537164
0.536039
0.537502
0.53703
0.537291
0.535302
0.536459
0.534991
0.537708
0.536645
0.536257
0.534952
0.535783
0.535262
0.536763
0.535343
0.535678
0.535258
0.536126
0.534361
0.535878
0.535284
0.535178
0.534546
0.534911
0.536228
0.537755
0.536034
0.536603
0.534739
0.534491
0.535985
0.534978
0.534038
0.534815
0.534507
0.534316
0.534074
0.536159
0.533485
0.533392
0.533303
0.534869
0.533971
0.534096
0.534402
0.533304
0.533022
0.535223
0.534903
0.534872
0.533535
0.534815
0.533945
0.534418
0.535271
0.533229
0.533619
0.533509
0.533992
0.534061
0.535385
0.534131
0.533635
0.534018
0.534287
0.533669
0.532267
0.533025
0.532379
0.531572
0.534722
0.534017
0.531342
0.534361
0.532616
0.532887
0.533465
0.533464
0.532268
0.531709
0.531845
0.532923
0.532156
0.534278
0.533293
0.531398
0.531764
0.530723
0.531997
0.532421
0.532624
0.531579
0.531653
0.530713
0.531938
0.532583
0.531464
0.531153
0.530952
0.533917
0.531214
