0.880923
0.78369
0.740757
0.711858
0.691751
0.676832
0.669001
0.663427
0.658575
0.656514
0.652785
0.653504
0.650537
0.649388
0.65172
0.651424
0.652176
0.651511
0.653935
0.656131
0.659822
0.659955
0.660691
0.660661
0.659887
0.659979
0.658737
0.663069
0.661512
0.658594
0.65974
0.662204
0.659727
0.657618
0.664063
0.660484
0.658021
0.660838
0.656271
0.659834
0.655642
0.652824
0.653519
0.652896
0.654829
0.652799
0.648746
0.64791
0.650715
0.646332
0.644465
0.642249
0.642395
0.644389
0.641364
0.638698
0.639139
0.634289
0.632923
0.635861
0.631946
0.629752
0.626561
0.630966
0.629747
0.623917
0.624497
0.622865
0.625483
0.623166
0.619725
0.624404
0.620191
0.617447
0.618014
0.612799
0.615169
0.61475
0.614155
0.612514
0.607599
0.609438
0.607247
0.608437
0.607264
0.603867
0.605248
0.607296
0.602422
0.60098
0.601086
0.600633
0.600151
0.598688
0.596516
0.594893
0.599838
0.595049
0.594712
0.593495
0.593505
0.589762
0.591529
0.591597
0.592992
0.587267
0.58929
0.588738
0.586851
0.587169
0.587267
0.586911
0.584696
0.583599
0.583663
0.58468
0.58253
0.582958
0.580031
0.582242
0.580198
0.580852
0.582289
0.578812
0.578044
0.579334
0.577559
0.578415
0.575106
0.576884
0.577056
0.575929
0.572947
0.574788
0.57266
0.572683
0.572265
0.573957
0.573485
0.573646
0.568524
0.570929
0.571714
0.571138
0.567187
0.566121
0.5677
0.566235
0.568498
0.565709
0.565405
0.567324
0.565552
0.564743
0.563511
0.565094
0.563508
0.562177
0.564057
0.562215
0.560666
0.565113
0.561097
0.562606
0.561199
0.559832
0.557866
0.562418
0.561505
0.559416
0.559646
0.557151
0.556538
0.560269
0.558067
0.557415
0.558575
0.553038
0.557151
0.55626
0.557615
0.555967
0.555252
0.555603
0.554673
0.555811
0.554163
0.554913
0.555028
0.55132
0.552431
0.553862
0.555242
0.553098
0.553114
0.551839
0.553755
0.55102
0.551331
0.552378
0.551365
0.551631
0.550042
0.550914
0.549969
0.55048
0.550224
0.549286
0.547445
0.547685
0.549953
0.548297
0.549816
0.549687
0.546685
0.546248
0.546564
0.545336
0.545778
0.546412
0.549021
0.5454
0.546424
0.54536
0.545119
0.544451
0.545101
0.54396
0.544285
0.543966
0.544979
0.54505
0.543529
0.542356
0.543424
0.542744
0.543851
0.540257
0.542398
0.540688
0.540777
0.541551
0.543277
0.541322
0.540773
0.539276
