       0
    9716
   30552
   51828
   69899
   92609
  109479
  130029
  149902
  174060
  193587
  215016
  231753
  256233
  278282
  283636
  311389
  329461
  348093
  375556
  395502
  413545
  435192
  450712
  475576
  483659
  519484
  532720
  554917
  575035
  600387
  613218
  631636
  650062
  685334
  696402
  723546
  739059
  758537
  775331
  795811
  825330
  857125
  856515
  875276
  892281
  926438
  938291
  971212
  989112
  992951
 1022574
 1038693
 1058427
 1079375
 1105764
 1125179
 1152755
 1175780
 1197937
 1213012
 1237417
 1251742
 1272974
 1293379
 1314687
 1358826
 1374405
 1381678
 1413927
 1432225
 1449221
 1474837
 1494966
 1511153
 1536486
 1555804
 1574283
 1601900
 1620236
 1650514
 1657579
 1680591
 1694370
 1723432
 1739238
 1765783
 1796937
 1819211
 1839174
 1837907
 1880883
 1888148
 1917880
 1945716
 1954773
 1997504
 2012070
 2031471
 2044174
 2077170
 2102444
 2127303
 2135342
 2170445
 2184786
 2215388
 2229431
 2255552
 2281544
 2299296
 2330359
 2343590
 2371972
 2393151
 2391211
 2434435
 2456657
 2467029
 2505587
 2507625
 2530625
 2562350
 2575580
 2603450
 2624338
 2657022
 2677447
 2701553
 2724782
 2753679
 2756340
 2778883
 2826806
 2830315
 2844035
 2874890
 2898192
 2921761
 2946523
 2989414
 2997080
 3015524
 3048232
 3056164
 3091117
 3098534
 3109629
 3145188
 3165671
 3193741
 3219067
 3246769
 3250024
 3261661
 3299809
 3346303
 3347672
 3364001
 3390281
 3429155
 3432061
 3457557
 3479451
 3516099
 3527980
 3574389
 3572874
 3578743
 3622295
 3637007
 3681294
 3673450
 3732285
 3720229
 3741684
 3794566
 3780892
 3813407
 3846210
 3855940
 3902754
 3909037
 3928975
 3958593
 3963378
 3985692
 4009907
 4045155
 4025521
 4099406
 4103798
 4141648
 4170520
 4190130
 4195341
 4226839
 4259847
 4242635
 4268684
 4306450
 4325368
 4369815
 4372896
 4400251
 4409135
 4454527
 4462198
 4481811
 4482000
 4528035
 4542663
 4568761
 4583808
 4590327
 4613443
 4677642
 4684286
 4674266
 4721843
 4738568
 4757524
 4768435
 4779303
 4825811
 4848236
 4857822
 4893259
 4896336
 4928025
 4936591
 4960624
 4981892
 4987586
 5014077
 5037925
 5056481
 5075162
 5151387
 5120058
 5148038
 5178823
 5174934
 5222644
 5198327
 5248615
 5261251
 5296161
 5293466
 5322730
 5347281
 5353001
 5370272
 5417743
 5393080
 5420919
 5460536
 5474238
 5484571
 5501695
 5523880
 5543407
 5560145
 5575441
 5599380
 5623600
 5626970
 5671235
 5673266
 5703769
 5690378
 5721302
 5731056
 5753527
 5797786
 5828282
 5821114
 5831492
 5870311
 5872789
 5865586
 5905180
 5900553
 5942107
 5963127
 5972143
 5983758
 6029760
 6047884
 6057699
 6074188
 6105601
 6070301
 6150002
 6133400
 6167644
 6185842
 6151009
 6220012
 6178442
 6235051
 6249221
 6271338
 6276112
 6294574
 6297075
 6349949
 6345879
 6361287
 6416673
 6420331
 6411343
 6417473
 6449023
 6464112
 6467892
 6489247
 6499093
 6512440
 6527392
 6559622
 6601477
 6607108
 6644772
 6616889
 6668914
 6670680
 6681090
 6685510
 6716714
 6711897
 6755002
 6742142
 6733877
 6771686
 6798357
 6827767
 6796033
 6853164
 6831425
 6877108
 6898866
 6914192
 6933191
 6931438
 6940289
 6969645
 6982346
 7024989
 7033580
 7045726
 7054151
 7052370
 7111648
 7093082
 7134736
 7091425
 7124579
 7156624
 7165002
 7193895
 7196581
 7216585
 7225973
 7216867
 7263508
 7281417
 7302332
 7304982
 7352125
 7344828
 7334542
 7397457
 7399885
 7406661
 7407396
 7433626
 7466136
 7462347
 7494693
 7517654
 7515258
 7550920
 7545821
 7596352
 7592845
 7609175
 7612911
 7613923
 7626323
 7705003
 7689642
 7720816
 7704227
 7740310
 7784318
 7764441
 7770948
 7816018
 7812736
 7846338
 7849046
 7888784
 7840223
 7917148
 7921437
 7933683
 7931349
 7999675
 7962158
 7990503
 8015073
 8048583
 8031340
 8082436
 8071128
 8102018
 8121236
 8137168
 8157260
 8201328
 8173903
 8228655
 8219354
 8194958
 8216650
 8233186
 8289657
 8294022
 8300583
 8354747
 8347499
 8386719
 8388603
 8404971
 8431182
 8460067
 8474695
 8465378
 8508070
 8527425
 8510339
 8561845
 8571243
 8609051
 8614086
 8606373
 8641159
 8637126
 8664826
 8668565
 8715003
 8706454
 8768407
 8772619
 8772575
 8796727
 8837158
 8811469
 8877095
 8894925
 8893666
 8908842
 8897615
 8971159
 8978508
 9023200
 8992454
 8994765
 9049292
 9067128
 9082514
 9099975
 9115614
 9162341
 9161777
 9164347
 9191169
 9184669
 9214596
 9241179
 9225880
 9280842
 9288788
 9281869
 9303125
 9342241
 9346645
 9386977
 9402275
 9398306
 9409415
 9457696
 9507155
 9493011
 9513886
 9535483
 9524184
 9573470
 9566728
 9546507
 9609565
 9609207
 9623228
 9608240
 9622304
 9686050
 9742619
 9681199
 9740988
 9767148
 9763272
 9784435
 9801523
 9780157
 9805478
 9824084
 9884671
 9852902
 9848120
 9882836
 9897304
 9914752
 9941910
 9959505
 9959099
 9952838
 9981773
 9988431
10022001
10049968
10054842
10051981
10064874
10087671
10087988
10116430
10124623
10162458
10152001
10163276
10151980
10182844
10204810
10171344
10186521
10224218
10243131
10234031
10259453
10262583
10240615
10294225
10265300
10262429
10302368
10284882
10314244
10348179
10335727
10332302
10368094
10327169
10363942
10368864
10328299
10383989
10378783
10344146
10373993
10413285
10374801
10385345
10396970
10381247
10394395
10418366
10398046
10432909
10380749
10395652
10435134
10389721
10421544
10434600
10412722
10416725
10413153
10405944
10405480
10418312
10402891
10397879
10402028
10380924
10354908
10411861
10369963
10386810
10348037
10349413
10368169
10341414
10339922
10318025
10337602
10306113
10292629
10290102
10328522
10258074
10307603
10280290
10265229
10259114
10204413
10243544
10190494
10215000
10154297
10148920
10126451
10120051
10130013
10115303
10090882
10080492
10048722
10042353
10032573
10012596
 9988274
 9991751
 9957562
 9946901
 9937352
 9915094
 9870350
 9860553
 9838915
 9806480
 9790504
 9780718
 9782522
 9735940
 9744582
 9673537
 9690410
 9657014
 9624521
 9643310
 9598516
 9521972
 9516184
 9498536
 9463468
 9449893
 9451383
 9389489
 9357953
 9341775
 9322941
 9318687
 9234890
 9248462
 9175389
 9192601
 9169689
 9094328
 9062484
 9059700
 9014825
 8995163
 8947838
 8936700
 8895215
 8865321
 8833506
 8805938
 8773684
 8720835
 8699305
 8652647
 8625476
 8612529
 8556565
 8550683
 8476040
 8503865
 8410705
 8372859
 8340221
 8290537
 8256170
 8257476
 8212390
 8178328
 8154762
 8050925
 8063346
 8014251
 7930712
 7940232
 7880817
 7837344
 7803545
 7755220
 7742450
 7665175
 7672755
 7636757
 7524027
 7523443
 7519856
 7453844
 7415168
 7362784
 7320509
 7283847
 7243263
 7226064
 7160393
 7124509
 7115765
 7039956
 7022131
 6932836
 6935064
 6859050
 6835380
 6775102
 6728161
 6724130
 6688413
 6618609
 6574095
 6545621
 6521573
 6466089
 6376032
 6377307
 6331489
 6282029
 6242233
 6180552
 6137067
 6092094
 6064837
 6037471
 5969970
 5925678
 5891761
 5833049
 5793278
 5764472
 5745100
 5674312
 5615770
 5575162
 5554294
 5506123
 5435856
 5426226
 5384901
 5317220
 5299559
 5255563
 5176917
 5139873
 5125877
 5074776
 5046233
 5000538
 4946555
 4884455
 4853998
 4816145
 4781795
 4755748
 4681802
 4668286
 4605673
 4573852
 4524287
 4477223
 4454923
 4414804
 4389475
 4340421
 4273205
 4267206
 4214160
 4179655
 4138525
 4093289
 4057025
 4009677
 3981007
 3939507
 3890388
 3866632
 3801979
 3791923
 3728500
 3710496
 3653633
 3623183
 3588407
 3527071
 3498686
 3450640
 3420057
 3399283
 3377815
 3352819
 3281565
 3251303
 3226542
 3182840
 3169774
 3126038
 3091331
 3054617
 3021865
 2967172
 2951188
 2917791
 2882709
 2869725
 2841619
 2796373
 2774531
 2721887
 2690256
 2676556
 2644514
 2596222
 2556437
 2547611
 2511888
 2487267
 2446782
 2409550
 2388026
 2358479
 2329464
 2314828
 2264070
 2237447
 2226476
 2181687
 2160942
 2105515
 2087902
 2087808
 2045003
 2034617
 1999286
 1977755
 1947096
 1925797
 1904579
 1863018
 1843848
 1817073
 1782060
 1760133
 1746548
 1716532
 1703099
 1666960
 1648315
 1613829
 1610688
 1596020
 1576981
 1548559
 1517162
 1494838
 1484963
 1470029
 1442718
 1429574
 1393537
 1369557
 1368782
 1328815
 1311447
 1306730
 1283834
 1260739
 1243306
 1223194
 1202925
 1196147
 1162879
 1145735
 1131569
 1123375
 1093277
 1077286
 1060094
 1052578
 1038515
 1016042
  994779
  993995
  962507
  947958
  934626
  916064
  920485
  902881
  892222
  868756
  850730
  848825
  827644
  821401
  787173
  792385
  771766
  751380
  754185
  736343
  729460
  724413
  712814
  687075
  678371
  661157
  651571
  648032
  634065
  623876
  618895
  602997
  592762
  583352
  566049
  552187
  548468
  536844
  515268
  520079
  511137
  499846
  491733
  487645
  475591
  469937
  462273
  457161
  439942
  426838
  417436
  417562
  414263
  400186
  396689
  394788
  382217
  378910
  367776
  360835
  356694
  352723
  334832
  330680
  322089
  319492
  312919
  312578
  299507
  294445
  292956
  284085
  277711
  273385
  270231
  258489
  259208
  249764
  248791
  243239
  236323
  229919
  226593
  222153
  218946
  213325
  207452
  206019
  202926
  194213
  193579
  190463
  179845
  181724
  178778
  176644
  173436
  165714
  162800
  156543
  158013
  157699
  150675
  145602
  148806
  141184
  137043
  133810
  133193
  128806
  130173
  123737
  118313
  119856
  117318
  113614
  107847
  109293
  103240
  100839
   99692
   94693
   97427
   94058
   91344
   92795
   88837
   83330
   81697
   77992
   81762
   81375
   74502
   77169
   69750
   69425
   68943
   66967
   65300
   64831
   61222
   61496
   59665
   58541
   55847
   58003
   54998
   55626
   52748
   53026
   50491
   49057
   45103
   49261
   42992
   44160
   42941
   42140
   41120
   40224
   41118
   37250
   36089
   35867
   36893
   35316
   34188
   34717
   32391
   31425
   31387
   30668
   29750
   29885
   29178
   28483
   27497
   25463
   23281
   24345
   23513
   23384
   21740
   20241
   23116
   22126
   19260
   21340
   20701
   17730
   17520
   17079
   16393
   16284
   16368
   17558
   13715
   13776
   13804
   14763
   12865
   12712
   12892
   12044
   12873
   11826
   11202
   10159
   10890
   10856
    9150
    9972
   10135
    9880
   10152
    9032
    8940
    7864
    9618
    8661
    8417
    7880
    7641
    7474
    6147
    7109
    5854
    6777
    7332
    7174
    6129
    5775
    5884
    7198
    5409
    4945
    5478
    5005
    4373
    4369
    4520
    4545
    3789
    5293
    3368
    3924
    3797
    4039
    2994
    2917
    3831
    3494
    2763
    2828
    2817
    3190
    2931
    2880
    2143
    2773
    2685
    2283
    1982
    2348
    2425
    2408
    1593
    2359
    2077
    2064
    2050
    1961
    1455
    1856
    1545
    1878
    1595
    1774
    1568
    1650
    1122
    1895
    1192
     828
    1234
    1227
    1172
    1067
    1218
    1111
     675
    1121
    1171
     758
    1105
     679
     730
     797
     742
     652
     725
     837
     535
     604
     617
     829
     526
     520
     524
     666
     556
     395
     528
     595
     531
     532
     520
     535
     399
     455
     325
     617
     374
     505
     412
     341
     623
     631
     364
     215
     413
     276
     337
     376
     210
     429
     311
     150
     161
     370
     205
     142
     188
     289
     377
     134
     207
     301
     126
     114
     152
     126
     146
     222
     205
     165
      93
     547
      39
     510
     173
     127
     195
     214
     277
     120
     194
     299
      71
     188
      69
     197
     100
     122
     105
     180
     222
     141
     148
      74
     114
     149
     218
     102
      83
     128
     111
     108
     231
      44
      98
     148
      92
      70
      95
      85
      17
      49
      27
      51
      15
      19
     143
      58
     112
      34
      85
      51
       5
      57
      15
      26
       3
      12
      41
     229
      59
     226
      83
     165
     108
      30
      95
      22
       0
      39
      37
      33
      53
       0
      97
     148
      32
      25
      66
      32
      79
      25
      52
      30
      34
     135
      20
       0
       0
      16
      52
      98
       0
      53
      13
      74
      42
      16
      76
     147
       9
     192
      50
      58
     143
      53
      88
      41
      61
      76
     113
     135
      39
       0
      20
       0
      41
      46
      12
     106
      51
      12
       0
      13
      59
       8
       9
      58
      67
       0
      79
      23
      84
      12
      84
      36
      48
      20
      59
      19
      79
       0
      82
      14
      45
      49
      98
       3
      50
     114
      32
      59
      57
      85
      35
      46
      11
      54
      91
       0
      51
      29
      23
      23
      72
       0
      88
      22
      15
      91
      16
      54
      25
      17
       0
       0
       0
      11
      87
      88
      38
      65
     107
       4
       0
       0
      77
       0
      71
      31
       0
      21
      86
      51
      16
      13
      72
       0
      11
      48
      44
       0
      19
      16
      41
      17
       0
      49
       0
       2
       0
       0
       3
       0
      21
      23
      40
       0
      25
       5
      38
      89
      25
       0
       0
       0
      44
       0
      82
      24
      29
      23
      15
      14
      15
      38
      12
       0
      61
       0
       0
      30
      41
       0
       0
      38
       0
      43
       6
       0
       0
       0
      17
       0
       0
      24
       0
       8
       0
      73
      53
      55
       0
       0
       0
       0
       6
       4
      30
       0
      13
      64
       0
       0
       0
       3
       0
      33
      12
      11
      11
      45
       0
       0
      70
      47
       0
      40
       0
       0
       0
       0
       6
       0
      56
       0
       0
       0
      43
       0
       7
       0
       3
       0
      23
      64
      38
      18
      12
       0
       0
      80
      16
      10
       0
       0
      23
      12
       0
     111
      21
      39
       0
      16
       0
       3
       0
      92
      16
       9
       0
       0
       0
       0
       0
       0
       0
       0
      10
       0
      63
      25
      28
      21
      41
       5
       0
       0
      19
      19
      10
       8
      52
       0
      78
       0
       0
       0
       0
       0
      39
       0
      32
      24
       0
      13
      13
       0
      11
      21
      31
      84
      31
      12
     104
      85
      10
       2
       0
       0
       3
       0
      48
       0
       3
       0
      11
     164
       9
       0
       0
      37
       0
      18
      14
       0
       0
       0
       8
      16
       0
       0
      33
       0
       0
      40
       0
       0
       0
       9
      16
       0
       0
       0
      94
       0
       0
       0
      35
       0
      32
      55
      27
      12
       0
      11
      43
       0
       0
       2
      11
       0
       0
       0
       0
      31
      16
       1
       5
      47
       0
       0
       0
       0
      83
      49
      24
      78
      67
       6
       0
       7
      63
       0
       9
       0
       0
       0
       0
       0
       9
       0
       0
       6
      21
       0
       0
       0
      27
       3
      13
       0
       0
      10
       0
       0
       0
       0
       8
       0
       0
       0
       0
      36
       2
       0
       0
       0
       0
       0
       0
       0
       0
       0
       0
       0
       0
       0
       0
       0
       8
       0
      27
       0
       0
       0
       0
      43
       0
       0
       0
      41
       0
       0
       0
      21
      76
      36
       0
      21
      18
      33
      16
      18
       0
       0
       0
       0
       0
       0
       0
       0
       0
       0
       0
       0
       0
       0
       0
       0
       4
       0
      14
       4
       0
       0
      18
      26
       0
       0
       0
      17
       0
       0
       0
       0
      48
       0
       7
       0
       0
       0
       0
       0
       0
       0
       0
       0
      35
       0
       0
       0
       5
       1
       0
       0
       0
       0
       0
      72
      44
       0
       0
       0
       0
       0
       0
      22
       0
       2
       0
       0
      12
       0
      10
       0
       0
       0
       0
       0
      29
      12
       0
       0
       0
       0
       0
      42
       0
       0
      32
       0
       0
       5
      11
       0
      18
       0
       0
       0
       0
       0
       0
       0
       0
       0
       0
       0
       0
       0
       0
       0
       0
       0
       0
       0
       0
       0
       5
       0
      23
       0
       0
       0
       0
       0
      28
       0
      51
      10
       0
       0
       0
       0
      12
       0
       0
       2
       0
       0
       0
       0
       0
       0
       0
      61
       0
       0
       0
       0
       0
       0
       0
       0
       0
       0
       0
       0
       0
       0
       0
       0
       0
     108
       0
       0
       0
       0
       0
       0
       0
       0
       0
       0
       0
       0
       0
       0
       0
       0
       0
       0
       0
       4
      31
     166
       0
       0
       0
       0
       0
       0
       0
       0
       0
       0
       0
       0
       0
       0
       0
       0
       0
       0
       0
       0
       0
       0
       0
       0
       0
       0
       0
       0
       0
       0
       0
       0
       0
       0
       0
       0
       0
       0
       0
       0
       0
       0
       0
       0
       0
       0
       0
       0
       0
       0
       0
       2
      85
      12
       0
       0
       0
       0
       0
       0
       0
       0
       0
       0
       0
       0
       0
       0
       0
       0
      11
       0
      28
      10
       0
       0
       0
       0
       0
      48
       0
       0
       0
       0
       0
       0
       0
       0
       0
       0
       0
       0
       0
       0
       0
       0
       0
       0
       0
       0
       0
       0
       0
       0
       0
       0
       0
       0
       0
       0
       0
       0
       0
       0
       0
       0
      32
       0
       0
       0
       0
       0
       0
       0
       0
      21
       0
       0
       0
       0
       0
       0
       0
       0
       0
      15
       0
       8
       0
       0
       0
       0
       0
       0
       0
       0
       0
       0
       0
       0
       0
       0
       0
       0
       0
       0
       0
       0
       0
       0
       0
       0
       0
       0
       0
       0
       0
       0
       0
       0
       0
       0
       0
       0
       0
       0
      41
       0
       0
       0
       0
       0
       0
       0
       0
       0
       0
       0
       0
       0
       0
       0
       0
       0
       0
       0
       0
       0
       0
       0
       0
       0
       0
       0
       0
       0
       0
       0
       0
       0
       0
       0
       0
       0
       4
      41
       0
       0
       0
      18
      70
      42
       8
      50
       0
       0
       0
       0
       0
       0
       0
       0
       0
       0
      18
       0
       0
       0
       0
       0
       0
       0
       0
       0
       0
       0
       0
       0
       0
       0
       0
       0
       0
       0
       0
       0
       0
       0
       0
       0
       0
       0
       0
       0
       0
       0
       0
       0
      56
       0
      16
      22
       0
       0
       0
       0
      75
       0
       0
       0
       0
       0
       0
       0
       0
       0
       0
       0
      10
       0
       0
       0
       0
      24
       0
       0
       0
       0
       0
       0
       0
       0
       0
       0
       0
       0
       0
       0
       0
       0
       0
       0
       0
       0
       0
       0
       0
       0
       0
      11
       0
       0
       0
       0
       0
       0
       0
       0
       0
       0
       0
       0
       0
      20
       0
       0
       0
       0
       0
       0
       0
       0
       0
       0
       0
       0
       0
       0
       0
       0
       0
       0
       0
       0
       0
       0
       0
       0
       0
       0
       0
       0
       0
       0
      34
       0
       0
       0
       0
       0
       0
      86
       7
       0
       3
       0
       0
       0
       0
       0
       0
       0
       0
       1
       0
       0
       0
       0
       0
       0
       0
       0
       0
       0
       2
       0
       0
       0
       0
       0
       0
       0
       0
       0
       0
       0
       0
       0
       0
       0
       0
       0
       0
       0
       0
       0
      18
      47
      33
       0
       0
       0
       0
       0
       0
       0
       0
      13
       0
       0
       0
       0
       0
       0
       0
       0
       0
       0
       0
       0
       0
       0
       0
       0
       0
       0
       0
       0
       0
       0
       0
       0
       0
       0
       0
       0
       0
       0
       0
       0
       0
       0
      13
       0
       0
       0
       0
       0
       0
      17
      17
       0
       0
       0
       0
       0
       0
       0
       0
       0
       0
       0
       0
      44
      71
       0
       0
       0
       0
       0
       0
       0
       0
       0
       0
      55
       0
       0
      15
       0
       0
       0
       0
      76
       0
       0
      27
       0
       0
       0
       0
       0
       0
       0
       0
       0
       0
       0
       0
       0
       0
       0
       0
       0
       0
       0
       0
       0
       0
       0
       0
       0
       0
       0
       0
       0
       0
       0
       0
       0
       0
       0
       0
       0
       0
       0
       0
       0
       0
       0
       0
       0
       0
       0
       0
       0
       0
       0
       0
       0
       0
       0
       0
       0
       0
       0
       0
       0
       0
       0
       0
      14
       0
       0
       0
       0
      37
       0
       0
       0
       2
       0
       0
       0
       0
       0
       0
       0
       0
       0
       0
       0
       0
       0
       0
       0
       0
       0
       0
       0
       0
       0
       0
       0
       0
       0
       0
       0
       0
       0
       0
       0
       0
       0
       0
       0
       0
       0
       0
       0
       0
       0
       0
       0
       0
       0
       0
       0
       0
       0
       0
       0
       0
       0
       0
       0
       0
       0
       0
       0
       0
       0
       0
       0
       0
       0
       0
       0
       0
       0
       0
       0
       0
       0
       0
       0
       0
       0
       0
       0
       0
       0
       0
       0
       0
       0
       0
       0
       0
       0
       0
       0
       0
       0
       0
       0
       0
       0
       0
       0
       0
       0
       0
       0
       0
       0
       0
       0
       0
       0
       0
       0
       0
       0
       0
       0
       0
       0
       0
       0
       0
       0
       0
       0
       0
       0
       0
       0
       0
       0
       0
       0
       0
       0
       0
       0
       0
       0
       0
       0
       0
       0
       0
       0
       0
       0
       0
       0
       0
       0
       0
       0
       0
       0
       0
       0
       0
       0
       0
       0
       0
       0
       0
       0
       0
       0
       0
       0
       0
       0
       0
       0
       0
       0
       0
       0
       0
       0
       0
       0
       0
       0
       0
       0
       0
       0
       0
       0
       0
       0
       0
       0
       0
       0
       0
       0
       0
       0
       0
       0
       0
       0
       0
       0
       0
       0
       0
       0
       0
       0
       0
       0
       0
       0
       0
       0
       0
       0
       0
       0
       0
       0
       0
       0
       0
       0
       0
       0
       0
       0
       0
       0
       0
       0
       0
       0
       0
       0
       0
       0
       0
       0
       0
       0
       0
       0
       0
       0
       0
       0
       0
       0
       0
       0
       0
       0
       0
       0
       0
       0
       0
       0
       0
       0
       0
       0
       0
       0
       0
       0
       0
       0
       0
       0
       0
       0
       0
       0
       0
       0
       0
       0
       0
       0
       0
       0
       0
       0
       0
       0
       0
       0
       0
       0
       0
       0
       0
       0
       0
       0
       0
       0
       0
       0
       0
       0
       0
       0
       0
       0
       0
       0
       0
       0
       0
       0
       0
       0
       0
       0
       0
       0
       0
       0
       0
       0
       0
       0
       0
       0
       0
       0
       0
       0
       0
       0
       0
       0
       0
       0
       0
       0
       0
       0
       0
       0
       0
       0
       0
       0
       0
       0
       0
       0
       0
       0
       0
       0
       0
       0
       0
       0
       0
       0
       0
       0
       0
       0
       0
       0
       0
       0
       0
       0
       0
       0
       0
       0
       0
       0
       0
       0
       0
       0
       0
       0
       0
       0
       0
       0
       0
       0
       0
       0
       0
       0
       0
       0
       0
       0
       0
       0
       0
       0
       0
       0
       0
       0
       0
       0
       0
       0
       0
       0
       0
       0
       0
       0
       0
       0
       0
       0
       0
       0
       0
       0
       0
       0
       0
       0
       0
       0
       0
       0
       0
       0
       0
       0
       0
       0
       0
       0
       0
       0
       0
       0
       0
       0
       0
       0
       0
       0
       0
