      0
      0
      0
      0
     35
     57
     28
     76
     42
     79
     25
    174
     87
    134
    221
    181
    162
    332
    204
    279
    263
    379
    567
    622
    489
    374
    654
    605
    586
    841
    681
    967
   1054
    845
   1113
    984
   1281
   1273
   1275
   1598
   1574
   1555
   1531
   1791
   2062
   1804
   1803
   2235
   2097
   2132
   2171
   2293
   2512
   2718
   2479
   2858
   2747
   2976
   3175
   3071
   3429
   3254
   3707
   3554
   3790
   4032
   3952
   4159
   4088
   4380
   4723
   4745
   5354
   5368
   5097
   4864
   5389
   5859
   5997
   5654
   6150
   6212
   5955
   6570
   6907
   7090
   6990
   7307
   7779
   7175
   7412
   7860
   7986
   8080
   7847
   8580
   9402
   9051
   9585
   9384
   9395
   9294
   9446
  10102
   9454
   9861
  10044
  10785
  10363
  11277
  10873
  11456
  12792
  12017
  12377
  12158
  12507
  13889
  13214
  13568
  14099
  14044
  14220
  14566
  14790
  14814
  14735
  16321
  15579
  16602
  15762
  15879
  16180
  16576
  15962
  15989
  18710
  17650
  17551
  18522
  19557
  18994
  18331
  18995
  19290
  20620
  21701
  21540
  20727
  21163
  21614
  20658
  21864
  22319
  22817
  22104
  23253
  23199
  23323
  23790
  25368
  24638
  25965
  25786
  26395
  26106
  27343
  27063
  26727
  27256
  28490
  28703
  28948
  29384
  29114
  30274
  30398
  29682
  32379
  30964
  31293
  33593
  32384
  32770
  32495
  33847
  32674
  36236
  33951
  34214
  35564
  36556
  35768
  36441
  36672
  36995
  39566
  39183
  38726
  39899
  38783
  39501
  40463
  40418
  42519
  40611
  42515
  42214
  43322
  43908
  44469
  45405
  43473
  44505
  44811
  45344
  46133
  47944
  47604
  48126
  48790
  48776
  48728
  47878
  51674
  50216
  49877
  51760
  51782
  52006
  53871
  53598
  53896
  55658
  55780
  55496
  56673
  57445
  59819
  57436
  58994
  57072
  57566
  59481
  60161
  61551
  60771
  60920
  62729
  61259
  63503
  65490
  63487
  66067
  64782
  66600
  66532
  65935
  67722
  68655
  67924
  70370
  71494
  69186
  73838
  72714
  73986
  73103
  73037
  74404
  74092
  74386
  75508
  77797
  76362
  78914
  78633
  77715
  76278
  80390
  80970
  80595
  82523
  82983
  84233
  83306
  86988
  83469
  84988
  88201
  86892
  87824
  88256
  90534
  88530
  89818
  92391
  93369
  92868
  92054
  92496
  95202
  95665
  94419
  97196
  95658
  99825
  98184
  99171
 101576
  99792
 101288
  99607
 102549
 103505
 106009
 105239
 104721
 108819
 109172
 108696
 111549
 109989
 113095
 110381
 113582
 113820
 112428
 113613
 114182
 115421
 116930
 116056
 119391
 115433
 118752
 121731
 121060
 122844
 124299
 122142
 126128
 126474
 127700
 128493
 128263
 128575
 129716
 128675
 133967
 134684
 136279
 133074
 133354
 136171
 137510
 139641
 139625
 140269
 140492
 143233
 141309
 144359
 143502
 143890
 146416
 147304
 148007
 147386
 147591
 150799
 152082
 151560
 153068
 153206
 154622
 155866
 158569
 156439
 155126
 158791
 160753
 165210
 161967
 163856
 165188
 162844
 170285
 166273
 168128
 168280
 167922
 168149
 171879
 170764
 171208
 176154
 175379
 177416
 179543
 177607
 179909
 180993
 184461
 180503
 184174
 183218
 186766
 187398
 189187
 189084
 186777
 191198
 191344
 187796
 194594
 196794
 197344
 202874
 198263
 199749
 199564
 199033
 202394
 203050
 201779
 204182
 206843
 206098
 208337
 209119
 207039
 216247
 214282
 215444
 215782
 217988
 215126
 219020
 218317
 220221
 220829
 223945
 223597
 226579
 224072
 229382
 225698
 230114
 231781
 233888
 234570
 233893
 231582
 237771
 241267
 237197
 244144
 245310
 244399
 240995
 242969
 250471
 246100
 248154
 248043
 251564
 257014
 253494
 256351
 255845
 255940
 258581
 257590
 264249
 261631
 264196
 268207
 264912
 267739
 271090
 270692
 271524
 273580
 274081
 276851
 278473
 275979
 279396
 280028
 285883
 285124
 285062
 286004
 287989
 291412
 294332
 290541
 291438
 291596
 298394
 294787
 295745
 300322
 299864
 307122
 306293
 303556
 305873
 311051
 311958
 312227
 309458
 313895
 314101
 319980
 317655
 324614
 321464
 327108
 326285
 326441
 328275
 326255
 328696
 332041
 336405
 335817
 338024
 337899
 340546
 339269
 340503
 346405
 347317
 348387
 352150
 347673
 348212
 350902
 354086
 356877
 359108
 358320
 357610
 362110
 362082
 365441
 363469
 365683
 366393
 370771
 373315
 374734
 373800
 378293
 380936
 376200
 385386
 381698
 390169
 387852
 387089
 390712
 390266
 396561
 394936
 403054
 399870
 398164
 400995
 399989
 402157
 405951
 405136
 412136
 409023
 416576
 417855
 415349
 419108
 422085
 419296
 428464
 422500
 427174
 434951
 435480
 433044
 435850
 436587
 436000
 440202
 441190
 444891
 442505
 445482
 449857
 448609
 448487
 449745
 451664
 458147
 458297
 457039
 464516
 462829
 465197
 469869
 466757
 469721
 472552
 469729
 474392
 476078
 484177
 477878
 476808
 484781
 486885
 484946
 489572
 490208
 491331
 495648
 496105
 498564
 498155
 505291
 503763
 505233
 505852
 505223
 509976
 514204
 514750
 521036
 518474
 519181
 521520
 526238
 522817
 525334
 527623
 526949
 529916
 537424
 540001
 539013
 541370
 544393
 543266
 549036
 549359
 550872
 552724
 552825
 557447
 560238
 561987
 564223
 565128
 563430
 570886
 568463
 573378
 575149
 577083
 575159
 586525
 582543
 582966
 583313
 583278
 589980
 591882
 596517
 595539
 598449
 600358
 602782
 606478
 604534
 607750
 613861
 617325
 608324
 616402
 615106
 620422
 622254
 626301
 618709
 627722
 625489
 622157
 637385
 637285
 635676
 640626
 638246
 641244
 640788
 639407
 648238
 650788
 656811
 657947
 655902
 663462
 666068
 666694
 666607
 668505
 671707
 676249
 674550
 681783
 677844
 686015
 686022
 686944
 685887
 690723
 694477
 697311
 694700
 697681
 698625
 706621
 711603
 710808
 712428
 714691
 712292
 713254
 717852
 726089
 721028
 721818
 722922
 726598
 729811
 739388
 733758
 736760
 741638
 737113
 745435
 750763
 748184
 753093
 745140
 757734
 761349
 761333
 763878
 766773
 771986
 774499
 774782
 772389
 773979
 788938
 783175
 780394
 781498
 789715
 794564
 794061
 787806
 797853
 803728
 804645
 813384
 809969
 813982
 808605
 813924
 816531
 816376
 821764
 819128
 829469
 831280
 829738
 826503
 837843
 837996
 844819
 849989
 843483
 852506
 851393
 850523
 855760
 860461
 856139
 861149
 859525
 866147
 871417
 867974
 878052
 874922
 876547
 876981
 882637
 885110
 890452
 892900
 895568
 898745
 898005
 897374
 900336
 907914
 908081
 907461
 911590
 909339
 918064
 919862
 924844
 920698
 925536
 928724
 932115
 932324
 935408
 947761
 940419
 941151
 944633
 949817
 954894
 955721
 951698
 958998
 956713
 963931
 963688
 965645
 973856
 976468
 980770
 973231
 979490
 977420
 984198
 992002
 986555
 986169
 995049
 996513
1001400
1006998
1000203
1009887
1011179
1018955
1017517
1019249
1016997
1019132
1027135
1028781
1041335
1030192
1036434
1041089
1042402
1039410
1044164
1050914
1054881
1049206
1060323
1062992
1057900
1058091
1060711
1068888
1068734
1060125
1082980
1074783
1073996
1073848
1081384
1084469
1088419
1088067
1088732
1097601
1100410
1101089
1106854
1105855
1108886
1110601
1108688
1112423
1119190
1124277
1121055
1120007
1122442
1126481
1136726
1124322
1135055
1143108
1137502
1149268
1148086
1151056
1146900
1155197
1161946
1162513
1159654
1159491
1159858
1170315
1170703
1174305
1179773
1181947
1176259
1183158
1185515
1180289
1191442
1195979
1200621
1199164
1205970
1203350
1207968
1212009
1213354
1205085
1218963
1213001
1216492
1218459
1224511
1227053
1230650
1231686
1236526
1238785
1231985
1249301
1245923
1249445
1251989
1252406
1255187
1256725
1261925
1258978
1254705
1272576
1275609
1266865
1279815
1269941
1287438
1275804
1279878
1285156
1286464
1292869
1291583
1295474
1295402
1296775
1303006
1298859
1309887
1298258
1311402
1314669
1317397
1320647
1323218
1328187
1324268
1324488
1333127
1332373
1338791
1346301
1351278
1348766
1351248
1355784
1346491
1358316
1352421
1361532
1356845
1361180
1359653
1374976
1365423
1364525
1378023
1378960
1383578
1388360
1385608
1381432
1391723
1392670
1395630
1396936
1392165
1401545
1404708
1402607
1410329
1406958
1406300
1415420
1420542
1424223
1415988
1418170
1420363
1431489
1425257
1435581
1439674
1433471
1438436
1449192
1451200
1443381
1451404
1453375
1451247
1454438
1456015
1464213
1462720
1461650
1464663
1477764
1474278
1468775
1466747
1478144
1468625
1477850
1472348
1484906
1483020
1496627
1496746
1491122
1490296
1504196
1499630
1504458
1500642
1508788
1516118
1508046
1521117
1514190
1520447
1525613
1524977
1527944
1525638
1534547
1530169
1533857
1539199
1536068
1544828
1537914
1537022
1556192
1548035
1548720
1547160
1556876
1553366
1552056
1557052
1557435
1567753
1556322
1570060
1578357
1566934
1582112
1582882
1583241
1575211
1578585
1587945
1585750
1584166
1589376
1594425
1590992
1593170
1590937
1590593
1601817
1602067
1610333
1607509
1607375
1597247
1608254
1604786
1607121
1609581
1623770
1634573
1627487
1623753
1624976
1629762
1628267
1633639
1633786
1632082
1632593
1628312
1644691
1633871
1639367
1642165
1643112
1648762
1654172
1655404
1658076
1651699
1670888
1655065
1658802
1657948
1667417
1659191
1671521
1677951
1671760
1682769
1673479
1674802
1676347
1681132
1682989
1693305
1677579
1689934
1689956
1690600
1703425
1702124
1706898
1693087
1703406
1712991
1698292
1706919
1712031
1701203
1708184
1714298
1709356
1715430
1707611
1727395
1715596
1723911
1717563
1736304
1732478
1734219
1722418
1733873
1729394
1731986
1731870
1742215
1741037
1748742
1745024
1736859
1746229
1747091
1743975
1749331
1750386
1756107
1752755
1760093
1755712
1759289
1759793
1759640
1762002
1761073
1762785
1784203
1771035
1766747
1751148
1785147
1774853
1768533
1773042
1780761
1773900
1784210
1783542
1784240
1782401
1773469
1782215
1786723
1782900
1791633
1783239
1794323
1786900
1793139
1795276
1796406
1784389
1792643
1800137
1807782
1809905
1802964
1798430
1805447
1807252
1800105
1804774
1803463
1811807
1812791
1816852
1801629
1816888
1816028
1822962
1809350
1822739
1814314
1818818
1814534
1832060
1819479
1822573
1809054
1830589
1821325
1819270
1820693
1833708
1834423
1836486
1833988
1835331
1822195
1837902
1840968
1836624
1834191
1832966
1840985
1842814
1839539
1828041
1839443
1839549
1844097
1834240
1834921
1849086
1843001
1837541
1846424
1849858
1844170
1842917
1845779
1842648
1848134
1852827
1853440
1844722
1855339
1850117
1839238
1854983
1868011
1854489
1846600
1849169
1856011
1857730
1851334
1869779
1854049
1865369
1864309
1854715
1856234
1859014
1865456
1860769
1863553
1863890
1857264
1864301
1858430
1854592
1859974
1861588
1864163
1859940
1861221
1880465
1860240
1867459
1866933
1875283
1861925
1873634
1867945
1864734
1867682
1866963
1871456
1868424
1874020
1872371
1867636
1866709
1875731
1874919
1864302
1868508
1866842
1867121
1874938
1870089
1870711
1878202
1873344
1869582
1866944
1872825
1881117
1873414
1874105
1876377
1878660
1870247
1888231
1872245
1870976
1878373
1872146
1883904
1875245
1877926
1869405
1862726
1874698
1871715
1870025
1880863
1878366
1877255
1883389
1878069
1875343
1873295
1869342
1870372
1877540
1872435
1883530
1871171
1875004
1871939
1862540
1874542
1879052
1874290
1872550
1876170
1863935
1871000
1876853
1875037
1866913
1868355
1870518
1879610
1867244
1870406
1870176
1869899
1858258
1865726
1872610
1865784
1870947
1856884
1857600
1866939
1861649
1854924
1866819
1862743
1866014
1868763
1865385
1854170
1857045
1871268
1858068
1857203
1862656
1852428
1856537
1858523
1853786
1861122
1854927
1853375
1849922
1858717
1853198
1853099
1850175
1850501
1847758
1846059
1847750
1846871
1849373
1848757
1844335
1847856
1837863
1851055
1845564
1851971
1831424
1844068
1835009
1850996
1836131
1834356
1835576
1834741
1833207
1833843
1835069
1837087
1831423
1830891
1832051
1828644
1830314
1828690
1823972
1822080
1824097
1827489
1823952
1829572
1813287
1820968
1819625
1821525
1807500
1814580
1813376
1809909
1807074
1814455
1811641
1803270
1804140
1812598
1802950
1798458
1812436
1799904
1806926
1802933
1803246
1797427
1794939
1784635
1796398
1793286
1798283
1785568
1791498
1779722
1791941
1783718
1779905
1781942
1778008
1770101
1784332
1782296
1773821
1772825
1784054
1780958
1763318
1768221
1774018
1767123
1767154
1772403
1767944
1768509
1760174
1762016
1764569
1765779
1759118
1753062
1755922
1756793
1747937
1755261
1747166
1747619
1748240
1743170
1739481
1743027
1737623
1745196
1733679
1729999
1729739
1741155
1726220
1716893
1719858
1727904
1719658
1725865
1710651
1721146
1715444
1708311
1719205
1722834
1709730
1717744
1708478
1714997
1692553
1704206
1698934
1698650
1699746
1704025
1688124
1691507
1693635
1694934
1690514
1691764
1692922
1692225
1677388
1685568
1687378
1679891
1670691
1676179
1663425
1670779
1663236
1678864
1666808
1667166
1669033
1664988
1659167
1649540
1648999
1649976
1644445
1649969
1642738
1646892
1635396
1646413
1635911
1632047
1643606
1638113
1627864
1625724
1631026
1622478
1629535
1623489
1626670
1621762
1613438
1614897
1609501
1620670
1614540
1611218
1604705
1607706
1603883
1593765
1599362
1602771
1594263
1598450
1589234
1588642
1579698
1591918
1589088
1587505
1583669
1567519
1576306
1575863
1569578
1576040
1563875
1563827
1567416
1555359
1558148
1564286
1551044
1551935
1551294
1545550
1543036
1541777
1536151
1536731
1536402
1526732
1533823
1536328
1537517
1530910
1519815
1525788
1518098
1522636
1510395
1506869
1514377
1511849
1510863
1514822
1496341
1508872
1501519
1494863
1500383
1487056
1481375
1471104
1486422
1489636
1493845
1487726
1476317
1471927
1476550
1470456
1465193
1469768
1467141
1473499
1461191
1455147
1450854
1451244
1451012
1447210
1441950
1436175
1447633
1436846
1444693
1423233
1435803
1429256
1418085
1421427
1423340
1414648
1413099
1421234
1410480
1420686
1404670
1409790
1402957
1398236
1399279
1395097
1401659
1398091
1392140
1386041
1385757
1383870
1379168
1377131
1386228
1381880
1371356
1372175
1369949
1364763
1363282
1356281
1352896
1353188
1357362
1345188
1348916
1346232
1347271
1342572
1340035
1340150
1333592
1337568
1332612
1320581
1318304
1319100
1323360
1311880
1317232
1311060
1304515
1303755
1309854
1306749
1296503
1297043
1295094
1295381
1286971
1280880
1286361
1283297
1278305
1273773
1276469
1266971
1268086
1265063
1266462
1253192
1255641
1266474
1254239
1251219
1251456
1249840
1248222
1242958
1241543
1242041
1238446
1242560
1236598
1223788
1224335
1220362
1214052
1215741
1211662
1211113
1219914
1204498
1199357
1198701
1207458
1199238
1197322
1189790
1190942
1184144
1185128
1188771
1180975
1177758
1177560
1180021
1168478
1174656
1176182
1165124
1162057
1152677
1152476
1157502
1156371
1152712
1147065
1149229
1147246
1142537
1132226
1141107
1131001
1122587
1127108
1119133
1125127
1114251
1120208
1113499
1119309
1111962
1114697
1116737
1105812
1097095
1095526
1091237
1085492
1095642
1082079
1083803
1090136
1079075
1079698
1073773
1066409
1069781
1067949
1069660
1061182
1058200
1054336
1051012
1059916
1050271
1043411
1048696
1051320
1038483
1042652
1043356
1037317
1026681
1025855
1032456
1022306
1017301
1020410
1024603
1009250
1008148
1006847
1010595
1000594
1006828
 989763
 997320
 996370
 993436
 989851
 984153
 986029
 981557
 977552
 978819
 971548
 973497
 974195
 962049
 960585
 958782
 957143
 956480
 960532
 953643
 949617
 946215
 946666
 943201
 940902
 936124
 927696
 933537
 941555
 929995
 931391
 923982
 930388
 916408
 922821
 915234
 910712
 904573
 910907
 905038
 900157
 897080
 901246
 891103
 888109
 889540
 888817
 881283
 881784
 881117
 882584
 878955
 876159
 873018
 865660
 865289
 864909
 866487
 862037
 858327
 853644
 848517
 848495
 856492
 849565
 843084
 835418
 839866
 841836
 836975
 837116
 824435
 828568
 827135
 822821
 817150
 824197
 812175
 804496
 806041
 811379
 802328
 801774
 802379
 802011
 798134
 794272
 790447
 786843
 786067
 793304
 781853
 783832
 779514
 776466
 774866
 770554
 769775
 771206
 761915
 759552
 763558
 756045
 757337
 754040
 752587
 751134
 745310
 745361
 741724
 741942
 740281
 737770
 737610
 727358
 729416
 725418
 724369
 720907
 718757
 718812
 712477
 713059
 715714
 714903
 705408
 714254
 704596
 700778
 697576
 694511
 690357
 692082
 681371
 687744
 687007
 684939
 683631
 680693
 679898
 671015
 679539
 669019
 676641
 670476
 662538
 661788
 662474
 660258
 657234
 651115
 649518
 649195
 648775
 651983
 647081
 643278
 647067
 638442
 644426
 637452
 628503
 630974
 622796
 626688
 622127
 626883
 621165
 620176
 614332
 613389
 615092
 611126
 607040
 607783
 603717
 603530
 608892
 597517
 601796
 597582
 591890
 592336
 591906
 586825
 586184
 586565
 579475
 585345
 577515
 578619
 574454
 572540
 573811
 569332
 566978
 558984
 563592
 561925
 558857
 553432
 552274
 550945
 549976
 550942
 552846
 545104
 542742
 544739
 538108
 535472
 532372
 531810
 533995
 531519
 527072
 527556
 526001
 522968
 520784
 515977
 516085
 514347
 515374
 513695
 509023
 510625
 505214
 505749
 500144
 498287
 500961
 492846
 500080
 494578
 491746
 490326
 491430
 489708
 489817
 483537
 482309
 473662
 476055
 478809
 476086
 468208
 472148
 468353
 468328
 464902
 464820
 463110
 456701
 463167
 456173
 457098
 451470
 453262
 452954
 449770
 447500
 448568
 449357
 444448
 440420
 439927
 440462
 436616
 436349
 435515
 431923
 432909
 432680
 423996
 425896
 423190
 420297
 423995
 418495
 411497
 413899
 407706
 411330
 410502
 408669
 409174
 403357
 406430
 404187
 398683
 401703
 401057
 393691
 397683
 389383
 392788
 390688
 392112
 387917
 384426
 377319
 384844
 380751
 380645
 381895
 377363
 376889
 372400
 372424
 376089
 368971
 367434
 366178
 369222
 361354
 364591
 362687
 355999
 354873
 358482
 355909
 354521
 351173
 351185
 350906
 350690
 347015
 347134
 345441
 339558
 346348
 333940
 338926
 338858
 338013
 334050
 331738
 333832
 334237
 326715
 331735
 324038
 320195
 321837
 322820
 322986
 319569
 320258
 317398
 314875
 316366
 315239
 312916
 310369
 309292
 309555
 307459
 304414
 307418
 305909
 299928
 300622
 299364
 298818
 299344
 299612
 293143
 292419
 293227
 288988
 294377
 287131
 289843
 289798
 283796
 281857
 285001
 283731
 279268
 281247
 283589
 277205
 277271
 274788
 270904
 273769
 270099
 268057
 270418
 267001
 268478
 264726
 264353
 265210
 265063
 261469
 260869
 260924
 254409
 257579
 254157
 252137
 253900
 250660
 250496
 252374
 251857
 249249
 246792
 242463
 244845
 247105
 245944
 241719
 242435
 240965
 238439
 238528
 239519
 235951
 234751
 231379
 230910
 232680
 229179
 225381
 226740
 225955
 225733
 226216
 223883
 221114
 220788
 220406
 218365
 218320
 219008
 215490
 215672
 212776
 211119
 211535
 213224
 214248
 209755
 210131
 206443
 203835
 206716
 201143
 205459
 203191
 201976
 199471
 202773
 199333
 197482
 196842
 196799
 195405
 193478
 193048
 193736
 193219
 190563
 191078
 188665
 190762
 189344
 185977
 185952
 185357
 182957
 183930
 181100
 181711
 178117
 179064
 177584
 176734
 176996
 175818
 177261
 175068
 175228
 171448
 171769
 169313
 171212
 168178
 168745
 166376
 165382
 168760
 163701
 163560
 165713
 160735
 159831
 160417
 158802
 161497
 157361
 157376
 156384
 155926
 154812
 155425
 154571
 152594
 153064
 151024
 151938
 150336
 149246
 147199
 148662
 147595
 147400
 146879
 143712
 145812
 145952
 145112
 142496
 140433
 140152
 139079
 139421
 135831
 139603
 136439
 137677
 138014
 136003
 137046
 133291
 132609
 132799
 133187
 129972
 132759
 132264
 129010
 127927
 126663
 126020
 126352
 124363
 126075
 122802
 125567
 123396
 122292
 121631
 121211
 117999
 121749
 117910
 117169
 117080
 115548
 117227
 115695
 116491
 114378
 112965
 112879
 113856
 111712
 113808
 110338
 111163
 110445
 112523
 110610
 109527
 107089
 106519
 107690
 107108
 106526
 105618
 107144
 103145
 105029
 103963
 103194
 102188
 102146
 100818
 100854
 101504
 103702
  99646
  98809
  96506
  99522
  96897
  95906
  93167
  95030
  96940
  95314
  94835
  94925
  89984
  91909
  91802
  91831
  90737
  91096
  89184
  86689
  88547
  89348
  89512
  90855
  88194
  87150
  84034
  86332
  86546
  84482
  84283
  83492
  83634
  82185
  81330
  82260
  81090
  80277
  79983
  80255
  77443
  80954
  78789
  78835
  79198
  78312
  78171
  76752
  75756
  77337
  75126
  73010
  74234
  74598
  72475
  74972
  72633
  72366
  71997
  71905
  72256
  71057
  70897
  69234
  67458
  67996
  69406
  69656
  68164
  68260
  67671
  66733
  66792
  67467
  66329
  66069
  65745
  64270
  63509
  63593
  64827
  64760
  65829
  62825
  60167
  61916
  60967
  60363
  60989
  61071
  61852
  59905
  58817
  58955
  58672
  58988
  56658
  58305
  58729
  56578
  58911
  57614
  56436
  55112
  55922
  55323
  55177
  54613
  54527
  53686
  54971
  53428
  53639
  52896
  53758
  52355
  53702
  52246
  49822
  50419
  49749
  51046
  50256
  48117
  49615
  47819
  47410
  48374
  47349
  47270
  46239
  46259
  48722
  47365
  47379
  46044
  44739
  45935
  45262
  46204
  44616
  44174
  44297
  43678
  44611
  43152
  43895
  42171
  45171
  42303
  43049
  41907
  41931
  40140
  41720
  41822
  41039
  39834
  40264
  40713
  39547
  40379
  39481
  39688
  39091
  38782
  38208
  37665
  37065
  37073
  37120
  37159
  36849
  36801
  36556
  35115
  35122
  35456
  35251
  35730
  34951
  35169
  34867
  34852
  34767
  35109
  33575
  32467
  32679
  33713
  33561
  32344
  32062
  33082
  32293
  30323
  32403
  30799
  31636
  31321
  30871
  31355
  30550
  30673
  29178
  30726
  30336
  29344
  29105
  28805
  29125
  28178
  28350
  28521
  27977
  27682
  26862
  26720
  28152
  27638
  26463
  26807
  27017
  25479
  27362
  27955
  25907
  24668
  25765
  25292
  25789
  25306
  25325
  25199
  25439
  24928
  23735
  23882
  25078
  23830
  24054
  23175
  23130
  23812
  23867
  21729
  22557
  23239
  23288
  21901
  21181
  21740
  21462
  22160
  20669
  21267
  21790
  22146
  21208
  21441
  20959
  20814
  20265
  20615
  19882
  20826
  19864
  20216
  19637
  20626
  19343
  20316
  18436
  18485
  19018
  19487
  18928
  18407
  18185
  19205
  19305
  18508
  17122
  18449
  16894
  18115
  17983
  18816
  16949
  17595
  17497
  16591
  16050
  16764
  16302
  16798
  16524
  16264
  16409
  15427
  15839
  16088
  15899
  15647
  16358
  15361
  15674
  15078
  15325
  15276
  15510
  14710
  16304
  14827
  14433
  14521
  13981
  14419
  14791
  14138
  14559
  13998
  13929
  14818
  14144
  13564
  14668
  13400
  13503
  13564
  13735
  13350
  12523
  12848
  13297
  13070
  12444
  12053
  12570
  12451
  12312
  11998
  12828
  12600
  12022
  12220
  11166
  11085
  11148
  11267
  11788
  11162
  11054
  11494
  11093
  11159
  11581
  11418
  10723
  11294
  10661
   9995
  10692
   9765
  10139
  10771
  10293
   9827
  10143
  10094
  10242
  10253
   9536
   9183
   9285
   8705
   9941
   9481
   9203
   9364
   9367
   8464
   8532
   8470
   8538
   8163
   9529
   8705
   8686
   8593
   8654
   7767
   8787
   7872
   8260
   8091
   8039
   8129
   8053
   7800
   7711
   8081
   7987
   7858
   7661
   7281
   7925
   7836
   7671
   7529
   7261
   7324
   7607
   7139
   6931
   7617
   7515
   7301
   7059
   7344
   7052
   7224
   7217
   6758
   6738
   6056
   6751
   6281
   6909
   6444
   6232
   5613
   6716
   6284
   5945
   5934
   6089
   6185
   6070
   6311
   5562
   5606
   6193
   6054
   5598
   5854
   5470
   5596
   5473
   5273
   4806
   5527
   5587
   5311
   6049
   5396
   5347
   5069
   4983
   5052
   5060
   4973
   4999
   4858
   4875
   4712
   4585
   5397
   4374
   4906
   4126
   4627
   4681
   4166
   4415
   4567
   4531
   4993
   4521
   4481
   3854
   4291
   4137
   3903
   4191
   4114
   4496
   3889
   4273
   3843
   3941
   3567
   3542
   3671
   3772
   3942
   3632
   3820
   3741
   3717
   3459
   3439
   3705
   3691
   3453
   3685
   3159
   3853
   3548
   3734
   3079
   3350
   3593
   3232
