282.341
238.661
234.483
233.522
234.01
233.666
233.696
234.144
233.072
233.536
233.359
233.419
233.31
233.451
233.1
233.372
233.352
233.42
232.755
233.233
233.594
234.089
233.398
233.079
233.353
233.523
234.398
234.826
233.37
233.63
233.18
233.203
232.919
232.854
233.602
233.426
234.028
233.489
233.697
233.437
233.305
233.546
233.659
233.069
233.164
233.496
233.256
234.042
233.792
233.498
233.197
233.651
234.101
233.547
233.329
232.985
233.081
232.968
232.836
233.047
233.055
232.858
233.237
233.386
233.237
233.402
233.065
233.399
233.36
233.133
233.463
233.619
233.323
233.472
233.56
233.004
232.914
233.429
233.917
233.824
233.548
233.505
233.904
233.518
233.558
232.825
232.744
233.179
232.878
233.664
233.524
233.089
233.171
232.894
232.808
233.265
233.772
233.93
233.12
233.279
232.65
232.828
232.809
233.187
233.307
233.865
233.518
233.09
233.237
233.539
232.463
232.953
233.554
233.15
233.313
233.01
233.004
233.258
233.407
233.089
233.284
233.209
233.021
232.824
233.178
233.464
232.629
233.083
233.611
232.941
233.292
233.614
233.28
232.893
232.847
232.778
232.972
233.455
232.967
232.817
233.414
233.188
232.841
232.657
232.687
232.622
232.395
232.83
232.923
232.448
232.485
232.429
232.804
233.508
233.479
232.962
232.931
232.997
233.11
233.104
232.766
232.495
233.022
233.512
233.565
233.248
233.147
232.797
232.717
232.799
232.587
232.763
232.286
232.197
232.938
232.697
232.813
232.612
233.031
233.144
233.243
232.85
233.047
232.518
233.3
233.175
232.876
232.17
232.688
232.603
232.373
232.986
233.099
232.894
232.525
232.956
233.06
232.838
233.022
232.981
232.113
232.274
232.613
232.823
232.038
232.602
233.008
232.302
232.147
232.357
232.645
232.512
233.032
232.914
232.999
232.586
232.826
232.742
232.386
232.884
232.963
232.958
232.625
232.112
232.663
232.645
232.926
232.591
232.685
232.752
232.123
232.153
232.499
232.024
231.727
232.631
231.92
232.104
232.437
231.805
232.197
232.729
232.508
233.067
232.061
231.662
232.138
231.98
231.601
232.084
231.839
231.918
231.905
232.092
232.149
231.896
232.715
231.941
232.333
232.003
232.479
232.332
232.283
232.782
232.516
231.736
232.156
232.232
232.253
231.624
231.723
232.346
232.234
232.033
232.142
231.891
231.652
232.326
231.906
231.997
231.739
232.605
232.064
232.34
232.64
231.727
231.984
232.25
232.319
232.22
232.051
232.272
232.026
231.722
231.81
231.913
231.911
232.336
231.873
231.622
232.105
232.51
232.755
231.888
231.76
231.795
231.87
232.435
232.013
231.887
232.045
231.942
231.74
231.762
231.939
232.166
232.553
232.439
231.594
231.14
231.619
231.785
231.953
232.397
231.854
232.413
232.121
232.158
231.06
231.561
231.996
231.759
231.716
231.448
231.591
231.971
232.047
231.534
231.239
232.344
232.009
231.663
231.651
231.766
232.166
232.045
231.611
231.171
231.189
231.638
231.567
231.6
231.556
231.564
231.181
231.616
231.765
231.888
231.756
231.678
231.553
231.454
231.58
231.394
231.32
232.11
231.561
231.845
231.439
231.325
231.374
231.268
231.047
231.227
231.51
231.54
230.904
231.291
231.923
231.164
231.253
231.835
231.352
231.954
231.534
231.847
231.374
231.612
231.16
230.995
231.684
231.41
231.521
231.552
231.388
230.741
230.857
230.769
230.956
231.14
231.247
231.573
231.491
231.391
230.804
231.012
230.82
231.187
231.5
231.634
231.545
231.292
231.8
231.125
230.862
231.727
231.599
231.732
230.998
231.259
230.745
230.951
230.714
231.072
230.75
230.645
231.128
231.649
231.787
230.985
230.966
230.061
231.174
231.028
231.788
231.172
230.768
231.011
231.208
230.944
230.575
230.796
230.726
230.956
231
230.876
231.377
230.398
230.835
230.739
230.8
230.749
231.048
230.66
230.664
231.061
230.819
230.791
230.109
230.468
230.399
229.954
230.77
231.363
230.459
230.508
231.052
230.486
230.821
231.169
230.581
230.343
230.193
230.482
230.157
230.609
230.13
230.723
230.606
230.358
230.463
230.76
230.52
230.653
230.23
230.949
231.271
230.429
230.177
230.779
230.524
230.187
230.635
230.932
230.63
230.521
230.257
230.696
230.305
230.275
230.523
231.004
230.203
230.424
229.811
230.011
229.882
230.398
230.656
230.552
230.405
230.557
230.166
230.031
230.56
229.95
230.368
230.901
230.575
230.738
230.259
229.758
230.629
230.763
229.711
229.785
229.702
230.541
230.578
230.5
230.365
230.032
229.876
230.136
229.749
230.288
230.248
229.963
229.521
229.143
229.678
230.135
230.171
230.153
230.287
230.463
230.217
230.316
230.252
230.285
229.746
229.699
229.964
230.354
230.007
229.311
229.955
230.352
230.407
230.528
229.947
229.582
229.801
229.716
229.997
229.975
230.373
230.159
229.831
229.899
229.689
229.156
229.574
229.717
229.445
229.665
229.609
229.528
229.783
229.724
229.593
229.883
229.729
229.786
229.953
229.939
229.222
229.87
229.92
229.49
230.264
230.058
229.499
228.966
229.374
229.352
229.933
229.089
229.787
229.834
229.664
230.252
230.09
230.166
229.436
229.897
229.237
228.886
229.185
229.81
229.077
228.977
229.216
229.366
229.399
229.199
229.1
229.085
229.171
229.8
230.007
229.84
229.868
229.44
229.329
229.768
229.496
228.961
229.068
229.097
229.305
229.37
229.221
229.147
229.203
229.021
229.534
229.405
229.486
229.61
229.022
229.264
229.002
229.183
229.096
229.519
229.264
228.852
229.26
229.109
229.194
229.138
229.079
229.724
229.211
228.936
228.793
228.785
228.243
228.32
228.876
229.254
229.043
228.501
229.11
228.63
229.003
229.45
228.817
228.5
228.857
228.353
228.995
228.803
229.152
229.138
229.23
228.958
228.18
228.437
228.912
229.293
228.567
228.488
228.66
228.975
229.237
229.034
228.694
229.294
229.05
229.278
229.223
228.683
228.973
229.381
229.102
229.372
228.821
229.339
228.943
228.929
228.176
228.792
228.901
229.471
228.894
228.847
228.853
228.904
228.295
228.148
228.096
228.425
228.689
228.734
228.48
228.552
228.83
228.047
228.466
228.869
228.777
229.124
228.264
228.661
228.214
227.994
228.519
229.19
228.769
228.456
228.506
228.432
229.107
228.442
228.453
228.568
228.485
228.202
228.43
228.137
228.579
228.651
228.085
228.065
228.41
228.265
227.716
228.157
227.966
228.105
228.042
228.365
228.234
227.892
228.496
228.174
228.349
227.865
227.89
228.148
228.082
228.384
228.389
228.236
228.008
228.101
228.509
228.369
228.232
228.229
228.143
228.671
227.982
228.207
228.662
228.532
228.071
228.12
228.265
228.108
227.368
227.269
227.418
227.759
227.963
228.264
228.5
228.43
228.037
227.959
227.893
227.929
227.929
227.903
227.9
227.808
228.013
227.154
227.575
227.539
227.865
227.922
227.531
227.583
227.893
227.2
228.189
227.571
227.603
227.427
227.435
227.511
227.681
227.493
227.393
227.703
227.291
227.694
227.594
227.745
227.74
227.644
227.957
227.285
227.761
228.247
227.967
227.867
227.688
227.558
227.83
227.318
227.674
227.653
227.745
227.933
227.273
227.524
227.327
227.341
227.593
227.562
227.553
227.314
227.255
227.94
228.156
227.995
228.283
227.416
227.181
227.496
227.395
227.42
226.969
227.47
227.542
227.056
226.866
227.104
227.09
226.728
227.765
227.904
227.162
227.63
227.251
227.533
227.924
226.992
227.065
227.3
227.495
227.473
227.086
226.484
227.559
227.566
227.099
227.455
227.117
227.595
227.493
227.261
227.248
227.255
227.789
227.467
227.231
227.508
227.047
226.882
227.259
227.647
226.871
226.664
227.013
227.118
227.428
226.929
227.219
226.732
226.735
227.129
226.692
227.09
226.8
226.824
226.987
226.728
226.936
226.741
227.26
227.045
227.175
227.216
226.374
226.584
227.049
226.817
226.775
226.485
226.344
226.375
226.341
226.608
226.862
226.564
226.723
226.714
226.472
226.721
226.394
226.28
226.64
227.087
226.476
226.361
226.144
226.47
227.137
226.695
226.88
226.49
227.042
226.414
226.474
226.298
226.729
226.65
227.161
226.879
226.091
226.318
226.208
226.469
226.181
226.541
226.798
226.773
226.595
226.318
226.883
226.476
225.901
226.094
226.304
226.265
226.139
226.343
225.647
226.02
226.174
226.275
226.677
226.939
226.602
226.962
226.567
226.428
226.342
226.443
226.491
226.047
226.216
226.225
225.984
225.907
226.005
226.182
225.887
225.926
225.79
225.222
225.696
226.094
225.802
225.974
225.909
225.621
225.337
225.398
225.526
225.985
225.563
226.064
226.192
226.165
225.526
226.14
226.391
225.986
225.732
226.334
225.616
225.843
226.279
225.258
225.877
226.285
226.334
225.993
226.31
226.557
225.562
225.453
225.572
225.633
225.755
225.37
225.18
226.24
225.926
225.772
225.787
225.45
225.32
225.629
225.891
225.76
225.6
225.886
225.427
225.484
225.92
225.287
225.413
225.379
225.191
225.663
225.623
225.423
225.072
225.684
225.712
225.139
225.601
225.47
225.72
225.55
225.817
225.887
225.805
225.341
224.974
225.227
224.998
225.303
225.047
225.017
225.242
225.577
225.718
225.355
225.124
225.877
225.715
225.918
225.731
225.388
225.488
225.151
225.039
225.438
225.516
225.097
224.968
225.114
225.063
224.936
225.051
224.984
225.657
225.511
225.391
225.479
225.707
225.76
225.064
225.385
224.921
224.939
225.01
224.863
225.387
225.225
225.249
225.437
224.848
224.638
224.659
224.729
224.733
224.638
224.984
224.599
224.634
224.728
224.85
224.723
224.726
224.753
224.903
224.565
224.738
224.801
224.992
224.874
225.011
225.12
224.955
224.74
224.67
224.808
224.481
224.445
224.429
224.581
224.459
224.479
224.642
224.879
224.558
224.391
224.203
224.566
224.485
224.457
224.362
224.193
224.323
224.279
224.232
224.469
224.819
224.303
224.276
224.821
224.133
223.412
223.464
224.419
223.952
224.272
224.577
224.123
224.361
224.532
224.077
224.455
224.578
224.319
224.376
224.055
224.028
224.154
224.447
223.885
223.991
224.201
224.783
224.41
224.222
224.376
224.137
224.375
223.767
224.114
224.684
224.875
224.645
223.908
224.587
224.578
224.274
223.933
223.919
224.092
223.753
223.887
224.001
224.268
224.358
223.764
223.857
223.672
224.012
224.301
223.815
224.102
224.025
224.145
224.142
224.011
224.365
223.881
223.907
223.585
223.571
223.687
224.287
223.816
223.846
223.984
224.217
223.64
223.616
223.586
223.328
223.69
223.811
223.127
223.528
223.931
223.597
223.634
224.042
223.778
223.672
224.285
224.119
223.453
223.334
223.37
222.671
223.212
224.113
223.366
223.508
223.479
223.801
223.811
222.86
223.116
223.502
223.403
223.131
223.094
223.392
223.448
223.337
223.444
223.214
223.674
223.111
223.737
223.489
223.024
222.967
223.207
223.207
223.491
223.563
223.378
223.694
223.417
222.87
222.98
222.779
223.494
223.127
223.163
223.461
223.031
222.6
222.449
222.87
223.014
222.75
223.242
223.243
222.446
222.921
223.113
223.028
223.63
223.322
222.916
222.626
223.106
223.992
223.03
223.303
222.981
222.226
222.956
222.919
222.789
222.753
222.953
222.917
223.082
222.981
223.001
223.258
223.024
222.904
222.619
223.36
222.879
222.559
222.751
223.085
222.848
222.526
222.539
223.111
222.899
222.64
222.552
222.034
222.489
222.573
222.752
222.935
223.062
223.225
222.621
222.898
222.344
222.543
221.933
221.789
222.601
222.074
222.239
222.474
222.266
222.214
222.469
222.36
222.371
222.289
222.881
222.493
221.896
222.199
222.264
222.997
223.013
222.367
222.278
222.697
222.045
222.012
221.882
222.224
221.973
221.743
222.323
222.284
222.5
222.573
222.151
222.425
222.396
221.958
222.105
221.549
222.453
222.686
222.574
222.628
222.385
221.976
221.863
221.954
222.038
222.319
222.461
222.05
222.531
222.291
221.846
222.483
222.488
222.561
222.353
222.232
222.653
222.095
221.86
222.081
222.475
221.771
221.902
221.824
221.542
221.769
222.189
222.16
222.482
221.929
222.168
222.027
221.786
222.324
222.49
221.861
221.925
221.978
222.175
222.112
222.208
221.317
222.105
221.873
221.702
221.411
221.294
221.441
222.335
222.044
221.633
222.089
221.337
221.945
221.695
222
221.548
221.754
221.831
221.944
221.59
221.714
221.65
221.482
221.491
221.597
221.637
221.758
221.722
221.818
221.578
221.806
221.585
221.416
221.207
221.091
221.123
221.588
221.398
221.355
221.191
221.674
221.587
221.397
221.969
221.614
221.884
221.95
221.586
221.918
221.444
221.376
221.279
220.971
221.285
221.977
221.598
221.014
221.095
221.422
221.48
221.492
221.158
221.093
221.402
221.407
221.366
221.464
221.383
220.65
220.872
220.976
221.214
220.933
221.548
221.186
221.181
221.037
221.077
220.748
220.923
221.488
221.049
221.528
220.937
221.024
220.761
221.047
220.451
220.406
220.975
220.789
220.859
220.898
220.898
221.003
220.956
220.813
220.43
220.994
220.858
220.587
221.013
221.09
220.691
220.623
220.484
220.39
220.5
221.385
220.854
220.723
220.865
220.823
220.012
220.336
221.122
220.507
220.344
220.454
220.541
220.616
220.944
220.368
220.711
220.161
220.758
220.726
220.372
220.67
220.113
220.176
220.042
220.671
220.366
220.449
220.581
220.579
220.314
220.827
220.68
220.402
220.178
220.006
219.863
220.412
220.375
220.287
220.498
220.284
220.954
220.604
220.465
220.538
220.106
220.149
220.018
220.459
220.428
220.572
220.379
220.378
220.401
220.15
219.917
220.125
219.875
220.161
220.49
219.752
220.868
220.843
220.599
220.58
219.919
220.244
219.798
219.823
219.722
219.539
220.105
220.535
220.206
220.235
220.418
219.825
220.033
219.781
219.897
220.151
220.069
219.864
219.698
220.136
219.73
220.367
220.352
220.224
220.117
220.383
220.132
220.149
219.408
219.216
219.968
219.923
219.945
219.908
220.193
220.132
219.6
219.587
219.787
219.905
219.649
219.566
220.078
219.535
219.651
220.127
220.267
219.89
219.861
220.158
219.707
219.585
219.149
219.791
219.396
219.479
219.74
219.378
218.805
219.352
219.866
219.881
219.863
219.864
219.932
219.71
219.201
219.79
219.622
219.139
218.604
219.444
219.36
219.442
219.069
219.012
219.08
219.516
219.528
219.404
218.985
218.702
218.881
218.78
219.263
219.278
219.493
218.989
219.02
219.109
219.401
218.634
219.366
219.072
219.048
219.281
219.001
218.666
219.294
219.2
219.174
219.137
219.277
219.124
218.728
218.79
219.161
219.075
218.992
219.717
219.66
219.341
219.062
219.373
219.035
218.626
218.575
219.11
219.076
219.299
219.076
218.713
218.386
218.803
218.636
219.084
219.109
219.248
219.078
218.654
218.929
219.309
219.264
218.853
218.657
219.179
219.24
218.654
218.443
218.836
218.767
218.333
218.977
219.168
218.523
218.446
219.052
218.695
218.745
218.648
218.767
218.316
217.958
218.381
218.344
218.022
218.31
219.043
218.873
218.45
218.804
218.213
218.328
218.221
218.674
218.232
218.857
218.718
218.823
218.538
218.297
218.005
218.054
218.216
218.385
218.673
218.685
218.049
218.23
218.684
218.604
218.108
218.383
218.051
218.056
217.977
218.197
218.019
218.586
218.188
218.424
218.16
218.22
218.153
218.164
217.829
218.401
218.115
217.756
217.903
217.913
217.841
218.599
218.043
218.304
218.466
218.383
218.364
217.972
218.01
217.591
217.763
218.141
218.2
217.828
218.16
217.82
217.924
218.222
218.118
218.119
218.378
218.046
217.982
217.843
217.513
217.622
217.702
218.149
217.923
218.122
217.867
217.668
217.962
217.696
217.9
217.884
217.682
217.644
217.269
217.705
217.604
217.254
217.582
218.12
217.517
217.503
217.665
217.849
217.937
217.744
217.696
216.972
217.125
217.49
217.397
217.662
217.52
217.515
217.749
217.854
217.789
217.562
217.609
217.595
217.481
217.911
218.427
217.971
217.772
217.423
217.065
217.182
217.831
217.594
217.232
217.296
217.375
217.655
217.325
217.206
217.427
216.974
217.449
217.393
217.456
217.196
217.702
217.411
217.092
216.976
217.428
217.7
217.147
217.099
217.127
216.92
216.546
216.532
216.792
216.984
216.804
217.012
216.756
216.771
216.782
216.99
216.978
216.839
217.161
216.757
216.976
217.319
217.138
216.949
217.568
217.169
217.124
216.77
216.69
216.482
216.891
216.641
216.865
217.009
216.572
216.698
216.528
217.134
217.118
217.106
216.654
217.39
217
217.172
216.788
216.635
216.65
216.923
216.521
216.619
216.451
216.48
216.917
216.777
216.545
216.325
216.731
216.79
216.613
216.874
216.307
216.91
217.406
217.3
216.879
216.49
216.469
216.149
216.249
217.094
216.761
216.783
216.469
216.316
216.4
216.517
216.555
216.927
216.672
217.26
216.999
216.671
216.497
216.311
216.816
216.42
216.793
216.256
216.217
216.498
216.694
216.568
216.374
216.12
216.315
216.133
216.237
216.52
216.348
215.961
215.978
216.049
216.277
216.262
216.142
216.26
216.086
216.404
216.536
216.431
216.275
216.744
216.238
216.235
216.489
215.929
216.414
215.984
216.07
215.873
215.948
216.46
215.695
215.614
215.919
215.713
215.747
215.673
216.203
216.538
216.074
215.848
215.356
216.023
216.258
216.242
215.684
215.624
215.886
215.516
216.094
216.062
215.876
215.991
216.244
215.584
215.471
215.583
215.721
215.145
215.561
215.628
215.632
215.656
215.843
216.398
215.462
215.832
215.452
215.278
216.015
215.939
216.013
216.416
215.942
215.549
216
215.727
215.624
215.569
215.744
215.513
215.442
215.84
215.781
215.789
215.445
215.224
215.368
215.154
215.071
215.321
215.492
215.2
215.831
215.385
215.052
214.991
215.58
215.592
215.65
216.221
216.168
215.486
215.403
215.503
215.668
215.793
215.563
215.209
215.195
214.937
215.2
215.345
215.601
215.861
215.513
215.126
214.864
215.325
215.119
215.188
215.119
215.335
215.314
215.144
215.388
215.484
215.336
214.791
214.536
214.854
215.303
215.547
215.538
215.147
214.635
214.707
215.146
215.011
214.888
215.009
215.117
214.78
214.762
214.891
214.6
214.806
214.805
214.868
214.91
214.662
214.981
214.721
215.35
215.306
215.404
214.95
214.611
214.767
214.865
215.307
214.612
214.695
214.574
214.506
214.795
214.436
214.447
214.574
214.727
214.519
214.928
214.967
214.744
214.622
214.478
214.615
214.841
214.787
214.522
214.734
214.764
214.593
214.323
214.717
214.585
214.551
214.81
214.127
214.149
214.483
214.211
214.117
213.882
214.292
214.236
213.979
214.6
214.481
214.231
214.443
214.196
214.64
214.435
214.602
214.645
214.298
214.365
214.042
213.846
214.117
214.034
214.406
214.393
214.155
214.238
214.253
214.407
213.672
213.899
214.037
214.043
214.494
214.174
213.963
214.064
214.191
214.078
213.965
213.767
214.253
214.115
214.027
213.959
213.86
213.95
213.528
213.608
213.8
213.851
214.176
214.201
214.11
214.668
214.258
213.888
213.798
213.813
213.824
213.598
213.274
213.854
214.275
214.206
213.718
213.985
214.134
213.832
213.954
213.791
213.874
214.239
214.07
214.415
213.55
213.723
214.032
213.965
213.838
213.407
213.458
213.399
213.132
213.664
214.101
213.824
213.488
213.33
213.37
213.718
213.743
213.406
213.42
213.435
213.483
213.699
213.892
213.59
213.665
213.79
213.655
213.649
213.643
213.059
213.56
213.565
213.508
213.073
213.237
213.531
213.375
213.419
213.475
213.203
213.589
213.313
213.325
212.94
213.405
213.309
212.874
212.849
213.197
213.236
213.007
213.113
213.173
213.425
212.907
212.909
213.233
213.157
213.195
213.142
213.549
213.034
212.664
212.967
213.363
212.907
213.236
213.094
213.05
212.898
212.64
212.542
212.748
213.053
212.877
212.941
212.667
213.194
213.075
212.877
213.097
212.773
212.719
212.805
212.517
212.86
212.85
213.104
213.021
212.312
212.703
212.765
212.745
212.378
212.638
212.773
212.782
212.6
212.609
212.624
212.873
212.552
212.638
212.508
212.244
212.359
212.767
212.595
212.586
212.375
212.536
212.501
212.461
212.328
212.445
212.622
212.109
212.385
212.944
212.546
212.745
212.67
212.236
212.501
212.069
212.399
212.605
211.855
212.363
212.268
212.188
211.867
211.724
212.1
211.882
211.941
212.074
212.216
212.282
212.444
211.987
212.118
212.137
212.539
212.307
212.142
212.121
212.38
212.216
212.156
212.402
212.132
212.351
212.057
212.586
212.286
212.691
212.388
212.282
212.193
212.078
212.426
211.728
211.494
211.848
211.709
212.614
212.169
211.774
211.622
211.53
211.929
211.657
211.488
211.743
211.927
211.657
212.023
211.682
211.153
211.236
211.543
211.793
212.132
211.733
211.558
211.498
211.727
211.867
212.132
211.938
211.44
211.305
211.459
211.786
211.734
212.074
211.847
211.598
211.767
211.809
212.139
211.779
211.348
211.103
211.836
211.925
211.955
211.961
211.409
211.717
211.432
211.434
211.854
211.572
211.53
211.942
211.611
211.191
211.572
212.091
211.744
211.617
211.787
211.07
211.305
211.034
211.214
211.273
211.008
211.351
211.728
211.51
211.275
211.658
212.025
211.978
211.762
211.402
210.962
211.17
210.982
210.898
211.064
211.242
211.309
210.862
210.904
211.42
211.348
211.08
210.815
210.88
211.189
211.466
211.559
211.386
211.166
210.742
210.942
210.968
211.099
211.153
210.702
210.787
210.856
211.241
211.224
210.921
210.615
210.732
211.196
211.217
211.031
211.223
211.604
211.44
211.209
211.194
210.971
210.986
211.008
210.945
211.195
211.084
211.493
211.27
211.064
210.613
211.071
211.011
210.898
211.074
211.039
210.837
211.297
210.877
210.957
210.742
210.844
211.308
210.686
210.541
210.674
210.508
210.28
210.041
210.982
210.616
210.543
211.049
210.41
210.821
210.39
210.325
210.385
210.356
210.335
210.413
210.314
210.319
210.231
210.242
210.207
210.568
210.789
210.619
210.532
210.498
210.621
210.56
210.407
210.453
210.657
210.718
210.443
210.309
210.273
209.905
210.23
210.332
210.234
210.471
210.438
210.361
210.343
210.5
210.383
210.624
210.61
210.361
210.196
210.235
210.761
210.801
210.21
210.473
210.532
210.247
210.412
210.374
209.935
210.088
210.079
209.832
210.099
210.208
209.814
209.901
210.238
210.099
209.955
210.149
209.883
210
210.096
210.152
210.096
210.68
210.32
209.776
209.686
210.05
209.794
209.973
209.949
209.501
209.541
209.913
210.043
209.555
209.974
209.751
209.615
210.086
209.913
210.207
209.566
209.613
209.646
209.291
209.844
210.104
209.826
209.51
209.711
209.562
209.712
210.17
209.844
210.179
209.667
209.592
209.355
209.256
209.342
209.549
209.654
210.015
209.733
209.809
209.998
209.843
209.719
209.632
209.639
209.436
209.642
209.428
209.313
209.262
209.382
209.432
209.526
209.492
209.308
209.384
209.55
209.39
209.689
209.525
209.416
209.321
209.539
209.075
208.925
209.086
209.253
209.098
209.198
209.14
209.649
209.767
209.277
209.07
209.351
209.589
209.075
209.384
209.406
209.418
209.436
209.037
209.165
209.111
209.366
209.17
209.182
208.844
208.997
208.869
208.759
209.096
209.344
208.975
208.944
209.214
208.98
208.858
208.929
209.111
209.563
209.309
209.034
209.187
208.658
208.45
208.459
208.57
208.408
208.814
208.856
208.034
208.304
208.459
209.067
208.869
208.811
208.503
208.443
208.484
208.408
208.462
208.198
208.22
208.775
208.552
208.423
208.507
208.557
208.774
208.521
208.352
208.803
209.112
208.823
208.617
208.896
208.563
208.119
208.345
208.627
208.663
208.494
208.507
208.668
208.366
208.218
208.471
208.753
208.818
208.245
208.205
208.36
208.515
208.286
208.342
208.341
208.34
208.534
208.422
208.878
208.582
208.39
207.956
207.91
208.214
208.043
207.763
207.783
207.9
207.994
207.678
208.195
208.057
207.91
207.922
208.28
207.581
207.746
208.077
207.877
208.088
207.721
207.523
207.87
208.214
208.256
208.042
207.93
208.285
207.719
208.129
208.103
208.043
208.007
207.803
207.845
207.25
207.013
207.488
207.229
207.498
207.822
208.011
207.581
207.55
207.931
207.898
207.644
208.032
208.411
207.905
207.619
207.326
207.67
208.206
208.056
207.751
207.69
207.858
207.744
207.793
207.653
207.676
207.826
207.725
208.001
207.808
207.584
207.337
207.356
207.712
208.034
207.484
207.537
207.551
208.132
207.817
207.508
207.496
207.481
207.469
207.6
207.817
207.761
207.493
207.715
207.687
207.779
207.384
207.681
207.901
207.573
207.957
207.612
207.385
207.461
207.407
207.448
207.359
207.374
207.334
207.281
206.957
207.273
207.217
207.417
207.254
207.071
207.115
207.177
207.249
207.278
207.044
207.113
207.102
207.114
207.141
206.979
207.543
207.373
207.155
207.554
207.047
207.077
207.457
207.146
207.2
206.956
206.931
206.731
206.443
206.371
206.521
206.638
207.077
207.298
206.746
206.707
206.811
206.867
207.096
207.36
206.903
206.86
206.477
206.692
207.139
206.779
206.911
206.908
207.06
206.436
206.545
207.139
207.165
206.97
206.782
206.32
206.429
206.547
206.597
206.655
206.603
206.88
206.814
206.623
206.721
206.891
206.564
206.55
206.564
206.461
206.546
206.488
206.671
206.231
206.685
206.802
206.291
206.478
206.616
206.368
206.442
206.913
206.534
206.754
206.671
206.473
206.532
206.84
206.404
206.352
206.613
206.69
206.229
206.088
206.356
206.288
206.671
206.676
206.301
206.533
207.093
206.348
206.303
206.392
206.526
206.262
206.312
206.349
206.402
206.227
205.967
206.328
206.406
206.222
206.32
205.91
206.021
206.398
206.257
206.296
205.885
205.939
206.19
206.42
206.237
206.209
206.194
206.185
206.259
206.378
206.027
206.282
205.711
206.612
206.108
205.928
206.173
205.866
205.955
205.957
205.978
205.747
205.887
205.922
205.854
205.83
205.963
205.913
205.944
205.785
205.965
205.665
205.692
205.489
205.629
206.103
205.854
205.892
205.758
205.701
205.559
205.781
205.837
205.827
205.245
205.799
205.858
205.809
205.419
205.636
205.278
205.514
205.646
205.9
206.166
205.798
205.263
205.273
205.235
205.527
205.543
205.429
205.488
205.44
205.476
205.637
205.798
205.528
204.994
205.06
205.147
205.318
205.533
205.659
205.671
205.453
205.437
205.485
205.536
205.632
205.059
204.855
205.091
205.025
205.349
205.384
205.311
205.142
205.294
205.175
205.039
205.077
205.22
205.105
205.16
205.36
204.936
205.131
205.344
205.13
205.221
205.072
205.256
204.901
204.728
205.027
205.211
205.303
205.199
204.942
204.905
205.195
205.002
204.977
205.186
204.836
205.004
205.035
204.596
204.804
204.397
204.717
204.995
205.246
204.887
204.568
204.318
204.47
204.324
204.592
204.995
204.732
204.56
204.915
204.566
204.795
204.357
204.471
204.655
204.817
205.123
205.231
204.685
204.781
204.742
204.583
204.373
204.885
204.914
204.791
205.042
204.385
204.346
204.803
204.608
204.304
204.653
204.439
204.808
204.822
204.84
204.516
204.262
204.549
204.291
204.623
204.437
204.488
204.422
204.609
204.695
204.302
204.087
204.023
204.721
204.464
204.3
204.123
204.718
204.383
204.171
204.541
204.096
204.743
204.635
204.281
204.444
204.044
204.276
204.503
204.212
204.182
204.535
204.29
204.296
204.302
204.159
204.186
204.598
204.401
204.63
204.101
204.104
204.476
203.643
203.973
203.982
204.21
204.032
204.237
203.791
203.477
203.288
203.794
203.523
203.8
203.93
203.839
203.827
204.047
204.024
203.858
203.668
203.821
203.906
203.286
203.54
203.87
203.785
203.484
203.803
204.247
203.833
203.7
204.199
203.545
203.774
204.124
204.344
204.221
203.98
203.608
203.994
203.876
203.702
203.764
204.022
204.286
203.802
203.489
203.749
203.344
203.288
203.615
203.949
203.975
203.61
203.357
203.635
203.299
203.288
203.5
203.559
203.453
203.858
203.665
203.616
203.589
203.232
203.296
202.92
203.172
203.38
203.207
203.37
203.705
203.582
203.561
203.314
203.143
203.373
203.465
203.427
203.151
203.209
203.202
203.233
203.274
203.144
203.179
203.243
203.23
203.09
203.117
203.18
203.091
203.208
203.073
203.544
203.254
203.476
203.363
202.998
202.861
203.551
203.131
203.755
203.175
203.164
202.708
202.911
202.592
202.567
202.759
202.881
202.98
202.821
203.109
202.978
203.078
203.059
202.91
202.945
202.699
203.232
202.951
202.937
202.95
203.285
203.065
202.665
203.136
202.765
203.005
202.885
202.745
202.669
202.807
202.996
202.798
202.733
202.369
202.361
202.509
202.639
202.857
202.821
202.475
202.289
202.46
202.312
202.529
202.52
202.659
202.873
203.089
202.99
202.662
202.528
202.509
202.509
202.695
202.962
202.381
202.459
202.4
202.324
202.672
202.462
202.419
202.617
202.546
202.232
202.308
202.681
202.541
202.389
202.097
202.484
202.263
202.588
202.723
202.203
201.963
202.423
202.048
201.937
202.468
202.292
201.932
201.692
201.965
202.219
202.046
202.308
202.675
202.384
202.241
202.38
202.253
202.079
202.235
201.917
202.144
202.201
201.863
201.689
202.245
202.277
202.196
202.2
202.485
202.092
202.013
201.758
202.034
202.037
201.972
201.79
201.838
201.747
201.358
201.214
201.624
201.854
201.834
202
201.9
202.209
202.169
202.267
201.646
201.751
201.904
201.66
201.481
201.605
201.787
201.852
201.901
201.697
201.917
201.91
202.293
201.962
202.052
201.716
201.945
201.706
201.384
201.752
201.841
202.023
201.527
201.414
201.298
201.799
201.828
201.914
201.786
201.437
201.449
201.832
201.502
201.4
201.499
201.491
201.578
201.581
201.579
201.142
201.282
201.177
201.246
201.311
201.289
201.292
201.193
201.409
201.526
201.317
200.806
200.914
201.32
201.515
201.116
201.254
201.64
201.348
201.634
201.493
201.415
201.412
201.071
201.164
201.119
201.04
201.016
201.08
201.323
201.194
200.992
201.086
201.204
201.003
201.007
201.15
200.94
200.927
200.796
200.845
200.936
200.798
201.039
200.983
201.036
200.84
200.865
200.826
200.891
200.89
200.889
200.952
200.972
201.195
200.888
200.824
201.058
201.01
201.197
200.978
200.863
200.698
200.841
200.792
201.11
201.406
201.191
201.031
200.855
201.135
200.868
200.829
201.496
200.967
201.235
200.783
201.141
200.936
200.724
200.666
201.038
200.927
200.872
200.703
200.546
200.739
201.216
200.796
201.146
200.497
200.449
200.853
200.794
200.762
200.8
200.508
200.47
200.659
200.55
200.724
200.891
200.832
200.489
200.605
200.712
200.442
200.362
200.566
200.476
200.159
200.344
200.083
200.123
200.387
200.325
200.453
200.649
200.58
200.578
200.289
199.948
200.299
200.676
200.418
200.249
200.639
200.711
200.563
200.032
200.435
200.335
199.932
200.24
200.257
200.229
200.425
200.225
200.031
200.015
200.219
200.401
200.037
200.031
200.423
200.247
200.084
199.873
199.985
200.406
200.545
200.045
199.879
199.954
200.053
200.231
200.235
200.132
199.845
199.898
199.939
200.166
200.09
200.112
199.822
199.518
199.531
199.832
199.791
200.138
199.91
200.205
200.121
200.192
199.743
199.712
200.092
199.515
199.725
199.796
199.596
199.878
199.877
199.393
199.243
199.467
199.468
199.818
199.75
199.666
199.481
199.451
199.542
199.665
199.502
199.703
199.909
199.5
199.42
199.497
199.5
199.73
199.655
200.019
199.917
200.211
199.48
199.717
199.799
199.78
199.755
199.81
199.489
199.332
199.203
199.128
199.512
199.695
199.269
199.37
199.656
199.247
199.523
199.414
199.506
199.25
199.499
199.255
199.299
199.429
199.672
199.325
199.161
198.702
198.938
199.204
199.217
199.359
199.086
199.266
199.21
199.265
199.777
199.917
199.426
199.31
199.466
199.192
199.325
199.396
199.354
199.427
199.41
199.62
198.983
198.965
199.166
198.941
198.976
198.913
198.897
199.098
199.141
199.068
198.922
199.172
198.896
199.181
199.062
198.51
198.833
199.024
198.96
199.066
198.874
199.244
198.931
199.056
199.244
199.022
199.217
198.758
198.863
199.095
199.284
198.719
198.764
198.942
198.946
198.934
198.768
198.773
198.696
198.547
198.871
198.739
198.36
198.461
198.441
198.607
198.822
198.647
198.723
198.692
198.597
198.584
198.357
198.423
198.501
198.377
198.394
198.66
198.244
198.356
198.196
198.361
198.418
198.505
198.528
198.35
198.378
198.113
197.963
198.408
198.395
198.504
198.162
198.16
198.467
198.472
198.328
198.102
198.134
198.14
198.094
198.114
197.972
197.998
197.912
198.537
198.685
198.317
198.287
198.323
198.233
198.527
198.465
198.511
198.312
198.245
198.278
198.104
198.257
198.431
198.328
198.231
197.894
197.931
197.715
197.851
198.097
198.3
197.942
198.14
198.2
198.025
197.844
197.686
197.96
198.106
198.154
198.187
198.301
198.059
197.751
197.701
197.85
197.987
197.784
197.66
197.749
197.757
198.189
197.914
197.892
198.062
197.84
197.405
197.684
197.914
197.527
197.389
197.515
197.74
197.393
197.637
197.758
197.731
197.541
197.47
197.484
197.69
197.926
197.977
197.905
197.472
197.235
197.315
197.336
197.423
197.748
197.603
197.291
197.755
197.708
197.519
197.533
197.435
197.695
197.522
197.566
197.399
197.451
197.404
197.569
197.388
197.364
197.116
197.065
197.225
196.908
197.061
197.215
197.465
197.586
197.46
197.531
197.291
197.381
197.468
197.48
197.317
197.514
197.409
196.853
197.13
197.466
197.832
197.471
197.292
197.082
197.523
197.513
197.157
197.039
197.11
197.235
197.303
197.326
197.22
197.181
197.006
197.09
197.12
197.022
197.114
197.077
197.366
198.33
197.887
197.482
197.16
196.983
196.965
197.202
197.503
197.475
197.272
197.255
197.03
197.183
197.174
197.309
197.268
197.313
197.418
197.438
197.391
197.311
197.128
196.994
196.934
196.782
197.246
197.128
197.027
196.99
197.091
197.027
197.23
197.576
197.122
197.249
197.187
197.381
197.236
197.191
197.182
197.082
197.147
197.322
197.264
197.038
197.212
197.169
197.176
197.198
197.159
197.006
197.177
196.937
196.669
196.817
196.856
197.033
197.099
196.901
196.979
196.942
197.078
196.913
196.859
196.996
197.071
196.798
196.852
196.751
196.59
196.775
196.748
196.654
197.125
196.941
196.845
196.919
196.607
196.835
197.018
197.24
196.79
196.99
197.133
196.908
196.848
196.49
196.759
196.892
196.783
196.768
196.752
196.998
196.95
196.919
196.789
196.6
196.524
196.669
196.983
196.795
197.041
196.739
196.443
196.637
196.498
196.563
196.843
196.84
196.496
196.644
196.851
196.8
197.025
196.993
196.806
196.694
196.749
196.645
196.483
196.702
196.594
196.617
196.605
196.799
196.954
197.054
196.942
196.634
196.512
196.676
196.399
196.591
196.415
196.449
196.189
196.218
196.58
196.912
196.725
196.658
196.67
196.572
196.459
196.42
196.389
196.519
196.567
196.675
196.625
196.564
196.379
196.446
196.447
196.457
196.348
196.647
196.868
196.652
196.576
196.529
196.575
196.367
196.55
196.414
196.198
196.048
196.244
196.399
196.421
196.052
196.595
196.569
196.35
196.387
196.35
196.284
196.118
196.19
196.379
196.184
195.999
196.145
196.17
196.195
196.437
196.48
196.288
196.514
196.194
196.085
196.116
196.085
196.198
196.033
195.967
196.371
196.131
196.12
196.395
196.142
196.308
196.341
195.869
195.856
196.125
196.117
195.968
196.111
196.231
196.431
196.186
196.306
196.157
196.056
196.143
195.938
195.867
196.101
196.069
196.166
196.101
196.188
195.978
195.898
196.037
195.748
195.709
195.314
195.609
195.754
196.17
196.062
195.591
195.994
196.194
196.144
196.029
195.859
195.512
195.682
195.527
195.564
195.734
195.987
196.005
195.714
196.156
196.312
196.374
196.142
195.897
195.887
195.707
195.778
195.937
195.768
195.486
196.022
195.754
195.519
195.796
195.751
195.929
195.676
195.882
195.849
195.904
195.89
195.678
195.683
195.831
195.692
195.582
195.632
195.585
195.679
195.741
196.027
195.601
195.893
196.042
196.12
196.353
196.173
195.631
195.464
195.536
195.825
195.678
195.475
195.365
195.702
195.823
195.617
195.493
195.535
195.549
195.643
195.449
195.448
195.531
195.424
195.622
195.456
195.534
195.794
196.068
195.631
195.761
195.617
195.453
195.445
195.583
195.995
195.852
195.568
195.582
195.158
195.301
195.393
195.328
195.399
195.442
195.677
195.49
195.614
195.39
195.635
195.574
195.163
195.183
195.339
195.288
195.174
195.195
195.556
195.667
195.635
195.431
195.243
195.42
195.455
195.315
195.383
195.517
195.682
195.397
195.654
195.727
195.462
195.279
195.463
195.274
194.977
195.054
195.013
195.028
195.253
195.558
195.384
195.438
195.438
195.408
195.437
195.279
195.34
195.44
195.682
195.38
195.493
195.437
195.212
195.165
195.159
195.061
195.193
195.024
195.112
195.272
195.126
194.933
194.897
194.822
195.194
195.414
195.428
195.499
195.199
195.07
195.059
195.362
195.217
195.368
195.559
195.346
195.26
195.503
195.231
195.182
195.326
195.438
195.127
194.79
194.901
194.891
195.174
194.903
194.709
194.912
195.25
195.217
194.895
194.776
195.104
195.138
195.135
194.883
194.801
194.856
195.153
194.895
195.086
195.067
194.946
195.113
195.054
194.919
194.892
194.758
194.883
194.966
194.943
194.651
194.825
194.935
194.955
195.073
195.029
194.662
194.55
194.716
194.764
194.852
195.025
194.899
195.016
194.715
194.659
195.191
195.315
195.225
194.88
194.999
194.864
194.888
194.84
195.008
194.641
194.421
194.904
195.017
194.788
194.911
194.664
194.435
194.88
194.952
194.722
194.743
194.776
194.933
194.985
194.667
194.796
194.694
194.406
194.671
194.661
194.528
194.451
194.701
194.921
194.957
194.944
194.85
194.633
194.551
194.61
194.693
194.603
194.53
194.678
194.823
194.521
194.64
194.888
194.902
194.516
194.662
194.563
194.698
194.791
194.644
194.403
194.642
194.682
194.585
194.649
194.447
194.478
194.668
194.59
194.419
194.614
194.673
194.538
194.166
194.217
194.405
194.332
194.4
194.755
194.669
194.308
194.571
194.391
194.474
194.515
194.444
194.486
194.581
194.61
194.477
194.396
194.142
194.308
194.567
194.676
194.5
194.642
194.5
194.123
194.364
194.568
194.537
194.515
194.28
194.412
194.314
194.242
194.487
194.515
194.448
194.364
194.506
194.332
194.032
194.114
194.113
194.229
194.166
194.391
194.313
194.342
194.597
194.64
194.329
194.309
194.196
194.072
194.162
194.322
194.142
194.065
194.281
194.189
194.516
194.747
194.285
193.801
193.87
194.197
194.113
194.272
194.222
194.294
194.072
194.256
193.907
193.995
194.245
194.17
193.99
193.9
194.014
194.162
194.172
194.312
194.28
194.316
194.128
194.128
194.09
194.088
194.575
194.568
194.306
194.353
194.608
194.274
194.171
193.94
194.095
194.3
194.146
194.161
194.105
194.016
194.001
193.977
194.19
194.09
193.847
193.791
193.83
194.029
194.023
193.869
194.084
193.92
193.676
193.494
193.616
193.971
194.135
193.623
193.643
193.891
193.6
193.901
194.186
194.06
193.969
193.595
193.635
193.797
193.867
193.756
193.715
193.862
193.541
193.653
193.478
193.627
193.511
193.386
193.845
193.858
193.825
193.428
193.765
193.648
193.77
193.49
193.597
193.771
193.648
193.778
193.611
193.722
193.951
193.898
193.249
193.396
193.776
193.571
193.665
193.716
193.633
193.486
193.758
193.728
193.601
193.586
193.948
193.693
193.451
193.729
193.441
193.42
193.428
193.549
193.464
193.558
193.42
193.559
193.524
193.46
193.552
193.491
193.544
193.511
193.46
193.629
193.674
193.291
193.462
193.472
193.547
193.409
193.421
193.506
193.619
193.075
193.114
193.195
193.288
193.388
193.378
193.337
193.604
193.626
193.513
193.748
193.555
193.496
193.18
193.443
193.53
193.376
193.449
193.348
193.253
193.011
193.191
193.253
193.091
193.343
193.209
193.156
193.407
193.37
193.06
192.972
192.963
193.312
193.287
193.341
193.447
193.491
193.082
192.745
193.052
193.218
193.543
193.421
193.107
193.156
193.161
193.121
193.25
193.316
193.028
193.096
193.287
193.271
193.184
193.064
193.069
193.093
192.974
193.105
193.246
193.204
192.995
193.03
193.3
193.315
192.919
193.135
193.357
192.927
192.959
192.791
192.638
192.958
192.956
192.923
192.894
192.928
193.337
193.125
192.904
193.031
193.452
193.389
193.358
192.816
192.893
192.869
192.816
192.969
192.958
192.797
192.867
192.991
193.157
193.004
192.933
192.939
192.756
192.764
192.896
192.831
193.096
193.198
193.213
192.889
192.716
192.763
192.822
192.726
192.678
192.674
192.769
192.527
192.314
192.532
192.891
192.652
193.106
193.023
192.854
192.793
192.765
192.814
192.766
192.771
192.813
193.04
192.756
192.853
192.631
192.348
192.464
192.6
192.652
192.569
192.862
192.764
192.927
192.803
192.721
192.824
192.907
192.63
192.592
192.583
192.653
192.748
192.537
192.448
192.748
192.589
192.42
192.834
192.586
192.551
192.414
192.587
192.819
192.634
192.546
192.849
192.763
192.479
192.371
192.504
192.428
192.519
192.506
192.45
192.85
192.542
192.497
192.523
192.616
192.568
192.468
192.513
192.609
192.536
192.709
192.58
192.633
192.338
192.285
192.297
192.457
192.42
192.572
192.429
192.356
192.28
192.645
192.075
192.248
192.322
192.203
192.264
192.293
192.255
192.26
192.038
192.13
192.242
192.054
192.275
192.423
192.392
192.177
191.937
192.065
192.226
192.317
192.188
192.336
192.244
192.311
192.342
192.298
192.133
192.153
192.094
192.248
192.378
192.227
192.303
191.977
192.117
191.853
192.142
192.341
192.191
192.39
192.141
192.033
192.251
192.167
192.265
191.803
192.033
192.236
192.248
192.051
191.999
191.836
191.964
191.753
191.893
192.007
192.049
192.219
191.828
192.153
192.131
192.264
191.933
191.944
192.057
192.378
192.098
191.792
192.131
191.997
191.843
191.606
191.907
192.025
191.691
191.643
191.982
191.843
192.005
191.748
192.005
192.188
192.036
191.79
192.173
191.942
191.662
191.822
191.49
191.532
191.548
191.791
191.652
191.561
191.601
191.398
191.723
191.55
191.86
191.601
191.646
191.87
191.969
191.762
191.599
191.719
191.791
191.576
191.3
191.485
191.594
191.718
191.722
191.49
191.823
191.665
191.756
191.85
191.753
191.595
191.565
191.543
191.605
191.284
191.39
191.761
191.797
191.801
191.639
191.473
191.366
191.751
191.8
191.582
191.48
191.551
191.713
191.68
191.524
191.465
191.445
191.592
191.446
191.739
191.324
191.376
191.448
191.705
191.762
191.445
191.352
191.6
191.394
191.555
191.529
191.359
191.517
191.73
191.323
191.511
191.303
191.357
191.524
191.457
191.517
191.367
191.209
191.484
191.464
191.25
191.269
191.409
191.28
191.326
191.283
191.307
191.418
191.836
191.309
191.314
191.374
191.596
191.339
191.343
191.091
191.3
191.216
191.049
191.064
190.975
191.25
191.201
191.207
190.867
191.024
191.003
191.025
191.161
190.986
191.034
190.993
191.198
191.026
190.954
191.048
191.289
191.357
191.308
191.148
191.201
191.315
191.07
190.762
190.763
190.969
191.101
191.059
191.024
190.67
190.671
190.599
190.927
190.764
191.022
191.187
190.914
191.072
191.021
190.965
190.841
190.928
190.843
190.822
191.124
191.155
190.962
190.979
190.872
190.586
190.709
190.735
190.985
191.094
190.811
190.839
190.987
190.905
190.912
190.813
191.123
191.264
191.019
190.731
190.813
190.686
190.718
190.574
190.778
190.618
190.862
190.556
190.823
190.679
190.695
190.934
190.796
191.073
190.599
190.657
190.639
190.678
190.478
190.426
190.737
190.845
190.737
190.724
190.997
190.971
190.8
190.629
190.402
190.44
190.402
190.581
190.234
190.639
190.639
190.883
190.498
190.596
190.355
190.372
190.569
190.327
190.218
190.318
190.379
190.456
190.242
190.211
190.41
190.652
190.523
190.473
190.287
190.535
190.451
190.753
190.453
190.678
190.587
190.617
190.751
190.449
190.312
190.386
190.549
190.594
190.338
190.338
190.514
190.45
190.405
190.266
190.036
190.22
190.383
190.128
190.223
190.129
190.228
189.922
190.108
190.207
190.236
189.997
190.224
190.392
190.534
190.337
190.221
189.963
190.315
190.53
190.388
190.221
190.336
190.279
190.04
189.854
190.036
190.298
190.161
190.406
190.241
190.458
190.334
190.153
190.201
190.311
190.197
190.182
190.48
190.14
189.83
190.013
190.21
190.179
190.227
190.236
190.152
189.966
189.857
189.744
190.094
189.965
189.929
190.066
190.027
190.051
190.26
190.157
190.044
190.042
190.363
190.381
190.009
190.182
189.942
190.138
190.27
190.123
190.073
190.119
190.039
189.96
189.904
190.199
190.216
190.018
190.087
190.164
190.069
189.965
190.064
189.905
190
189.952
189.813
190.017
190.011
189.917
189.829
189.683
189.89
190.062
190.07
189.741
189.716
190.056
189.986
189.853
190.053
189.991
190.333
190.061
189.967
190.231
189.761
189.607
189.498
189.441
189.62
190.085
189.972
189.917
189.873
189.946
189.955
189.768
189.646
190.014
189.597
189.475
189.573
189.709
189.788
189.842
189.641
189.566
189.509
189.672
189.726
189.775
189.689
189.589
189.641
189.605
189.448
189.387
189.505
189.536
189.727
189.54
189.641
189.537
189.697
189.567
189.59
189.688
189.411
189.282
189.354
189.258
189.425
189.571
189.478
189.488
189.673
189.643
189.604
189.641
189.284
189.347
189.438
189.532
189.475
189.317
189.318
189.355
189.105
189.013
189.148
189.323
189.242
189.096
189.443
189.503
189.178
189.191
189.678
189.436
189.568
189.58
189.373
189.303
189.366
189.317
189.907
189.704
189.297
189.363
189.164
189.204
189.601
189.666
189.14
188.958
189.269
189.209
189.043
189.277
188.969
189.503
189.708
189.394
189.338
189.179
189.166
189.292
189.085
189.384
189.334
189.223
189.234
188.991
189.256
189.194
189.063
188.999
189.25
189.058
189.166
189.294
189.168
189.019
189.159
189.147
188.886
188.867
189.128
189.177
188.912
189.026
189.042
189.106
189.24
189.155
189.272
189.096
189.189
189.186
189.146
188.941
189.116
189.056
189.023
189.105
189.089
189.015
189.203
188.994
189.02
188.813
189.07
189.117
188.846
188.751
188.877
188.754
188.98
189.091
189.026
189.151
189.179
189.034
189.035
188.767
188.748
188.902
188.9
189.03
188.819
188.767
188.879
188.858
188.785
188.826
188.839
189.139
189.148
188.832
189.028
189.067
189.183
188.85
188.657
188.842
188.474
188.711
188.704
188.664
188.861
188.997
189.059
188.703
188.727
188.871
188.99
188.85
188.617
188.668
188.707
188.662
188.816
188.824
188.761
188.69
188.772
188.58
188.589
188.785
188.823
188.854
188.471
188.48
188.338
188.348
188.461
188.718
188.857
188.596
188.529
188.812
188.692
188.577
188.619
188.643
188.784
188.92
188.537
188.612
188.567
188.337
188.294
188.292
188.314
188.174
188.147
188.254
188.268
188.358
188.664
188.583
188.487
188.617
188.371
188.474
188.471
188.235
188.038
188.04
188.316
188.526
188.541
188.43
188.216
188.561
188.493
188.411
188.252
188.484
188.813
188.203
188.157
188.664
188.431
188.211
188.352
188.389
188.06
187.916
188.076
188.257
188.419
188.366
188.346
188.192
188.225
188.202
188.143
188.189
188.218
187.987
188.125
187.91
188.21
188.133
187.823
187.941
187.86
187.767
187.934
188.252
188.391
188.124
187.941
187.903
188.018
187.759
187.87
187.969
187.928
188.094
187.955
188.065
188.065
188.117
188.107
188.085
188.303
188.067
187.995
187.849
188.005
188.29
188.003
187.876
187.823
187.831
187.763
188.129
187.984
187.99
187.927
187.734
187.65
187.834
188.034
187.789
187.902
188.1
188.037
188.057
187.664
187.798
187.392
187.348
187.686
187.916
188.205
188.025
188
187.978
187.773
187.951
188.11
187.741
187.472
187.681
187.803
187.822
187.874
187.988
187.969
188.114
187.959
187.569
187.514
187.445
187.619
187.632
187.833
187.727
187.642
187.558
187.633
187.544
187.234
187.466
187.43
187.402
187.521
187.577
187.821
187.57
187.499
187.785
187.819
187.844
187.789
187.564
187.583
187.781
187.482
187.466
187.275
187.577
187.681
187.428
187.299
187.204
187.2
187.52
187.366
187.481
187.592
187.456
187.688
187.611
187.562
187.694
187.655
187.395
187.442
187.347
187.245
187.384
187.369
187.552
187.781
187.644
187.412
187.405
187.407
187.35
187.087
187.185
187.326
187.075
187.176
187.324
187.565
187.108
187.211
187.344
187.199
187.198
187.23
187.36
187.403
187.555
187.435
187.227
187.18
187.174
187.204
187.314
187.247
187.123
187.081
187.348
187.502
187.275
187.315
187.137
187.453
187.367
187.426
187.464
187.213
186.876
186.954
187.134
187.201
187.041
187.057
186.921
187.112
186.86
187.05
187.072
187.307
187.075
186.769
186.98
187.102
186.991
186.879
186.901
187.169
187.281
186.941
186.801
186.811
187.003
187.043
187.092
186.908
187.035
186.989
186.944
186.751
187.191
187.104
186.983
186.907
186.845
186.809
186.98
187.066
186.943
187.016
186.916
187.032
186.809
186.885
186.818
186.773
187.037
187.041
186.957
186.919
187.089
187.127
186.909
186.757
186.776
186.661
186.755
186.802
186.84
186.82
187
186.962
186.881
186.983
186.911
186.981
186.999
186.973
186.843
186.62
186.454
186.52
186.493
186.533
186.573
186.503
186.489
186.577
186.432
186.642
186.812
186.857
186.977
186.924
186.757
186.888
186.834
186.639
186.795
186.732
186.642
186.574
186.714
186.762
186.735
186.737
186.614
186.653
186.549
186.514
186.625
186.546
186.517
186.613
186.645
186.39
186.544
186.578
186.645
186.852
186.591
186.473
186.324
186.339
186.566
186.725
186.75
187.027
186.563
186.621
186.504
186.681
186.675
186.591
186.717
186.721
186.421
186.302
186.382
186.58
186.54
186.559
186.512
186.564
186.6
186.46
186.232
186.438
186.227
186.227
186.222
186.389
186.404
186.48
186.59
186.652
186.647
186.438
186.41
186.579
186.55
186.46
186.301
186.317
186.368
186.698
186.499
186.247
186.551
186.435
186.314
186.228
186.258
186.267
185.979
186.25
186.099
186.078
186.098
186.218
186.46
186.746
186.478
186.276
186.372
186.36
186.063
186.018
186.052
186.297
186.244
186.187
186.376
186.437
186.466
186.26
186.123
186.104
186.079
186.063
186.195
186.211
186.19
186.111
186.232
186.143
186.07
185.979
186.086
186.084
186.214
186.131
185.964
186.217
186.338
186.185
186.166
186.164
185.918
186.027
186.007
186.126
186.099
185.776
185.798
185.976
186.027
185.906
185.942
185.955
186.297
186.234
185.897
185.918
185.995
186.096
186.097
186.034
185.886
185.778
185.889
185.726
185.904
185.809
185.887
186.016
185.842
185.862
185.861
185.916
185.82
185.8
185.65
185.739
185.659
185.781
185.736
185.935
185.902
185.737
186.099
185.775
185.784
185.891
185.777
185.83
185.632
185.669
185.669
185.828
185.893
185.639
185.692
185.952
185.474
185.463
185.922
185.986
185.9
185.58
185.593
185.621
185.693
185.703
185.496
185.676
185.503
185.825
185.576
185.697
185.718
185.77
185.744
185.571
185.715
185.451
185.439
185.441
185.475
185.458
185.553
185.816
185.45
185.48
185.455
185.539
185.606
185.581
185.707
185.653
185.741
185.734
185.694
185.75
185.459
185.474
185.383
185.635
185.666
185.41
185.626
185.784
185.625
185.617
185.763
185.468
185.234
185.381
185.439
185.31
185.42
185.574
185.548
185.285
185.425
185.29
185.406
185.643
185.455
185.509
185.435
185.467
185.542
185.428
185.554
185.436
185.483
185.507
185.377
185.23
185.36
185.291
185.457
185.507
185.308
185.293
185.34
185.37
185.325
185.33
185.219
185.348
185.185
185.375
185.412
185.151
185.06
185.353
185.384
185.226
185.216
185.514
185.412
185.185
185.492
185.476
185.443
185.337
185.088
185.108
185.129
185.232
185.263
185.326
185.027
185.077
185.035
185.213
185.194
184.918
185.368
185.452
185.356
185.329
185.158
185.118
185.171
184.94
184.926
184.853
185.13
185.239
184.996
184.851
184.859
184.918
185.024
185.089
185.062
184.977
185.052
185.002
184.892
185.059
185.02
185.117
185.07
184.939
184.922
184.878
185.093
185.019
185.102
185.009
184.976
184.962
185.109
185.022
184.787
184.866
185.057
185.026
184.79
184.837
184.962
185.143
185.044
185.093
184.983
185.014
185.036
185.011
184.914
184.775
184.613
184.879
184.933
184.717
184.678
184.828
184.801
184.775
184.799
184.742
184.688
184.721
184.683
184.711
184.811
184.854
184.783
184.722
184.713
184.723
184.574
184.562
184.561
184.788
184.567
184.627
184.76
184.697
184.506
184.856
184.687
184.57
184.671
184.747
184.758
184.836
184.775
184.551
184.599
184.491
184.607
184.626
184.698
184.698
184.566
184.571
184.475
184.496
184.72
184.71
184.608
184.452
184.498
184.609
184.492
184.369
184.545
184.506
184.358
184.381
184.34
184.415
184.435
184.414
184.507
184.606
184.324
184.443
184.495
184.346
184.339
184.239
184.412
184.61
184.457
184.446
184.446
184.411
184.484
184.334
184.459
184.416
184.47
184.487
184.629
184.551
184.535
184.438
184.385
184.296
184.261
184.127
184.217
184.108
184.136
184.138
184.223
184.325
184.189
184.23
184.313
184.235
184.57
184.512
184.28
184.355
184.121
184.172
184.293
184.208
184.128
184.154
184.41
184.25
184.378
184.186
184.116
184.147
184.156
184.255
184.077
183.985
184.06
184.136
184.268
184.328
184.033
183.967
184.23
184.427
184.156
184.14
184.065
184.239
183.958
183.909
183.992
184.044
184.239
184.355
184.151
184.012
184.068
184.077
184.072
184.001
184.092
183.985
183.875
183.833
184.242
183.926
183.987
183.942
184.267
184.045
184.008
184.009
183.954
184.1
183.897
183.927
184.013
183.999
183.917
183.886
184.021
184.058
183.807
183.783
183.884
183.856
183.982
183.789
183.76
183.814
183.775
183.801
183.913
183.869
183.986
184.087
183.953
183.775
183.622
183.829
183.842
183.904
183.656
183.477
183.707
183.843
183.809
183.909
183.956
183.891
183.867
183.909
183.778
183.659
183.551
183.403
183.539
183.709
183.896
183.746
183.68
183.554
183.573
183.688
183.602
183.806
183.783
183.855
183.925
183.542
183.564
183.679
183.623
183.789
183.587
183.677
183.541
183.442
183.517
183.554
183.767
183.689
183.441
183.398
183.408
183.492
183.502
183.453
183.594
183.673
183.463
183.388
183.458
183.657
183.398
183.43
183.379
183.368
183.477
183.53
183.408
183.455
183.547
183.422
183.439
183.119
183.453
183.553
183.533
183.421
183.378
183.597
183.385
183.18
183.226
183.345
183.447
183.346
183.366
183.57
183.417
183.394
183.372
183.283
183.276
183.364
183.39
183.579
183.511
183.336
183.458
183.465
183.324
183.191
183.109
183.194
183.274
183.41
183.433
183.167
183.18
183.42
183.316
183.373
183.485
183.348
183.36
183.42
183.472
183.302
183.347
183.013
183.049
183.102
183.142
183.21
183.107
183.072
183.114
183.111
182.953
183.134
183.316
183.17
183.161
183.018
182.87
182.885
183.209
183.216
183.161
183.235
183.332
183.242
183.172
183.147
183.191
182.927
183.035
182.832
183.07
183.28
183.294
183.121
183.115
183.015
183.09
183.089
182.873
182.888
182.857
182.926
182.926
183.046
183.111
182.896
182.985
182.973
183.11
183.05
182.97
182.972
182.955
182.936
183.055
183.057
183.019
182.796
182.808
182.917
182.916
182.879
182.84
182.609
182.821
182.891
182.873
182.717
182.881
182.868
182.97
183.073
182.95
182.817
182.768
182.772
183.018
183.063
182.947
182.882
182.964
182.872
182.758
182.939
182.995
182.973
182.667
182.772
182.828
182.779
182.675
182.933
182.937
182.767
182.818
182.863
182.794
182.787
182.806
182.695
182.642
182.905
182.78
182.619
182.707
182.802
182.704
182.832
182.907
182.713
182.674
182.575
182.57
182.63
182.751
182.863
182.654
182.511
182.681
182.514
182.568
182.528
182.502
182.609
182.571
182.441
182.621
182.557
182.604
182.616
182.731
182.731
182.697
182.516
182.607
182.579
182.601
182.572
182.379
182.587
182.679
182.502
182.543
182.655
182.587
182.418
182.451
182.581
182.539
182.506
182.573
182.687
182.725
182.504
182.409
182.354
182.36
182.241
182.408
182.513
182.559
182.526
182.478
182.343
182.324
182.36
182.477
182.433
182.207
182.375
182.493
182.576
182.41
182.535
182.533
182.472
182.483
182.402
182.332
182.26
182.301
182.172
182.321
182.637
182.464
182.571
182.385
182.312
182.57
182.509
182.418
182.267
182.277
182.274
182.358
182.411
182.332
182.448
182.51
182.381
182.436
182.505
182.456
182.158
182.269
182.371
182.364
182.329
182.259
182.227
182.296
182.341
182.353
182.345
182.223
182.14
182.055
182.036
182.003
182.204
182.177
182.056
182.164
182.269
182.245
182.185
182.14
182.154
182.155
182.094
182.112
182.172
182.061
182.104
182.101
182.048
182.173
181.977
181.907
181.914
181.876
182.052
182.109
181.998
181.904
181.852
182.135
181.999
181.932
181.902
181.992
181.992
182.151
182.145
181.966
181.913
181.799
181.694
182.168
182.15
182.01
182.066
182.021
181.969
181.894
181.972
182.07
181.981
182.047
181.955
181.927
181.779
181.877
182.128
182.106
181.936
181.925
181.885
181.885
181.986
181.989
181.866
181.77
181.953
181.904
181.74
181.744
181.783
181.793
181.88
181.821
181.946
181.816
181.874
181.906
181.669
181.787
181.874
181.803
181.837
181.703
181.811
181.807
181.913
181.909
181.596
181.73
181.633
181.687
181.854
181.98
181.84
181.866
181.723
181.607
181.855
181.897
181.861
181.679
181.641
181.739
181.533
181.688
181.772
181.758
181.661
181.711
181.632
181.697
181.617
181.643
181.544
181.511
181.636
181.456
181.536
181.53
181.668
181.733
181.716
181.575
181.518
181.55
181.578
181.629
181.637
181.35
181.539
181.611
181.538
181.546
181.564
181.601
181.62
181.501
181.474
181.416
181.515
181.373
181.414
181.612
181.437
181.518
181.354
181.568
181.552
181.411
181.375
181.432
181.41
181.422
181.449
181.5
181.544
181.428
181.374
181.427
181.366
181.363
181.436
181.485
181.286
181.327
181.474
181.55
181.484
181.443
181.508
181.424
181.268
181.281
181.282
181.385
181.359
181.413
181.402
181.16
181.261
181.167
181.253
181.317
181.21
181.259
181.277
181.264
181.212
181.278
181.209
181.25
181.276
181.301
181.295
181.458
181.433
181.295
181.337
181.276
181.401
181.186
181.193
181.256
181.221
181.222
181.068
181.203
181.211
181.033
181.029
181.187
181.193
181.143
181.172
181.197
181.184
181.099
181.164
181.228
181.207
181.135
181.142
181.175
181.15
181.057
180.967
180.85
181.036
181.141
180.966
180.973
180.866
180.837
180.994
181.24
181.163
180.87
180.892
181.05
181.027
180.956
180.972
181.085
180.956
181.235
181.114
181.221
181.064
180.977
181.007
180.979
180.946
180.943
180.749
180.953
180.888
181.074
180.808
180.755
180.748
180.89
180.897
180.889
180.827
180.774
180.776
180.688
180.838
180.892
181.006
180.826
180.828
180.835
180.734
180.854
180.916
180.831
180.857
180.937
181.054
181.047
180.937
180.944
180.925
180.942
180.988
180.826
180.748
180.774
180.958
180.985
180.925
180.989
180.692
180.751
180.74
180.582
180.686
180.691
180.642
180.553
180.722
180.905
180.856
180.687
180.512
180.519
180.688
180.608
180.698
180.63
180.694
180.724
180.665
180.714
180.808
180.718
180.732
180.734
180.776
180.523
180.636
180.711
180.544
180.674
180.595
180.681
180.681
180.656
180.674
180.652
180.596
180.54
180.55
180.591
180.52
180.596
180.675
180.654
180.57
180.562
180.778
180.666
180.593
180.666
180.611
180.379
180.472
180.418
180.461
180.379
180.529
180.543
180.474
180.473
180.484
180.368
180.564
180.357
180.5
180.564
180.63
180.47
180.5
180.618
180.515
180.494
180.47
180.538
180.545
180.619
180.507
180.458
180.541
180.565
180.68
180.481
180.47
180.474
180.341
180.406
180.511
180.272
180.252
180.407
180.336
180.35
180.344
180.449
180.466
180.286
180.328
180.367
180.295
180.284
180.362
180.365
180.284
180.299
180.387
180.41
180.389
180.339
180.313
180.493
180.341
180.341
180.28
180.146
180.132
180.167
180.285
180.315
180.165
180.367
180.301
180.233
180.269
180.184
180.104
180.18
180.317
180.116
180.115
180.184
180.071
180.183
180.222
180.344
180.373
180.359
180.219
180.254
180.275
180.244
180.292
180.153
180.19
180.29
180.288
180.146
180.128
180.011
179.977
180.091
180.076
180.115
179.995
180.035
180.165
180.044
180.136
180.098
180.145
180.154
180.278
180.013
180.099
180.137
180.09
180.119
180.079
180.081
180.168
180.182
180.237
180.034
179.998
180.084
180.048
180.06
180.006
180.111
180.018
179.937
179.933
179.847
179.888
179.987
179.988
179.988
179.88
179.954
179.879
179.873
179.878
180.051
179.971
180.129
179.959
179.974
179.877
179.988
179.931
179.907
180.009
179.929
179.877
179.966
179.91
179.837
179.977
180.014
179.981
179.873
179.839
180.012
179.967
179.858
179.871
179.889
179.799
179.898
179.969
179.915
179.985
179.889
179.841
179.838
179.895
180.006
179.97
179.935
179.828
179.791
179.903
179.929
179.856
179.788
179.763
179.948
179.851
179.696
179.675
179.726
179.852
179.828
179.815
179.75
179.924
179.801
179.808
179.655
179.744
179.782
179.927
179.704
179.815
180.007
179.963
179.792
179.748
179.727
179.785
179.702
179.7
179.779
179.709
179.722
179.663
179.725
179.707
179.715
179.791
179.785
179.915
179.819
179.803
179.623
179.65
179.768
179.78
179.749
179.768
179.678
179.711
179.556
179.623
179.698
179.748
179.763
179.861
179.738
179.605
179.719
179.629
179.543
179.628
179.717
179.707
179.723
179.671
179.669
179.608
179.625
179.724
179.63
179.574
179.626
179.842
179.653
179.658
179.658
179.678
179.594
179.632
179.618
179.297
179.346
179.407
179.507
179.562
179.506
179.481
179.496
179.458
179.59
179.484
179.445
179.485
179.582
179.508
179.521
179.418
179.55
179.541
179.595
179.456
179.494
179.49
179.391
179.488
179.547
179.422
179.386
179.495
179.543
179.667
179.513
179.465
179.395
179.354
179.489
179.467
179.45
179.453
179.437
179.549
179.426
179.524
179.459
179.464
179.437
179.406
179.45
179.636
179.616
179.562
179.578
179.434
179.3
179.342
179.332
179.326
179.254
179.414
179.377
179.367
179.379
179.423
179.404
179.459
179.34
179.208
179.311
179.297
179.416
179.444
179.318
179.456
179.332
179.414
179.508
179.414
179.371
179.496
179.45
179.451
179.3
179.137
179.429
179.388
179.214
179.249
179.288
179.336
179.341
179.252
179.226
179.238
179.293
179.288
179.249
179.252
179.188
179.268
179.262
179.305
179.315
179.291
179.115
179.238
179.273
179.355
179.388
179.442
179.435
179.356
179.225
179.106
179.078
179.235
179.31
179.268
179.166
179.092
179.244
179.187
179.146
179.138
179.227
179.243
179.28
179.294
179.154
179.108
179.12
179.043
179.108
179.102
179.152
179.124
179.158
179.107
179.106
179.018
179.099
179.107
179.098
179.176
179.115
179.143
179.128
179.14
179.168
179.117
179.183
179.108
179.064
179.042
179.1
179.196
179.039
179.134
179.026
179.002
179.117
179.112
179.238
179.144
179.087
179.12
179.05
179.122
179.154
179.263
179.105
179.053
179.091
179.003
178.904
178.884
178.956
178.935
179.026
178.867
178.926
178.99
178.964
179.086
179.127
179.123
179.002
178.974
178.975
178.892
179.082
179.002
179.252
179.241
179.015
178.941
178.945
178.869
178.976
178.967
179.063
178.939
178.954
178.997
178.999
178.991
178.965
179.042
178.948
178.857
178.996
178.968
178.873
178.989
178.878
178.872
178.89
178.947
178.906
178.973
178.889
179
178.929
178.932
178.994
178.903
178.867
178.896
178.883
178.829
178.855
178.937
178.813
178.888
178.876
178.841
178.77
178.788
178.748
178.847
178.705
178.724
178.769
178.733
178.781
178.945
178.831
178.77
178.795
178.763
178.824
178.723
178.741
178.828
178.786
178.84
178.811
178.617
178.772
178.736
178.722
178.743
178.689
178.791
178.852
178.755
178.692
178.739
178.698
178.706
178.782
178.774
178.76
178.722
178.809
178.652
178.65
178.72
178.618
178.756
178.764
178.808
178.843
178.722
178.666
178.628
178.656
178.628
178.679
178.555
178.602
178.565
178.661
178.64
178.69
178.724
178.546
178.552
178.564
178.457
178.549
178.629
178.641
178.782
178.679
178.658
178.701
178.639
178.547
178.55
178.686
178.694
178.625
178.551
178.657
178.595
178.727
178.624
178.64
178.557
178.431
178.602
178.673
178.535
178.55
178.528
178.638
178.581
178.513
178.443
178.509
178.498
178.52
178.427
178.503
178.518
178.394
178.441
178.491
178.492
178.566
178.549
178.58
178.548
178.562
178.432
178.439
178.541
178.383
178.508
178.461
178.527
178.534
178.475
178.593
178.51
178.405
178.54
178.54
178.433
178.416
178.53
178.5
178.589
178.394
178.35
178.298
178.527
178.531
178.577
178.475
178.491
178.464
178.415
178.46
178.408
178.413
178.461
178.292
178.375
178.411
178.382
178.393
178.368
178.427
178.229
178.377
178.467
178.493
178.387
178.443
178.406
178.442
178.4
178.384
178.323
178.299
178.372
178.318
178.239
178.369
178.435
178.426
178.303
178.296
178.404
178.499
178.355
178.404
178.445
178.406
178.338
178.346
178.494
178.399
178.301
178.263
178.259
178.303
178.369
178.389
178.326
178.379
178.312
178.347
178.27
178.203
178.225
178.309
178.397
178.454
178.447
178.355
178.403
178.249
178.407
178.382
178.286
178.334
178.296
178.194
178.273
178.232
178.196
178.249
178.215
178.191
178.29
178.174
178.116
178.239
178.306
178.384
178.342
178.301
178.301
178.239
178.202
178.171
178.229
178.096
178.13
178.187
178.221
178.293
178.307
178.241
178.189
178.037
178.106
178.015
178.091
178.164
178.049
177.941
178.14
178.227
178.272
178.16
178.117
178.226
178.18
178.205
178.173
178.121
178.013
178.062
177.989
178.017
178.074
178.169
178.115
178.127
178.16
178.174
178.087
178.07
178.096
178.123
178.036
178.058
178.114
178.14
178.234
178.09
178.077
178.103
178.061
178.007
177.993
178.007
178.054
178.118
178.211
178.228
178.095
178.077
178.099
178.054
178.106
178.176
178.072
178.012
178.063
178.012
178.036
178.061
178.022
178.085
178.084
178.072
178.112
178.024
178.11
178.138
178.118
178.055
178.019
177.95
178.031
178.133
178.171
178.051
178.027
178.068
178.148
178.048
178.128
178.012
177.999
177.961
177.985
177.961
178.023
178.018
177.971
177.859
177.946
177.946
177.93
178.009
177.992
177.932
178.009
178.106
178.037
178.164
178.223
178.138
178.131
178.074
178.014
178.085
178.05
177.922
178.004
177.881
177.899
177.974
177.933
177.955
177.897
178.016
177.955
178
178.043
177.947
177.95
178.043
177.983
177.904
177.999
177.902
177.976
177.983
177.954
177.961
178.037
177.927
177.824
178.018
177.939
177.863
177.936
177.861
177.95
177.983
177.823
177.862
177.983
177.909
178.001
178.002
177.957
178.047
177.871
177.933
177.949
177.905
177.824
177.914
177.914
177.905
177.866
177.96
177.856
177.938
177.955
177.978
177.927
177.948
177.875
177.878
177.815
177.836
177.871
177.876
177.959
177.806
177.767
177.825
177.854
177.93
177.941
177.88
177.864
177.851
177.833
177.784
177.794
177.839
177.869
177.861
177.93
177.86
177.89
177.829
177.883
177.836
177.793
177.713
177.764
177.889
177.797
177.843
177.793
177.872
177.784
177.737
177.82
177.681
177.864
177.759
177.834
177.786
177.865
177.767
177.834
177.705
177.765
177.745
177.777
177.879
177.823
177.736
177.726
177.729
177.836
177.828
177.725
177.796
177.701
177.72
177.649
177.808
177.726
177.72
177.739
177.798
177.797
177.769
177.68
177.8
177.852
177.755
177.707
177.686
177.679
177.645
177.7
177.798
177.722
177.798
177.648
177.735
177.729
177.642
177.772
177.727
177.744
177.68
177.691
177.654
177.744
177.725
177.747
177.809
177.714
177.546
177.597
177.63
177.672
177.733
177.761
177.684
177.69
177.65
177.722
177.759
177.782
177.682
177.69
177.616
177.647
177.742
177.771
177.754
177.616
177.657
177.676
177.745
177.659
177.729
177.682
177.758
177.718
177.677
177.671
177.587
177.624
177.748
177.726
177.759
177.657
177.6
177.629
177.668
177.601
177.61
177.531
177.666
177.694
177.668
177.599
177.634
177.651
177.587
177.576
177.49
177.631
177.652
177.568
177.567
177.591
177.615
177.613
177.658
177.628
177.471
177.566
177.673
177.599
177.689
177.64
177.612
177.656
177.618
177.667
177.65
177.631
177.621
177.664
177.545
177.524
177.583
177.556
177.644
177.613
177.643
177.629
177.518
177.515
177.491
177.573
177.616
177.557
177.585
177.628
177.546
177.597
177.49
177.511
177.549
177.613
177.573
177.571
177.567
177.568
177.477
177.551
177.599
177.546
177.615
177.575
177.52
177.583
177.511
177.515
177.47
177.528
177.558
177.455
177.509
177.473
177.429
177.546
177.479
177.5
177.41
177.394
177.413
177.499
177.482
177.505
177.478
177.545
177.58
177.602
177.468
177.438
177.399
177.543
177.589
177.49
177.526
177.479
177.424
177.429
177.432
177.512
177.427
177.555
177.381
177.414
177.423
177.429
177.411
177.413
177.472
177.474
177.446
177.418
177.414
177.457
177.507
177.369
177.486
177.472
177.381
177.391
177.359
177.42
177.504
177.441
177.44
177.415
177.47
177.519
177.457
177.487
177.543
177.47
177.357
177.301
177.353
177.461
177.45
177.384
177.402
177.373
177.397
177.531
177.46
177.471
177.436
177.444
177.528
177.46
177.523
177.448
177.387
177.372
177.536
177.424
177.451
177.439
177.37
177.472
177.45
177.462
177.509
177.479
177.415
177.334
177.309
177.316
177.351
177.439
177.437
177.398
177.418
177.354
177.327
177.355
177.345
177.263
177.339
177.412
177.337
177.283
177.266
177.345
177.351
177.334
177.324
177.413
177.393
177.422
177.387
177.438
177.425
177.402
177.328
177.413
177.382
177.258
177.361
177.328
177.317
177.34
177.249
177.246
177.372
177.306
177.338
177.228
177.269
177.315
177.307
177.305
177.357
177.334
177.383
177.374
177.251
177.206
177.286
177.315
177.347
177.323
177.361
177.288
177.404
177.356
177.384
177.311
177.288
177.344
177.317
177.338
177.302
177.393
177.276
177.184
177.242
177.295
177.334
177.296
177.29
177.33
177.332
177.267
177.322
177.266
177.288
177.353
177.269
177.201
177.3
177.152
177.331
177.261
177.293
177.371
177.288
177.315
177.281
177.303
177.377
177.256
177.301
177.311
177.253
177.305
177.363
177.407
177.249
177.308
177.345
177.278
177.307
177.363
177.325
177.311
177.268
177.235
177.247
177.292
177.315
177.204
177.217
177.269
177.272
177.295
177.304
177.225
177.178
177.166
177.264
177.27
177.278
177.291
177.202
177.22
177.241
177.273
177.25
177.23
177.244
177.218
177.223
177.227
177.268
177.258
177.274
177.286
177.277
177.218
177.235
177.33
177.239
177.25
177.342
177.204
177.178
177.194
177.193
177.196
177.215
177.211
177.196
177.221
177.213
177.258
177.222
177.247
177.195
177.243
177.257
177.189
177.169
177.14
177.099
177.111
177.198
177.186
177.172
177.172
177.178
177.19
177.179
177.187
177.247
177.159
177.207
177.169
177.228
177.172
177.211
177.2
177.152
177.154
177.19
177.231
177.094
177.194
177.224
177.326
177.107
177.15
177.188
177.217
177.255
177.122
177.192
177.207
177.272
177.12
177.175
177.214
177.226
177.159
177.108
177.163
177.159
177.198
177.207
177.181
177.156
177.207
177.219
177.186
177.159
177.199
177.27
177.206
177.164
177.175
177.169
177.166
177.131
177.17
177.119
177.153
177.15
177.184
177.021
177.083
177.093
177.051
177.201
177.123
177.101
177.112
177.049
177.09
177.118
177.137
177.117
177.09
177.107
177.103
177.132
177.201
177.176
177.124
177.115
177.148
177.119
177.114
177.198
177.181
177.099
177.194
177.071
177.132
177.151
177.166
177.134
177.163
177.155
177.123
177.13
177.134
177.097
177.08
177.089
177.141
177.187
177.134
177.065
177.103
177.056
177.062
177.112
177
177.065
176.955
177.067
177.141
177.151
177.124
177.099
177.082
177.024
177.081
177.11
177.075
177.003
177.098
177.107
177.096
177.117
177.081
177.103
177.101
177.101
177.099
177.046
177.017
177.049
177.133
177.138
177.079
177.079
177.196
177.139
177.11
177.125
177.131
177.073
177.094
177.028
177.091
177.011
177.059
177.115
177.088
177.117
177.081
177.052
177.026
177.04
177.05
177.064
177.057
177.039
177.066
177.054
177.051
177.014
177.11
177.068
177.025
177.03
177.048
177.015
176.97
177.019
177.051
177.082
177.08
177.03
177.014
177.068
177.058
177.083
177.01
177.046
177.042
177
176.977
177
177.049
177.004
177.079
177.137
177.04
176.985
176.993
177.064
176.951
177.087
177.044
176.982
176.933
176.973
176.993
177.17
177.016
177.037
176.987
176.961
177.026
177.056
177.012
177.013
176.928
177.115
177.048
177.05
177.01
177.118
176.974
177
176.961
177.058
176.997
177.03
177.023
177.005
176.959
177.008
176.993
176.942
177.026
177.068
177.016
177.035
176.992
176.936
176.974
176.978
177.043
177.002
176.967
176.966
177.068
177.027
177.111
177.018
177.008
177.008
177.025
177.014
177.037
176.956
176.98
177.014
177.036
176.993
177.005
176.987
177.008
177.032
177.035
177.109
176.97
176.972
176.864
176.981
176.963
176.925
177.079
177.062
176.981
176.908
176.963
176.944
176.96
177.097
176.999
176.971
176.961
176.895
176.989
176.925
176.982
177.029
177.081
177.02
176.947
176.994
176.976
176.934
177.02
177.001
176.913
176.942
176.936
177.003
176.985
176.977
176.943
176.978
176.96
176.988
176.953
176.993
176.998
177.005
177.043
177.005
176.982
176.892
176.89
176.951
177.003
177.001
176.912
176.905
176.893
176.998
176.94
176.934
177.015
176.959
177.021
176.934
176.97
176.903
176.975
176.943
176.992
176.95
176.987
177.001
176.881
176.908
176.915
176.915
176.983
177.008
176.939
176.946
176.965
176.968
176.904
176.874
176.927
176.919
176.889
176.883
176.929
176.863
176.95
176.958
176.944
176.974
176.936
176.862
176.947
176.869
176.868
176.856
176.914
176.928
176.893
176.986
176.979
176.925
176.916
176.864
176.914
176.845
176.953
176.967
176.958
176.875
176.945
176.916
176.894
176.904
176.909
176.951
176.912
176.883
176.86
176.808
176.857
176.878
176.855
176.913
176.925
176.905
176.878
176.951
176.919
176.926
176.973
176.91
176.934
176.878
177.008
176.88
176.796
176.868
176.887
176.821
176.871
176.88
176.889
176.922
176.899
176.916
177.055
177.034
176.871
176.901
176.906
176.912
176.811
176.925
176.933
176.965
177.009
176.972
176.924
176.93
176.92
176.949
176.928
176.896
176.943
176.941
176.89
176.929
176.813
176.901
176.966
176.945
176.929
176.914
176.893
176.968
176.926
176.89
176.895
176.959
176.979
176.995
176.954
176.939
176.898
176.899
176.849
176.92
176.949
176.899
176.908
176.917
176.957
176.905
176.913
176.945
176.879
176.921
176.928
176.95
176.982
176.901
176.893
176.895
176.921
176.913
176.912
176.945
176.918
176.88
176.91
176.895
176.939
176.901
176.914
176.835
176.803
176.852
176.914
176.892
176.877
176.927
176.945
176.95
176.884
176.892
176.863
176.893
176.94
177.015
176.96
176.881
176.881
176.862
176.803
176.848
176.899
176.901
176.914
176.906
176.832
176.866
176.886
176.866
176.841
176.799
176.825
176.849
176.889
176.882
176.9
176.898
176.942
176.876
176.928
176.916
176.84
176.845
176.915
176.907
176.916
176.871
176.911
176.856
176.896
176.907
176.86
176.902
176.987
176.89
176.945
176.947
176.877
176.914
176.923
176.827
176.878
176.829
176.858
176.867
176.899
176.938
176.894
176.876
176.857
176.918
176.852
176.939
176.897
176.896
176.835
176.829
176.794
176.913
176.838
176.89
176.893
176.847
176.892
176.905
176.899
176.918
176.875
177.017
176.891
176.884
176.948
176.951
176.925
176.911
176.836
177.449
177.202
177.008
176.915
176.936
176.976
176.901
176.945
176.897
176.899
176.9
176.849
176.901
176.889
176.865
176.917
176.913
176.783
176.861
176.9
176.908
176.968
176.954
176.862
176.848
176.888
176.877
176.934
176.862
176.875
176.88
176.915
176.858
176.916
176.832
176.904
176.876
176.896
176.946
176.867
176.885
176.915
176.86
176.867
176.883
176.869
176.898
176.969
176.918
176.898
176.862
176.907
176.882
176.987
176.889
176.907
176.906
176.877
176.893
176.914
176.921
176.911
176.866
176.915
176.912
176.926
176.924
176.918
176.836
176.833
176.887
176.869
176.918
176.947
176.905
176.858
176.867
176.778
176.865
176.868
176.865
176.95
176.932
176.913
176.892
176.909
176.913
176.885
176.902
176.967
176.9
176.887
176.799
176.899
176.881
176.915
176.895
176.941
176.938
176.928
176.889
176.837
176.903
176.885
176.923
176.878
176.879
176.887
176.891
176.95
176.928
176.867
176.922
176.918
176.864
176.745
176.808
176.873
176.908
176.878
176.829
176.803
176.814
176.819
176.921
176.889
176.931
176.952
176.854
176.859
176.811
176.882
176.864
176.851
176.848
176.872
176.887
176.835
176.801
176.815
176.76
176.823
176.778
176.81
176.791
176.848
176.852
176.846
176.912
176.905
176.894
176.857
176.936
176.883
176.875
176.877
176.868
176.841
176.889
176.862
176.964
176.933
176.898
176.959
176.91
176.904
176.846
176.967
176.941
176.852
176.854
176.808
176.839
176.87
176.937
176.844
176.931
176.937
176.944
176.913
176.947
176.898
176.871
176.886
176.838
176.916
176.891
176.936
176.953
176.979
176.827
176.838
176.875
176.796
176.884
176.869
176.862
176.836
176.855
176.886
176.897
176.878
176.823
176.81
176.845
176.871
176.792
176.748
176.774
176.88
176.904
176.92
176.86
176.901
176.848
176.862
176.897
176.895
176.889
176.802
176.875
176.891
176.908
176.862
176.866
176.849
176.886
176.867
176.884
176.801
176.829
176.89
176.87
176.849
176.877
176.878
176.901
176.886
176.752
176.813
176.825
176.806
176.836
176.88
176.926
176.895
176.856
176.901
176.952
176.855
176.872
176.885
176.891
176.851
176.822
176.82
176.769
176.833
176.853
176.909
176.891
176.88
176.849
176.897
176.861
176.876
176.861
176.887
176.843
176.815
176.815
176.814
176.875
176.825
176.859
176.899
176.948
176.787
176.808
176.842
176.86
176.861
176.788
176.852
176.829
176.865
176.853
176.871
176.836
176.83
176.826
176.878
176.821
176.858
176.763
176.833
176.891
176.809
176.875
176.948
176.86
176.827
176.906
176.855
176.817
176.867
176.867
176.84
176.822
176.804
176.839
176.815
176.845
176.853
176.803
176.822
176.771
176.896
176.843
176.838
176.783
176.876
176.838
176.815
176.802
176.868
176.856
176.827
176.926
176.834
176.819
176.803
176.817
176.795
176.816
176.713
176.771
176.843
176.817
176.853
176.968
176.859
176.836
176.817
176.857
176.824
176.797
176.864
176.818
176.849
176.806
176.839
176.862
176.843
176.805
176.877
176.817
176.79
176.779
176.727
176.87
176.85
176.88
176.881
176.884
176.814
176.793
176.842
176.84
176.829
176.818
176.778
176.823
176.849
176.766
176.786
176.842
176.821
176.888
176.848
176.865
176.884
176.868
176.791
176.795
176.826
176.841
176.843
176.868
176.844
176.878
176.822
176.858
176.848
176.859
176.83
176.844
176.861
176.785
176.812
176.82
176.853
176.789
176.87
176.832
176.783
176.81
176.873
176.891
176.851
176.834
176.83
176.775
176.815
176.838
176.822
176.86
176.859
176.835
176.8
176.797
176.738
176.838
176.86
176.843
176.787
176.773
176.776
176.816
176.834
176.814
176.84
176.834
176.86
176.853
176.842
176.875
176.803
176.77
176.895
176.928
176.856
176.774
176.778
176.806
176.812
176.789
176.781
176.83
176.798
176.788
176.823
176.876
176.838
176.857
176.848
176.822
176.816
176.771
176.76
176.842
176.809
176.827
176.844
176.817
176.791
176.84
176.861
176.871
176.744
176.805
176.819
176.859
176.795
176.805
176.767
176.79
176.826
176.842
176.815
176.833
176.835
176.83
176.842
176.844
176.845
176.835
176.797
176.877
176.875
176.798
176.872
176.861
176.85
176.918
176.786
176.776
176.813
176.774
176.728
176.795
176.773
176.74
176.782
176.775
176.839
176.813
176.825
176.855
176.852
176.794
176.85
176.81
176.816
176.758
176.783
176.863
176.837
176.813
176.817
176.785
176.821
176.829
176.873
176.871
176.831
176.769
176.828
176.797
176.787
176.777
176.784
176.791
176.789
176.799
176.784
176.784
176.791
176.76
176.775
176.789
176.841
176.774
176.834
176.835
176.828
176.891
176.78
176.832
176.822
176.863
176.774
176.762
176.832
176.79
176.811
176.809
176.725
176.765
176.835
176.747
176.821
176.819
176.762
176.655
176.709
176.758
176.804
176.869
176.775
176.805
176.816
176.81
176.745
176.829
176.867
176.808
176.816
176.824
176.78
176.843
176.775
176.797
176.868
176.796
176.756
176.8
176.791
176.882
176.806
176.787
176.762
176.822
176.783
176.764
176.766
176.777
176.832
176.802
176.81
176.775
176.803
176.774
176.742
176.813
176.827
176.812
176.769
176.841
176.799
176.804
176.826
176.773
176.801
176.79
176.805
176.819
176.753
176.765
176.777
176.801
176.796
176.856
176.777
176.812
176.85
176.766
176.806
176.84
176.732
176.777
176.782
176.736
176.777
176.828
176.798
176.784
176.787
176.791
176.773
176.761
176.884
176.792
176.753
176.745
176.832
176.788
176.794
176.777
176.842
176.832
176.814
176.752
176.813
176.823
176.798
176.788
176.795
176.867
176.827
176.752
176.789
176.744
176.831
176.808
176.759
176.75
176.793
176.802
176.821
176.793
176.849
176.827
176.715
176.758
176.798
176.772
176.805
176.798
176.778
176.8
176.833
176.798
176.721
176.707
176.745
176.74
176.802
176.795
176.82
176.829
176.794
176.809
176.771
176.735
176.783
176.728
176.784
176.804
176.739
176.758
176.79
176.813
176.837
176.752
176.87
176.892
176.754
176.745
176.78
176.74
176.802
176.85
176.817
176.766
176.748
176.799
176.672
176.764
176.808
176.774
176.777
176.763
176.731
176.752
176.806
176.775
176.821
176.8
176.744
176.734
176.718
176.733
176.751
176.75
176.733
176.745
176.806
176.829
176.831
176.825
176.733
176.732
176.85
176.848
176.822
176.794
176.77
176.817
176.721
176.748
176.77
176.776
176.758
176.825
176.857
176.809
176.777
176.77
176.811
176.772
176.794
176.763
176.773
176.819
176.784
176.805
176.814
176.744
176.794
176.787
176.758
176.745
176.801
176.742
176.772
176.774
176.785
176.761
176.77
176.733
176.761
176.814
176.824
176.815
176.812
176.774
176.773
176.819
176.804
176.82
176.768
176.793
176.743
176.801
176.769
176.787
176.763
176.756
176.761
176.775
176.832
176.811
176.783
176.822
176.765
176.803
176.75
176.777
176.841
176.742
176.769
176.786
176.794
176.768
176.792
176.822
176.755
176.743
176.735
176.787
176.753
176.762
176.824
176.764
176.685
176.776
176.756
176.793
176.793
176.795
176.733
176.844
176.742
176.755
176.805
176.895
176.798
176.741
176.728
176.674
176.784
176.803
176.749
176.791
176.762
176.843
176.812
176.818
176.75
176.736
176.788
176.779
176.817
176.789
176.739
176.773
176.799
176.823
176.823
176.813
176.797
176.79
176.756
176.739
176.767
176.798
176.812
176.803
176.727
176.774
176.724
176.733
176.793
176.693
176.785
176.82
176.761
176.766
176.796
176.791
176.787
176.828
176.807
176.716
176.745
176.803
176.746
176.823
176.864
176.737
176.743
176.806
176.762
176.859
176.788
176.825
176.772
176.79
176.721
176.696
176.774
176.815
176.78
176.714
176.759
176.787
176.87
176.843
176.752
176.746
176.77
176.788
176.837
176.782
176.764
176.793
176.774
176.808
176.737
176.736
176.742
176.775
176.773
176.728
176.791
176.746
176.768
176.764
176.785
176.776
176.757
176.838
176.735
176.773
176.781
176.799
176.858
176.823
176.772
176.727
176.725
176.683
176.776
176.794
176.801
176.771
176.789
176.802
176.776
176.806
176.8
176.762
176.734
176.739
176.778
176.727
176.655
176.718
176.788
176.726
176.73
176.798
176.784
176.768
176.783
176.823
176.816
176.744
176.792
176.853
176.777
176.769
176.801
176.794
176.753
176.724
176.798
176.754
176.744
176.796
176.753
176.805
176.799
176.765
176.767
176.797
176.731
176.759
176.779
176.793
176.804
176.777
176.824
176.838
176.868
176.78
176.841
176.77
176.808
176.85
176.673
176.702
176.776
176.823
176.782
176.775
176.764
176.773
176.809
176.728
176.773
176.827
176.786
176.835
176.781
176.784
176.888
176.814
176.845
176.843
176.774
176.784
176.783
176.779
176.73
176.742
176.794
176.785
176.748
176.765
176.767
176.747
176.764
176.775
176.756
176.792
176.78
176.774
