757.619
616.679
579.038
561.86
550.725
545.434
540.927
536.279
534.435
532.681
531.005
529.636
528.302
527.466
526.096
525.886
525.097
525.032
524.644
524.863
524.351
523.978
523.676
523.537
523.923
523.453
523.132
522.824
522.785
521.982
522.177
522.931
523.108
522.307
522.564
521.958
522.599
522.878
522.808
521.012
521.093
521.585
522.145
521.732
521.094
521.641
522.376
521.948
521.864
521.618
521.646
520.824
521.282
521.253
521.359
521.307
520.82
520.728
520.556
521.174
520.539
520.445
520.802
521.062
521.37
520.69
520.393
520.27
520.93
520.803
520.675
520.231
519.968
520.125
519.987
519.67
520.761
520.785
520.967
520.257
519.814
519.355
519.219
520.026
519.687
519.906
519.5
519.437
519.677
519.041
519.185
519.066
518.767
518.778
518.204
518.715
519.088
519.377
518.612
518.432
518.919
518.788
518.824
519.081
518.946
517.985
518.421
517.935
518.12
518.315
518.084
518.282
518.193
518.158
518.71
518.511
517.504
517.917
518.659
518.45
517.506
517.034
517.908
517.309
517.846
517.493
517.423
517.501
517.826
517.383
517.197
517.454
517.164
516.694
517.378
516.971
516.92
516.713
516.725
516.894
516.417
516.032
516.598
516.847
516.319
515.939
516.073
516.166
515.706
516.156
516.772
516.92
516.64
516.501
515.804
515.705
515.762
515.623
516.165
515.601
515.676
515.468
515.854
515.283
515.144
515.699
515.542
515.92
515.827
515.742
515.741
515.766
515.558
515.561
514.972
515.334
514.661
515.26
515.02
515.031
514.554
514.715
514.322
514.7
513.896
513.939
514.441
514.355
513.982
514.139
513.91
513.635
513.962
513.252
513.757
514.137
514.021
513.65
513.826
513.794
513.737
514.017
513.6
513.687
513.878
513.444
513.8
513.672
513.023
513.352
513.148
512.946
512.811
512.936
513.105
512.97
513.332
513.344
512.448
512.763
512.794
512.788
512.517
512.408
512.513
512.603
511.924
511.625
512.224
512.335
512.44
512.228
512.163
512.241
511.804
511.897
512.156
511.444
512.08
511.909
511.712
511.538
511.445
511.247
510.757
510.648
511.22
511.495
511.705
511.287
510.969
511.765
511.741
511.954
511.151
511.018
511.203
511.205
510.8
511.075
510.671
510.643
510.351
510.067
510.564
510.798
510.38
510.154
510.578
511.027
510.748
511.034
510.765
510.194
510.389
510.235
510.085
509.385
509.439
509.696
509.117
510.175
509.9
509.58
509.476
509.655
509.622
509.593
508.848
508.657
509.001
509.222
509.059
509.204
509.07
509.366
508.923
509.211
509.264
509.006
508.899
508.852
508.934
508.613
508.037
507.837
509.188
509.164
508.47
508.761
508.351
508.701
508.738
508.411
507.699
507.679
508.303
508.703
508.782
508.527
508.664
507.986
508.044
508.218
507.089
507.559
507.441
507.733
507.609
507.488
507.282
507.17
507.456
507.827
507.732
507.451
507.387
507.68
507.409
507.464
507.033
507.406
507.493
507.258
507.39
507.162
506.79
506.55
506.88
506.911
506.514
506.508
506.589
506.905
506.394
506.626
506.494
506.523
505.655
506.3
506.182
506.191
506.441
506.244
506.055
506.082
506.787
506.522
506.176
505.679
505.329
505.018
504.909
505.168
505.569
504.899
505.198
505.676
505.502
504.928
504.804
504.562
505.532
505.481
505.536
505.323
504.827
505.205
505.009
504.992
504.914
505.141
505.025
505.07
504.901
504.98
504.514
504.685
504.583
504.602
503.98
503.744
504.278
504.168
504.42
504.089
504.158
503.992
504.353
504.432
504.322
504.447
504.295
503.969
504.193
504.151
504.426
503.711
503.955
504.128
503.774
503.576
503.909
504.163
504.106
503.807
503.726
503.618
503.401
502.727
502.789
502.713
502.592
503.164
502.857
502.493
502.756
503.429
503.532
503.693
503.763
503.503
502.816
503.102
502.84
502.322
502.353
502.843
502.556
501.881
502.571
502.492
502.525
502.401
501.881
502.495
502.471
501.985
502.069
502.395
501.946
502.272
502.212
502.017
501.644
501.552
501.655
502.189
502.11
501.844
501.929
501.925
501.814
501.869
501.288
502.018
501.474
501.313
501.272
501.473
501.445
501.449
501.018
501.715
501.334
501.008
501.586
501.162
500.547
500.808
500.717
501.082
501.625
500.845
500.678
501.058
500.317
500.853
501.239
500.829
500.646
500.613
500.064
499.831
499.66
499.878
500.168
500.131
499.881
500.52
500.102
500.141
500.031
499.927
499.563
499.597
500.193
500.417
500.178
499.919
500.119
499.905
499.646
499.636
499.495
499.547
499.14
499.459
499.567
499.462
499.667
499.349
499.317
499.082
499.189
499.427
499.614
499.444
499.324
499.016
499.294
498.852
499.077
499.398
499.239
498.747
499.137
499.156
499.155
498.896
499.263
498.765
498.815
498.704
498.447
498.591
498.602
498.394
498.097
498.213
497.718
498.63
498.697
498.031
497.878
498.239
498.379
498.065
498.447
498.124
497.675
497.513
497.311
498.044
497.938
497.461
497.828
497.718
497.698
498.194
498.248
498.011
497.7
496.784
496.945
497.011
496.688
496.558
496.63
497.091
497.183
496.754
496.673
496.825
496.823
496.867
496.732
497.261
496.82
496.433
496.582
496.493
496.919
496.593
496.446
496.351
496.526
496.339
496.829
496.929
497.225
496.633
496.238
496.189
495.517
495.249
496.24
496.256
496.159
496.17
495.724
495.741
495.462
495.54
495.964
495.485
495.995
496.294
496.255
496.122
495.592
495.599
495.417
495.883
495.815
495.68
495.609
495.857
495.518
495.669
495.511
495.621
495.154
494.722
495.084
495.077
495.219
495.319
495.51
495.39
495.412
495.125
494.977
495.502
494.67
495.252
494.687
494.631
494.878
494.719
494.976
495.267
494.854
494.653
494.925
494.737
494.652
494.638
494.566
494.766
495.003
494.618
494.996
494.621
494.057
494.497
494.536
494.184
494.599
494.484
494.046
494.072
494.275
494.009
494.239
493.913
493.674
493.436
493.458
493.476
493.692
493.812
494.074
493.885
494.261
493.797
493.363
493.951
493.783
493.656
493.765
493.449
493.018
493.458
493.41
493.298
493.919
493.8
493.602
493.153
493.132
493.342
492.799
492.772
492.99
492.747
492.413
492.62
492.573
492.521
492.113
492.978
493.028
492.472
492.664
492.696
492.518
492.514
492.33
492.073
492.492
492.855
492.612
492.929
492.644
492.619
492.017
491.917
492.243
492.237
492.678
492.581
491.734
491.646
491.687
491.927
491.809
492.153
492.179
491.849
491.57
491.698
491.798
491.524
491.33
491.592
491.229
491.557
491.174
491.241
491.242
491.215
491.137
491.114
491.151
491.591
491.297
491.608
491.656
491.492
491.442
491.515
491.354
491.432
491.311
491.112
491.331
491.3
491.485
491.112
491.124
490.799
490.924
490.825
490.737
490.771
490.759
490.803
491.274
491.338
490.789
490.843
490.25
490.654
490.893
490.732
490.66
490.512
489.947
490.046
490.606
490.256
489.902
490.351
490.069
489.984
489.873
490.088
489.969
489.558
489.971
490.227
490.241
490.093
490.242
490.123
490.051
490.037
489.726
489.814
489.444
489.189
489.313
489.94
489.851
489.719
489.571
489.679
489.709
489.557
489.305
489.26
488.583
488.652
488.972
488.992
489.228
489.345
489.224
489.339
489.315
489.525
489.192
488.895
489.281
489.514
488.937
489.408
489.029
488.923
488.974
488.896
489.179
489.381
489.294
489.084
489.1
489.414
488.78
489.178
488.911
488.125
488.72
489.22
489.032
488.81
488.44
488.442
488.306
488.149
488.51
488.273
488.187
488.161
488.335
487.892
488.138
488.118
488.616
488.142
488.234
487.909
487.827
488.168
488.015
487.826
488.169
487.971
487.459
487.313
487.643
487.684
487.346
487.402
487.652
487.628
487.522
487.559
487.499
487.465
487.586
487.526
487.299
487.385
487.129
487.386
487.859
487.94
487.781
487.493
487.995
487.519
486.875
486.752
487.232
486.709
486.901
486.741
487.286
487.417
487.105
487.123
486.883
486.894
486.89
487.069
487.032
486.681
486.839
486.827
486.966
486.843
486.524
486.144
486.653
486.724
486.209
486.672
486.717
486.482
486.305
486.696
486.578
486.294
486.519
486.491
486.567
486.356
486.214
486.704
486.339
486.204
486.13
485.827
485.916
485.717
486.1
486.466
486.332
486.244
486.087
485.691
485.634
485.37
485.997
485.349
485.097
485.05
485.548
485.731
485.624
485.798
485.888
485.878
485.896
485.619
485.574
485.569
485.341
485.168
484.818
485.29
485.466
485.584
485.352
485.575
485.318
484.842
484.984
484.989
485.132
485.248
485.626
485.577
485.286
485.265
485.078
485.143
485.071
484.878
484.788
484.773
484.535
484.747
484.533
485.041
484.923
484.8
484.64
484.66
484.446
485.016
484.709
484.848
484.705
484.875
484.598
484.529
484.165
484.276
484.373
484.175
483.791
484.002
484.223
484.373
484.199
484.483
484.391
484.462
484.323
483.765
483.743
484.075
484.133
484.011
483.885
483.916
484.38
484.036
483.788
483.526
483.586
483.77
484.116
484.059
484.076
483.776
483.459
483.554
483.723
483.575
483.815
483.808
483.806
483.646
483.376
483.239
483.539
483.815
483.927
483.709
483.698
483.431
483.52
483.195
483.255
483.458
483.452
483.271
482.882
482.893
482.766
482.964
483.122
483.235
482.99
482.887
482.815
482.528
482.683
482.785
482.493
482.942
482.808
482.702
482.786
482.92
482.651
483.016
482.804
482.421
482.421
482.546
482.528
482.593
482.569
482.349
482.13
482.568
482.575
482.099
482.191
482.259
482.305
482.403
482.254
482.585
482.298
481.961
481.632
481.724
481.735
481.974
482.03
482.223
482.291
482.221
482.142
481.97
481.971
482.305
482.274
482.149
481.957
482.034
481.65
481.567
481.925
482.105
482.054
481.842
482.32
481.671
481.578
481.323
481.664
481.673
481.481
481.46
481.659
481.481
481.553
481.439
481.581
481.577
481.611
481.03
481.342
481.282
481.389
481.516
481.46
481.678
480.882
481.365
481.471
481.078
481.764
481.578
481.042
480.794
481.088
481.317
481.108
481.026
481.274
481.668
481.244
481.136
481.149
481.076
481.21
481.129
481.039
480.962
480.858
480.958
480.6
480.548
480.704
480.814
480.874
481.093
480.73
480.782
480.869
480.594
480.783
480.806
481
480.61
480.681
480.671
480.52
480.121
479.956
480.405
480.071
480.309
480.496
480.29
480.25
480.159
480.234
480.392
480.256
480.43
480.176
480.303
480.283
480.125
480.176
479.905
479.902
480.056
480.205
480.32
480.084
479.9
480.167
480.055
479.832
479.814
479.922
479.724
479.92
480.095
479.825
479.421
479.665
480.073
480.184
480.267
480.11
480.042
479.578
479.627
479.649
479.916
480.042
479.75
479.839
479.518
479.759
479.431
479.582
479.824
479.784
479.752
479.731
479.736
479.681
479.337
479.434
479.296
479.494
479.532
479.329
479.396
479.435
479.349
479.208
479.064
479.134
479.076
479.04
478.842
479.427
479.253
479.264
479.173
479.068
479.251
479.139
479.302
478.945
479.123
479.262
479.326
479.126
479.122
479.098
479.085
478.804
478.646
479.132
478.978
479.254
479.132
478.701
478.745
478.456
478.543
478.646
478.509
478.642
478.617
478.723
478.467
478.712
478.92
479.045
478.844
478.526
478.624
478.715
478.408
478.4
478.461
478.414
478.502
478.478
478.442
478.809
478.439
478.587
478.48
478.643
478.651
478.477
477.851
477.585
477.914
478.07
477.972
478.222
478.043
478.016
478.281
478.049
477.884
478.037
478.14
477.896
477.955
478.267
478.127
477.987
478.179
478.176
477.921
478.163
477.994
478.097
478.308
477.955
477.955
477.557
477.805
477.825
477.978
477.816
477.823
477.784
477.752
477.646
477.344
477.766
477.817
477.712
477.506
477.768
477.699
477.488
477.625
477.534
477.567
477.298
477.356
477.385
477.181
477.365
477.088
477.095
477.039
477.084
477.226
476.957
476.96
477.306
477.302
477.095
477.114
476.883
477.018
477.065
477.064
476.75
476.566
477.031
477.252
476.935
476.997
477.162
477.223
477.233
476.928
476.851
476.847
476.936
476.729
476.978
476.723
477.054
477.04
477.299
477.318
477.03
476.94
477.099
477.076
476.913
476.512
476.384
476.576
476.745
476.895
476.581
476.789
476.851
476.602
476.277
476.72
476.804
476.717
476.653
476.392
476.654
476.378
476.563
476.503
476.385
476.32
476.365
476.41
476.537
476.35
476.341
476.121
476.043
476.203
476.334
476.136
476.338
476.277
476.278
476.44
476.44
476.105
476.329
476.258
476.518
475.996
476.361
476.268
476.132
476.183
476.098
475.928
476.003
475.885
475.878
476.324
476.093
476.078
475.887
476.338
476.076
476.038
475.773
475.738
475.964
476.088
476.101
476.174
475.869
475.815
475.657
475.509
475.796
475.592
475.793
475.746
476.089
475.985
475.868
476.084
475.842
475.826
475.682
475.765
475.872
475.676
475.931
475.69
475.744
475.389
475.667
475.783
475.598
475.563
475.564
475.36
475.51
475.541
475.588
475.68
475.38
475.389
475.392
475.369
475.299
475.534
475.468
475.703
475.088
474.939
475.156
475.049
475.185
475.344
475.458
475.545
475.463
475.236
475.317
475.551
475.308
474.855
475.117
475.206
475.201
475.282
475.137
475.226
475.193
475.025
474.872
474.82
474.943
475.063
475.001
475.153
475.047
475.236
475.262
475.274
475.017
474.896
474.773
474.997
474.722
474.822
474.769
474.87
474.781
474.589
474.489
474.897
475.032
474.903
474.882
474.87
474.685
474.673
474.578
474.486
474.448
474.504
474.473
474.254
474.488
474.349
474.549
474.618
474.506
474.647
474.396
474.402
474.514
474.115
474.324
474.417
474.284
474.405
474.166
474.24
474.261
474.413
474.161
474.18
474.11
474.076
474.157
474.281
474.13
474.132
474.146
473.841
473.913
474.005
473.874
474.001
473.874
474.25
473.969
473.947
474.255
473.944
474.061
473.82
473.845
473.872
473.751
473.934
473.736
473.784
473.897
473.812
473.85
474.107
473.662
473.935
473.9
473.931
473.6
473.585
473.651
473.764
473.595
473.56
473.766
473.673
473.667
473.775
473.868
473.666
473.862
473.73
473.782
473.275
473.229
473.62
473.466
473.487
473.398
473.475
473.84
473.647
473.583
473.457
473.543
473.554
473.415
473.714
473.537
473.55
473.943
473.648
473.403
473.595
473.641
473.649
473.409
473.313
473.395
473.119
473.269
473.418
473.229
473.154
473.318
473.374
473.419
473.386
473.13
473.072
473.029
473.288
473.31
472.998
473.282
473.155
473.129
472.962
472.972
473.079
473.002
473.166
473.167
473.264
473
472.923
472.936
472.718
472.889
472.679
472.573
472.673
472.876
472.758
472.687
473.172
473.358
473.467
473.277
473.046
473.111
472.984
472.705
473.014
472.948
472.885
472.725
472.889
473.027
472.929
472.84
472.944
473.02
472.921
472.751
472.961
472.782
472.925
472.551
472.743
473.066
472.772
472.762
472.716
472.654
472.747
472.985
472.705
472.388
472.553
472.413
472.664
472.797
472.808
472.471
472.474
472.783
472.744
472.783
472.674
472.626
472.65
472.542
472.542
472.445
472.459
472.448
472.55
472.452
472.591
472.437
472.538
472.567
472.328
472.489
472.495
472.355
472.571
472.317
472.189
472.53
472.496
472.422
472.334
472.195
472.317
472.571
472.445
472.216
472.17
472.34
472.174
472.224
472.183
472.385
472.242
472.17
472.301
472.318
472.26
472.347
472.139
471.899
471.938
472.065
472.126
472.32
472.172
472.318
472.419
472.12
472.016
471.918
471.988
471.819
471.784
472.132
472.194
471.973
471.961
471.855
471.738
472.006
472.159
472.029
472.002
471.927
471.976
472.078
472.178
472.004
471.901
472.043
472.021
471.971
471.86
471.84
471.942
471.682
471.722
471.736
471.597
471.917
471.893
471.976
471.702
471.863
471.986
472.225
472.037
471.837
471.931
471.687
471.595
471.815
471.751
471.657
471.79
471.694
471.372
471.594
471.531
471.591
471.459
471.396
471.559
471.741
471.587
471.59
471.596
471.417
471.646
471.633
471.565
471.609
471.543
471.72
471.484
471.491
471.358
471.654
471.404
471.355
471.409
471.545
471.347
471.365
471.486
471.502
471.316
471.188
471.24
471.311
471.126
471.34
471.265
471.18
471.348
471.264
471.326
471.194
471.251
471.267
471.303
471.273
471.129
471.219
471.012
471.245
471.273
471.35
471.174
471.377
471.363
471.607
471.292
471.135
471.15
471.057
471.043
471.196
471.23
471.183
471.15
471.192
471.095
471.085
471.157
471.112
471.084
471.073
470.95
470.713
471.094
470.889
470.823
470.908
471.125
471.102
471.114
471.088
471.019
471.083
471.02
471.373
470.808
470.644
470.691
470.992
470.968
470.836
470.851
470.914
470.885
470.769
470.78
470.867
471.083
470.9
471.064
471.127
470.885
470.91
470.688
470.733
470.957
470.724
470.83
470.968
470.93
470.812
470.81
470.607
470.69
470.469
470.78
470.849
470.677
470.868
470.748
470.883
470.976
470.714
470.809
470.909
470.979
470.792
470.635
470.457
470.847
470.734
470.557
470.61
470.683
470.757
470.82
470.595
470.682
470.568
470.516
470.552
470.45
470.423
470.494
470.564
470.431
470.379
470.433
470.318
470.685
470.407
470.279
470.386
470.524
470.699
470.459
470.586
470.539
470.569
470.338
470.4
470.334
470.427
470.397
470.483
470.368
470.432
470.611
470.509
470.56
470.218
470.437
470.417
470.423
470.441
470.53
470.442
470.301
470.38
470.551
470.294
470.117
470.172
470.416
470.269
470.172
470.248
470.203
470.105
470.212
470.302
470.349
470.307
470.274
470.208
470.276
470.015
469.885
470.235
470.204
470.257
470.067
470.032
470.05
470.133
470.1
470.129
469.836
469.925
470.052
469.917
470.048
469.925
469.948
469.77
469.968
469.936
469.909
469.971
469.808
470.145
470.2
469.933
470.005
470.053
470.11
470.026
469.952
469.945
469.946
469.923
469.776
469.91
469.858
469.823
469.884
469.828
469.663
469.801
469.971
469.999
469.72
469.895
469.986
469.86
469.901
470.13
470.068
469.982
469.744
469.909
469.761
469.858
469.806
469.873
469.772
469.76
469.808
469.668
469.738
469.913
469.554
469.778
469.991
469.87
469.522
469.839
469.695
469.581
469.611
469.858
469.708
469.852
469.86
469.735
469.701
469.612
469.699
469.676
469.667
469.566
469.463
469.703
469.78
469.727
469.638
469.459
469.562
469.407
469.401
469.533
469.602
469.418
469.415
469.565
469.674
469.34
469.385
469.234
469.361
469.374
469.21
469.355
469.361
469.379
469.433
469.321
469.458
469.456
469.438
469.441
469.311
469.338
469.437
469.191
469.177
469.401
469.355
469.495
469.208
469.225
469.244
469.318
469.218
469.216
469.489
469.453
469.263
469.314
469.063
469.141
469.247
469.365
469.299
469.04
469.006
469.171
469.362
469.373
469.307
469.365
469.394
469.365
469.177
469.182
469.06
469.137
469.016
469.27
469.209
469.133
469.188
469.223
468.958
469.079
469.173
469.084
469.074
469.08
468.819
469.323
469.18
469.243
469.09
469.031
469.065
469.108
469.182
469.106
469.192
469.05
469.092
468.974
469.039
469.023
468.912
468.782
468.724
468.938
468.929
469.105
469.033
469.179
469.248
469.075
468.994
469.013
468.989
469.043
468.899
468.981
468.915
469.137
469.106
469.071
469.191
469.083
469.052
468.929
469.061
468.965
469.148
468.828
468.838
468.981
469.154
468.974
468.795
468.942
468.852
468.79
468.804
468.637
468.774
468.606
468.713
468.799
468.979
468.965
468.827
468.778
468.865
468.889
468.717
468.588
468.672
468.632
468.745
468.659
468.805
468.923
468.603
468.648
468.732
468.906
468.641
468.859
468.634
468.732
468.874
468.854
468.811
468.758
468.641
468.713
468.61
468.748
468.554
468.772
468.733
468.961
468.678
468.715
468.724
468.698
468.701
468.542
468.625
468.596
468.587
468.347
468.444
468.589
468.614
468.685
468.553
468.611
468.646
468.511
468.727
468.556
468.515
468.402
468.438
468.459
468.422
468.452
468.419
468.374
468.471
468.615
468.677
468.579
468.465
468.496
468.354
468.525
468.349
468.385
468.576
468.526
468.597
468.608
468.308
468.454
468.357
468.385
468.613
468.325
468.25
468.374
468.269
468.25
468.386
468.395
468.235
468.285
468.492
468.317
468.172
468.276
468.409
468.287
468.31
468.555
468.431
468.278
468.533
468.586
468.549
468.468
468.553
468.226
468.271
468.324
468.347
468.469
468.276
468.382
468.199
468.402
468.492
468.165
468.179
468.243
468.146
468.1
468.276
468.395
468.43
468.269
468.269
468.125
468.368
468.148
468.042
468.188
468.236
468.212
468.029
468.157
468.277
468.316
468.05
468.043
467.957
468.035
468.019
468.297
468.299
468.244
468.241
468.119
468.259
468.203
468.387
468.205
468.086
468.108
468.334
468.086
468.028
468.13
468.112
468.223
468.091
467.988
468.066
467.974
468.057
468.031
467.91
468.071
467.875
467.979
468.006
467.945
467.989
467.872
467.985
467.86
467.933
467.828
467.915
467.902
467.847
467.985
467.923
467.815
467.847
467.865
467.693
467.539
467.752
467.796
467.747
467.81
467.856
467.754
467.889
467.888
467.83
467.788
467.801
467.616
467.74
467.753
468.008
467.744
467.729
467.686
467.761
467.814
467.869
467.672
467.676
467.747
467.857
467.839
467.807
467.69
467.609
467.613
467.807
467.68
467.773
467.798
467.66
467.84
467.741
467.636
467.611
467.663
467.543
467.658
467.681
467.592
467.675
467.86
467.777
467.467
467.649
467.557
467.478
467.565
467.624
467.535
467.439
467.589
467.426
467.47
467.444
467.475
467.589
467.431
467.555
467.423
467.414
467.455
467.603
467.355
467.405
467.434
467.413
467.378
467.34
467.575
467.442
467.552
467.503
467.428
467.45
467.377
467.174
467.237
467.301
467.265
467.477
467.32
467.331
467.326
467.206
466.887
467.057
467.109
467.12
467.313
467.419
467.111
467.173
467.229
467.227
468.276
467.542
467.596
467.324
467.324
467.115
466.856
466.861
466.895
466.937
466.805
466.84
466.823
466.876
466.878
466.809
466.678
466.422
466.591
466.613
466.606
466.6
466.412
466.557
466.705
466.543
466.411
466.623
466.469
466.372
466.369
466.486
466.268
466.37
467.069
467.35
466.93
466.449
466.42
466.335
466.463
466.38
466.319
466.307
466.437
466.162
466.224
466.505
466.446
466.15
466.074
466.147
466.236
466.022
466.351
466.162
465.956
465.926
466.027
466.043
465.973
466.151
465.919
466.256
466.543
466.273
466.282
466.173
466.203
466.129
466.169
466.137
467.439
467.651
467.085
467.173
469.13
468.042
467.456
467.128
466.639
466.501
466.369
466.516
466.661
466.59
466.616
466.523
466.517
466.5
466.572
466.872
466.783
467.058
467.449
467.277
467.072
466.891
466.822
466.654
466.677
466.513
466.67
466.932
466.826
466.589
466.713
466.752
466.769
467.377
470.244
468.451
467.729
467.337
466.987
467.106
466.916
468.125
468.308
467.461
467.124
467.034
466.753
466.83
467.081
468.668
467.779
467.242
466.991
466.709
466.594
466.576
466.526
466.697
466.787
466.633
466.395
466.202
466.287
466.51
466.613
466.518
466.415
466.418
466.397
466.643
466.618
466.439
466.314
466.602
467.955
467.621
467.426
467.125
466.971
467.295
467.051
466.918
466.807
466.946
467.032
466.85
467.095
466.992
466.812
466.854
466.713
467.928
467.84
467.397
467.201
466.86
466.773
466.66
467.02
466.917
466.892
466.894
466.678
466.749
466.793
466.734
466.576
466.714
467.614
467.562
467.354
467.727
467.175
467.119
467.246
466.967
466.974
466.766
466.979
467.917
468.241
467.857
467.277
467.174
467.227
466.927
467.14
466.971
466.9
466.951
467.107
467.03
466.926
467.879
467.466
467.018
466.895
467.859
468.555
468.015
467.471
467.205
466.999
467.106
467.168
467.18
467.328
467.413
467.538
467.475
467.303
467.223
467.336
467.382
467.288
467.444
467.462
467.278
467.247
467.564
467.312
467.384
467.402
467.267
467.288
467.76
467.832
467.463
467.567
467.828
467.439
467.54
467.481
468.015
467.977
467.715
467.686
467.73
467.532
467.349
467.862
467.462
467.465
467.586
467.495
467.768
467.785
467.738
467.74
467.803
467.928
467.678
467.508
467.931
467.981
467.851
467.749
467.624
467.776
467.885
467.73
467.86
467.865
467.763
467.863
467.861
467.8
467.859
467.715
467.667
467.636
467.752
467.39
467.484
467.702
467.858
467.807
467.881
467.938
468.084
467.869
467.846
467.878
467.442
467.387
468.576
468.944
468.435
468.093
