   -0.928179
-4.40853e-15
-3.76941e-15
   -0.248366
-1.60935e-16
   -0.248366
-1.52208e-15
-4.68483e-16
 -9.2163e-16
-1.06681e-15
  -0.0736648
-2.21034e-17
  -0.0601471
-4.47944e-17
  -0.0736648
-4.00457e-16
-1.08586e-16
-2.52265e-16
 -2.0379e-16
 -1.6475e-16
 -2.7452e-16
  -0.0141463
-1.33749e-13
  -0.0109577
 2.44302e-13
  -0.0109577
 -1.3378e-13
  -0.0141463
-3.23005e-17
-2.31411e-17
-2.18658e-17
-3.81595e-17
-5.90131e-18
-5.42813e-17
 8.34908e-20
 -3.2697e-17
 0.000551368
-1.16401e-13
 0.000416795
 1.02664e-13
 0.000395406
 1.02667e-13
 0.000416795
-1.16406e-13
 0.000551368
 8.01577e-18
 1.01577e-17
 1.52709e-17
 1.37514e-17
  1.2082e-17
 4.49341e-18
 4.09901e-18
 8.93832e-18
 8.02064e-18
 2.81062e-18
 0.000107932
 2.58643e-14
  8.0448e-05
-9.95438e-15
 7.44803e-05
-2.40435e-14
 7.44803e-05
-9.95674e-15
  8.0448e-05
 2.58619e-14
 0.000107932
-4.11553e-18
-1.66263e-18
-3.68651e-19
-2.94504e-18
-2.86931e-18
-5.55861e-19
-9.63021e-19
-5.22584e-19
-3.35936e-18
 2.04654e-18
-2.68024e-18
-5.82572e-18
 -5.9462e-05
-2.26833e-15
-4.39156e-05
 1.83934e-16
-4.00893e-05
 1.65838e-15
-3.91231e-05
 1.68791e-15
-4.00893e-05
 1.69104e-16
-4.39156e-05
-2.26371e-15
 -5.9462e-05
 1.72929e-18
 5.88486e-20
 1.70637e-18
 1.99578e-18
-5.04429e-19
-1.03408e-18
-8.22731e-20
-3.08249e-19
-2.07812e-18
 5.97555e-20
  4.0784e-19
-1.28682e-19
 3.55169e-19
 2.12698e-18
 -3.8851e-06
 1.29312e-17
-2.85089e-06
-1.93941e-18
-2.57872e-06
-1.02544e-18
-2.48138e-06
 -8.8374e-18
-2.48138e-06
-1.04543e-17
-2.57872e-06
 5.29613e-18
-2.85089e-06
 1.05583e-17
 -3.8851e-06
-1.20947e-17
   -0.633807
    0.616376
-3.14655e-15
 3.08956e-15
 5.10636e-15
   -0.275531
    0.154703
   -0.159078
    0.267953
-1.56547e-16
 1.38827e-15
 8.85613e-16
 7.70415e-16
 2.90325e-15
  -0.0817313
   0.0355461
  -0.0516914
   0.0502698
  -0.0365513
   0.0794835
 4.51109e-16
-1.92493e-17
-5.44935e-17
  1.9867e-16
 3.85987e-16
-2.00361e-16
 6.51618e-16
  -0.0130858
  0.00480993
 -0.00856665
   0.0064532
  -0.0066357
  0.00833105
 -0.00494596
   0.0127259
 1.96478e-16
 7.09081e-18
  7.2798e-18
 5.15304e-17
 4.13305e-16
-1.16934e-17
-3.37022e-16
 -3.4133e-17
  1.4973e-16
  0.00147442
-0.000477956
 0.000982944
-0.000625791
 0.000788109
-0.000766434
 0.000643488
-0.000955911
 0.000491472
 -0.00143387
-1.66108e-17
 3.56699e-17
-2.99477e-16
 1.18871e-17
-2.90336e-16
-1.84915e-18
-3.45912e-16
-1.99538e-17
-3.26568e-17
-2.57564e-18
 3.81889e-16
-8.13622e-05
 2.38569e-05
-5.48544e-05
 3.07992e-05
-4.47884e-05
 3.68121e-05
-3.78531e-05
 4.35566e-05
-3.16702e-05
 5.33458e-05
-2.45316e-05
 7.91245e-05
-2.06249e-16
-5.48288e-17
 4.15574e-16
 7.47661e-18
 2.67709e-16
 1.44744e-17
-2.17048e-16
 3.84026e-17
 2.87286e-16
 5.44454e-18
-1.82734e-16
-2.69933e-17
-1.77149e-16
-9.50358e-05
 2.56333e-05
-6.45641e-05
 3.27902e-05
 -5.3312e-05
 3.86436e-05
-4.58837e-05
 4.46218e-05
-3.97365e-05
 5.18459e-05
-3.37175e-05
 6.27885e-05
-2.63582e-05
 9.24221e-05
  2.0245e-16
 8.39197e-17
 4.26599e-17
-1.34757e-19
-1.26054e-16
-1.18175e-17
  1.2225e-16
 7.63683e-18
-3.37647e-16
 -3.2414e-17
 5.72003e-18
 5.63253e-18
 5.48963e-17
  5.9147e-17
 2.77463e-16
 -6.6596e-15
    0.616376
    0.633807
 1.61329e-15
 1.44772e-15
 -2.1233e-15
    0.267953
    0.159078
    0.154703
    0.275531
 1.69439e-15
-3.40057e-16
 1.71824e-15
 -3.2556e-16
 5.10009e-16
   0.0794835
   0.0365513
   0.0502698
   0.0516914
   0.0355461
   0.0817313
  4.3444e-16
-2.05872e-17
-1.64365e-16
-1.80481e-16
 7.16983e-16
-2.12916e-17
-4.77049e-18
   0.0127259
  0.00494596
  0.00833105
   0.0066357
   0.0064532
  0.00856665
  0.00480993
   0.0130858
 2.00781e-16
 5.04981e-17
-1.85006e-16
 -9.1193e-17
 2.37793e-16
-7.99781e-17
 5.63392e-16
  2.0324e-17
-4.77998e-17
 -0.00143387
-0.000491472
-0.000955911
-0.000643488
-0.000766434
-0.000788109
-0.000625791
-0.000982944
-0.000477956
 -0.00147442
 1.90799e-16
 1.70732e-17
-3.48923e-16
-1.65472e-17
-3.80419e-17
-2.84442e-17
 4.50283e-18
-1.04629e-17
-7.77983e-17
 2.39363e-17
 1.02982e-16
 7.91245e-05
 2.45316e-05
 5.33458e-05
 3.16702e-05
 4.35566e-05
 3.78531e-05
 3.68121e-05
 4.47884e-05
 3.07992e-05
 5.48544e-05
 2.38569e-05
 8.13622e-05
-1.05154e-16
 4.36163e-18
  3.8345e-16
 7.36106e-19
 2.91503e-16
 5.13004e-19
 1.60118e-16
  8.2585e-19
 3.44961e-16
 1.28381e-18
   3.327e-16
 6.98514e-18
-3.14805e-16
 9.24221e-05
 2.63582e-05
 6.27885e-05
 3.37175e-05
 5.18459e-05
 3.97365e-05
 4.46218e-05
 4.58837e-05
 3.86436e-05
  5.3312e-05
 3.27902e-05
 6.45641e-05
 2.56333e-05
 9.50358e-05
   -3.83e-17
 -2.3821e-18
-1.55453e-16
 6.97115e-19
 2.99647e-17
 1.45584e-19
 5.84481e-17
-2.24492e-18
 1.27197e-16
-1.91012e-18
 -9.5328e-17
 1.29138e-19
  -2.313e-16
-1.36511e-18
 2.25194e-16
-2.25725e-16
 -3.1285e-16
 2.29756e-15
   -0.101813
    -0.87518
    0.101813
-1.21056e-15
-9.51955e-16
 4.50015e-16
 1.82607e-15
  -0.0506512
    -0.30787
 1.13019e-11
    -0.30787
   0.0506512
 1.59361e-16
 2.80111e-16
-1.10221e-16
-3.27894e-16
 9.28932e-16
  7.1693e-16
  -0.0150495
  -0.0746886
 -0.00388577
  -0.0818173
  0.00388577
  -0.0746886
   0.0150495
 5.07744e-16
 5.52329e-16
-7.12537e-17
-4.47102e-16
-5.25308e-16
-4.66515e-17
 6.08956e-16
 2.13329e-16
 -0.00180491
 -0.00775744
-0.000682193
 -0.00879611
 5.76468e-13
 -0.00879611
 0.000682193
 -0.00775744
  0.00180491
 5.91345e-16
 2.53945e-16
-2.51281e-16
-1.69251e-17
-3.40929e-18
 4.05831e-17
-1.66585e-16
-4.96415e-16
  6.2567e-16
 3.13417e-16
 0.000374155
  0.00143833
 0.000167327
  0.00166084
 5.16383e-05
  0.00171914
-5.16383e-05
  0.00166084
-0.000167327
  0.00143833
-0.000374155
 3.59112e-16
 -2.4172e-16
-1.24696e-16
 8.80296e-17
 1.05193e-16
-1.24838e-16
  5.9661e-17
-2.61269e-16
 1.09236e-16
-1.34642e-16
 1.65062e-16
 2.09831e-16
-7.94477e-05
-0.000278803
-3.91173e-05
-0.000325572
-1.78545e-05
-0.000343183
-3.15809e-14
-0.000343183
 1.78545e-05
-0.000325572
 3.91173e-05
-0.000278803
 7.94477e-05
-2.82773e-17
 3.22563e-16
-9.96742e-17
-4.01731e-16
-3.17549e-16
 2.13984e-16
-1.13611e-16
 4.61234e-16
  2.3835e-16
  1.2139e-16
  -5.187e-17
-1.34512e-17
-1.43835e-16
-2.25196e-17
 8.08337e-07
 2.62625e-06
 4.23684e-07
  3.0903e-06
 2.29942e-07
 3.29427e-06
 7.37539e-08
 3.35472e-06
-7.37539e-08
 3.29427e-06
-2.29942e-07
  3.0903e-06
-4.23684e-07
 2.62625e-06
-8.08337e-07
-1.44084e-14
 5.14541e-15
-3.20227e-15
   -0.618845
    0.143986
    0.618845
 3.69153e-15
-8.27049e-16
  2.7283e-15
 1.36892e-16
    -0.30787
   0.0506512
 2.93196e-11
   0.0506512
     0.30787
 1.72864e-15
  5.5596e-16
 1.03301e-15
  2.3457e-16
-9.61208e-16
 7.43332e-16
  -0.0914745
   0.0122879
  -0.0236186
   0.0134607
   0.0236186
   0.0122879
   0.0914745
 3.93724e-16
 1.14586e-16
 2.74833e-16
 9.56801e-17
 4.13484e-17
 6.86801e-17
-2.14382e-16
 2.77756e-16
  -0.0109707
  0.00127627
 -0.00414652
  0.00144715
 4.30224e-12
  0.00144715
  0.00414652
  0.00127627
   0.0109707
  7.3136e-18
-1.23443e-17
    2.77e-17
 8.49911e-18
-1.61962e-18
 2.22006e-17
-1.09329e-17
 2.63841e-17
-4.26637e-17
 4.51964e-17
   0.0022742
-0.000236637
  0.00101705
-0.000273244
  0.00031387
-0.000282835
 -0.00031387
-0.000273244
 -0.00101705
-0.000236637
  -0.0022742
-1.97692e-17
 9.67281e-18
-7.72745e-18
 1.28007e-18
-4.61052e-18
-8.41011e-18
 2.85923e-19
-7.11073e-18
 6.28995e-19
-8.59411e-18
 7.59958e-18
-9.03317e-18
-0.000482901
 4.58691e-05
-0.000237764
 5.35636e-05
-0.000108524
  5.6461e-05
 2.78718e-13
  5.6461e-05
 0.000108524
 5.35636e-05
 0.000237764
 4.58691e-05
 0.000482901
 5.69493e-18
-9.51408e-18
 1.03639e-17
  2.7249e-18
 5.66885e-18
-1.73202e-18
 2.80166e-18
-3.67986e-18
-3.94653e-18
 1.92455e-18
 2.57992e-18
-1.49279e-19
 2.09562e-18
 1.60921e-18
 4.91326e-06
-4.32074e-07
 2.57525e-06
-5.08421e-07
 1.39764e-06
-5.41978e-07
 4.48293e-07
-5.51923e-07
-4.48293e-07
-5.41978e-07
-1.39764e-06
 -5.0842e-07
-2.57525e-06
-4.32074e-07
-4.91326e-06
     -0.3642
-1.33227e-15
-3.17541e-15
    0.560217
-4.82793e-15
    0.560217
 8.30065e-16
-9.76432e-16
  7.4398e-16
-1.36523e-15
    0.284977
-1.43559e-15
    0.232683
-1.45773e-15
    0.284977
 2.21936e-16
-4.62846e-16
 1.84748e-16
-5.24212e-16
 1.87296e-16
-6.69495e-16
   0.0840696
-1.46287e-13
     0.06512
 2.66128e-13
     0.06512
-1.46292e-13
   0.0840696
 4.59973e-17
-8.95687e-17
 2.90973e-17
-8.76171e-17
 3.22686e-17
 -9.2618e-17
 2.54991e-17
-1.38778e-16
   0.0112927
 6.52489e-14
  0.00853646
-5.76766e-14
   0.0080984
  -5.767e-14
  0.00853646
 6.52714e-14
   0.0112927
-6.73391e-18
 1.64629e-17
-1.26716e-17
 1.55414e-17
-1.48265e-17
 2.29766e-17
-1.06836e-17
 1.44436e-17
-1.28427e-17
 9.77984e-18
 -0.00233857
 8.36372e-14
 -0.00174307
-3.21746e-14
 -0.00161377
-7.77284e-14
 -0.00161377
-3.21768e-14
 -0.00174307
  8.3634e-14
 -0.00233857
 9.39995e-19
-1.13277e-17
-2.04548e-18
-1.16101e-17
 9.91134e-19
-9.11402e-18
-9.01561e-20
 -6.3771e-18
 4.29345e-18
-6.61586e-18
 3.86528e-18
 2.46667e-18
  0.00052505
-5.79936e-14
 0.000387775
 4.50077e-15
 0.000353988
 4.28476e-14
 0.000345457
 4.28095e-14
 0.000353988
 4.52394e-15
 0.000387775
-5.79953e-14
  0.00052505
 1.80026e-18
 5.86073e-18
 -6.4618e-19
  4.2701e-18
 1.55896e-18
 5.25838e-18
 6.73603e-19
 2.68864e-18
 2.38842e-18
 1.07372e-18
-1.84547e-19
 2.36322e-19
-9.23689e-19
 7.73129e-19
-3.92326e-05
 2.66646e-14
-2.87889e-05
 3.49008e-15
-2.60405e-05
-1.41258e-14
-2.50575e-05
-2.04355e-14
-2.50575e-05
-1.41182e-14
-2.60405e-05
 3.48262e-15
-2.87889e-05
 2.66641e-14
-3.92326e-05
