1370.96
1369.74
1369.41
1370.44
1370.05
1370.52
1369.53
1369.53
1370.31
1370.53
1369.26
1370.29
1370.75
1369.56
1369.93
1369.51
1369.71
1369.28
1369.64
1370.31
1370.02
1370.19
1370.34
1370.08
1370.55
1369.41
1369.48
1370.29
1370.28
1370.31
1369.38
1369.42
1369.86
1369.84
1370.2
1369.92
1369.31
1369.38
1370.16
1369.51
1369.53
1370.76
1369.94
1369.28
1369.51
1370.04
1369.39
1369.84
1369.95
1369.98
1369.83
1370.22
1369.9
1369.33
1369.02
1369.38
1370.25
1369.73
1369.73
1369.45
1370.01
1369.5
1369.48
1369.51
1370.28
1369.4
1369.49
1369.82
1369.34
1369.54
1369.54
1369.61
1369.57
1369.81
1369.81
1370.57
1369.72
1369.24
1369.29
1369.58
1368.94
1369.35
1369.68
1369.8
1369.66
1369.81
1370.01
1369.71
1369.66
1369.36
1369.45
1369.52
1369.49
1369.21
1369.28
1369.92
1369.21
1369.69
1369.45
1369.12
1369.19
1369.36
1369.02
1369.29
1370.21
1369.28
1369.15
1369.94
1369.65
1370.46
1369.87
1368.27
1369.07
1368.94
1369.73
1369.69
1369.57
1369.45
1369.5
1369.36
1369.13
1369.16
1369.54
1369.93
1369.06
1369.35
1368.72
1369.56
1369.24
1369.03
1369.32
1369.51
1368.59
1369.29
1369.85
1368.93
1369.4
1368.72
1369.5
1369.44
1369.09
1369.11
1369.23
1369.58
1369.23
1369.44
1369.01
1369.32
1368.99
1368.69
1369.18
1369.49
1369.47
1369.12
1369.47
1369.56
1369.88
1369.21
1369.77
1368.55
1369.3
1368.94
1368.73
1369.26
1369.35
1369.23
1369.03
1369.31
1369.14
1368.9
1369.19
1369
1368.9
1368.84
1369.25
1368.96
1369.42
1369.42
1368.49
1368.8
1369.49
1368.86
1368.36
1369.01
1369.24
1368.36
1369.21
1369.44
1368.98
1369.04
1369.27
1368.81
1368.88
1369.19
1368.6
1369.52
1368.2
1369.46
1368.62
1368.78
1369.6
1368.49
1369.03
1369.46
1369.1
1368.83
1369.2
1369.22
1368.39
1369.01
1368.69
1369.23
1369.25
1368.64
1369.2
1369.16
1369
1368.72
1368.49
1368.7
1369.27
1368.81
1369.03
1369.22
1369.05
1369.07
1369.21
1369.49
1369.25
1369.28
1369.27
1369.34
1369.47
1368.66
1369.02
1368.66
1369.04
1368.95
1368.76
1368.49
1368.86
1368.81
1368.94
1368.59
1368.18
1368.6
1368.48
1368.83
1369.4
1369.14
1368.75
1368.82
1369.05
1368.66
1368.89
1368.32
1368.69
1367.94
1368.94
1368.8
1369.24
1368.67
1368.79
1369.13
1368.49
1368.46
1368.53
1368.91
1368.92
1368.43
1369
1369.07
1368.18
1368.11
1368.77
1367.99
1368.4
1369.22
1369.03
1368.61
1368.84
1368.59
1368.33
1368.87
1369.13
1368.57
1367.82
1369.29
1369
1368.98
1368.3
1368.69
1368.4
1368.65
1368.6
1368.19
1368.23
1368.32
1368.58
1368.44
1368.14
1367.93
1368.87
1368.33
1368.38
1368.2
1369.13
1368.98
1368.34
1367.64
1368.4
1368.56
1368.4
1368.35
1368.24
1368.38
1368.8
1368.3
1368.58
1368.25
1368.75
1368.49
1368.44
1368.32
1368.22
1367.98
1369.11
1367.97
1368.88
1368.29
1368.64
1368.55
1368.42
1368.85
1368.8
1367.68
1368.77
1368.55
1368.95
1368.62
1367.93
1368.36
1368.4
1367.91
1368.86
1368.68
1368.24
1368.74
1367.75
1367.85
1368.21
1368.03
1368.99
1368.12
1368.37
1368.45
1368.57
1368.66
1368.18
1368.61
1368.7
1367.95
1367.93
1368.24
1368.91
1368.25
1368.19
1367.74
1368.08
1368.15
1368.43
1367.93
1368.29
1367.57
1368.29
1367.84
1368.59
1368.21
1368.48
1368.17
1368.26
1368.14
1367.87
1368.07
1368.41
1368.04
1368.66
1367.89
1368.26
1368.06
1368.58
1367.92
1367.72
1368.52
1368.2
1368.67
1367.86
1368.64
1367.78
1367.77
1367.92
1367.64
1369.29
1367.77
1367.88
1368.35
1367.75
1368.3
1368.13
1367.97
1368.04
1368.18
1368.12
1367.92
1367.66
1367.9
1368.6
1367.97
1367.85
1367.93
1368.37
1367.82
1368.5
1367.89
1367.6
1368.31
1368.38
1367.59
1367.62
1368.1
1367.96
1367.49
1367.93
1368.22
1368.11
1367.65
1368.27
1368.22
1368.47
1368.39
1368.56
1368.26
1368.22
1367.79
1368.51
1367.67
1367.85
1368.11
1368.32
1368.57
1368.24
1368.09
1368.15
1368.05
1368.33
1367.99
1367.99
1367.97
1367.75
1367.94
1368.16
1367.89
1368.31
1368.38
1368.13
1367.57
1366.93
1367.51
1367.91
1367.69
1367.86
1368.34
1367.91
1368.18
1368.71
1367.87
1367.72
1367.27
1368.08
1367.99
1367.7
1367.87
1367.66
1367.39
1368.11
1368.35
1367.53
1368.48
1367.88
1368.23
1366.91
1367.62
1368.12
1368
1367.83
1367.95
1367.83
1367.64
1368.2
1367.92
1367.82
1367.53
1367.69
1367.69
1368.08
1368.34
1368.14
1367.69
1367.97
1368.19
1367.93
1367.49
1367.68
1368
1367.68
1367.42
1367.24
1367.86
1367.47
1367.32
1367.46
1367.79
1368.18
1367.49
1367.98
1367.78
1367.73
1367.77
1367.16
1368.06
1367.35
1367.57
1367.53
1367.82
1367.5
1367.5
1367.79
1367.52
1367.98
1367.06
1366.96
1367.85
1367.96
1367.78
1368.35
1367.35
1368.19
1367.22
1367.73
1367.77
1367.42
1367.51
1367.31
1367.87
1368.27
1366.95
1367.77
1367.58
1367.14
1367.19
1367.29
1367.97
1367.86
1367.52
1367.56
1367.19
1367.35
1367.71
1367.47
1367.95
1367.11
1367.4
1366.88
1366.58
1367.3
1367.32
1367.43
1367.55
1366.46
1367.27
1367.71
1367.78
1367.5
1367.76
1366.85
1367.63
1367.51
1367.23
1367.22
1367.81
1367.17
1367.32
1366.98
1366.44
1366.64
1367.51
1367.53
1367.35
1366.56
1367.11
1366.92
1367.41
1367.66
1367.49
1366.95
1367.44
1367.24
1367.63
1367.28
1367.68
1367
1367.29
1366.74
1367.2
1367.62
1367.31
1366.76
1367.07
1366.74
1366.82
1366.88
1367
1367.33
1366.53
1367.05
1367.26
1367.89
1367.11
1367.29
1367.18
1367.14
1367.18
1367.18
1366.76
1367.8
1366.6
1367.76
1366.7
1367.23
1367.09
1367.42
1367.44
1367.3
1367.17
1366.86
1367.42
1367.53
1367.14
1366.95
1366.59
1366.98
1367.49
1366.87
1366.68
1367.44
1366.49
1366.88
1367.14
1367.26
1367.33
1367.1
1366.48
1366.44
1366.65
1366.66
1367.22
1366.97
1366.32
1366.49
1366.46
1366.79
1366.9
1367.01
1366.82
1366.51
1366.74
1367.12
1366.98
1366.19
1366.48
1366.85
1366.28
1367.07
1366.81
1367.09
1367.04
1366.97
1366.72
1367.45
1366.47
1367.13
1366.57
1367.03
1367.07
1366.78
1366.79
1366.75
1367.2
1367.75
1366.45
1366.74
1367.29
1366.59
1366.5
1366.59
1366.87
1366.68
1366.82
1366.73
1367.26
1367.1
1366.69
1366.9
1366.51
1366.71
1366.98
1366.69
1366.67
1366.53
1367.11
1366.37
1366.36
1366.74
1365.99
1366.98
1366.83
1366.53
1366.54
1367.01
1367.04
1366.7
1366.56
1366.12
1366.08
1366.68
1366.99
1367.21
1366.8
1366.41
1366.15
1366.25
1366.75
1366.61
1366.1
1366.33
1367.44
1366.51
1366.46
1365.96
1366.98
1366.68
1366.68
1366.34
1367.2
1366.63
1366.07
1366.65
1366.54
1366.63
1366.35
1366.42
1366.37
1366.23
1366.38
1366.29
1366.67
1366.26
1366.03
1366.8
1366.86
1365.81
1366.31
1366.22
1367.14
1365.63
1366.25
1366.41
1366.69
1366.77
1366.34
1366.01
1366.74
1366.03
1365.99
1366.51
1366.23
1366.15
1366.26
1366.46
1366.43
1366.8
1366.18
1366.55
1366.23
1365.75
1366.74
1366.31
1365.89
1365.94
1366.58
1366.08
1365.65
1366.03
1366.15
1366.13
1365.52
1365.61
1366.65
1366.66
1365.83
1366.04
1366.06
1366.37
1366.93
1366.42
1365.68
1365.4
1365.91
1365.25
1366.51
1365.88
1366.42
1365.84
1366.43
1366.36
1365.91
1365.62
1366.31
1365.76
1365.81
1365.76
1366.02
1365.93
1366.69
1366.03
1366.44
1366.31
1365.8
1365.64
1366.16
1366.12
1365.99
1365.73
1366.02
1366.29
1365.92
1366.16
1366.3
1365.68
1365.91
1366.08
1366.3
1365.95
1365.59
1365.73
1366.12
1365.86
1366.5
1365.76
1366.42
1365.4
1365.94
1365.78
1366.47
1365.9
1366.39
1365.8
1365.28
1365.83
1365.72
1366.08
1365.65
1365.8
1365.96
1366.13
1365.1
1365.6
1365.5
1365.38
1366.1
1366.02
1365.83
1366.41
1366.03
1366.04
1365.43
1365.82
1364.93
1366.26
1366.06
1365.61
1365.49
1365.74
1365.76
1364.65
1366
1366.2
1365.75
1365.6
1365.91
1365.75
1365.53
1365.68
1365.44
1366.07
1366.11
1365.58
1365.43
1366.23
1365.59
1365.37
1364.94
1365.72
1365.67
1365.45
1365.2
1365.22
1365.25
1365.8
1365.44
1365.8
1365.47
1366.08
1365.3
1366.23
1365.67
1365.2
1365.3
1364.96
1364.92
1365.56
1364.96
1365.45
1365.49
1365.78
1365.85
1365.57
1365.3
1365.62
1365.48
1364.59
1365.68
1365.15
1365.76
1365.41
1365.26
1365.79
1365.18
1365.47
1365.06
1365.45
1365.43
1365.41
1365.43
1365.25
1365.39
1365.48
1365.09
1365.63
1365.19
1364.98
1365.29
1365.54
1365.35
1364.99
1365.42
1365
1364.77
1365.52
1365.12
1364.26
1365.26
1365.78
1365.31
1365.2
1364.93
1365.1
1364.89
1365.46
1365.67
1365.28
1365.18
1365.31
1365.45
1365.72
1365.13
1365.17
1365.29
1365.15
1364.71
1365.29
1364.35
1365
1365.21
1365.02
1365.13
1364.97
1364.74
1365.56
1365.72
1365.03
1365.35
1365.28
1364.94
1364.54
1364.99
1364.64
1365.63
1364.87
1364.89
1365.24
1364.72
1365.3
1365.18
1364.75
1365.29
1365.32
1364.85
1364.55
1365.07
1364.93
1365.23
1364.86
1365.31
1365.26
1365.22
1365.07
1365.26
1364.74
1365.1
1364.79
1365.24
1364.97
1364.72
1365.42
1365.04
1365.23
1365.1
1364.85
1364.69
1364.98
1364.94
1364.82
1364.6
1364.91
1364.92
1365.12
1364.59
1364.97
1364.92
1365.23
1365.53
1365.41
1364.57
1364.83
1364.6
1364.68
1365.5
1364.73
1364.68
1365.15
1364.82
1364.32
1364.96
1364.98
1364.8
1364.47
1364.81
1364.33
1364.49
1365.13
1365.16
1364.92
1365.23
1364.98
1364.56
1364.81
1364.25
1364.63
1364.6
1364.58
1364.88
1364.31
1364.61
1364.84
1364.57
1364.48
1364.4
1364.77
1364.82
1364.48
1364.29
1365.24
1365.05
1364.54
1364.8
1364.59
1364.76
1364.69
1365.15
1364.57
1364.42
1364.56
1364.46
1364.98
1365.03
1364.68
1364.61
1364.71
1364.87
1363.97
1364.72
1364.57
1363.89
1364.87
1364.21
1364.54
1364.62
1364.53
1364.87
1365.23
1364.42
1364.54
1364.32
1364.18
1364.81
1364.93
1364.16
1364.11
1364.55
1364.38
1364.32
1364.55
1365.29
1364.75
1364.19
1364.42
1363.99
1364.21
1364.5
1364.26
1364.6
1364.21
1364.17
1364.93
1364
1364.32
1364.96
1364.5
1364.83
1365.04
1363.97
1363.58
1364.49
1364.37
1364.43
1364.49
1364.1
1364.34
1364.44
1364.2
1363.81
1364.64
1363.94
1364.09
1364.51
1363.99
1364.09
1364.63
1364.35
1364.04
1364.42
1364.47
1364.42
1364.48
1363.58
1364.51
1364.39
1363.89
1364.47
1364.28
1364.64
1364.25
1364.35
1363.97
1364.17
1364.97
1364.59
1364.42
1364.09
1364.62
1364.17
1364.49
1364.33
1364.83
1364.96
1364.09
1363.75
1364.36
1363.7
1364.29
1363.86
1364.33
1364.75
1364.46
1364.75
1364.03
1364.1
1363.85
1364.24
1363.92
1364.19
1364.44
1364.2
1364.26
1364.39
1364.22
1364.48
1363.73
1364.2
1363.81
1363.58
1363.59
1363.55
1363.73
1363.88
1363.93
1364.27
1364.5
1363.6
1364.04
1364.3
1364.26
1364.53
1364.14
1364.36
1364.07
1363.52
1364.05
1364.04
1363.68
1363.76
1363.66
1363.47
1364.15
1363.83
1363.91
1363.87
1363.91
1364.11
1363.93
1363.93
1364.26
1363.41
1363.6
1363.97
1363.6
1363.92
1363.97
1363.83
1364.39
1363.63
1363.65
1363.85
1364.21
1363.97
1364.12
1364.02
1363.74
1363.67
1363.78
1364.34
1364.64
1363.61
1363.92
1364.21
1364.03
1363.87
1363.67
1363.95
1363.45
1363.65
1364.04
1363.59
1364.31
1364.1
1363.92
1363.89
1364.17
1363.89
1363.8
1363.02
1363.89
1363.58
1364.26
1363.56
1363.84
1363.56
1363.34
1364.02
1363.54
1363.08
1364.01
1363.45
1364.01
1363.75
1363.62
1362.97
1363.42
1363.97
1363.68
1363.95
1363.73
1363.66
1363.82
1363.7
1363.48
1363.95
1363.87
1363.98
1363.87
1363.3
1363.97
1363.48
1364
1364.05
1363.62
1363.86
1362.91
1363.79
1363.94
1363.69
1363.81
1363.57
1363.56
1363.44
1363
1363.63
1363.13
1363.7
1363.23
1363.14
1364.03
1363.19
1363.46
1363.85
1362.65
1363.26
1363.12
1363.61
1363.79
1363.76
1363.35
1363.07
1363.39
1363.39
1363.12
1362.98
1363.45
1363.44
1363.85
1363.59
1363.24
1363.01
1362.99
1363.52
1363.47
1363.28
1364.14
1363.64
1363.06
1364
1363.56
1363.31
1363.2
1363.21
1363.18
1363.14
1363.41
1363.11
1363.5
1363.31
1362.96
1363.45
1363.2
1363.66
1363.01
1363.77
1363.55
1363.4
1363.34
1363.24
1363.39
1362.96
1363.26
1362.7
1363.12
1363.28
1362.56
1363.36
1362.61
1363.05
1363.42
1363.81
1363.45
1363.35
1363.27
1362.68
1363.1
1363.14
1363.27
1363.2
1364.16
1362.82
1362.96
1362.91
1362.97
1363.18
1363.29
1363.12
1363.03
1363.74
1362.98
1362.63
1362.92
1363.38
1362.53
1363.15
1362.99
1363.38
1362.84
1363.14
1362.63
1363.05
1362.83
1363.31
1363.57
1362.71
1362.86
1362.87
1362.93
1362.93
1363.11
1362.69
1363.03
1362.81
1362.76
1363.15
1363.06
1363.48
1362.56
1362.67
1363.11
1362.62
1363.5
1362.89
1362.99
1363.23
1363.19
1362.91
1363.45
1363.07
1362.93
1362.98
1363.32
1363.08
1363.21
1362.94
1362.52
1362.66
1363.2
1362.55
1362.28
1362.77
1363.18
1363.27
1363.18
1363.01
1363.07
1363.38
1362.48
1363.05
1362.74
1362.62
1362.57
1362.95
1363.02
1362.99
1363
1362.55
1362.22
1362.6
1362.84
1362.42
1362.56
1363.23
1362.9
1362.17
1362.94
1362.83
1362.96
1363.4
1362.9
1362.85
1362.99
1362.45
1363
1362.62
1363.02
1362.48
1362.55
1362.35
1362.52
1362.26
1362.49
1362.8
1362.58
1362.54
1362.61
1362.66
1362.71
1362.35
1362.64
1361.74
1363.08
1362.4
1362.45
1363.2
1362.37
1362.4
1362.9
1363.16
1362.63
1362.31
1362.58
1362.1
1362.34
1362.98
1363.05
1362.43
1363.2
1362.52
1362.54
1361.79
1362.67
1362.2
1363
1362.54
1362.59
1362.77
1362.52
1362.36
1361.88
1362.33
1362.75
1362.31
1362.51
1361.93
1362.51
1362.45
1362.38
1362.4
1362.31
1362.08
1362.05
1362.65
1362.63
1362.8
1362.29
1361.94
1362.46
1362.13
1362.31
1362.41
1362.46
1361.9
1362.58
1362.34
1362.92
1362.77
1362.15
1362.05
1362.62
1362.38
1362.2
1362.22
1362.38
1362.82
1361.73
1362.92
1362.29
1362.4
1362.03
1361.85
1361.56
1361.92
1362.2
1362.42
1362.15
1362.24
1362.04
1362.22
1362.22
1362.87
1361.74
1362.01
1362.25
1362.49
1362.47
1362.5
1361.92
1362.02
1362.39
1362.27
1362.34
1362.17
1362.34
1362.1
1362.01
1361.52
1361.85
1361.92
1362.03
1362.14
1361.67
1362.14
1361.8
1361.82
1362.5
1361.48
1362.11
1362.28
1361.56
1362.37
1362.49
1361.97
1361.9
1362.34
1362.29
1361.91
1362.27
1361.81
1362.34
1362.08
1361.79
1362.06
1361.75
1361.8
1361.82
1361.79
1362.43
1361.93
1361.79
1361.79
1361.66
1361.66
1362
1362.23
1362.1
1361.73
1361.46
1361.82
1361.69
1362.27
1361.69
1361.08
1361.66
1361.56
1362.14
1361.99
1362.24
1361.71
1361.71
1361.74
1362.43
1362.29
1361.69
1361.23
1361.68
1362.15
1361.35
1361.71
1361.97
1362.31
1361.3
1361.64
1361.81
1362.39
1361.26
1361.87
1362.58
1362.04
1362.16
1361.96
1362.41
1361.65
1361.82
1361.78
1361.6
1361.82
1361.03
1361.91
1361.76
1361.47
1362.02
1361.79
1362.15
1361.45
1361.76
1361.95
1361.78
1361.62
1360.81
1361.94
1361.62
1361.34
1362.05
1361.34
1361.91
1361.55
1361.51
1362.01
1361.6
1361.73
1361.55
1361.34
1362.11
1361.38
1361.45
1361.65
1361.45
1361.28
1362.1
1361.32
1361.76
1361.77
1361.52
1361.36
1361.63
1361.94
1361.23
1361.18
1361.76
1361.29
1361.43
1361.5
1361.28
1361.73
1361.55
1361.33
1361.33
1361.66
1361.59
1361.59
1361.19
1361.3
1361.7
1361.54
1361.53
1361.1
1361.13
1361.61
1361.64
1361.31
1361.29
1361.44
1360.91
1361.38
1361.36
1361.39
1361.26
1361.27
1361.14
1361.39
1361.26
1361.02
1360.71
1361.82
1361.39
1361.48
1361.28
1360.83
1361.29
1361.1
1361.1
1361.26
1361.09
1361.45
1361.17
1361.09
1361.23
1361.1
1361.41
1360.76
1361.57
1361.37
1361.72
1361.08
1360.7
1360.7
1361.41
1361.27
1361.29
1361.43
1361.05
1361.52
1360.77
1361.55
1361.13
1361.66
1361.48
1361.3
1360.8
1360.87
1361.7
1361.56
1361.24
1360.53
1361.28
1360.8
1360.88
1361.18
1361.11
1360.58
1361.04
1361.42
1361.17
1361.33
1361.09
1360.7
1361.08
1360.72
1361.06
1360.85
1361.75
1360.72
1361.54
1360.78
1360.81
1361.48
1360.55
1361.3
1361.35
1361.29
1361.4
1360.86
1361.19
1361.22
1361.06
1360.57
1360.66
1360.41
1361.03
1360.79
1360.91
1361.25
1360.95
1361.71
1360.87
1361.08
1360.67
1361.17
1361.08
1360.77
1361.36
1360.91
1360.41
1360.85
1360.58
1361.23
1360.62
1360.77
1360.85
1360.46
1360.78
1361.33
1361.32
1360.58
1360.68
1360.98
1360.82
1360.96
1360.2
1360.95
1361.15
1360.72
1360.48
1360.44
1360.64
1360.87
1360.69
1361.03
1360.62
1360.4
1360.66
1361.18
1360.92
1360.62
1360.72
1360.65
1360.3
1360.69
1361.27
1360.25
1360.87
1360.6
1360.29
1360.17
1360.53
1360.4
1360.28
1360.3
1360.42
1360.66
1360.64
1360.71
1360.68
1361.05
1360.76
1360.66
1360.91
1360.71
1360.41
1360.79
1360.51
1360.44
1360.63
1360.61
1360.67
1360.48
1360.62
1360.36
1360.93
1360.58
1361.01
1360.28
1360.75
1360.37
1360.52
1360.92
1360.77
1360.27
1360.62
1360.77
1360.69
1360.26
1360.23
1360.8
1360.27
1360.22
1360.8
1360.53
1360.58
1360.67
1360.27
1360.71
1360.75
1360.83
1360.46
1360.87
1359.81
1359.96
1359.9
1360.4
1360.23
1360.45
1360.33
1360.52
1360.26
1360.18
1360.68
1360.2
1360.36
1360.38
1360.26
1360.27
1360.41
1360.26
1359.99
1360.49
1360.8
1360.47
1360.07
1361.2
1360.21
1360.09
1360.5
1360.1
1360.32
1360.05
1360.41
1360.55
1360.11
1360.12
1359.72
1360.2
1360
1360.37
1360.62
1360.12
1360.5
1359.94
1359.61
1360.14
1359.99
1360.31
1360.21
1360.01
1359.59
1360.49
1360.21
1359.86
1360.21
1360.26
1359.97
1360.1
1360.17
1360.19
1359.76
1360.06
1359.95
1359.49
1359.94
1359.65
1360.41
1360.79
1359.96
1360.01
1360.55
1359.96
1360.17
1360.08
1360.07
1360.27
1359.68
1359.8
1359.7
1359.99
1360.06
1360.16
1360.04
1360.43
1360.05
1360.16
1360.45
1359.98
1359.62
1359.77
1360.02
1359.99
1359.94
1360.03
1360.33
1359.83
1359.59
1360.07
1359.86
1359.88
1360.07
1360.08
1360.18
1360.08
1359.83
1359.88
1359.92
1359.68
1359.76
1359.35
1359.85
1360.26
1360.41
1360.29
1360
1359.71
1360.1
1359.56
1359.94
1360.29
1359.66
1359.99
1359.92
1359.71
1360.24
1359.82
1360.18
1359.86
1360.01
1359.89
1359.38
1359.66
1359.66
1360.23
1359.59
1359.8
1359.57
1359.74
1359.69
1359.85
1359.7
1359.79
1359.98
1359.73
1359.18
1360.72
1359.92
1359.4
1360.24
1360.17
1359.65
1359.72
1360.12
1359.42
1359
1359.56
1359.9
1359.57
1359.17
1359.98
1359.59
1359.81
1360.29
1360.08
1360.41
1359.18
1359.16
1359.91
1359.71
1359.06
1360.12
1359.67
1359.49
1359.73
1359.84
1359.71
1359.64
1359.86
1359.91
1359.88
1359.32
1359.64
1359.31
1359.83
1359.56
1359.23
1359.64
1359.11
1359.35
1359.81
1359.72
1359.2
1359
1359.67
1359.47
1359.85
1359.91
1359.49
1359.98
1359.67
1359.23
1359.11
1359.55
1359.45
1359.67
1359.5
1359.23
1359.4
1359.29
1359.97
1359.25
1359.46
1359.22
1359.84
1359.38
1359.53
1359.08
1359.53
1359.44
1359.29
1359.34
1359.68
1359.85
1359.36
1359.33
1359.05
1359.57
1360.01
1359.42
1359.23
1359.67
1359.94
1358.99
1359.27
1359.56
1360.13
1359.34
1358.89
1359.46
1359.29
1359.51
1359.08
1359.18
1359.48
1359.04
1359.18
1359.22
1359.78
1359.25
1359.33
1358.99
1359.34
1359.31
1359.4
1358.84
1359.35
1359.57
1359.61
1358.78
1359.24
1359.59
1359.33
1359.03
1358.87
1359.56
1359.21
1359.19
1359.09
1358.96
1359.13
1359.27
1359.69
1359.07
1359.54
1359.39
1358.99
1358.62
1359.16
1359.08
1359.18
1359.16
1359.08
1359.21
1359.03
1359.22
1358.93
1359
1359.36
1359.33
1359.26
1358.95
1358.91
1359.23
1358.83
1359.14
1359.25
1358.77
1358.95
1359.09
1358.97
1359.55
1359.25
1358.62
1358.76
1359.32
1358.77
1359.12
1359.06
1358.8
1359
1359.17
1358.33
1358.8
1358.65
1359.1
1358.91
1358.78
1359.01
1358.68
1358.97
1358.79
1358.78
1358.84
1359.18
1358.66
1358.39
1358.98
1359.24
1358.95
1359.06
1359.64
1358.68
1358.87
1358.91
1359.23
1358.78
1358.84
1358.81
1358.77
1359.13
1358.82
1359.15
1358.76
1358.74
1358.83
1358.81
1359.18
1358.44
1358.72
1358.21
1358.16
1358.87
1359.34
1358.69
1359.22
1358.53
1358.68
1358.3
1358.43
1358.81
1358.66
1358.51
1358.9
1358.81
1358.73
1358.49
1358.96
1358.85
1358.55
1358.57
1358.08
1358.9
1358.5
1358.37
1359.01
1358.25
1359.17
1358.26
1358.88
1358.35
1358.54
1358.5
1358.27
1358.99
1358.43
1358.37
1358.43
1358.58
1358.51
1358.35
1358.8
1358.56
1358.85
1358.51
1358.84
1358.7
1358.98
1358.58
1359.2
1357.92
1358.57
1358.22
1358.53
1358.47
1357.94
1358.25
1358.2
1357.86
1358.38
1358.66
1357.81
1358.22
1358.26
1358.32
1358.23
1358.49
1358.18
1358.37
1358.43
1358.4
1358.9
1358.53
1358.2
1358.01
1358.07
1358.19
1358.39
1358.09
1358.68
1358.29
1358.68
1358.27
1358.36
1358.37
1358.01
1358.62
1358.1
1358.42
1358.52
1358.49
1358.39
1358.09
1358.72
1358.43
1358.33
1358.69
1358.76
1358.23
1358.52
1358.52
1359
1358.41
1358.35
1358.33
1357.68
1358.15
1357.96
1357.94
1358.26
1357.95
1358.77
1358.04
1358.06
1358.02
1346.98
1358.32
1358.27
1358.3
1358.23
1357.95
1357.82
1358.27
1358.06
1357.98
1357.91
1358.47
1357.95
1357.69
1357.66
1357.87
1358.13
1358.26
1357.96
1358.09
1357.88
1358.14
1358.71
1357.94
1358.06
1357.85
1357.62
1358.01
1357.61
1358.55
1357.62
1357.39
1357.99
1357.38
1393.15
1357.87
1357.31
1357.87
1358.01
1357.49
1358.18
1358
1358.1
1358.22
1358.2
1358.32
1358.51
1357.88
1357.6
1358.27
1357.81
1358.15
1358.07
1358.08
1358.05
1357.79
1357.51
1358.02
1358.11
1358.09
1358.07
1357.94
1357.91
1358.28
1357.58
1357.56
1358.13
1358.03
1357.81
1357.85
1357.7
1358.16
1358.27
1358.24
1358.2
1357.83
1358.16
1357.8
1357.92
1357.49
1357.81
1357.93
1358.17
1357.97
1357.48
1358.1
1358.23
1357.95
1358.12
1358.23
1358.33
1357.99
1357.85
1357.72
1358.05
1357.64
1357.34
1357.87
1357.49
1357.78
1358
1357.79
1357.83
1357.78
1358.03
1358
1357.92
1357.38
1358
1357.84
1357.78
1357.64
1357.65
1358.03
1357.91
1357.45
1357.25
1358.06
1357.92
1358.01
1357.79
1357.65
1357.74
1357.58
1357.84
1357.91
1357.06
1357.77
1358.15
1357.79
1357.47
1357.61
1358.09
1357.77
1357.9
1357.75
1357.79
1357.98
1358.09
1357.68
1358.02
1357.47
1357.49
1357.97
1357.48
1357.74
1357.83
1357.57
1357.88
1357.42
1357.95
1358.04
1357.85
1357.77
1357.82
1357.44
1357.78
1357.94
1357.68
1357.66
1357.85
1357.16
1357.8
1357.69
1358.06
1357.78
1357.13
1357.86
1357.8
1358.2
1357.86
1357.24
1357.47
1357.32
1357.8
1357.5
1357.68
1357.41
1358.03
1357.38
1357.48
1357.67
1357.51
1357.63
1357.57
1357.58
1358.02
1357.07
1357.45
1357.52
1358.05
1357.56
1357.95
1357.75
1357.39
1357.61
1357.62
1357.73
1357.54
1357.26
1357.62
1357.89
1357.12
1357.66
1357.35
1357.36
1357.41
1357.17
1357.72
1357.38
1357.42
1357.45
1357.19
1357.12
1357.7
1357.39
1357.27
1357.79
1357.5
1357.23
1357.54
1357.6
1357.5
1357.53
1357.63
1356.93
1357.65
1356.84
1357.25
1356.89
1357.28
1357.51
1357.4
1357.71
1356.96
1357.65
1357
1357.06
1356.89
1356.79
1357.24
1356.78
1356.8
1357.26
1357.48
1357.16
1357.28
1357.34
1357.15
1357.28
1356.96
1357.17
1357.02
1356.69
1356.95
1357.18
1357.8
1357.35
1357.51
1356.99
1357.34
1356.92
1357.18
1357.41
1357.21
1357.32
1356.88
1356.92
1356.82
1356.75
1357.25
1357.3
1357.49
1357.58
1356.9
1357
1357.12
1357.08
1357.27
1356.97
1357.21
1357.09
1356.94
1357.17
1356.85
1357.26
1356.96
1357.17
1357.06
1357.23
1356.81
1356.96
1357.34
1357.07
1356.84
1357.13
1357.21
1356.83
1356.82
1357.21
1357.26
1357.4
1356.95
1357.28
1357.94
1356.89
1357.28
1356.89
1357.79
1357.4
1357.37
1356.76
1356.96
1357.09
1356.99
1356.91
1356.9
1357.19
1356.94
1357.28
1357.02
1357.1
1356.92
1356.74
1357.02
1357.19
1356.83
1356.73
1356.67
1356.96
1357.08
1357.17
1356.28
1356.81
1357.15
1356.99
1357.3
1357.32
1357.32
1356.83
1357.06
1357.06
1356.66
1356.82
1356.56
1357.11
1356.71
1356.55
1356.61
1356.71
1356.62
1356.61
1356.82
1357.23
1356.39
1356.31
1356.71
1357.66
1356.52
1356.54
1356.55
1356.51
1357.04
1356.34
1356.97
1357.23
1355.9
1356.76
1356.83
1356.88
1356.45
1356.64
1356.86
1356.42
1356.61
1356.71
1356.64
1356.67
1356.99
1356.44
1356.12
1356.29
1356.45
1357.06
1356.77
1356.93
1356.83
1356.51
1356.8
1356.79
1356.24
1357.01
1356.71
1356.68
1356.77
1356.46
1356.76
1356.81
1356.44
1356.75
1356.62
1357.08
1356.32
1356.42
1356.35
1356.71
1356.55
1356.97
1356.7
1356.82
1356.49
1356.99
1356.85
1356.82
1356.29
1356.55
1357.03
1356.28
1356.43
1356.62
1356.94
1356.33
1356.61
1356.42
1355.9
1356.62
1356.37
1356.51
1356.04
1356.76
1356.3
1356.54
1356.84
1356.37
1356.62
1356.92
1356.61
1356.64
1355.48
1356.14
1356.68
1356.97
1356.31
1356.33
1356.38
1356.58
1356.41
1356.2
1356.29
1356.12
1356.99
1356.37
1356.31
1356.45
1356.07
1356.65
1356.25
1355.99
1356.18
1356.58
1356.11
1356.49
1356.55
1356.28
1356.51
1356.36
1356.19
1356.17
1356.05
1356.29
1356.41
1355.85
1356.52
1355.94
1356.06
1356.16
1356.49
1356.31
1356.04
1355.75
1356.23
1356.25
1355.72
1356.25
1356.41
1355.42
1356.59
1356.06
1356.16
1356.32
1356.28
1356.17
1356.36
1356.23
1356.03
1356.04
1356.23
1356.54
1356.57
1356.32
1355.79
1356.62
1355.9
1355.82
1356.04
1355.59
1356.12
1356.22
1356.61
1356.24
1355.98
1356.52
1355.44
1356.71
1355.8
1356.03
1356.57
1355.56
1356.4
1355.97
1355.73
1355.31
1355.85
1356.09
1356.01
1355.9
1356.15
1356.18
1356.47
1356.46
1356.42
1355.96
1356.31
1356.16
1356.31
1356.32
1356.25
1355.75
1355.55
1356.1
1356.14
1355.6
1356
1356.4
1356.17
1356.36
1355.95
1356.07
1355.67
1355.63
1356.27
1355.72
1356.07
1355.71
1355.98
1355.9
1355.9
1355.78
1356.19
1356.23
1356.04
1355.89
1355.65
1355.61
1355.97
1356.06
1356.04
1355.71
1355.77
1355.93
1355.95
1355.71
1356.32
1355.64
1355.97
1356.03
1356.37
1355.94
1355.89
1346.11
1355.89
1355.81
1355.89
1355.89
1355.87
1355.93
1356.17
1356
1355.79
1355.5
1355.86
1355.92
1355.66
1355.86
1355.71
1355.64
1355.69
1355.73
1355.5
1355.57
1355.95
1355.4
1355.74
1355.96
1356.08
1355.23
1355.73
1355.99
1355.51
1355.97
1355.31
1355.48
1355.9
1355.18
1356.11
1355.9
1355.64
1355.75
1355.98
1356.18
1355.71
1355.12
1355.64
1355.66
1355.58
1354.95
1355.75
1355.91
1355.45
1355.72
1355.93
1355.8
1355.7
1355.59
1355.41
1354.85
1355.42
1355.34
1355.14
1355.72
1355.3
1355.2
1355.47
1355.31
1355.47
1355.73
1355.67
1355.04
1356.12
1354.79
1355.61
1355.92
1355.5
1355.72
1355.37
1355.25
1355.07
1355.58
1354.94
1355.83
1355.83
1355.59
1355.48
1355.33
1355.21
1355.45
1355.21
1355.72
1355.18
1355.69
1355.56
1355.25
1355.53
1355.1
1355.59
1355.06
1355.38
1355.27
1355.33
1355.64
1355.24
1355.75
1355.4
1355.25
1355.56
1355.47
1355.25
1355.27
1355.09
1355.15
1355.46
1355.21
1355.66
1354.83
1354.98
1355.26
1355.23
1355.13
1355.11
1355.31
1355.18
1355.26
1355.35
1355.1
1355.68
1355.69
1355.38
1355.38
1355.69
1355.15
1354.84
1355
1355.33
1355.17
1355.76
1355.13
1355
1355.15
1355.42
1355.17
1355.69
1355.03
1355.13
1355.45
1355.7
1355.54
1355.46
1354.71
1354.7
1355.18
1354.97
1355.23
1355.31
1355.47
1355.54
1355.36
1355.24
1354.84
1355.18
1355.01
1355.56
1355.43
1355.33
1355.6
1355.14
1355.04
1355.27
1354.94
1355.2
1354.95
1355.09
1354.98
1354.82
1354.92
1355.47
1355.34
1355.2
1355.24
1354.7
1355.22
1354.75
1355.62
1355.25
1354.67
1355.3
1354.82
1355.12
1355.32
1355
1355.26
1355.16
1354.81
1354.52
1354.74
1354.86
1354.94
1355.25
1355.1
1354.7
1354.64
1355.3
1355.33
1355.11
1354.96
1354.88
1355.19
1355.15
1355.27
1355.16
1354.42
1354.83
1354.89
1354.97
1354.99
1355.06
1354.64
1355.03
1355.07
1354.96
1354.82
1355.1
1355.38
1354.97
1355.23
1354.59
1354.5
1354.82
1354.84
1354.72
1354.8
1355.35
1354.86
1354.55
1355.11
1355.15
1354.64
1355.01
1354.8
1355.13
1354.98
1354.78
1354.69
1354.55
1354.97
1354.65
1354.93
1354.72
1354.87
1355.05
1354.33
1354.55
1355.1
1354.43
1354.91
1354.64
1355
1354.87
1354.66
1354.66
1354.87
1354.82
1355.01
1354.77
1354.98
1355.28
1354.34
1354.52
1354.77
1354.61
1354.32
1354.74
1354.8
1354.43
1354.69
1354.65
1354.53
1354.56
1354.8
1354.42
1354.17
1354.7
1354.97
1354.92
1354.34
1354.41
1354.48
1354.67
1354
1354.72
1354.21
1354.69
1354.52
1355.08
1354.7
1354.56
1354.76
1354.11
1354.35
1354.21
1354.91
1354.39
1354.23
1353.84
1354.5
1355.13
1354.35
1354.83
1354.46
1354.83
1354.32
1354.21
1354.68
1354.44
1354.55
1354.29
1354.53
1354.71
1354.33
1354.52
1354.77
1354.45
1354.72
1353.97
1354.28
1354.21
1354.62
1354.53
1354.67
1354.62
1354.35
1354.21
1354.62
1354.58
1354.67
1354.55
1354.04
1354.68
1354.69
1354.86
1354.27
1354.46
1354.69
1354.34
1354.42
1354.64
1354.08
1354.97
1354.41
1354.09
1354.33
1354.39
1354.22
1354.37
1354.38
1354.26
1354.28
1353.85
1354.62
1354.26
1354.12
1354.23
1353.99
1354.69
1354.18
1353.61
1354.28
1354.42
1353.98
1354.13
1353.98
1354.49
1354.65
1354.13
1354.6
1354.55
1354.47
1354.3
1354.49
1354.34
1354.3
1353.97
1354.04
1354.2
1354.23
1353.67
1354.41
1353.85
1353.94
1354.02
1354.21
1354.26
1353.87
1354.12
1353.78
1354.2
1354.29
1354.73
1354.05
1353.63
1353.66
1353.7
1354.07
1353.93
1354.25
1353.85
1353.98
1354
1354.12
1354.39
1354.08
1354.01
1354.41
1354.18
1354.47
1354.08
1353.94
1354.05
1353.76
1353.54
1354.35
1353.83
1354.14
1353.75
1354.24
1354
1354.44
1354.03
1353.47
1354.1
1353.63
1353.86
1354.03
1354.13
1354.02
1354.06
1353.84
1354.02
1353.85
1353.59
1354.08
1354.1
1353.88
1354.06
1353.78
1354.21
1353.87
1354.2
1353.34
1354.05
1353.9
1354.08
1354.2
1354.1
1353.26
1353.88
1353.98
1354.25
1353.62
1353.7
1353.77
1354.15
1354.09
1353.94
1353.84
1353.55
1354.22
1354.49
1354.09
1354.04
1354.02
1353.89
1353.77
1354.09
1353.96
1353.93
1353.54
1353.95
1353.45
1354.12
1353.93
1353.83
1354.07
1353.81
1353.85
1353.85
1353.91
1353.78
1353.36
1354.42
1353.06
1353.76
1354.08
1354.05
1353.9
1353.94
1353.87
1353.91
1353.57
1354.15
1353.7
1353.8
1354.25
1353.71
1353.71
1353.65
1353.64
1353.92
1353.24
1353.75
1353.92
1353.76
1353.55
1354.12
1353.86
1353.87
1353.76
1353.57
1353.85
1353.73
1353.68
1353.41
1353.27
1353.55
1353.71
1353.84
1354.22
1353.34
1353.84
1353.2
1353.46
1353.51
1353.66
1353.2
1353.52
1353.8
1353.7
1353.66
1353.91
1353.46
1353.48
1353.63
1353.7
1353.52
1353.57
1353.41
1353.38
1353.43
1353.58
1353.47
1353.89
1353.81
1353.33
1353.68
1353.08
1353.23
1353.57
1353.59
1353.41
1353.69
1353.94
1353.78
1354.12
1353.23
1353.45
1353.23
1353.36
1353.6
1353.53
1353.12
1353.35
1353.66
1353.83
1353.09
1353.18
1353.39
1352.86
1353.26
1353.65
1353.64
1353.45
1353.52
1353.47
1353.66
1353.56
1353.42
1353.31
1353.93
1353.45
1353.41
1353.56
1353.36
1353.01
1353.48
1353.11
1353.43
1353.07
1353.63
1353.06
1353.75
1353.18
1353.62
1353.37
1353.4
1353.4
1353.46
1353.36
1353.21
1353.19
1353.08
1353.39
1353.35
1353.34
1353.04
1353.39
1352.4
1353.12
1352.92
1353.46
1353.78
1353.64
1353.61
1353.54
1352.9
1353.18
1353.06
1352.68
1353.22
1353.22
1352.9
1353.27
1353.7
1353.53
1353.36
1353.12
1352.9
1352.77
1353.52
1352.68
1353.42
1353.21
1353.13
1353.64
1353.51
1353.4
1352.95
1353.15
1352.75
1352.98
1353.23
1352.36
1353
1352.91
1353.28
1353.58
1352.98
1353.28
1352.84
1353.23
1353.43
1353.11
1353.06
1352.97
1352.71
1353.44
1353.17
1353.04
1352.98
1352.75
1352.87
1352.93
1352.69
1353.27
1352.92
1353.29
1353.34
1353.08
1353.19
1352.97
1353.06
1353.29
1352.72
1353.15
1352.61
1352.95
1352.47
1353.03
1352.99
1353.33
1352.92
1353.05
1352.95
1353.33
1353.09
1352.92
1353.18
1353.1
1352.83
1353.36
1352.89
1353.21
1353.01
1352.75
1353.18
1353.39
1352.81
1353.2
1352.51
1353.08
1353
1352.78
1352.32
1352.72
1352.64
1352.87
1353.01
1352.76
1352.57
1353.22
1352.67
1352.6
1352.93
1352.8
1352.79
1352.81
1352.71
1352.7
1352.91
1352.9
1352.36
1352.64
1352.84
1352.66
1352.74
1352.77
1353.03
1353.05
1353.14
1352.18
1353.08
1353.01
1352.67
1352.68
1352.3
1352.86
1352.71
1352.37
1352.42
1353.07
1352.8
1352.45
1352.76
1352.57
1352.6
1353.19
1353.16
1353.01
1352.91
1353.12
1352.62
1352.57
1352.27
1352.87
1352.45
1352.87
1352.46
1352.7
1352.67
1352.8
1352.65
1352.16
1352.59
1352.89
1352.58
1352.56
1352.88
1352.68
1352.61
1352.46
1352.76
1352.72
1352.37
1352.71
1352.51
1352.42
1352.76
1352.81
1352.96
1352.7
1352.52
1352.65
1352.79
1352.91
1352.32
1352.62
1352.63
1352.38
1352.35
1352.67
1352.26
1352.6
1352.71
1352.64
1352.62
1352.17
1352.73
1352.59
1352.22
1352.35
1352.63
1352.28
1352.58
1352.6
1352.23
1352.68
1352.59
1352.85
1352.2
1352.47
1352.52
1352.92
1352.36
1352.79
1353.11
1352.39
1352.14
1352.75
1352.71
1352.98
1352.55
1352.86
1352.54
1352.05
1352.5
1352.18
1352.7
1352.19
1352.63
1352.63
1352.14
1352.41
1352.67
1352.63
1352.19
1352.62
1352.46
1352.55
1352.6
1352.35
1352.47
1352.19
1351.96
1351.99
1352.66
1352.49
1352.19
1352.37
1352.42
1352.09
1352.28
1352.08
1352.05
1352.18
1352.24
1352.1
1352.27
1352.23
1352.06
1352.62
1352.04
1352.12
1352.21
1352.63
1352.42
1352.6
1352.37
1352.26
1351.98
1352.28
1352.31
1352.29
1352.14
1352
1352.19
1352.1
1351.96
1352.13
1352.11
1351.77
1352.21
1352.19
1352.33
1352.18
1351.95
1352.26
1352.31
1352.32
1352.21
1352.31
1352.06
1351.86
1352.03
1352.25
1352.28
1352.04
1352.08
1352.39
1352.04
1352.17
1351.7
1352.09
1351.92
1352.31
1351.76
1352.02
1351.96
1352.24
1351.7
1352.05
1351.69
1352.24
1352.05
1352.33
1351.77
1352.07
1352.02
1351.49
1352.06
1352.11
1352.08
1351.91
1351.24
1351.97
1351.91
1352.26
1351.49
1352.41
1351.85
1352.45
1351.82
1352.18
1352.01
1351.9
1352.04
1352.03
1351.71
1351.86
1351.79
1351.62
1351.77
1351.76
1351.97
1351.52
1351.85
1351.48
1352.44
1351.62
1352.29
1352.16
1351.75
1352.33
1351.56
1351.21
1351.43
1351.99
1351.88
1352.22
1352.01
1351.8
1352.17
1351.87
1351.96
1351.9
1351.55
1351.36
1351.64
1351.81
1351.76
1351.85
1351.36
1351.98
1351.5
1351.77
1351.03
1351.65
1351.6
1351.95
1351.77
1351.97
1351.46
1351.67
1351.7
1351.96
1351.98
1351.72
1351.86
1351.58
1351.51
1351.6
1351.66
1352.04
1351.92
1351.48
1351.25
1351.85
1351.27
1351.68
1351.99
1351.66
1351.82
1351.45
1351.52
1351.27
1351.55
1351.43
1352.04
1351.54
1351.83
1351.72
1351.95
1351.46
1351.79
1352.04
1351.67
1351.73
1351.57
1351.89
1351.46
1351.51
1351.35
1351.63
1351.6
1351.72
1351.67
1351.05
1351.89
1351.46
1351.67
1351.54
1351.56
1351.35
1351.44
1351.48
1351.69
1351.53
1351.31
1351.69
1351.21
1351.99
1351.6
1351.39
1351.31
1351.67
1351.73
1351.81
1351.62
1351.36
1351.4
1351.65
1351.61
1351.32
1351.46
1351.73
1351.88
1351.58
1351.8
1351.89
1351.56
1351.59
1351.41
1351.59
1351.73
1351.78
1351.77
1351.5
1351.31
1351.64
1351.35
1351.76
1351.84
1351.3
1351.61
1351.35
1351.26
1351.55
1351.63
1351.57
1351.33
1351.52
1351.45
1351.19
1351.14
1351.13
1351.35
1351.54
1351.08
1351.69
1351.51
1351.44
1350.84
1351.24
1351.57
1351.19
1351.51
1351.2
1351.24
1351.48
1351.07
1351.23
1351.84
1351.6
1351.6
1351.16
1351.34
1350.96
1350.86
1351.3
1351.39
1351.39
1351.2
1351.45
1351
1351.14
1351.5
1351.31
1351.2
1351.33
1351.15
1351.24
1351.21
1351.19
1351.38
1351.52
1351.24
1350.85
1351.13
1351.05
1351.4
1351.28
1351.73
1351.38
1351.3
1351.2
1351.52
1351.19
1351.14
1351.34
1351.36
1351.26
1351.15
1350.8
1350.68
1351.27
1350.95
1351.45
1351.27
1351.15
1351.05
1351.19
1351.47
1351
1351.34
1351.11
1351.43
1350.99
1350.92
1351.43
1351.41
1351.02
1351.11
1351.08
1350.84
1351.02
1351.34
1351.34
1350.83
1350.89
1350.81
1351.05
1351.05
1351.13
1351.41
1351.26
1351.27
1351.04
1350.86
1351.17
1351.05
1351.03
1351.3
1351.03
1350.8
1351.39
1351.24
1350.99
1351.48
1351.08
1351.09
1351.2
1350.98
1351.22
1351.15
1351.08
1350.89
1350.92
1350.87
1351.16
1351.09
1350.97
1350.98
1350.66
1351.18
1350.86
1350.94
1351.03
1350.88
1350.99
1350.68
1351.2
1350.79
1350.96
1350.36
1351.33
1350.76
1351.19
1350.53
1350.89
1350.82
1350.86
1351.07
1350.65
1351.06
1350.91
1351.07
1350.91
1351.26
1350.88
1350.8
1350.87
1350.87
1350.97
1351.06
1350.7
1350.96
1350.59
1350.53
1350.8
1350.89
1351.01
1350.77
1350.9
1350.8
1350.88
1350.76
1350.73
1350.83
1350.89
1350.87
1351.04
1350.75
1350.68
1351.01
1350.52
1350.93
1350.9
1350.26
1350.84
1350.84
1350.77
1351.08
1350.79
1350.71
1350.56
1350.9
1350.91
1350.43
1350.25
1350.52
1350.78
1350.43
1350.15
1350.79
1350.76
1350.67
1350.99
1350.56
1350.46
1350.77
1350.48
1350.44
1350.66
1350.66
1350.9
1350.8
1350.9
1350.78
1350.86
1350.68
1350.86
1350.73
1350.45
1350.83
1350.49
1350.47
1350.83
1350.28
1350.45
1350.66
1350.43
1350.54
1350.72
1350.49
1350.31
1350.59
1350.64
1350.42
1350.68
1350.44
1350.21
1350.53
1350.58
1350.66
1350.79
1350.32
1350.54
1350.29
1350.66
1350.11
1350.37
1350.55
1350.29
1350.9
1350.73
1350.17
1350.45
1350.57
1350.22
1350
1350.4
1350.48
1350.4
1350.68
1350.28
1350.55
1350.47
1350.82
1350.72
1350.08
1350.49
1350.81
1350.41
1350.17
1350.39
1350.37
1350.2
1350.45
1350.37
1350.88
1350.27
1350.21
1349.88
1350.16
1350.26
1350.39
1350.1
1350.46
1350.62
1350.49
1350.14
1350.22
1350.79
1350.43
1350.53
1350
1350.02
1350.13
1350.36
1350.25
1350.43
1350.21
1350.34
1350.5
1349.95
1350.08
1350.26
1350.62
1350.31
1350.82
1350.16
1350.32
1350.33
1350.35
1349.98
1350.29
1350.27
1350.61
1350.42
1350.07
1350.65
1350.36
1350.48
1350.16
1350.56
1350.33
1350.38
1349.93
1350.35
1350.08
1349.98
1350.36
1349.85
1349.98
1350.12
1350.51
1349.99
1350.4
1349.93
1350.22
1350.09
1349.88
1350.05
1350.28
1350.26
1349.7
1349.98
1349.71
1350.26
1350.39
1349.89
1349.86
1349.95
1350.27
1349.91
1350.02
1349.87
1350.03
1350.17
1349.66
1350.11
1350.02
1350.13
1349.94
1350.03
1349.67
1349.9
1350.11
1349.93
1349.88
1349.96
1349.96
1349.85
1349.69
1349.95
1349.81
1350.04
1350.33
1350.32
1350.1
1350.06
1349.95
1349.57
1349.6
1350.02
1350.35
1350.09
1350.18
1350.05
1349.93
1350.33
1350.2
1349.82
1349.96
1350.19
1349.97
1349.97
1349.93
1349.57
1349.96
1349.68
1350.03
1349.65
1349.98
1349.8
1349.68
1350.07
1349.87
1349.86
1350.19
1350.11
1349.81
1350.04
1349.96
1349.56
1349.58
1349.73
1349.95
1349.91
1349.84
1349.98
1350.14
1349.92
1349.8
1349.68
1350.02
1349.93
1349.48
1349.56
1349.67
1349.68
1349.81
1349.76
1349.63
1350.01
1349.75
1349.1
1349.68
1350.12
1350.18
1349.65
1349.81
1349.81
1349.75
1350.06
1349.56
1349.46
1349.5
1349.44
1349.83
1349.6
1349.53
1349.59
1349.37
1349.73
1349.39
1349.58
1349.49
1349.68
1349.81
1349.86
1349.9
1349.3
1349.5
1349.44
1349.64
1349.67
1349.91
1349.79
1349.77
1349.77
1349.47
1349.6
1349.64
1349.78
1349.55
1349.66
1349.6
1349.85
1349.82
1349.55
1349.68
1350.01
1349.47
1349.29
1349.46
1349.52
1349.95
1349.24
1349.55
1349.23
1349.85
1349.42
1349.12
1349.61
1349.59
1349.57
1349.22
1349.78
1349.48
1349.81
1349.69
1349.38
1349.62
1349.49
1349.34
1349.79
1349.5
1349.44
1349.51
1349.88
1349.74
1349.22
1349.28
1349.17
1349.31
1349.47
1349.57
1349.64
1349.69
1349.68
1349.53
1349.65
1349.55
1349.51
1349.4
1349.27
1349.52
1349.47
1349.23
1349.28
1349.43
1349.42
1349.5
1349.72
1349.22
1349.47
1349.52
1349.57
1349.11
1349.67
1349.3
1349.33
1349.05
1349.29
1349.67
1349.54
1349.35
1349.2
1349.36
1349.21
1349.36
1349.31
1349.23
1349.27
1349.15
1349.05
1349.77
1349.01
1349.32
1349.45
1349.49
1349.54
1349.08
1349.43
1349.25
1349.34
1349.17
1349.25
1348.97
1349.22
1349.3
1349.32
1349.51
1349.14
1349.1
1349.3
1349.43
1349.09
1349.19
1349.21
1349.4
1349.5
1349.49
1349.16
1349
1349.48
1349.28
1349.2
1348.75
1348.75
1349.45
1349.23
1349.43
1349.18
1349.28
1349.1
1349.24
1348.98
1348.94
1348.76
1349.36
1349.18
1349.51
1349.17
1349.27
1348.71
1349.02
1349.09
1349.1
1349.07
1349.47
1349.12
1349.4
1349.01
1349.05
1349.27
1349.26
1349.09
1349.37
1349.22
1349.15
1348.83
1349.24
1349.14
1349.6
1349.09
1349.28
1349.01
1348.72
1348.99
1349.02
1349.21
1348.91
1349.02
1348.96
1349.07
1348.81
1349.41
1349.23
1349.14
1348.94
1348.8
1348.63
1348.8
1348.99
1348.8
1348.71
1348.91
1348.74
1348.67
1348.97
1349.42
1348.96
1349.04
1348.69
1348.78
1349.07
1348.84
1348.98
1348.99
1348.89
1349.2
1348.75
1349.24
1348.88
1348.96
1349.19
1349.23
1349.08
1349.2
1348.73
1348.47
1348.57
1349.2
1348.83
1348.59
1348.4
1348.78
1348.77
1349.09
1348.73
1348.88
1348.29
1348.83
1349.18
1348.77
1348.71
1348.63
1348.82
1348.9
1348.95
1349.07
1348.76
1348.47
1349.07
1348.91
1348.7
1348.95
1348.32
1348.93
1348.93
1348.87
1348.88
1348.98
1348.6
1348.68
1349.06
1348.99
1348.79
1349.1
1348.63
1348.65
1348.82
1348.32
1348.68
1348.58
1348.71
1348.78
1348.92
1348.78
1349
1348.84
1349.1
1348.77
1348.71
1348.33
1348.44
1348.53
1348.79
1348.71
1348.28
1348.77
1349.04
1348.99
1348.46
1348.71
1348.7
1348.78
1348.65
1348.76
1348.58
1349.01
1348.35
1348.55
1348.49
1348.62
1348.74
1348.62
1348.54
1348.4
1348.65
1348.61
1348.92
1348.76
1348.62
1348.37
1348.59
1348.14
1348.23
1348.69
1347.89
1348.69
1349.03
1348.09
1348.52
1348.88
1348.52
1348.5
1348.73
1348.71
1348.78
1348.75
1348.51
1348.63
1348.6
1348.74
1348.62
1349
1348.16
1348.9
1348.52
1348.54
1348.73
1348.82
1348.63
1348.88
1348.61
1348.68
1348.6
1348.22
1348.28
1348.2
1348.39
1348.82
1348.43
1348.73
1348.44
1348.59
1348.14
1348.5
1348.71
1348.57
1348.37
1347.89
1348.87
1348.4
1348.22
1348.58
1348.38
1348.59
1348.58
1348.43
1348.99
1348.17
1348.25
1348.55
1348.27
1348.2
1348.42
1348.44
1348.53
1348.12
1348.5
1348.51
1348.49
1348.02
1348.3
1348.3
1348.43
1348.17
1348.39
1348.05
1348.31
1348.34
1348.44
1348.35
1348.31
1348.54
1348.28
1348.25
1348.43
1348.78
1348.27
1348.49
1348.7
1348.27
1347.78
1348.46
1348.28
1347.96
1348.27
1348.24
1348.05
1348.35
1348.67
1348.18
1348.3
1348.41
1348.4
1348.32
1348.18
1348.32
1348.38
1348.13
1348.06
1348.26
1348.08
1348.26
1348.37
1348.14
1348.2
1347.91
1348.25
1348.03
1348.33
1348.19
1348.18
1348.48
1348.33
1348.08
1348.08
1348.02
1348.16
1348.26
1348.62
1348.62
1347.75
1348.05
1348.42
1348.19
1348.21
1348
1347.93
1348.3
1348.06
1348.06
1348.08
1348.1
1347.85
1347.99
1348.3
1347.96
1348.08
1348.17
1348.05
1347.93
1348.24
1348.49
1347.65
1347.8
1347.87
1347.86
1348.12
1348.16
1348.13
1348.09
1347.72
1347.97
1347.88
1348.19
1348.54
1348.48
1347.74
1347.74
1348.38
1348.07
1347.78
1347.86
1348.15
1348.15
1347.96
1347.81
1348.03
1348.27
1348.01
1347.91
1348.07
1347.6
1348.07
1348.46
1348.35
1347.63
1347.79
1348.22
1348
1347.78
1348.16
1348.18
1347.99
1347.74
1347.79
1348.02
1347.98
1347.68
1347.95
1348.08
1347.76
1347.86
1348.24
1347.7
1347.92
1348.21
1348.12
1347.48
1347.68
1347.33
1347.94
1347.83
1347.78
1347.67
1347.99
1347.71
1348.14
1347.92
1347.86
1347.94
1347.97
1347.92
1347.76
1347.88
1348
1347.79
1347.96
1347.57
1347.84
1347.82
1348.01
1347.83
1347.91
1347.69
1347.98
1348.03
1347.62
1347.79
1347.92
1348.04
1347.7
1347.94
1347.42
1347.85
1347.66
1347.78
1347.63
1347.98
1348.07
1347.93
1347.86
1348.13
1347.77
1347.97
1347.93
1347.78
1347.76
1347.62
1347.81
1347.61
1347.53
1347.86
1347.66
1348.11
1347.65
1347.46
1347.52
1347.65
1347.37
1347.62
1347.77
1347.72
1347.48
1347.78
1347.67
1347.89
1347.55
1347.71
1347.5
1347.54
1347.7
1347.74
1347.3
1347.84
1347.83
1347.69
1347.96
1347.67
1347.68
1348.02
1347.74
1347.74
1347.76
1347.34
1347.37
1348
1347.68
1347.21
1347.53
1347.5
1347.96
1347.68
1347.61
1346.99
1347.35
1347.5
1347.35
1347.96
1347.37
1347.5
1347.26
1347.59
1347.43
1347.32
1347.3
1347.38
1347.71
1347.54
1347.18
1347.48
1347.67
1347.39
1347.47
1347.48
1347.08
1347.71
1347.39
1347.55
1347.46
1347.14
1347.81
1347.25
1347.61
1347.46
1347.41
1347.34
1347.53
1347.53
1347.56
1347.29
1347.72
1347.34
1347.4
1347.9
1347.9
1347.38
1347.7
1347.17
1347.26
1347.38
1347.51
1347.22
1347.44
1347.68
1347.37
1347.68
1347.4
1346.96
1347.46
1347.54
1347.52
1347.21
1347.39
1347.61
1347.27
1347.15
1347.26
1347.18
1347.16
1347.49
1347.02
1347.37
1347.39
1347.03
1347.36
1347.11
1347.32
1347.47
1347.67
1347.05
1347.44
1347.62
1347.41
1347.07
1347.03
1347.27
1347.25
1347.64
1347.45
1347.02
1347.51
1347.08
1347.48
1346.91
1347.39
1347.21
1347.36
1347.32
1347.39
1347.24
1347.11
1347.39
1347.42
1347.35
1347.28
1347.19
1346.8
1347.12
1346.96
1347.2
1347.22
1347.12
1346.98
1347.43
1347.28
1347.16
1347.32
1347.41
1347.01
1347.25
1347.09
1347.05
1347.18
1347.17
1346.87
1347.23
1347.16
1347
1347.08
1347.02
1347.1
1347.04
1346.72
1347.18
1346.86
1346.95
1347.03
1347.02
1347.07
1347.12
1347.16
1347.18
1347.23
1347.04
1347.3
1347.41
1347.45
1347.23
1347.36
1347.08
1347.29
1347.31
1347.48
1347.28
1346.96
1346.97
1346.85
1346.81
1346.98
1347.01
1347.08
1347.19
1346.83
1347.35
1347.02
1346.93
1347.09
1346.86
1346.78
1346.9
1346.99
1346.81
1347.09
1347.15
1346.96
1346.72
1347.48
1347.41
1346.62
1346.57
1346.97
1346.77
1347.05
1347.29
1347.01
1347.08
1347.19
1347.22
1346.72
1346.85
1346.8
1347.22
1346.83
1346.93
1347.02
1347.05
1346.8
1346.71
1347.19
1347.12
1347.03
1346.93
1346.95
1347.02
1346.85
1346.62
1347.05
1346.84
1346.75
1346.77
1347.12
1346.75
1346.93
1346.7
1347.04
1346.85
1346.83
1346.78
1346.97
1346.95
1347.03
1346.79
1346.87
1346.91
1346.98
1347.1
1346.75
1346.97
1347.04
1347
1346.48
1346.93
1346.85
1347.05
1346.57
1346.71
1346.91
1346.66
1346.43
1346.86
1346.6
1346.86
1346.82
1347.01
1346.76
1346.97
1346.6
1346.62
1346.96
1346.71
1346.98
1346.72
1346.84
1346.97
1346.3
1347.07
1346.78
1346.2
1347.11
1347.14
1346.72
1346.7
1346.69
1346.78
1346.74
1346.5
1346.88
1346.76
1346.67
1346.83
1346.67
1346.72
1346.5
1346.65
1347.01
1346.72
1346.63
1346.83
1346.65
1346.72
1346.61
1346.87
1346.57
1346.31
1346.88
1346.53
1346.55
1346.57
1346.79
1346.54
1346.66
1346.15
1346.58
1346.77
1346.77
1346.74
1346.47
1346.73
1346.26
1346.75
1346.59
1346.67
1346.52
1346.28
1346.79
1346.61
1346.55
1346.36
1346.82
1346.62
1346.63
1346.22
1346.78
1346.72
1346.32
1346.57
1346.5
1346.49
1346.86
1346.23
1346.5
1346.55
1346.46
1346.43
1346.59
1346.85
1346.26
1346.38
1346.54
1346.24
1346.84
1346.58
1346.76
1346.72
1346.5
1346.76
1346.76
1346.59
1346.45
1346.32
1346.56
1346.07
1346.33
1346.24
1346.64
1346.6
1346.35
1346.48
1346.42
1346.21
1346.34
1346.74
1346.51
1346.49
1346.42
1346.56
1346.54
1346.4
1346.22
1346.55
1346.55
1346.43
1346.54
1346.5
1346.22
1346.38
1346.24
1346.3
1346.69
1346.42
1346.13
1346.4
1346.37
1346.63
1346.21
1346.36
1346.53
1346.54
1346.33
1346.5
1346.37
1346.33
1346.51
1346.41
1346.7
1346.35
1346.02
1346.04
1346.46
1346.23
1346.23
1346.29
1346.34
1346.34
1346.3
1346.74
1346.33
1346.4
1346.31
1346.49
1346.13
1346.18
1346.41
1346.51
1346.42
1346.11
1346.24
1346.19
1346.57
1346.45
1346.35
1346.16
1346.3
1346.13
1346.25
1346.43
1346.1
1346.39
1346.27
1346.36
1346.55
1346.36
1346.15
1346.17
1345.9
1345.88
1346.16
1345.8
1346.08
1346.1
1345.86
1346.46
1346.05
1346.21
1346.11
1346.18
1346.19
1346.19
1346.14
1346.24
1346.03
1346.18
1346
1345.97
1345.98
1346.08
1346.49
1345.96
1346.04
1346.27
1346.05
1345.79
1346.36
1346.21
1346.05
1346.23
1345.95
1345.92
1346.33
1345.85
1346.06
1345.86
1346.2
1345.98
1346.02
1346.09
1345.84
1346.33
1346.27
1346.21
1346.07
1346.06
1345.83
1345.85
1346.02
1346.39
1346.09
1346.04
1346.02
1346.12
1346.11
1346.09
1346.02
1346
1345.92
1346.16
1346.03
1346.05
1346.1
1346.18
1345.9
1346.24
1345.99
1346.13
1345.86
1346.14
1345.74
1345.69
1346.19
1346.12
1346.06
1346.02
1346.08
1346.19
1345.59
1346.05
1346.33
1346.09
1345.71
1346
1346.3
1346.1
1345.98
1345.91
1345.34
1346.22
1345.76
1345.98
1345.94
1346
1345.77
1345.99
1346.16
1346.01
1345.96
1345.87
1345.93
1345.95
1345.87
1346.03
1345.96
1345.94
1345.7
1345.9
1346.12
1345.84
1345.67
1345.92
1345.86
1346.05
1345.78
1345.58
1345.9
1345.7
1345.71
1345.88
1345.78
1345.95
1345.83
1345.55
1345.44
1345.72
1345.88
1345.93
1345.65
1346.16
1346.02
1345.79
1345.87
1345.92
1345.92
1345.51
1345.89
1345.23
1345.8
1345.64
1345.73
1345.44
1345.95
1345.97
1345.92
1345.6
1345.88
1345.66
1345.52
1345.64
1346.07
1345.85
1345.71
1345.78
1345.74
1345.53
1345.7
1345.73
1345.88
1345.68
1345.51
1345.78
1345.86
1345.71
1345.54
1345.69
1345.92
1345.76
1345.62
1345.61
1345.7
1345.73
1345.55
1345.72
1345.47
1345.45
1345.51
1345.36
1345.66
1345.36
1345.86
1345.91
1345.54
1345.58
1345.65
1345.76
1345.72
1345.66
1345.65
1345.56
1345.32
1345.63
1345.66
1345.41
1345.57
1345.68
1345.55
1345.56
1345.65
1345.76
1345.01
1345.8
1345.58
1345.82
1345.71
1345.83
1345.71
1345.4
1345.64
1345.68
1345.76
1345.46
1345.68
1345.64
1345.6
1345.24
1345.6
1345.62
1345.58
1345.55
1345.48
1345.35
1345.51
1345.49
1345.4
1345.46
1345.41
1345.38
1345.73
1345.44
1345.61
1345.61
1345.51
1345.36
1345.1
1345.35
1345.69
1345.81
1345.15
1345.43
1345.14
1345.29
1345.55
1345.34
1345.25
1345.45
1345.49
1345.27
1345.73
1345.44
1344.89
1345.66
1345.4
1345.57
1345.44
1345.2
1345.31
1345.41
1345.29
1345.45
1345.63
1345.33
1345.56
1345.51
1345.23
1345.57
1345.28
1345.47
1345.32
1345.21
1345.32
1345.46
1345.33
1345.31
1345.48
1345.57
1345.57
1345.67
1345.39
1345.32
1345.44
1345.37
1345.44
1345.64
1345.54
1345.58
1345.51
1345.16
1345.25
1345.7
1345.2
1345.23
1345.2
1345.48
1345.3
1345.55
1345.34
1345.35
1345.17
1345.27
1345.27
1345.02
1345.22
1345.3
1345.53
1345.18
1345.26
1345.54
1345.57
1345
1345.19
1345.17
1345.24
1345.09
1345.25
1344.96
1345.19
1345.17
1345.01
1345.01
1344.76
1345.57
1345.23
1345.4
1345.21
1345.45
1345.46
1344.95
1345.22
1345.72
1345.22
1345.13
1344.93
1344.94
1344.99
1345.03
1345.32
1345.05
1345.16
1345.15
1345.19
1344.69
1345.14
1345.46
1345.34
1344.9
1345.05
1345.18
1345.13
1345.26
1345.08
1345.32
1345.17
1345.04
1345.19
1345.08
1344.83
1345.12
1345.08
1345.15
1345.11
1344.96
1344.88
1345.1
1344.93
1345.15
1344.95
1345.1
1345.22
1344.75
1344.74
1345.16
1345.03
1345.08
1345.09
1345.41
1345.15
1344.97
1344.9
1344.83
1344.9
1344.77
1345.04
1345.34
1344.96
1344.91
1345.13
1345.25
1344.76
1344.75
1344.97
1344.67
1345.15
1345.05
1345.03
1344.88
1344.96
1344.72
1344.89
1345.2
1345.06
1344.93
1344.89
1344.96
1344.73
1345.07
1344.89
1344.81
1344.94
1344.91
1344.97
1345
1344.76
1344.76
1344.99
1345.13
1344.88
1344.92
1344.91
1344.94
1345.07
1345.27
1344.98
1345.19
1345.02
1345.17
1344.76
1344.84
1344.89
1345.29
1344.81
1344.81
1345.08
1344.98
1344.61
1344.59
1344.72
1344.83
1344.96
1344.76
1344.71
1344.75
1344.68
1344.68
1344.91
1344.68
1344.86
1344.91
1344.94
1344.68
1344.86
1345.16
1344.84
1344.46
1344.74
1345.07
1344.72
1345.25
1344.77
1344.77
1345.07
1344.6
1344.53
1344.8
1344.85
1344.66
1344.8
1344.96
1344.65
1345
1344.65
1344.45
1344.77
1344.7
1344.95
1344.47
1344.56
1344.84
1345.11
1344.7
1344.68
1344.91
1344.57
1344.66
1344.66
1344.64
1344.99
1344.62
1344.86
1344.75
1344.47
1344.78
1344.91
1344.38
1344.87
1344.64
1344.59
1344.96
1344.67
1344.77
1344.46
1344.99
1345.01
1344.78
1344.75
1344.98
1344.83
1344.77
1344.95
1344.73
1344.66
1344.54
1344.76
1344.73
1344.77
1344.84
1344.89
1344.73
1344.83
1344.67
1344.88
1344.79
1344.58
1344.73
1344.8
1344.46
1344.77
1344.63
1344.65
1344.53
1344.46
1344.8
1344.79
1344.35
1344.34
1344.32
1344.71
1344.77
1344.65
1344.56
1344.57
1344.59
1344.33
1344.78
1344.73
1344.54
1344.7
1344.64
1344.52
1344.9
1344.49
1344.58
1344.44
1344.78
1344.72
1344.8
1344.7
1344.83
1344.6
1344.74
1344.6
1344.6
1344.71
1344.67
1344.51
1344.31
1344.36
1344.65
1344.53
1344.55
1344.81
1344.43
1344.66
1344.42
1344.5
1344.47
1344.52
1344.66
1344.51
1344.66
1344.49
1344.03
1344.39
1344.76
1344.49
1344.46
1344.44
1344.32
1344.3
1344.8
1344.17
1344.64
1344.57
1344.54
1344.32
1344.56
1344.32
1344.48
1344.58
1344.4
1344.41
1344.48
1344.15
1344.64
1344.62
1344.44
1344.48
1344.38
1344.39
1344.34
1344.48
1344.07
1344.51
1344.45
1344.5
1344.23
1344.68
1344.36
1344.09
1344.38
1344.41
1344.07
1344.67
1344.36
1344.29
1344.49
1344.61
1344.04
1344.27
1344.48
1344.5
1344.39
1344.42
1344.32
1344.21
1344.37
1344.58
1344.05
1344.46
1344.52
1344.45
1344.2
1344.52
1344.24
1344.24
1344.02
1344.36
1344.46
1344.39
1344.06
1344.34
1344.48
1344.14
1344.3
1344.47
1344.41
1344.23
1344.22
1344.15
1344.17
1344.31
1344.44
1344.5
1344.31
1344.53
1344.14
1344.21
1344.43
1344.12
1344.04
1344.12
1343.75
1344.24
1344.25
1343.94
1344.2
1344.47
1344.44
1344.39
1344.37
1344.2
1344.07
1344.11
1344.06
1344.02
1344.24
1344.43
1343.94
1344.2
1344.25
1344.4
1344.14
1344.28
1344.31
1344.08
1344.02
1344.27
1344
1344.1
1344.11
1344.15
1344.19
1344.28
1344.26
1343.98
1344.11
1344.02
1344.27
1343.89
1344.55
1344.21
1344.22
1343.97
1344.25
1343.89
1344.02
1344.07
1344.15
1343.92
1344.29
1344.58
1343.85
1344.38
1344.14
1344.24
1344.04
1344.25
1344.24
1344.13
1344.19
1344.14
1343.97
1344.23
1344.18
1344.18
1344.34
1344.18
1344.07
1344.28
1344.07
1344.03
1344.01
1344.2
1344.21
1343.89
1344.06
1344.15
1344.02
1344.3
1344.25
1344.23
1343.91
1344.04
1343.84
1343.86
1344.13
1344.11
1343.84
1344.18
1344.13
1344.29
1344.31
1343.89
1344.02
1343.59
1344.03
1343.5
1343.79
1343.97
1344.13
1343.67
1344.2
1344.24
1344.01
1344.06
1344.04
1344.32
1343.88
1343.9
1343.66
1343.82
1343.81
1343.72
1343.63
1343.93
1343.93
1343.53
1344.01
1344.19
1343.78
1343.58
1344.05
1343.79
1344.12
1343.91
1344.06
1344.06
1343.93
1344.2
1343.81
1343.83
1344.2
1343.94
1344.12
1343.93
1344.29
1343.99
1343.68
1343.89
1343.74
1343.85
1343.87
1343.56
1343.8
1343.93
1343.81
1343.8
1344.03
1343.78
1343.91
1344.2
1343.86
1343.88
1343.86
1343.79
1343.87
1343.95
1343.77
1343.87
1343.71
1343.83
1344.04
1344.07
1343.73
1343.77
1343.72
1343.8
1343.73
1343.91
1343.43
1343.79
1343.86
1343.78
1343.77
1343.93
1343.96
1343.63
1343.65
1343.78
1343.8
1343.72
1343.86
1343.88
1343.97
1343.74
1343.93
1344.12
1343.8
1343.64
1343.88
1343.67
1343.89
1343.59
1343.86
1343.96
1343.72
1343.63
1343.74
1343.61
1343.76
1343.88
1343.81
1343.53
1343.7
1343.48
1343.6
1343.88
1343.69
1343.85
1343.84
1344.14
1343.93
1343.64
1343.53
1343.82
1343.37
1343.83
1343.83
1343.64
1343.79
1343.64
1343.6
1343.78
1343.77
1343.94
1343.87
1343.48
1343.64
1343.68
1343.86
1343.9
1343.41
1343.51
1343.59
1343.36
1343.74
1343.38
1343.58
1344.05
1343.52
1343.73
1343.52
1343.8
1344.03
1343.68
1343.71
1343.57
1343.82
1343.69
1343.65
1343.73
1343.7
1343.46
1343.58
1343.84
1343.63
1343.67
1343.59
1343.79
1343.54
1343.78
1343.4
1343.57
1343.79
1343.77
1343.48
1343.52
1343.74
1343.7
1343.34
1343.57
1343.89
1343.33
1343.88
1343.81
1343.8
1343.54
1343.64
1343.75
1343.61
1343.54
1343.9
1343.45
1343.54
1343.84
1343.62
1343.57
1343.34
1343.5
1343.76
1343.34
1343.83
1343.53
1343.6
1343.41
1343.63
1343.46
1343.6
1343.71
1343.85
1343.81
1343.59
1343.38
1343.63
1343.68
1343.28
1343.43
1343.53
1343.56
1343.72
1343.63
1343.41
1343.58
1343.84
1343.63
1343.8
1343.63
1343.32
1343.37
1343.14
1343.35
1343.71
1343.69
1343.23
1343.19
1343.57
1343.62
1343.11
1343.18
1343.8
1343.38
1343.64
1343.64
1343.46
1343.39
1343.48
1343.21
1343.58
1343.53
1343.49
1343.56
1343.36
1343.59
1343.4
1343.5
1343.53
1343.37
1343.3
1343.48
1343.64
1343.42
1343.7
1343.25
1343.38
1343.22
1343.43
1343.57
1343.27
1343.29
1343.3
1342.91
1343.35
1343.57
1343.4
1343.49
1343.45
1343.27
1343.37
1343.68
1343.59
1343.43
1343.4
1343.35
1343.15
1343.5
1343.38
1343.25
1343.42
1342.99
1343.55
1343.3
1343.27
1343.37
1343.28
1343.34
1343.13
1343.14
1343.25
1343.33
1343.61
1343.49
1343.27
1343.45
1343.49
1343.4
1343.33
1343.47
1343.3
1343.25
1343.36
1343.34
1343.18
1343.04
1343.21
1343.38
1342.98
1343.34
1343.41
1343.29
1343.19
1343.11
1343.39
1343.05
1343.15
1343.48
1343.24
1343.4
1343.31
1343.47
1343.4
1343.27
1343.29
1343.28
1343.61
1343
1343.19
1343.28
1343.31
1343.37
1343.15
1343.47
1343.25
1343.36
1343.15
1342.92
1343.11
1343.25
1343.33
1343.17
1343.65
1342.92
1342.98
1343.13
1343.22
1342.96
1343.25
1343.39
1343.26
1342.94
1343.51
1343.24
1343.16
1343.16
1343.47
1343.59
1343.19
1343.23
1343.37
1343.39
1342.75
1343.05
1343.32
1343.23
1343.23
1343.35
1342.98
1343.25
1343.27
1343.23
1342.83
1343.03
1343.21
1342.99
1343.32
1342.98
1343
1343.31
1343.15
1342.82
1342.99
1343.02
1342.99
1342.97
1343.27
1343.33
1343.07
1343.03
1343.07
1343.19
1342.95
1342.97
1342.99
1343.24
1343.14
1343.18
1343.07
1342.82
1343.06
1343.17
1343.07
1342.73
1343.31
1343.31
1343.38
1343.13
1343.11
1342.95
1343.23
1343.2
1342.96
1343.42
1342.65
1343.07
1342.99
1343.18
1343.08
1343.28
1343.15
1343.04
1343.02
1343.1
1343.26
1343.13
1343.13
1342.71
1343.15
1343.07
1342.96
1343.09
1342.88
1342.99
1342.77
1343.05
1343.14
1343.03
1342.98
1343.05
1343.18
1343.01
1342.97
1343.03
1343.33
1342.76
1342.84
1342.98
1343.06
1342.99
1343.24
1343.21
1343.36
1342.78
1343.03
1343.09
1342.92
1343.08
1343.13
1343.04
1342.93
1343.2
1342.93
1342.9
1343.18
1342.8
1342.82
1343.06
1343.08
1343.1
1343.09
1342.75
1343.08
1342.74
1342.86
1343.12
1342.77
1343.03
1342.73
1343.23
1343.03
1342.84
1343.05
1342.87
1343.03
1342.98
1342.95
1342.79
1342.93
1342.97
1342.87
1342.78
1342.65
1342.73
1342.53
1342.57
1342.94
1342.95
1342.86
1342.94
1342.89
1342.84
1342.84
1343.09
1342.7
1342.93
1342.81
1342.57
1342.84
1343.19
1342.96
1343.05
1342.84
1342.7
1343.08
1343.02
1342.7
1342.85
1342.65
1342.91
1343.1
1342.71
1342.81
1343.05
1343.09
1342.69
1342.54
1342.8
1342.89
1342.65
1343.07
1342.93
1342.97
1342.97
1342.67
1342.93
1342.63
1342.79
1342.86
1342.69
1343.06
1343.03
1342.75
1342.86
1342.95
1342.96
1342.89
1342.81
1342.5
1342.65
1342.91
1342.81
1342.94
1342.92
1342.95
1342.78
1342.68
1342.71
1343.01
1342.77
1342.55
1342.62
1342.8
1342.53
1342.65
1342.84
1342.84
1342.85
1342.8
1342.5
1343.06
1342.67
1342.7
1342.68
1342.95
1342.66
1342.78
1342.76
1342.73
1342.6
1342.9
1342.63
1342.44
1342.6
1342.74
1342.63
1342.77
1342.74
1342.89
1342.59
1342.55
1342.73
1342.81
1342.67
1342.86
1342.81
1342.84
1342.52
1342.7
1342.57
1342.41
1342.71
1342.45
1342.28
1342.57
1342.71
1342.51
1342.82
1342.58
1342.58
1342.69
1342.65
1342.77
1342.55
1342.74
1342.86
1342.37
1342.7
1342.34
1342.82
1342.3
1342.61
1342.79
1342.52
1342.58
1342.61
1342.87
1342.89
1342.41
1342.56
1342.55
1342.91
1342.56
1342.57
1342.84
1342.73
1342.46
1342.67
1342.53
1342.64
1342.53
1342.5
1342.73
1342.63
1342.65
1342.63
1342.43
1342.52
1342.67
1342.68
1342.75
1342.72
1342.67
1342.6
1342.68
1342.67
1342.44
1342.62
1342.38
1342.55
1342.62
1342.61
1342.57
1342.55
1342.54
1342.46
1342.58
1342.53
1342.57
1342.52
1342.56
