15.4709
16.2619
15.256
14.3615
13.7182
13.274
12.8867
12.6756
12.5083
12.3722
12.2812
12.1969
12.1353
12.0865
12.0605
12.0114
12.0105
11.9857
11.952
11.9632
11.947
11.9313
11.9304
11.9187
11.9061
11.9026
11.9003
11.91
11.9043
11.9019
11.9063
11.9
11.9025
11.8912
11.8863
11.888
11.8902
11.883
11.8799
11.8891
11.875
11.8855
11.8699
11.8735
11.8781
11.8771
11.88
11.87
11.8749
11.8719
11.8701
11.8644
11.869
11.8778
11.8711
11.8703
11.8655
11.8621
11.8601
11.8674
11.8553
11.8526
11.8606
11.8566
11.8558
11.8551
11.8576
11.8442
11.8554
11.8515
11.8534
11.8506
11.851
11.8465
11.8499
11.8409
11.8459
11.8443
11.8391
11.8424
11.8396
11.835
11.8437
11.8417
11.8374
11.8376
11.8401
11.839
11.8359
11.8415
11.8387
11.8439
11.8332
11.8379
11.8341
11.8347
11.8336
11.8279
11.8323
11.8299
11.8285
11.8314
11.8349
11.8337
11.8322
11.8298
11.8238
11.8322
11.8256
11.8323
11.8246
11.8288
11.8168
11.8237
11.8287
11.8245
11.8277
11.8242
11.8234
11.821
11.8231
11.8227
11.8262
11.8267
11.8231
11.8175
11.8254
11.8256
11.8206
11.8226
11.8158
11.8211
11.8226
11.8235
11.8153
11.8171
11.8181
11.8216
11.824
11.8147
11.8208
11.8237
11.8191
11.8166
11.8246
11.8174
11.8201
11.8215
11.8181
11.8194
11.816
11.8157
11.8208
11.8151
11.8222
11.814
11.8157
11.8131
11.8125
11.8179
11.8144
11.82
11.8122
11.8152
11.8106
11.8168
11.819
11.8193
11.817
11.8149
11.8177
11.8118
11.8197
11.8178
11.8192
11.821
11.8174
11.8148
11.8181
11.8154
11.8175
11.8125
11.8146
11.8193
11.8189
11.8164
11.8137
11.8085
11.8146
11.8162
11.8157
11.8155
11.8185
11.8163
11.817
11.8162
11.8127
11.8178
11.8199
11.8182
11.814
11.8217
11.8153
11.8123
11.8143
11.8141
11.8119
11.8175
11.813
11.8135
11.8169
11.8092
11.8138
11.8123
11.8103
11.8144
11.8142
11.8154
11.8123
11.8174
11.8133
11.8173
11.8133
11.8159
11.8165
11.8151
11.8185
11.8135
11.8102
11.8141
11.8148
11.8151
11.8154
11.8176
11.8171
11.8108
11.8178
11.8174
11.8202
11.8127
11.8101
11.8092
11.8192
11.812
11.8091
11.8156
11.8103
11.8138
11.814
11.8146
11.815
11.8137
11.8151
11.8058
11.8187
11.8178
11.813
11.8124
11.8171
11.8081
11.8122
11.8148
11.8143
11.8145
11.813
11.8191
11.8133
11.8159
11.8159
11.814
11.811
11.8137
11.8189
11.8142
11.815
11.8107
11.8128
11.8168
11.8192
11.814
11.8122
11.811
11.8144
11.8142
11.8097
11.8155
11.8057
11.8152
11.815
11.8154
11.8146
11.8158
11.8117
11.815
11.8156
11.8127
11.8156
11.8105
11.8128
11.8119
11.8152
11.8165
11.8105
11.8105
11.8133
11.8148
11.8143
11.8104
11.8149
11.8169
11.8161
11.8146
11.8165
11.8068
11.8089
11.8075
11.8162
11.8151
11.8085
11.8175
11.8173
11.8173
11.8168
11.8161
11.8134
11.8159
11.8142
11.8105
11.8133
11.8067
11.8122
11.8156
11.8063
11.8134
11.8151
11.8119
11.816
11.8166
11.8149
11.8116
11.8136
11.8136
11.8151
11.8145
11.8141
11.8138
11.8088
11.8147
11.8112
11.8107
11.815
11.8117
11.812
11.8182
11.8181
11.8159
11.8168
11.816
11.8186
11.8136
11.8192
11.8151
11.8144
11.8119
11.8127
11.8179
11.8155
11.8136
11.8168
11.8173
11.8118
11.812
11.8121
11.8132
11.8076
11.8125
11.8124
11.8156
11.8124
11.8124
11.8127
11.8151
11.8123
11.8157
11.814
11.8095
11.8106
11.8136
11.8063
11.8183
11.8127
11.8106
11.8113
11.8097
11.8142
11.8173
11.8186
11.8118
11.8139
11.8163
11.8104
11.8158
11.8162
11.8113
11.8143
11.8081
11.8121
11.8148
11.8121
11.8179
11.8106
11.8128
11.8125
11.816
11.815
11.811
11.8109
11.8115
11.8137
11.8118
11.8121
11.8161
11.8178
11.8119
11.8139
11.8116
11.8106
11.8142
11.814
11.8123
11.8082
11.8139
11.8123
11.809
11.8165
11.8152
11.8146
11.8114
11.8123
11.8128
11.817
11.8168
11.8134
11.8091
11.8206
11.8132
11.8082
11.8122
11.8145
11.8133
11.8156
11.8112
11.8172
11.8167
11.8121
11.8114
11.8122
11.8124
11.817
11.8149
11.8097
11.8122
11.8118
11.8146
11.8121
11.8115
11.8086
11.814
11.8135
11.8097
11.8144
11.808
11.8161
11.8132
11.8167
11.8126
11.8127
11.8142
11.8134
11.8133
11.8145
11.8176
11.8108
11.8165
11.8128
11.8191
11.8094
11.8133
11.8077
11.8115
11.8177
11.8152
11.8171
11.813
11.8119
11.8116
11.8122
11.8145
11.8131
11.8125
11.8116
11.8154
11.8212
11.8136
11.8153
11.814
11.8104
11.809
11.809
11.8124
11.8133
11.8143
11.8126
11.8134
11.8099
11.8183
11.8152
11.8166
11.8167
11.809
11.8096
11.8159
11.8102
11.8094
11.8098
11.8107
11.8069
11.815
11.8115
11.8142
11.8108
11.809
11.8155
11.8084
11.8084
11.8148
11.8125
11.8173
11.8185
11.8118
11.8133
11.8116
11.8147
11.8153
11.8113
11.8118
11.8149
11.8079
11.8097
11.8101
11.8124
11.8129
11.8112
11.8174
11.8155
11.8079
11.8128
11.8118
11.8175
11.811
11.8162
11.8116
11.8149
11.8127
11.8115
11.8148
11.8165
11.8152
11.8128
11.8134
11.8132
11.8121
11.8135
11.8142
11.818
11.8115
11.8093
11.8153
11.8189
11.8085
11.816
11.8177
11.8102
11.8093
11.8146
11.8128
11.814
11.8145
11.8094
11.8137
11.8156
11.8087
11.8189
11.8175
11.811
11.8122
11.8144
11.8081
11.8146
11.8148
11.812
11.8061
11.8119
11.8133
11.8126
11.8135
11.8113
11.8044
11.8104
11.8133
11.8113
11.8157
11.8153
11.8077
11.8105
11.8127
11.8122
11.8116
11.8149
11.8146
11.8111
11.813
11.8125
11.8113
11.809
11.8142
11.8114
11.8049
11.8134
11.8159
11.8131
11.8128
11.8107
11.816
11.8058
11.8101
11.8094
11.8097
11.8085
11.8105
11.8078
11.8105
11.8111
11.8119
11.8131
11.8067
11.8125
11.8106
11.8105
11.8132
11.8084
11.813
11.8134
11.8102
11.8131
11.8131
11.8142
11.8135
11.8088
11.8118
11.8116
11.8146
11.8127
11.8122
11.8099
11.8076
11.8153
11.812
11.8128
11.8164
11.8073
11.8138
11.8082
11.8133
11.8094
11.8145
11.8068
11.814
11.812
11.8146
11.8146
11.8117
11.8137
11.8102
11.8117
11.8095
11.8158
11.8156
11.8095
11.8067
11.8119
11.8099
11.8109
11.8078
11.8143
11.813
11.8118
11.8147
11.813
11.8107
11.8099
11.8157
11.8141
11.8141
11.8151
11.8128
11.8132
11.8188
11.8092
11.8146
11.8148
11.8105
11.8145
11.8137
11.8133
11.8105
11.8127
11.8144
11.8067
11.8167
11.8117
11.8126
11.8083
11.8069
11.8133
11.8098
11.8116
11.8133
11.8126
11.8159
11.8144
11.8079
11.8111
11.8144
11.814
11.8142
11.8105
11.8134
11.8165
11.8132
11.814
11.8158
11.8087
11.8135
11.8132
11.8087
11.8184
11.8106
11.8082
11.8104
11.8114
11.812
11.8128
11.8129
11.8102
11.8097
11.8126
11.8145
11.8124
11.8129
11.8112
11.812
11.8095
11.8162
11.8124
11.813
11.8097
11.8144
11.8122
11.8083
11.8079
11.8129
11.8094
11.8087
11.8116
11.8142
11.8128
11.8125
11.8126
11.8151
11.81
11.8142
11.8088
11.8098
11.8133
11.8107
11.8095
11.8123
11.81
11.8119
11.8064
11.8114
11.8113
11.8159
11.813
11.8112
11.811
11.8085
11.8124
11.8118
11.8117
11.8086
11.8049
11.8104
11.8137
11.8116
11.8071
11.8101
11.8139
11.8094
11.8092
11.8098
11.8117
11.8105
11.8102
11.805
11.8112
11.8079
11.8121
11.811
11.8155
11.8092
11.8131
11.8084
11.8115
11.8126
11.8091
11.8118
11.8097
11.8115
11.8152
11.815
11.8102
11.8116
11.8136
11.815
11.8145
11.8161
11.8163
11.8088
11.8108
11.8158
11.8106
11.8147
11.8142
11.8137
11.8095
11.8056
11.8157
11.8165
11.809
11.8122
11.8073
11.8108
11.8107
11.8123
11.811
11.8121
11.8125
11.8094
11.8138
11.8096
11.8108
11.8165
11.809
11.8119
11.8113
11.8146
11.8154
11.8121
11.8086
11.8112
11.8104
11.8167
11.8102
11.8133
11.8088
11.809
11.8137
11.8129
11.8112
11.8107
11.8107
11.8133
11.8149
11.8126
11.8113
11.8101
11.8135
11.8164
11.8089
11.8125
11.8159
11.8077
11.8107
11.8106
11.81
11.8122
11.8051
11.8098
11.8099
11.8183
11.8121
11.8149
11.8125
11.8136
11.8094
11.8142
11.8097
11.8141
11.8081
11.8177
11.8136
11.8127
11.8189
11.8139
11.8171
11.8139
11.8171
11.823
11.8161
11.8193
11.8182
11.8135
11.8151
11.8154
11.8136
11.8099
11.8193
11.8138
11.8125
11.8153
11.8114
11.8113
11.8118
11.8168
11.8134
11.814
11.8154
11.8059
11.8103
11.8076
11.8141
11.808
11.8111
11.8153
11.8127
11.8111
11.8143
11.8108
11.8121
11.8071
11.8155
11.8149
11.811
11.8102
11.8099
11.8124
11.8071
11.8088
11.8153
11.8173
11.8104
11.807
11.8126
11.8079
11.8143
11.8126
11.8164
11.8126
11.809
11.8162
11.8152
11.816
11.8103
11.8143
11.8144
11.8124
11.8115
11.8064
11.8101
11.8078
11.8112
11.8119
11.8116
11.815
11.8102
11.8113
11.8153
11.8111
11.8113
11.8117
11.8112
11.8114
11.8105
11.8111
11.8122
11.8122
11.8117
11.8113
