13.8415
13.8776
13.8599
12.1327
12.1218
12.1086
12.1148
12.0856
12.0743
12.1002
12.0757
12.0708
12.0754
12.0665
12.0761
12.061
12.0595
12.0429
12.0426
12.0209
12.0224
12.0117
11.9993
12.0229
12.0066
11.9986
12.004
11.9753
11.9673
11.9553
11.9601
11.9518
11.9592
11.9437
11.9511
11.9419
11.9285
11.9152
11.9274
11.917
11.9214
11.929
11.9249
11.9323
11.9172
11.9007
11.905
11.9028
11.9065
11.898
11.8993
11.9043
11.8995
11.8901
11.8969
11.8824
11.8979
11.8795
11.8795
11.8828
11.8771
11.8747
11.8779
11.8814
11.8737
11.8728
11.8639
11.8763
11.8564
11.855
11.86
11.8635
11.8584
11.8609
11.8555
11.8535
11.8574
11.8541
11.8534
11.849
11.8423
11.8514
11.8478
11.8508
11.8578
11.8513
11.8399
11.8523
11.8423
11.8524
11.8509
11.8542
11.8498
11.8518
11.845
11.8403
11.8396
11.8397
11.8374
11.8474
11.8335
11.8436
11.84
11.8348
11.8402
11.8366
11.8394
11.837
11.8331
11.8362
11.8403
11.8329
11.84
11.8322
11.8304
11.8388
11.8413
11.8377
11.8378
11.8291
11.8336
11.8346
11.8361
11.8339
11.8422
11.8409
11.8356
11.8308
11.8333
11.8341
11.8302
11.8333
11.8336
11.8352
11.8275
11.8377
11.8315
11.8267
11.8294
11.8274
11.8293
11.8232
11.8343
11.8271
11.8293
11.825
11.8219
11.8258
11.8246
11.8297
11.8221
11.8259
11.8212
11.8288
11.8281
11.827
11.8237
11.829
11.8246
11.8308
11.8221
11.8323
11.8292
11.8229
11.8269
11.8288
11.8248
11.8257
11.8266
11.8255
11.8274
11.822
11.8258
11.8243
11.8239
11.8283
11.8214
11.8212
11.8202
11.8235
11.8246
11.827
11.8238
11.8225
11.8301
11.8274
11.8244
11.8244
11.8265
11.8177
11.819
11.8177
11.817
11.8234
11.8272
11.8219
11.8217
11.8181
11.8176
11.821
11.8199
11.8271
11.8204
11.8201
11.8215
11.8256
11.8175
11.823
11.8203
11.8161
11.8188
11.8194
11.824
11.8195
11.8256
11.822
11.8175
11.8223
11.8238
11.8186
11.8272
11.8227
11.8139
11.8185
11.822
11.8214
11.8153
11.8224
11.8166
11.8253
11.8211
11.8162
11.8204
11.8211
11.8197
11.8233
11.8232
11.8206
11.8241
11.8192
11.817
11.8215
11.8181
11.8169
11.8209
11.8265
11.8146
11.8139
11.8233
11.8221
11.8245
11.8266
11.8276
11.8184
11.8188
11.8211
11.821
11.8225
11.8196
11.8162
11.8195
11.8202
11.8127
11.8204
11.8184
11.8125
11.8174
11.8156
11.8145
11.8127
11.8189
11.8235
11.8237
11.8182
11.8206
11.8224
11.8207
11.8204
11.8198
11.8257
11.8145
11.8229
11.821
11.8203
11.8232
11.8191
11.8243
11.8173
11.8209
11.8192
11.8195
11.8182
11.8181
11.8177
11.8177
11.8174
11.8174
11.8177
11.8176
11.8174
