159.654
158.054
156.951
156.338
156.163
156.191
156.449
156.257
156.195
156.115
156.104
156.742
156.096
156.201
156.283
156.418
156.41
156.449
156.407
156.347
156.271
156.175
156.162
156.139
156.234
156.388
156.475
156.562
156.431
156.315
156.222
156.172
156.179
156.304
156.282
156.32
156.306
156.248
156.284
156.223
156.236
156.242
156.321
156.342
156.304
156.344
156.31
156.291
156.286
156.271
156.258
156.198
156.272
156.228
156.141
156.229
156.319
156.34
156.34
156.298
156.267
156.251
156.16
156.234
156.218
156.209
156.2
156.226
156.24
156.158
156.258
156.259
156.285
156.274
156.257
156.259
156.23
156.245
156.194
156.09
156.232
156.213
156.299
156.269
156.252
156.268
156.219
156.239
156.209
156.198
156.19
156.218
156.194
156.228
156.156
156.221
156.052
156.23
156.335
156.406
156.308
156.352
156.308
156.197
156.14
156.127
156.122
156.092
156.207
156.2
156.26
156.243
156.24
156.204
156.152
156.195
156.126
156.172
156.167
156.053
156.152
156.134
156.154
156.241
156.228
156.206
156.276
156.207
156.173
156.125
156.184
156.13
156.128
156.164
156.134
156.159
156.12
156.127
156.16
156.152
156.147
156.154
156.116
156.117
156.068
156.147
156.111
156.135
156.133
156.125
156.148
156.13
156.087
156.101
156.115
156.142
156.125
156.145
156.09
156.136
156.121
156.116
156.136
156.145
156.118
156.102
156.167
156.127
156.089
156.145
156.076
156.113
156.113
156.106
156.108
156.168
156.106
156.115
156.113
156.101
156.116
156.125
156.137
156.096
156.101
156.131
156.107
156.1
156.096
156.105
156.133
156.138
156.124
156.107
156.129
156.129
156.109
156.113
156.074
156.136
156.094
156.118
156.108
156.145
156.098
156.107
156.117
156.143
156.128
156.153
156.13
156.097
156.103
156.128
156.089
156.143
156.102
156.095
156.108
156.154
156.1
156.124
156.03
156.076
156.129
156.146
156.149
156.134
156.115
156.075
156.13
156.066
156.1
156.108
156.066
156.092
156.08
156.114
156.081
156.105
156.116
156.079
156.122
156.096
156.118
156.101
156.115
156.088
156.101
156.106
156.111
156.374
156.229
156.652
156.973
156.963
156.71
156.538
156.447
157.047
157.515
157.284
156.676
156.712
157.011
157.189
157.048
156.803
156.946
157.362
157.26
157.115
156.914
157.073
156.913
156.974
157.03
157.326
157.966
157.665
157.055
157.04
157.156
157.403
157.389
157.16
157.027
156.921
157.086
157.595
157.409
157.109
156.986
156.979
156.979
157.117
156.935
156.866
156.238
157.65
159.317
159.21
157.457
156.867
156.548
156.709
156.673
156.495
156.654
156.576
156.403
156.395
156.583
156.668
156.736
156.604
156.777
156.553
156.758
156.757
156.605
156.499
156.424
156.334
156.299
156.287
156.319
156.306
156.336
156.306
156.338
156.286
156.251
156.018
156.265
156.212
156.366
156.445
156.288
156.68
156.927
156.993
156.849
156.678
156.478
156.334
156.242
156.18
156.121
156.127
156.188
156.177
156.21
156.209
156.2
156.195
156.236
156.14
156.152
156.122
156.108
156.102
156.094
156.13
156.116
156.162
156.147
156.175
156.171
156.184
156.127
156.166
156.155
156.153
156.171
156.112
156.137
156.139
156.118
156.079
156.116
156.07
156.081
156.106
156.095
156.062
156.077
156.092
156.085
156.118
156.138
156.082
156.107
156.088
156.158
156.106
156.116
156.111
156.165
156.141
156.108
156.124
156.145
156.093
156.111
156.085
156.105
156.091
156.078
156.118
156.083
156.06
156.098
156.088
156.1
156.098
156.092
156.091
156.083
156.079
156.07
156.081
156.065
156.111
156.095
156.11
156.113
156.075
156.084
156.098
156.079
156.107
156.074
156.08
156.078
156.102
156.057
156.098
156.084
156.078
156.106
156.102
156.116
156.104
156.109
156.1
156.129
156.087
156.076
156.102
156.079
156.109
156.107
156.106
156.079
156.111
156.133
156.118
156.081
156.092
156.107
156.07
156.093
156.089
156.114
156.08
156.111
156.109
156.08
156.099
156.096
156.117
156.091
156.093
156.095
156.076
156.089
156.072
156.102
156.052
156.077
156.098
156.076
156.094
156.082
156.091
156.06
156.12
156.106
156.089
156.104
156.077
156.117
156.089
156.111
156.093
156.092
156.09
156.099
156.085
156.066
156.082
156.101
156.102
156.078
156.086
156.095
156.088
156.089
156.089
156.053
156.106
156.127
156.131
156.116
156.1
156.099
156.086
156.124
156.097
156.067
156.085
156.073
156.097
156.091
156.092
156.075
156.101
156.135
156.111
156.089
156.073
156.068
156.088
156.104
156.113
156.101
156.101
156.092
156.099
156.1
156.099
156.11
156.099
156.077
156.07
156.126
156.126
156.084
156.071
156.098
156.091
156.071
156.103
156.124
156.094
156.076
156.085
156.101
156.083
156.128
156.101
156.091
156.111
156.093
156.108
156.069
156.107
156.072
156.06
156.092
156.068
156.091
156.097
156.099
156.084
156.074
156.094
156.113
156.1
156.114
156.129
156.098
156.102
156.101
156.151
156.091
156.079
156.088
156.094
156.096
156.079
156.085
156.123
156.113
156.098
156.086
156.08
156.072
156.11
156.1
156.08
156.066
156.105
156.096
156.103
156.121
156.094
156.103
156.144
156.078
156.089
156.09
156.103
156.133
156.082
156.083
156.088
156.09
156.104
156.1
156.035
156.116
156.101
156.095
156.115
156.079
156.09
156.11
156.091
156.107
156.104
156.083
156.106
156.103
156.121
156.09
156.116
156.114
156.085
156.083
156.11
156.08
156.098
156.074
156.099
156.075
156.112
156.09
156.089
156.096
156.089
156.101
156.07
156.101
156.098
156.096
156.087
156.075
156.094
156.127
156.092
156.122
156.101
156.1
156.105
156.077
156.082
156.122
156.083
156.102
156.117
156.131
156.072
156.079
156.131
156.059
156.103
156.088
156.088
156.116
156.079
156.081
156.082
156.072
156.068
156.088
156.115
156.127
156.099
156.109
156.116
156.121
156.049
156.111
156.106
156.091
156.1
156.116
156.099
156.091
156.119
156.124
156.101
156.091
156.097
156.129
156.092
156.125
156.117
156.098
156.074
156.127
156.079
156.075
156.089
156.094
156.094
156.109
156.086
156.104
156.104
156.075
156.101
156.092
156.097
156.085
156.08
156.065
156.116
156.1
156.117
156.109
156.109
156.112
156.116
156.09
156.112
156.102
156.106
156.09
156.12
156.076
156.099
156.125
156.124
156.091
156.102
156.088
156.092
156.063
156.097
156.111
156.106
156.122
156.093
156.118
156.08
156.111
156.121
156.09
156.087
156.106
156.112
156.077
156.095
156.105
156.098
156.077
156.09
156.095
156.095
156.099
156.119
156.088
156.11
156.1
156.077
156.111
156.095
156.115
156.111
156.095
156.115
156.076
156.096
156.123
156.111
156.084
156.112
156.106
156.091
156.09
156.108
156.125
156.106
156.097
156.081
156.097
156.078
156.057
156.099
156.109
156.106
156.098
156.097
156.13
156.121
156.11
156.06
156.102
156.104
156.059
156.105
156.103
156.125
156.094
156.094
156.103
156.093
156.104
156.12
156.105
156.107
156.086
156.085
156.086
156.093
156.097
156.088
156.042
156.067
156.09
156.091
156.107
156.084
156.137
156.084
156.119
156.091
156.084
156.088
156.116
156.067
156.079
156.069
156.104
156.118
156.088
156.067
156.092
156.09
156.129
156.079
156.11
156.084
156.088
156.1
156.084
156.099
156.14
156.131
156.105
156.09
156.085
156.114
156.07
156.081
156.09
156.11
156.097
156.086
156.096
156.105
156.073
156.054
156.075
156.087
156.066
156.086
156.109
156.087
156.052
156.087
156.104
156.068
156.076
156.079
156.089
156.067
156.08
156.083
156.085
156.096
156.089
156.08
156.109
156.088
156.099
156.07
156.08
156.097
156.109
156.103
156.116
156.098
156.089
156.097
156.133
156.079
156.081
156.058
156.104
156.056
156.079
156.102
156.094
156.105
156.073
156.105
156.101
156.082
156.095
156.112
156.119
156.095
156.098
156.088
156.067
156.079
156.105
156.108
156.12
156.088
156.095
156.112
156.1
156.092
156.099
156.125
156.088
156.103
156.095
156.062
156.104
156.099
156.07
156.096
156.119
156.091
156.088
156.1
156.094
156.09
156.068
156.121
156.115
156.117
156.101
156.09
156.106
156.088
156.094
156.103
156.108
156.103
156.118
156.086
156.095
156.076
156.085
156.065
156.083
156.091
156.123
156.083
156.093
156.082
156.085
156.079
156.096
156.107
156.114
156.117
156.106
156.097
156.12
156.124
156.097
156.071
156.103
156.086
156.114
156.084
156.095
156.089
156.102
156.078
156.091
156.083
156.116
156.085
156.092
156.098
156.104
156.112
156.124
156.165
156.066
156.106
156.123
156.107
156.103
156.121
156.14
156.146
156.105
156.136
156.103
156.176
156.22
156.205
156.193
156.186
156.19
156.168
156.155
156.16
156.112
156.107
156.057
156.058
156.14
156.121
156.158
156.18
156.159
156.151
156.149
156.134
156.156
156.149
156.155
156.133
156.107
156.124
156.108
156.149
156.089
156.113
156.107
156.14
156.129
156.114
156.136
156.123
156.103
156.114
156.094
156.145
156.087
156.12
156.149
156.123
156.102
156.148
156.093
156.105
156.171
156.115
156.085
156.127
156.149
156.119
156.093
156.116
156.119
156.151
156.111
156.122
156.094
156.096
156.1
156.141
156.087
156.09
156.113
156.114
156.1
156.098
156.091
156.085
156.129
156.079
156.133
156.128
156.096
156.096
156.093
156.077
156.086
156.088
156.1
156.069
156.088
156.111
156.14
156.072
156.081
156.09
156.074
156.122
156.097
156.1
156.084
156.112
156.081
156.114
156.1
156.105
156.119
156.102
156.113
156.089
156.117
156.092
156.089
156.103
156.072
156.086
156.049
156.105
156.105
156.082
156.104
156.074
156.114
156.08
156.102
156.095
156.058
156.093
156.114
156.132
156.093
156.116
156.097
156.093
156.097
156.109
156.096
156.121
156.071
156.111
156.108
156.102
156.087
156.13
156.091
156.093
156.097
156.095
156.112
156.109
156.121
156.102
156.091
156.106
156.105
156.108
156.091
156.085
156.076
156.115
156.077
156.066
156.109
156.094
156.098
156.089
156.112
156.129
156.09
156.093
156.086
156.092
156.093
156.111
156.112
156.102
156.095
156.09
156.081
156.107
156.107
156.084
156.104
156.113
156.077
156.098
156.091
156.101
156.093
156.071
156.11
156.117
156.12
156.076
156.096
156.081
156.104
156.123
156.107
156.085
156.102
156.094
156.089
156.11
156.098
156.118
156.066
156.062
156.093
156.1
156.095
156.087
156.08
156.077
156.077
156.112
156.095
156.073
156.104
156.072
156.153
156.123
156.175
156.264
156.279
156.268
156.286
156.287
156.161
156.197
156.324
156.327
156.484
156.384
156.377
156.287
156.28
156.27
156.31
156.301
156.315
156.331
156.356
156.331
156.283
156.394
156.412
156.424
156.449
156.361
155.433
157.796
160.651
161.925
161.857
161.473
161.55
162.16
163.442
165.651
168.84
169.87
172.062
174.758
176.806
178.681
179.82
181.513
182.466
182.66
182.598
181.833
181.146
179.634
177.134
175.849
174.23
172.333
171.252
169.225
167.452
166.335
165.764
164.393
163.798
162.96
161.976
161.45
161.035
160.612
160.114
159.782
159.467
159.18
159.074
158.819
158.744
158.557
158.35
158.245
158.17
158.098
157.965
158.015
157.911
157.812
157.812
157.867
157.78
157.935
157.767
157.772
157.964
157.649
157.88
157.604
157.578
157.672
157.699
157.602
157.641
157.875
157.646
157.668
157.816
157.758
157.835
157.816
157.984
158.08
157.9
158.052
158.1
158.488
158.155
158.256
158.397
158.432
158.54
158.497
158.631
158.54
158.65
158.697
158.625
158.784
158.815
158.677
158.81
158.701
158.912
158.775
158.803
158.756
158.773
158.805
158.815
158.99
158.777
158.793
158.837
159.216
158.888
158.86
158.993
159.032
159.095
159.082
159.025
159.119
159.222
159.139
160.065
159.647
160.345
160.974
161.626
162.165
162.47
162.941
163.635
163.689
163.966
164.309
164.489
164.715
164.842
165.018
165.125
165.367
165.17
165.282
165.211
165.331
165.308
165.281
165.333
165.107
165.131
164.839
164.781
164.815
164.59
164.451
164.402
164.062
164.024
164.458
164.907
165.845
166.878
167.614
168.324
168.84
169.176
169.64
169.902
170.071
170.278
170.446
170.501
170.272
170.113
169.954
169.682
169.636
169.222
168.888
168.115
167.583
167.49
166.7
166.306
165.413
164.626
163.902
162.996
162.114
161.06
160.004
158.923
157.829
156.877
156.273
156.271
157.239
158.757
159.214
158.148
156.926
156.306
156.145
156.287
156.469
156.689
156.874
156.907
156.926
156.782
156.703
156.541
156.406
156.278
156.173
156.156
156.127
156.318
156.445
156.512
156.507
156.446
156.338
156.261
156.172
156.159
156.12
156.165
156.072
156.181
156.191
156.177
156.149
156.164
156.128
156.126
156.112
156.123
156.148
156.194
156.178
156.048
156.322
156.399
156.479
156.538
156.463
156.39
156.312
156.256
156.179
156.135
156.086
156.101
156.142
156.119
156.116
156.116
156.143
156.131
156.103
156.143
156.134
156.103
156.144
156.198
156.135
156.183
156.157
156.162
156.251
156.154
156.17
156.164
156.147
156.138
156.176
156.131
156.16
156.137
156.147
156.102
156.141
156.122
156.157
156.14
156.135
156.15
156.151
156.122
156.348
156.135
156.17
156.123
156.14
156.198
156.178
156.245
156.151
156.242
156.151
156.207
156.214
156.127
156.114
156.153
156.103
156.077
156.083
156.098
156.077
156.097
156.105
156.108
156.121
156.106
156.938
156.751
158.374
160.202
161.88
162.711
162.499
161.247
158.868
161.478
269.261
165.856
160.099
163.223
167.535
171.063
175.01
176.668
178.268
178.744
181.218
181.268
180.876
180.764
179.946
178.682
176.974
168.737
169.822
165.797
162.352
159.589
157.619
156.58
156.421
157.071
158.509
160.911
164.712
169.571
175.072
182.18
190.644
200.524
210.855
223.175
237.837
253.325
270.688
286.043
308.763
323.71
339.142
355.977
370.925
375.22
383.136
381.477
377.676
373.378
358.532
346.374
336.191
324.313
311.642
300.189
289.294
280.313
270.949
265.209
256.709
249.584
243.38
238.712
234.057
229.573
225.997
222.205
219.179
216.644
214.451
213.024
209.047
208.19
206.113
204.309
202.667
200.822
200.036
199.088
197.036
195.556
195.243
194.62
192.399
192.098
190.89
189.624
189.614
189.288
187.963
187.913
186.746
186.277
186.007
185.209
185.043
184.45
184.726
183.445
182.872
182.696
182.036
182.402
181.232
180.923
180.788
179.984
179.956
180.146
179.383
179.527
179.016
178.95
178.453
177.841
177.575
177.718
177.346
177.062
177.027
176.333
176.437
175.833
175.883
175.429
174.661
175.83
175.075
174.711
174.271
174.461
173.969
174.19
173.887
173.215
173.239
173.414
172.761
173.097
172.742
172.454
172.156
172.585
172.004
172.003
171.964
171.728
171.026
171.138
171.2
171.438
170.869
170.595
171.018
170.453
170.112
170.243
169.879
169.773
169.82
169.625
169.661
169.464
169.282
169.351
168.866
168.902
168.886
169.305
168.9
168.174
168.535
168.201
167.993
168.073
168.051
167.72
167.923
167.617
167.624
167.444
167.552
167.247
166.917
167.121
166.683
167.003
166.714
166.798
166.608
166.263
166.494
166.192
166.227
166.183
166.104
165.799
165.778
166.036
165.603
165.692
165.569
165.684
165.793
165.681
165.555
165.36
165.238
165.418
165.227
165.203
165.083
165.028
164.857
164.785
164.911
164.92
165.053
164.578
164.785
164.568
164.296
164.295
164.25
164.483
164.339
164.266
164.335
164.131
164.119
163.927
164.112
163.831
163.745
163.812
164.127
163.492
163.563
163.734
163.492
163.516
163.612
163.308
163.457
163.269
163.3
163.402
163.303
163.249
163.126
163.224
162.801
163.021
163.134
162.864
163.11
162.742
162.716
162.662
162.747
162.691
162.689
162.503
162.564
162.54
162.524
162.387
162.834
162.544
162.309
162.454
162.549
162.35
162.075
162.139
162.172
161.954
162.04
161.94
161.943
162.185
161.985
161.788
161.884
161.875
161.865
161.6
161.599
161.776
161.612
161.532
161.446
161.481
161.523
161.241
161.441
161.275
161.354
161.38
161.003
161.276
161.024
161.343
160.934
161.26
161.153
161.257
161.181
161.092
161.175
161.012
160.81
160.905
161.052
161.01
160.856
160.819
160.992
160.697
160.707
160.8
160.655
160.564
160.674
160.813
160.8
160.67
160.568
160.631
160.483
160.553
160.615
160.516
160.409
160.543
160.446
160.443
160.406
160.406
160.268
160.336
160.259
160.185
160.224
160.186
160.387
160.185
160.223
160.185
160.133
160.034
160.128
159.975
160.031
160.121
160.099
160.035
160.102
160.026
160.032
159.778
159.949
159.883
159.786
159.904
159.854
159.884
159.911
159.708
159.729
159.851
159.826
159.873
159.845
159.734
159.725
159.816
159.728
159.769
159.707
159.796
159.535
159.555
159.782
159.506
159.589
159.501
159.463
159.618
159.746
159.418
159.472
159.405
159.596
159.574
159.276
159.494
159.358
159.274
159.36
159.348
159.342
159.32
159.262
159.327
159.245
159.362
159.242
159.342
159.226
