159.462
159.352
159.04
159.106
158.903
158.873
159.08
158.827
158.852
158.873
158.556
158.783
158.716
158.622
158.559
158.684
158.656
158.603
158.602
158.482
158.468
158.555
158.446
158.486
158.196
158.261
158.003
157.939
157.988
157.787
157.514
157.605
157.559
157.553
157.727
157.568
157.516
157.611
157.688
157.597
157.607
157.576
157.577
157.545
157.73
157.548
157.568
157.677
157.596
157.644
157.811
157.716
157.716
157.497
157.33
157.214
157.091
157.173
157.175
157.165
157.126
157.093
157.039
156.968
156.779
156.691
156.74
156.497
156.516
156.337
156.442
156.379
156.16
156.226
156.128
156.095
156.117
156.022
155.994
155.96
156.135
156.213
156.33
156.195
156.249
156.2
156.165
156.152
156.109
156.155
156.255
156.12
156.178
156.242
156.129
156.076
156.165
156.08
