106.707
102.581
101.703
101.505
101.146
100.812
100.52
100.15
99.8571
99.5947
99.3769
99.0153
98.9115
98.8261
98.5714
98.5032
98.3288
98.0606
97.9286
97.887
97.7591
97.7938
97.6331
97.7202
97.5826
97.4845
97.4763
97.3901
97.386
97.366
97.316
97.3562
97.3369
97.1861
97.2076
97.1628
97.2572
97.213
97.0835
97.2699
97.1862
97.0716
97.1445
97.1086
97.1461
97.1193
97.0012
97.02
97.0658
97.0485
97.0187
96.9999
96.9307
96.9513
96.9049
96.9096
97.004
97.0029
96.8374
96.9476
96.8813
96.8045
96.9577
96.8704
96.8521
96.8965
96.6778
96.8461
96.6968
96.7322
96.768
96.7359
96.7209
96.6944
96.6985
96.6106
96.6351
96.6695
96.6774
96.5475
96.6208
96.5856
96.5278
96.699
96.5492
96.636
96.5303
96.5096
96.5557
96.5356
96.4893
96.6078
96.6454
96.5745
96.4644
96.4407
96.4269
96.4483
96.5033
96.5001
96.5041
96.4028
96.5509
96.4943
96.4092
96.4026
96.4039
96.4221
96.3685
96.3612
96.4192
96.4244
96.3671
96.3658
96.3529
96.4326
96.371
96.318
96.27
96.3858
96.3131
96.3739
96.3877
96.3472
96.366
96.3439
96.3315
96.4112
96.293
96.3625
96.2322
96.2745
96.2804
96.2289
96.3527
96.3412
96.3269
96.2786
96.2519
96.3255
96.279
96.2221
96.2801
96.3034
96.2097
96.3144
96.1778
96.2341
96.2061
96.2066
96.2535
96.3175
96.2109
96.213
96.2985
96.3202
96.2559
96.1974
96.3059
96.1131
96.2602
96.2452
96.2763
96.1986
96.2477
96.3174
96.2375
96.1492
96.2179
96.2541
96.236
96.321
96.2078
96.218
96.1677
96.2268
96.2206
96.2193
96.1471
96.1732
96.2241
96.2581
96.2391
96.2915
96.1805
96.1206
96.2026
96.1109
96.2522
96.1379
96.1645
96.2365
96.103
96.0266
96.1796
96.0617
96.1432
96.1503
96.1061
96.1981
96.0854
96.0334
96.19
96.0813
96.1676
96.1196
96.1261
96.1345
96.1817
96.0941
96.1484
96.1294
96.049
96.067
96.1362
96.1522
96.0106
96.0677
96.1355
96.1205
96.0519
96.0594
96.0794
96.2343
96.1604
96.0457
96.0745
96.0338
96.0622
95.9931
96.1052
96.0091
95.9877
96.0897
96.0708
95.9803
96.1366
96.1107
96.0896
96.0935
96.1151
96.1385
96.0255
96.0325
96.0693
96.1476
96.0353
96.1185
96.0335
96.0538
96.0897
96.1566
96.077
96.0276
96.0361
96.0274
95.9853
96.0535
95.996
96.0098
96.005
96.0013
96.0507
96.1056
95.9772
96.0359
95.9885
96.0447
96.046
95.9763
96.0094
95.9652
95.963
96.0685
96.0415
96.048
96.1116
96.03
95.9755
95.9874
95.923
95.8474
95.974
95.9709
96.0094
95.9516
96.0127
95.9815
96.0055
95.9498
95.9789
96.0255
96.02
95.9822
96.009
95.9701
96.0042
95.9462
95.9408
95.9447
95.9581
95.8299
96.0249
95.9533
95.9674
96.0663
95.9423
95.9446
95.9364
95.8912
95.9633
95.924
95.8778
95.9368
95.9895
95.9672
95.9138
95.9114
95.9461
95.9707
95.8812
95.8848
95.9382
95.9781
95.8948
95.9508
95.9487
95.9627
96.0992
95.9651
96.0283
95.8697
95.9361
95.9031
96.055
95.9108
95.941
95.9481
95.8842
95.8875
95.9051
95.9176
95.9015
95.9135
95.9426
95.8442
95.8407
95.8797
95.9382
95.918
95.8686
95.9121
95.9421
95.8782
95.9605
96.0066
95.9421
95.9623
95.9147
95.9622
95.9121
95.8387
95.9265
95.9806
95.9578
95.8945
95.9131
95.8352
95.9481
95.8658
95.9298
95.9276
95.8386
95.889
95.9477
95.9397
95.9211
95.8724
95.915
95.8671
95.8392
95.8852
95.8798
95.8975
95.9047
95.8338
95.8447
95.9313
95.8428
95.8527
95.8621
95.829
95.8157
95.7926
95.7387
95.818
95.8459
95.8066
95.8936
95.8969
95.8227
95.9131
95.8146
95.9043
95.8164
95.8368
95.9074
95.8701
95.8757
95.8508
95.8652
95.8796
95.7881
95.7694
95.8313
95.9095
95.789
95.7924
95.8093
95.8549
95.7951
95.766
95.7349
95.7936
95.7821
95.8249
95.8259
95.7391
95.8401
95.8457
95.8356
95.7678
95.7962
95.8368
95.818
95.7479
95.8836
95.8255
95.8451
95.8372
95.825
95.8078
95.8295
95.7825
95.8928
95.771
95.7274
95.7978
95.8748
95.7297
95.8943
95.8412
95.7779
95.73
95.8376
95.814
95.7994
95.8965
95.8535
95.7529
95.7912
95.7942
95.8144
95.8504
95.7336
95.7706
95.7615
95.762
95.8034
95.773
95.8595
95.7415
95.811
95.7741
95.74
95.7676
95.8177
95.8228
95.6834
95.6971
95.7933
95.7591
95.7409
95.7124
95.7643
95.745
95.807
95.8215
95.7299
95.8903
95.8993
95.8122
95.7525
95.699
95.74
95.7541
95.8364
95.7419
95.7241
95.7363
95.8166
95.785
95.7868
95.7388
95.7542
95.762
95.7804
95.8015
95.7785
95.8207
95.7854
95.743
95.751
95.7463
95.7611
95.7247
95.6933
95.7468
95.7152
95.7849
95.712
95.7439
95.7601
95.708
95.7383
95.7011
95.6978
95.7288
95.7337
95.7581
95.6938
95.702
95.6668
95.6322
95.7287
95.7465
95.6898
95.7447
95.7534
95.7203
95.7505
95.7611
95.7123
95.7344
95.8404
95.7282
95.6915
95.7423
95.5812
95.8267
95.739
95.8026
95.7365
95.7386
95.8354
95.7806
95.7441
95.8096
95.7109
95.7274
95.7256
95.747
95.6714
95.6756
95.7779
95.6843
95.6947
95.7676
95.6808
95.7143
95.7002
95.6028
95.7813
95.796
95.6698
95.7036
95.6981
95.6667
95.7079
95.7228
95.7305
95.7372
95.7904
95.6911
95.6628
95.7308
95.6857
95.7036
95.7023
95.6989
95.6689
95.7167
95.7492
95.709
95.7436
95.7341
95.6918
95.7142
95.8345
95.6799
95.6499
95.6788
95.6966
95.6124
95.6947
95.7492
95.7569
95.6006
95.7507
95.6148
95.6594
95.6434
95.6584
95.6732
95.645
95.646
95.7427
95.723
95.6567
95.5736
95.681
95.7386
95.7049
95.7103
95.7214
95.753
95.726
95.652
95.7525
95.6864
95.712
95.6392
95.6961
95.6545
95.6455
95.6084
95.6354
95.5797
95.6492
95.6046
95.5693
95.6071
95.6764
95.598
95.7033
95.6542
95.6379
95.5629
95.5782
95.5833
95.6901
95.674
95.5955
95.6296
95.6828
95.6659
95.6782
95.6576
95.6039
95.5732
95.69
95.7026
95.6558
95.6628
95.6724
95.6806
95.5838
95.6025
95.6486
95.6432
95.6554
95.5991
95.6716
95.592
95.6895
95.6677
95.545
95.6511
95.5382
95.6105
95.6555
95.6278
95.5543
95.5487
95.5729
95.5431
95.5904
95.5497
95.6768
95.6171
95.5813
95.6383
95.6343
95.6263
95.6623
95.5298
95.5789
95.5676
95.5963
95.5518
95.6954
95.7659
95.5973
95.6077
95.6963
95.5845
95.6429
95.5609
95.6255
95.6045
95.5413
95.5466
95.5847
95.5566
95.5951
95.5345
95.5911
95.5727
95.6169
95.6207
95.5191
95.5262
95.6036
95.5423
95.6068
95.5483
95.5399
95.5218
95.5734
95.556
95.6424
95.5504
95.5765
95.5272
95.5882
95.5894
95.5882
95.5931
95.5962
95.5711
95.6205
95.5461
95.5973
95.5447
95.5127
95.4857
95.574
95.6425
95.5721
95.6266
95.6112
95.5736
95.6011
95.5134
95.5904
95.4954
95.5883
95.5586
95.4979
95.5164
95.5776
95.5955
95.5167
95.545
95.5471
95.5349
95.5602
95.5222
95.5387
95.4758
95.5533
95.5359
95.5347
95.5283
95.5133
95.6467
95.4502
95.57
95.53
95.5025
95.3869
95.5152
95.5317
95.4866
95.4766
95.5153
95.6055
95.5196
95.5322
95.4921
95.4726
95.4945
95.534
95.533
95.5029
95.5401
95.6242
95.5231
95.5234
95.5398
95.5216
95.565
95.5387
95.5089
95.5911
95.553
95.4667
95.5069
95.5011
95.5592
95.5016
95.4925
95.4698
95.4873
95.5317
95.5845
95.425
95.4492
95.527
95.5122
95.479
95.5282
95.564
95.5056
95.456
95.4355
95.5094
95.555
95.4195
95.4797
95.4071
95.4571
95.7723
95.5507
95.4861
95.5107
95.515
95.5506
95.4906
95.4264
95.4484
95.4515
95.4396
95.5319
95.5278
95.5196
95.4872
95.4115
95.5545
95.526
95.5311
95.4998
95.4514
95.4685
95.4372
95.3659
95.4864
95.439
95.4104
95.3619
95.4621
95.5135
95.4447
95.4398
95.4838
95.4994
95.5565
95.3876
95.4774
95.4007
95.4982
95.4549
95.4957
95.5152
95.46
95.4733
95.4618
95.4365
95.4891
95.5113
95.4475
95.3543
95.4149
95.4011
95.366
95.3658
95.3981
95.371
95.4322
95.4117
95.4227
95.39
95.4172
95.3568
95.3419
95.394
95.4284
95.4238
95.4274
95.4403
95.3939
95.3995
95.4049
95.3944
95.4274
95.4648
95.4144
95.4661
95.4585
95.3495
95.4445
95.4405
95.4333
95.4572
95.3989
95.4905
95.4348
95.4502
95.4877
95.4106
95.3555
95.3857
95.406
95.3245
95.3724
95.3741
95.4041
95.4084
95.4521
95.4253
95.3734
95.3887
95.3544
95.3685
95.3138
95.3851
95.3497
95.3272
95.3646
95.3837
95.4186
95.3563
95.3377
95.387
95.4464
95.5033
95.3532
95.4018
95.4425
95.3322
95.3331
95.3499
95.4026
95.3684
95.3842
95.4351
95.4181
95.3567
95.3431
95.4107
95.3017
95.3475
95.5211
95.3944
95.4433
95.4447
95.4898
95.406
95.3325
95.4165
95.3201
95.2958
95.2704
95.3236
95.322
95.276
95.3583
95.3247
95.2982
95.3806
95.4483
95.2819
95.3855
95.2945
95.357
95.2645
95.2995
95.3859
95.4205
95.3735
95.345
95.2947
95.3331
95.3244
95.3684
95.2976
95.3144
95.334
95.2899
95.3221
95.3528
95.3625
95.3417
95.3027
95.3826
95.2458
95.3434
95.3796
95.3392
95.3564
95.3309
95.2931
95.2706
95.3566
95.3449
95.383
95.3576
95.3729
95.3188
95.3422
95.3079
95.2572
95.3267
95.2599
95.2794
95.3476
95.341
95.356
95.303
95.351
95.2732
95.2776
95.3128
95.2974
95.2572
95.3327
95.3093
95.2964
95.3398
95.1824
95.2519
95.1715
95.2751
95.1956
95.264
95.1851
95.2814
95.2478
95.262
95.1843
95.2349
95.245
95.342
95.2549
95.1899
95.352
95.2831
95.3044
95.2312
95.2822
95.2027
95.2566
95.2384
95.2276
95.2686
95.1582
95.2186
95.1439
95.2147
95.2774
95.1464
95.2161
95.2743
95.1717
95.2813
95.1305
95.2915
95.2304
95.2238
95.3376
95.2221
95.177
95.1727
95.2334
95.2709
95.249
95.2998
95.2509
95.2206
95.2482
95.2568
95.2685
95.3081
95.2609
95.2491
95.2389
95.2655
95.1159
95.2561
95.2769
95.2474
95.2125
95.1728
95.1474
95.2384
95.2022
95.2135
95.2783
95.2333
95.1873
95.2275
95.2534
95.1436
95.1862
95.2003
95.2293
95.2298
95.1465
95.1202
95.2291
95.1523
95.0957
95.3124
95.2759
95.209
95.1744
95.1176
95.2655
95.0257
95.2339
95.182
95.1946
95.2561
95.1527
95.1974
95.1611
95.1625
95.1362
95.1706
95.1588
95.0991
95.1845
95.1463
95.1529
95.1483
95.1102
95.2169
95.266
95.1302
95.1068
95.1083
95.1302
95.205
95.073
95.0827
95.1692
95.2502
95.2644
95.1497
95.0454
95.1938
95.2202
95.1319
95.2292
95.162
95.1286
95.2392
95.1503
95.1436
95.1888
95.2209
95.1141
95.1941
95.1813
95.0885
95.0863
95.1972
95.1508
95.0845
95.1638
95.0828
95.1086
95.1038
95.1795
95.1251
95.0972
95.145
95.1186
95.1542
95.09
95.1226
95.1059
95.1152
95.165
95.1075
95.1376
95.077
95.0516
95.1416
95.1268
95.1044
95.0767
95.2254
95.2143
95.1546
95.2115
95.1512
95.0802
95.0903
95.1108
95.1508
95.1391
95.0551
95.2261
95.1265
95.1003
95.102
95.056
95.1639
95.0475
95.0189
95.052
95.111
95.1774
95.117
95.0637
95.07
95.1448
95.1038
95.1016
95.1139
95.0998
95.1651
95.0694
95.0281
95.0746
95.1074
95.133
95.0875
95.1432
95.1027
95.0629
95.1012
95.0945
95.1525
95.0034
95.0792
95.06
95.0481
95.0266
95.0017
95.0366
95.0071
95.1045
95.1053
94.9782
95.0486
94.9737
95.0374
95.0196
95.1041
95.1009
95.0256
95.0329
95.117
95.0836
95.0234
95.0691
95.073
95.0183
95.066
95.1726
95.0108
95.1275
94.9515
95.0518
95.0338
95.0153
95.0551
95.0936
95.0402
95.0265
95.0633
95.043
95.0884
95.0563
95.0416
95.0157
95.0171
95.0515
95.0292
95.0986
95.0114
94.9895
95.0158
94.9839
95.0169
95.0267
95.0523
95.0722
95.0819
95.0607
94.9666
95.0881
95.1456
95.0753
95.0165
94.9688
94.9815
95.0463
95.085
95.0898
94.9535
95.0285
94.871
95.0313
95.1129
95.0716
94.9759
95.0278
94.9898
95.0072
95.0796
94.9911
95.0082
94.9361
94.9696
95.0828
94.9832
95.0132
94.9773
95.0114
95.017
94.9372
95.0195
94.899
95.0628
94.9685
94.9731
94.9478
95.0743
95.0153
94.9575
94.9848
95.0845
94.9685
94.9133
94.8989
94.9994
94.986
94.9744
95.0361
94.9625
95.006
94.9881
95.0078
94.9786
94.9952
95.0003
94.9858
95.0308
94.9149
94.9382
94.9757
95.0289
95.0862
94.9568
95.0175
94.9791
94.9639
95.0158
94.9837
95.0673
95.0073
94.9704
95.0141
95.0353
94.9808
94.9765
94.9688
94.9143
94.9591
94.9058
94.9469
95.0136
94.8994
94.9248
94.904
94.971
94.9898
95.0103
94.9138
94.9768
94.9393
94.9826
94.8973
94.9683
94.8978
94.8556
94.8852
94.8965
94.926
94.9048
94.9299
94.9974
95.0118
94.8585
94.9353
95.004
94.9252
95.0441
94.9788
95.0202
94.9124
94.9238
94.9079
94.991
94.9637
94.9611
94.9114
94.9421
94.8724
95.0047
95.0439
94.9533
94.9304
95.0023
94.9588
95.0175
95.0089
94.9931
95.0025
94.9107
94.9451
94.991
94.9534
94.8765
94.9292
94.9507
94.9697
94.9252
94.8995
94.9051
94.9796
94.9847
94.8618
94.8981
95.0252
94.974
95.0013
94.8876
94.9711
94.8843
94.9375
94.9387
94.9312
94.942
94.8905
94.8856
95.0483
94.9334
94.9267
94.9358
94.8285
94.8368
94.8626
94.8625
95.0004
94.8812
94.9225
94.8842
94.8966
94.9644
94.8239
94.9199
94.936
94.8727
94.8995
94.926
94.9362
94.9151
94.9302
94.8993
94.8852
94.9611
94.9353
94.9016
95.0397
94.9399
94.8661
94.9464
94.8323
94.8965
94.8832
94.9666
94.863
94.9226
94.8817
94.8338
94.8704
94.9007
94.9679
94.7595
94.8552
94.8769
94.8172
94.8819
94.8621
94.8568
94.9912
94.8954
94.9271
94.932
94.7998
94.9036
94.8201
94.8805
94.8845
94.9207
94.9601
94.8825
94.8907
94.9199
94.9102
94.7839
94.8603
94.9319
94.9048
94.7929
94.8808
94.8501
94.8916
94.8364
94.9269
94.91
94.984
94.8448
94.9209
94.8336
94.8636
94.932
94.925
94.8798
94.8561
94.8391
94.8669
94.8189
94.8679
94.8385
94.8388
94.9584
94.8419
94.845
94.8391
94.804
94.8982
94.8551
94.8488
94.9076
94.8482
94.7908
94.9277
94.9007
94.9081
94.9107
94.9187
94.8614
94.8631
94.8605
94.9575
94.8992
94.8727
94.9307
94.8919
94.9256
94.8481
94.7995
94.9463
94.9183
94.9463
94.8255
94.8851
94.8745
94.8486
94.914
94.9042
94.8772
94.8981
94.8841
94.8792
94.8977
94.9225
94.7774
94.9293
94.834
94.8905
94.8874
94.8428
94.9048
94.8417
94.8733
94.8496
94.8534
94.925
94.9063
94.9037
94.8514
94.8445
94.8171
94.8744
94.906
94.8499
94.8639
94.8305
94.875
94.8594
94.808
95.036
95.0012
94.9369
94.9107
94.8274
94.846
94.8709
94.8718
94.8504
94.8653
94.8506
94.8632
94.8324
94.7972
94.8038
94.8511
94.8186
94.8247
94.8712
94.8532
94.9167
94.9019
94.875
94.8056
94.8909
94.8365
94.841
94.9779
94.8877
94.8296
94.8279
94.8472
94.9003
94.8649
94.8382
94.8161
94.8487
94.838
94.8864
94.8284
94.8377
94.8685
94.8074
94.8512
94.9087
94.97
94.8652
94.8693
94.8603
94.7994
94.9044
94.8838
94.8129
94.856
94.8788
94.8544
94.8335
94.8052
94.8911
94.8768
94.7948
94.8835
94.8559
94.8857
94.9401
94.9215
94.9177
94.8622
94.8609
94.9064
94.8434
94.8644
94.8288
94.8372
94.8107
94.8045
94.8143
94.8997
94.9059
94.8293
94.8791
94.8788
94.8749
94.8888
94.766
94.8208
94.8613
94.8343
94.8709
94.8998
94.924
94.7671
94.8639
94.837
94.8558
94.8755
94.8714
94.8568
94.8456
94.8801
94.9797
94.8859
94.8202
94.8275
94.7548
94.9043
94.8387
94.8765
94.8208
94.7667
94.8863
94.8536
94.888
94.7952
94.8496
94.8386
94.8596
94.9092
94.767
94.8342
94.9172
94.8711
94.8478
94.8576
94.7652
94.845
94.8633
94.8303
94.9102
94.8159
94.9196
94.8779
94.8316
94.8998
94.7699
94.89
94.8099
94.8602
94.8009
94.8589
94.9163
94.8424
94.8608
94.955
94.8619
94.8131
94.7714
94.801
94.8536
94.8701
94.7865
94.8635
94.8803
94.9367
94.8437
94.8292
94.8251
94.8259
94.897
94.7894
94.8428
94.8103
94.7909
94.8434
94.8778
94.8548
94.9123
94.8657
94.8235
94.822
94.8713
94.8313
94.8478
94.8586
94.7945
94.822
94.7898
94.8116
94.9062
94.8399
94.8241
94.837
94.8532
94.868
94.8229
94.8084
94.8719
94.8005
94.8831
94.8967
94.8933
94.8244
94.8346
94.95
94.8596
94.8686
94.8261
94.8271
94.8522
94.7892
94.8185
94.8324
94.8847
94.7921
94.8172
94.8366
94.8639
94.7702
94.8271
94.8537
94.78
94.847
94.8068
94.8213
94.8475
94.8022
94.8916
94.9537
94.8376
94.7831
94.8696
94.8162
94.7971
94.836
94.7826
94.8176
94.8814
94.8652
94.8366
94.8574
94.7982
94.8137
94.8554
94.8022
94.8444
94.7872
94.8566
94.8079
94.8358
94.8614
94.8996
94.8424
94.8611
94.8472
94.8161
94.8467
94.8646
94.8676
94.8301
94.8722
94.7957
94.8291
94.8433
94.8136
94.8813
94.7778
94.7711
94.8221
94.851
94.8757
94.8536
94.8683
94.8892
94.8792
94.8866
94.9265
94.7477
94.8873
94.7856
94.8558
94.7956
94.8574
94.8651
94.8627
94.7924
94.8627
94.8152
94.826
94.8084
94.8944
94.8255
94.8822
94.8402
94.8399
94.8213
94.839
94.8081
94.8438
94.8525
94.8068
94.7681
94.8307
94.8073
94.8761
94.813
94.8911
94.8033
94.8443
94.8196
94.8712
94.8242
94.819
94.8184
94.8461
94.9018
94.8908
94.7451
94.7783
94.8213
94.8413
94.8233
94.8118
94.8331
94.8264
94.836
94.8567
94.8392
94.76
94.8802
94.8169
94.7505
94.8143
94.7619
94.7716
94.7731
94.7868
94.8098
94.8877
94.7121
94.8284
94.8833
94.8213
94.7998
94.8702
94.8748
94.787
94.8337
94.8392
94.7985
94.7827
94.8639
94.8383
94.7616
94.8265
94.8291
94.8342
94.8369
94.8732
94.8416
94.9259
94.8214
94.8677
94.8768
94.8945
94.8441
94.8068
94.9132
94.8311
94.8018
94.8921
94.806
94.8026
94.801
94.8207
94.8322
94.8027
94.888
94.8156
94.8596
94.8343
94.8285
94.8325
94.8697
94.7753
94.7694
94.8091
94.837
94.8637
94.802
94.7695
94.8462
94.8508
94.8727
94.8077
94.9656
94.8474
94.862
94.8758
94.8365
94.8091
94.819
94.8182
94.7719
94.8327
94.7915
94.8185
94.837
94.817
94.8171
94.8028
94.7596
94.7763
94.7848
94.8308
94.7494
94.7806
94.8176
94.7699
94.7972
94.726
94.7763
94.7825
94.7813
94.8257
94.8532
94.7784
94.7725
94.7835
94.7971
94.8497
94.9214
94.8638
94.8389
94.8078
94.8146
94.8788
94.8266
94.7661
94.8426
94.7278
94.7507
94.8296
94.8277
94.8072
94.7797
94.7318
94.8379
94.801
94.8067
94.7506
94.8185
94.7203
94.7972
94.8798
94.8137
94.7712
94.8094
94.6941
94.8259
94.7588
94.8581
94.8052
94.8986
94.8158
94.8274
94.7669
94.9108
94.841
94.8665
94.7511
94.8051
94.8255
94.8009
94.8434
94.8418
94.7908
94.8138
94.916
94.8351
94.9381
94.821
94.8368
94.8235
94.8068
94.9203
94.7834
94.8468
94.8111
94.8725
94.8165
94.8792
94.8381
94.7903
94.7557
94.8561
94.7496
94.8002
94.7998
94.8492
94.8281
94.7626
94.8436
94.7744
94.7777
94.7607
94.767
94.8268
94.83
94.7941
94.8072
94.7286
94.8299
94.8474
94.8213
94.8554
94.7617
94.8257
94.8614
94.8478
94.9457
94.8473
94.8039
94.777
94.747
94.7797
94.8458
94.8187
94.715
94.7924
94.8101
94.8472
94.753
94.8703
94.795
94.8591
94.81
94.8277
94.8289
94.8136
94.8001
94.8524
94.8342
94.7698
94.8269
94.8358
94.8282
94.8154
94.777
94.7374
94.7746
94.8017
94.8807
94.787
94.7709
94.7812
94.7083
94.7689
94.7492
94.8575
94.7852
94.8727
94.8065
94.8272
94.7406
94.7487
94.7693
94.7765
94.8005
94.7463
94.7621
94.823
94.8432
94.8537
94.7681
94.7729
94.7759
94.7908
94.8091
94.7957
94.858
94.773
94.7915
94.7764
94.7749
94.8327
94.7509
94.749
94.7662
94.8475
94.8398
94.7605
94.8201
94.7959
94.7504
94.8098
94.793
94.7936
94.849
94.875
94.8115
94.7541
94.7785
94.8383
94.847
94.766
94.9152
94.8367
94.8135
94.7731
94.8544
94.7403
94.7599
94.8115
94.8234
94.8437
94.7608
94.8039
94.8334
94.769
94.7513
94.8582
94.7729
94.7527
94.8034
94.7699
94.7894
94.8301
94.8209
94.7645
94.7846
94.7923
94.8748
94.8043
94.7762
94.8229
94.7172
94.7681
94.8705
94.7952
94.7433
94.8265
94.865
94.775
94.8123
94.8364
94.8546
94.8694
94.8203
94.7824
94.8737
94.7905
94.7948
94.8192
94.7762
94.803
94.8667
94.8285
94.7839
94.836
94.7712
94.7664
94.8242
94.816
94.8669
94.8015
94.7932
94.8715
94.8021
94.8107
94.7358
94.7518
94.813
94.7738
94.8141
94.8506
94.7797
94.7254
94.7123
94.7551
94.7779
94.7831
94.8009
94.7573
94.793
94.8171
94.7936
94.7529
94.8103
94.7383
94.7701
94.7441
94.8153
94.7741
94.748
94.7509
94.7598
94.9192
94.8114
94.7606
94.7684
94.8036
94.7696
94.734
94.8258
94.753
94.8101
94.6836
94.8179
94.8255
94.7615
94.7725
94.8286
94.8628
94.756
94.7972
94.7493
94.7585
94.7826
94.7991
94.7299
94.8638
94.8008
94.8008
94.7796
94.7996
94.8772
94.8174
94.7611
94.7788
94.7673
94.811
94.7781
94.7724
94.803
94.823
94.7919
94.765
94.7624
94.8168
94.8015
94.818
94.8456
94.8332
94.7709
94.821
94.8411
94.7488
94.7243
94.779
94.7456
94.762
94.7636
94.7106
94.8138
94.8098
94.7842
94.8704
94.7314
94.7401
94.7748
94.8128
94.8058
94.8003
94.816
94.8014
94.7526
94.8277
94.7334
94.798
94.7587
94.7879
94.7622
94.8044
94.8715
94.7634
94.8419
94.7806
94.8052
94.8351
94.7442
94.8721
94.7158
94.7781
94.8372
94.7985
94.7901
94.8052
94.8088
94.8178
94.7817
94.7637
94.7758
94.7329
94.7461
94.7537
94.7484
94.8454
94.7361
94.7502
94.8565
94.8358
94.8343
94.8802
94.8449
94.7181
94.7664
94.8032
94.7835
94.8279
94.7629
94.7731
94.7448
94.7169
94.7454
94.8747
94.8315
94.7476
94.7661
94.7592
94.7435
94.669
94.9557
94.8593
94.7849
94.7077
94.8619
94.6954
94.7245
94.7683
94.7954
94.7677
94.8279
94.7928
94.8138
94.819
94.8189
94.8283
94.7994
94.7631
94.7444
94.7896
94.8724
94.7287
94.8308
94.8317
94.8218
94.7618
94.7403
94.7384
94.7667
94.7258
94.8083
94.6865
94.8086
94.8567
94.7508
94.8112
94.7612
94.8761
94.7745
94.7328
94.8158
94.7128
94.72
94.748
94.7764
94.7466
94.749
94.798
94.7808
94.8015
94.7519
94.7405
94.7172
94.7981
94.7556
94.7691
94.7622
94.7583
94.7506
94.7517
94.7458
94.9002
94.7682
94.7985
94.7478
94.7374
94.7447
94.7916
94.7933
94.7753
94.7322
94.7973
94.7519
94.7895
94.8391
94.7928
94.8183
94.7646
94.7999
94.7636
94.7772
94.7752
94.7843
94.81
94.8478
94.7671
94.8375
94.7908
94.7887
94.7719
94.7495
94.7548
94.8245
94.859
94.7809
94.7716
94.7348
94.8058
94.7553
94.7341
94.8313
94.7985
94.7934
94.8387
94.8167
94.8491
94.7525
94.7557
94.7353
94.7926
94.7512
94.7858
94.7705
94.8015
94.7894
94.7567
94.8235
94.7282
94.7477
94.7667
94.7856
94.7587
94.7661
94.7804
94.774
94.7878
94.7714
94.8662
94.8163
94.7854
94.7853
94.7846
94.7687
94.8301
94.8116
94.7263
94.8251
94.8179
94.7715
94.7727
94.8125
94.8017
94.7645
94.7093
94.794
94.813
94.7645
94.7447
94.7301
94.7707
94.8129
94.7274
94.7383
94.8663
94.7411
94.7851
94.7452
94.7599
94.7538
94.8117
94.7887
94.7528
94.7957
94.7672
94.8089
94.7535
94.8324
94.7946
94.7744
94.7036
94.7833
94.8295
94.7095
94.7499
94.8304
94.7829
94.8873
94.7566
94.7564
94.7299
94.748
94.7902
94.7928
94.8298
94.823
94.7011
94.7767
94.7947
94.8352
94.7922
94.7973
94.7879
94.7508
94.7436
94.8229
94.783
94.7442
94.7767
94.7209
94.8417
94.7761
94.726
94.7072
94.7126
94.7231
94.771
94.8348
94.794
94.7309
94.7238
94.6696
94.7531
94.8087
94.8086
94.8857
94.7553
94.6944
94.7697
94.7816
94.7453
94.6995
94.8089
94.8384
94.7798
94.767
94.7649
94.8108
94.7319
94.7894
94.802
94.7639
94.7813
94.7468
94.6972
94.7958
94.8051
94.6891
94.798
94.7449
94.8416
94.7706
94.784
94.7539
94.7267
94.662
94.7669
94.6932
94.837
94.7549
94.7865
94.7478
94.8338
94.7761
94.7428
94.7628
94.8223
94.7668
94.6925
94.7639
94.8202
94.7682
94.7032
94.7174
94.8213
94.7112
94.7539
94.7455
94.7185
94.8189
94.801
94.7301
94.8089
94.807
94.7961
94.776
94.8184
94.7337
94.7584
94.6769
94.8189
94.7554
94.8383
94.7784
94.7956
94.7109
94.7399
94.7418
94.7734
94.7956
94.7478
94.7954
94.7961
94.8118
94.7635
94.753
94.6681
94.6882
94.8383
94.7267
94.8227
94.7584
94.7869
94.7601
94.7948
94.7484
94.9201
94.8003
94.7771
94.7983
94.7948
94.8039
94.8391
94.8016
94.703
94.7414
94.7238
94.7818
94.7398
94.8264
94.7602
94.7956
94.7761
94.7841
94.7844
94.7778
94.7425
94.7267
94.8094
94.7643
94.7394
94.697
94.6664
94.7386
94.8121
94.795
94.7973
94.7759
94.79
94.7968
94.7695
94.8301
94.75
94.8037
94.7584
94.7533
94.8293
94.7349
94.7298
94.7389
94.7627
94.8018
94.7643
94.7597
94.7978
94.7499
94.7625
94.7916
94.7959
94.6968
94.79
94.7982
94.7935
94.7371
94.7892
94.8118
94.7415
94.8435
94.8708
94.669
94.7773
94.8218
94.752
94.778
94.7307
94.8102
94.783
94.739
94.7331
94.7357
94.7936
94.7445
94.7961
94.7491
94.7541
94.7791
94.8063
94.8416
94.7397
94.7485
94.7871
94.7952
94.8877
94.6489
94.8079
94.6818
94.7886
94.7941
94.7212
94.8321
94.8447
94.7448
94.775
94.7581
94.7722
94.7609
94.8788
94.8253
94.8242
94.7444
94.759
94.7742
94.8282
94.8021
94.7783
94.7533
94.7782
94.7136
94.8289
94.7449
94.6608
94.7512
94.7817
94.7838
94.8679
94.7357
94.8086
94.9152
94.7406
94.7305
94.7726
94.8059
94.7124
94.7592
94.7111
94.7222
94.7174
94.7979
94.6524
94.8125
94.7127
94.6998
94.7905
94.7161
94.7535
94.7204
94.7936
94.7383
94.7635
94.7481
94.7637
94.7721
94.719
94.8138
94.6966
94.7976
94.7873
94.7929
94.7568
94.7917
94.7795
94.8381
94.6929
94.7538
94.8305
94.8511
94.8793
94.7876
94.7852
94.801
94.7696
94.7669
94.7549
94.8081
94.7452
94.7658
94.7608
94.6687
94.8114
94.784
94.8179
94.8677
94.7346
94.7985
94.7326
94.8053
94.7779
94.727
94.7529
94.751
94.8452
94.7201
94.7074
94.7397
94.7793
94.8131
94.7783
94.7343
94.7784
94.7337
94.8447
94.7936
94.7018
94.7647
94.7311
94.7078
94.7338
94.6739
94.8212
94.7806
94.7338
94.753
94.7981
94.7398
94.7807
94.7603
94.8028
94.7118
94.7455
94.6932
94.7699
94.7374
94.7377
94.7013
94.7589
94.7862
94.7289
94.7324
94.7066
94.7272
94.733
94.7144
94.7035
94.823
94.742
94.6973
94.7125
94.7932
94.7422
94.7622
94.6924
94.7744
94.814
94.6892
94.6457
94.7463
94.7755
94.6622
94.7779
94.8197
94.7703
94.7786
94.747
94.7589
94.7835
94.7511
94.7348
94.7776
94.7894
94.738
94.7794
94.7304
94.843
94.7
94.7892
94.709
94.7021
94.8048
94.819
94.7394
94.7359
94.7768
94.7776
