283.407
263.474
258.558
256.16
254.516
253.999
252.678
252.331
251.868
251.991
252.026
251.376
251.517
250.786
250.944
250.817
251.334
250.467
249.811
249.947
250.346
249.467
248.756
249.293
249.27
249.048
248.439
248.447
248.668
248.729
247.85
247.652
247.7
248.042
247.419
247.198
247.215
246.969
247.008
246.708
246.411
246.586
246.256
247.377
246.16
246.884
245.973
245.774
245.372
245.217
245.023
244.503
244.727
244.582
244.471
244.687
244.512
244.493
243.943
243.795
243.886
243.632
243.333
243.228
242.78
243.313
242.87
242.532
242.652
241.789
242.513
242.056
241.731
241.973
241.748
241.446
241.777
241.668
240.834
240.994
240.987
240.557
240.713
240.39
240.226
239.824
239.841
240.058
239.881
239.435
239.654
239.369
239.234
239.319
239.029
238.937
238.603
238.485
238.39
238.521
237.956
237.71
238.4
237.808
238.171
237.911
237.545
237.641
237.03
236.998
237.064
236.61
236.805
237.083
237.069
236.971
236.38
236.334
236.56
236.204
235.989
235.849
235.961
235.794
235.905
235.679
235.538
235.43
235.473
234.916
234.745
234.961
234.881
235.019
234.993
234.679
234.594
234.637
234.713
234.41
234.257
234.322
234.199
234.112
234.042
234.199
233.665
233.459
233.69
233.443
233.304
233.029
233.217
233.191
233.332
233.005
233.272
232.955
232.91
232.573
232.576
232.594
232.684
232.742
232.486
232.437
232.459
232.563
232.419
232.074
232.216
232.109
231.883
232.274
231.714
231.909
231.612
231.69
231.568
231.546
231.778
231.672
231.368
231.388
231.276
231.457
231.445
231.47
231.344
231.08
230.724
230.877
230.86
230.854
230.809
230.944
230.907
230.986
230.669
230.483
230.369
230.332
230.331
230.298
230.237
230.044
229.956
230.256
230.338
230.229
230.059
230.336
229.99
229.802
229.846
229.908
229.717
229.917
229.895
229.771
229.856
229.656
229.599
229.43
229.812
229.527
229.228
229.166
229.306
229.378
229.126
229.226
229.132
229.182
229.233
229.071
229.119
229.112
228.847
228.822
228.904
228.548
228.692
228.891
228.809
228.527
228.719
228.861
228.846
228.728
228.504
228.753
228.903
228.611
228.801
228.455
228.567
228.401
228.188
228.436
228.289
228.305
228.41
228.365
228.083
228.056
228.126
228.071
228.114
228.209
228.05
228.033
227.956
227.917
227.814
227.947
227.995
227.863
227.808
227.684
227.931
227.867
227.62
227.848
227.709
227.663
227.313
227.911
227.669
227.452
227.779
227.924
227.489
227.414
227.207
227.49
227.57
227.207
227.439
227.378
227.499
227.405
227.669
227.319
227.222
227.017
227.141
227.272
227.292
227.358
227.226
227.145
227.152
227.058
227.211
227.119
227.018
227.116
226.949
226.808
226.888
227.023
227.008
227.065
226.967
226.702
226.852
226.878
226.74
226.735
226.957
226.799
226.911
226.739
226.578
226.958
226.705
226.393
226.446
226.577
226.603
226.648
226.61
226.391
226.773
226.642
226.751
226.429
226.606
226.545
226.557
226.498
226.506
226.512
226.642
226.484
226.603
226.531
226.673
226.597
226.155
226.354
226.473
226.247
226.65
226.273
226.679
226.472
226.264
226.353
226.169
226.446
226.46
226.398
226.352
226.33
226.29
226.318
226.199
226.282
226.12
226.353
226.286
226.408
226.038
226.118
226.177
226.216
226.295
226.198
226.278
226.431
226.265
226.092
226.337
226.16
226.041
226.227
226.222
226.172
225.903
226.245
226.054
225.909
226.018
226.145
225.948
226.145
226.088
226.043
226.226
225.953
226.066
226.107
225.96
226.092
225.955
226.105
226.084
226.139
225.815
225.751
225.824
226.338
226.1
226.034
225.864
225.67
225.904
225.904
226.011
226.119
225.912
225.902
225.858
225.951
225.873
225.849
225.748
225.65
225.794
225.931
225.929
225.764
225.637
226.02
225.659
226.01
225.99
225.783
225.923
225.78
225.81
225.769
225.651
225.861
225.775
225.781
225.844
225.825
225.71
225.427
225.777
225.807
225.635
225.794
225.625
225.607
225.73
225.758
225.807
225.807
225.643
225.702
225.722
225.727
225.731
225.492
225.722
225.673
225.668
225.758
225.873
225.733
225.543
225.531
225.859
225.701
225.691
225.647
225.608
225.547
225.745
225.605
225.632
225.733
225.728
225.906
225.738
225.636
225.66
225.741
225.545
225.381
225.554
225.432
225.542
225.499
225.645
225.446
225.617
225.546
225.518
225.484
225.726
225.679
225.521
225.648
225.411
225.463
225.573
225.772
225.45
225.466
225.657
225.583
225.552
225.711
225.737
225.793
225.409
225.88
225.55
225.302
225.498
225.435
225.465
225.524
225.392
225.481
225.507
225.459
225.555
225.6
225.301
225.506
225.597
225.459
225.564
225.647
225.461
225.384
225.483
225.505
225.547
225.315
225.518
225.415
225.223
225.256
225.378
225.591
225.473
225.356
225.232
225.481
225.392
225.362
225.54
225.641
225.364
225.399
225.496
225.432
225.429
225.335
225.484
225.327
225.42
225.43
225.517
225.1
225.453
225.469
225.293
225.273
225.397
225.397
225.347
225.354
225.465
225.244
225.231
225.514
225.533
225.458
225.284
225.294
225.299
225.176
225.246
225.104
225.274
225.227
225.226
225.397
225.356
225.423
225.491
225.361
225.372
225.205
225.288
225.32
225.371
225.309
225.187
225.323
225.286
225.488
225.092
225.252
225.237
225.228
225.358
225.533
225.396
225.244
225.192
225.239
225.102
225.265
225.123
225.31
225.323
225.28
225.29
225.418
225.284
225.266
225.235
225.368
225.413
225.341
225.278
225.342
225.304
225.209
225.318
225.004
225.217
225.314
225.128
225.289
225.14
225.261
225.374
225.407
225.254
225.34
225.316
225.191
225.362
225.154
225.169
225.168
225.336
225.162
225.316
225.351
225.354
225.249
225.154
225.166
225.204
225.095
225.202
225.358
225.231
225.26
225.193
225.211
225.235
225.309
225.227
225.347
225.186
225.187
225.147
225.211
225.216
225.115
225.151
225.146
225.178
225.084
225.266
225.205
225.05
225.211
225.201
225.028
225.213
225.07
225.42
225.115
225.134
225.133
225.146
225.003
225.33
225.209
225.129
225.202
225.128
224.987
225.258
224.96
225.174
225.27
225.19
225.058
225.324
225.034
225.193
225.13
225.017
225.167
225.163
225.061
225.2
225.107
225.069
225.275
225.061
224.93
225.009
225.207
225.195
224.992
225.167
225.224
225.129
225.275
225.192
224.997
225.198
225.007
225.009
225.033
225.025
225.215
225.028
225.284
225.199
225.044
225.138
225.153
225.065
224.982
225.175
225.026
225.005
225.184
225.051
225.118
225.126
225.195
225.257
225.027
225.062
224.996
224.99
225.158
225.089
225.063
225.121
224.987
224.83
225.043
225.129
225.015
224.961
224.948
225.121
225.056
224.981
225.058
225.163
225.024
225.151
225.067
225.061
225.136
225.025
225.276
225.185
225.181
225.112
225.04
224.883
225.168
225.158
225.113
225.025
224.849
224.962
224.961
225.189
224.983
225.022
224.96
224.994
225.065
225.154
224.969
224.921
224.883
224.912
225.008
224.928
224.989
224.983
225.105
225.218
225.204
224.976
225.023
225.052
224.836
224.983
224.969
225.188
224.885
224.905
225.075
225.07
225.043
224.974
225.018
224.902
225.049
224.999
224.989
224.852
224.954
225.049
225.026
225.188
224.944
224.947
224.964
225.026
225.061
224.977
225.37
225.276
224.878
224.717
224.935
224.857
225.035
225.111
224.999
224.858
224.927
224.953
224.915
224.954
224.851
224.869
224.83
224.833
224.85
224.978
224.825
224.882
224.934
224.859
224.977
224.753
224.811
224.986
224.935
224.925
224.89
224.963
224.747
224.87
224.966
224.735
224.932
224.963
224.805
224.825
224.978
224.809
224.846
224.766
224.801
224.886
224.835
224.924
225.07
224.717
224.921
224.979
225.092
225.079
224.904
224.864
224.7
224.737
224.74
224.793
224.733
224.722
224.643
224.848
224.836
224.767
224.641
224.858
225.098
224.717
224.856
225.04
224.99
224.908
224.951
224.734
224.827
224.596
224.815
224.789
224.769
224.913
224.939
224.747
224.884
224.825
224.735
224.827
224.922
224.903
224.988
224.683
224.863
224.945
224.949
224.882
224.773
224.867
224.791
224.836
224.876
224.811
224.942
224.645
224.605
224.759
224.732
224.896
224.647
224.808
224.817
224.871
224.822
224.578
224.718
224.935
224.819
224.838
225.074
224.958
224.868
224.601
224.782
224.851
224.859
224.816
224.814
224.842
224.805
224.824
224.804
224.908
224.745
224.739
224.648
224.82
224.96
224.939
224.694
224.876
224.745
224.857
224.725
224.83
225.001
224.818
224.678
224.882
224.75
224.884
224.821
224.834
224.837
224.767
224.588
224.561
224.712
224.611
224.726
224.968
225.092
224.866
224.743
224.819
224.901
224.808
224.691
224.658
224.756
224.951
224.768
224.868
224.737
224.819
224.638
224.733
224.857
224.667
224.843
224.786
224.815
224.98
224.664
224.77
224.964
224.617
224.742
224.745
224.766
224.765
224.78
224.727
224.74
224.547
224.706
224.713
224.722
224.585
224.818
224.643
224.547
224.764
224.699
224.789
224.657
224.569
224.678
224.512
224.831
224.589
224.588
224.855
224.835
224.757
224.657
224.809
224.677
224.777
224.607
224.764
224.659
224.668
224.828
224.861
224.806
224.649
224.662
224.577
224.763
224.673
224.717
224.683
224.643
224.792
224.815
224.699
224.602
224.555
224.632
224.77
224.555
224.618
224.491
224.86
224.73
224.837
224.768
224.846
224.519
224.765
224.667
224.642
224.667
224.766
224.708
224.611
224.555
224.613
224.76
224.698
224.844
224.745
224.75
224.671
224.695
224.766
224.562
224.688
224.777
224.688
224.759
224.602
224.66
224.707
224.54
224.564
224.601
224.463
224.528
224.667
224.601
224.55
224.689
224.71
224.728
224.696
224.519
224.575
224.527
224.596
224.751
224.689
224.564
224.633
224.724
224.658
224.633
224.478
224.696
224.684
224.595
224.564
224.563
224.663
224.692
224.708
224.693
224.589
224.862
224.51
224.424
224.736
224.711
224.653
224.72
224.598
224.732
224.686
224.627
224.636
224.478
224.62
224.857
224.759
224.687
224.595
224.8
224.779
224.525
224.474
224.768
224.675
224.533
224.579
224.516
224.73
224.563
224.668
224.722
224.684
224.707
224.648
224.57
224.586
224.736
224.451
224.653
224.753
224.661
224.389
224.555
224.381
224.779
224.63
224.606
224.508
224.557
224.454
224.504
224.557
224.698
224.727
224.762
224.672
224.548
224.61
224.6
224.563
224.584
224.771
224.786
224.832
224.589
224.743
224.584
224.506
224.5
224.534
224.61
224.412
224.756
224.61
224.536
224.617
224.672
224.626
224.599
224.491
224.441
224.613
224.595
224.757
224.68
224.601
224.741
224.66
224.665
224.42
224.601
224.524
224.781
224.519
224.637
224.622
224.694
224.643
224.559
224.768
224.588
224.47
224.588
224.566
224.712
224.634
224.496
224.378
224.6
224.741
224.588
224.491
224.565
224.484
224.807
224.6
224.56
224.488
224.699
224.607
224.693
224.617
224.699
224.561
224.615
224.634
224.677
224.672
224.62
224.56
224.537
224.453
224.514
224.475
224.479
224.627
224.565
224.543
224.618
224.599
224.452
224.478
224.522
224.678
224.569
224.726
224.562
224.532
224.675
224.581
224.69
224.541
224.451
224.456
224.584
224.634
224.41
224.513
224.651
224.641
224.609
224.534
224.568
224.513
224.617
224.603
224.668
224.54
224.67
224.546
224.584
224.619
224.613
224.71
224.423
224.504
224.478
224.476
224.367
224.472
224.578
224.579
224.74
224.563
224.498
224.474
224.516
224.487
224.682
224.615
224.642
224.669
224.623
224.498
224.654
224.472
224.474
224.561
224.591
224.611
224.474
224.568
224.547
224.571
224.5
224.581
224.646
224.552
224.554
224.619
224.735
224.349
224.632
224.569
224.571
224.647
224.679
224.551
224.393
224.53
224.554
224.707
224.49
224.646
224.53
224.688
224.51
224.687
224.543
224.718
224.41
224.494
224.501
224.56
224.508
224.438
224.782
224.791
224.612
224.448
224.595
224.529
224.561
224.366
224.676
224.644
224.323
224.422
224.603
224.495
224.608
224.571
224.726
224.585
224.598
224.525
224.462
224.555
224.598
224.58
224.462
224.513
224.521
224.459
224.529
224.641
224.73
224.587
224.492
224.464
224.605
224.588
224.514
224.45
224.673
224.501
224.622
224.508
224.659
224.506
224.77
224.71
224.499
224.493
224.257
224.522
224.41
224.602
224.559
224.672
224.577
224.604
224.604
224.676
224.499
224.449
224.514
224.327
224.552
224.325
224.645
224.571
224.583
224.306
224.444
224.61
224.576
224.526
224.488
224.62
224.474
224.468
224.507
224.549
224.379
224.545
224.506
224.365
224.487
224.622
224.526
224.456
224.366
224.496
224.389
224.572
224.486
224.407
224.457
224.463
224.585
224.491
224.37
224.646
224.443
224.458
224.63
224.559
224.461
224.342
224.451
224.648
224.515
224.485
224.505
224.234
224.4
224.485
224.521
224.619
224.499
224.531
224.6
224.603
224.542
224.457
224.558
224.458
224.432
224.289
224.573
224.493
224.509
224.591
224.62
224.603
224.698
224.512
224.381
224.46
224.519
224.522
224.492
224.37
224.487
224.623
224.417
224.624
224.489
224.567
224.51
224.586
224.569
224.493
224.566
224.697
224.756
224.444
224.71
224.616
224.363
224.621
224.641
224.653
224.453
224.394
224.778
224.454
224.423
224.546
224.438
224.667
224.55
224.341
224.436
224.549
224.661
224.54
224.482
224.586
224.518
224.517
224.365
224.411
224.404
224.47
224.604
224.585
224.772
224.462
224.655
224.495
224.633
224.472
224.677
224.406
224.536
224.42
224.429
224.354
224.356
224.327
224.615
224.351
224.607
224.616
224.369
224.534
224.588
224.578
224.514
224.481
224.39
224.379
224.356
224.492
224.538
224.565
224.581
224.522
224.536
224.567
224.431
224.31
224.436
224.552
224.344
224.616
224.58
224.333
224.634
224.581
224.583
224.551
224.602
224.378
224.413
224.474
224.546
224.505
224.504
224.462
224.478
224.652
224.322
224.725
224.503
224.457
224.461
224.493
224.527
224.599
224.64
224.376
224.503
224.617
224.598
224.608
224.533
224.452
224.542
224.549
224.507
224.471
224.578
224.687
224.459
224.501
224.71
224.537
224.395
224.576
224.718
224.777
224.323
224.453
224.401
224.572
224.412
224.322
224.528
224.394
224.646
224.403
224.397
224.418
224.515
224.723
224.483
224.734
224.453
224.44
224.421
224.666
224.533
224.573
224.443
224.44
224.476
224.509
224.379
224.637
224.314
224.471
224.443
224.348
224.471
224.522
224.613
224.584
224.432
224.65
224.572
224.414
224.752
224.603
224.547
224.44
224.52
224.575
224.622
224.39
224.544
224.576
224.488
224.575
224.627
224.483
224.395
224.522
224.692
224.555
224.601
224.443
224.465
224.536
224.689
224.669
224.488
224.363
224.482
224.466
224.607
224.318
224.571
224.329
224.369
224.431
224.577
224.568
224.87
224.423
224.466
224.358
224.431
224.522
224.58
224.475
224.518
224.368
224.426
224.463
224.551
224.517
224.465
224.324
224.575
224.565
224.506
224.555
224.316
224.573
224.375
224.363
224.471
224.41
224.427
224.437
224.299
224.693
224.386
224.333
224.391
224.354
224.327
224.73
224.554
224.457
224.613
224.413
224.474
224.533
224.622
224.511
224.589
224.358
224.47
224.447
224.471
224.479
224.454
224.669
224.424
224.194
224.321
224.609
224.458
224.499
224.543
224.436
224.606
224.525
224.48
224.558
224.479
224.595
224.632
224.254
224.492
224.51
224.626
224.422
224.415
224.631
224.441
224.464
224.548
224.61
224.552
224.5
224.588
224.557
224.508
224.419
224.689
224.606
224.497
224.321
224.646
224.402
224.413
224.389
224.649
224.34
224.524
224.434
224.294
224.562
224.54
224.538
224.453
224.495
224.463
224.35
224.317
224.33
224.494
224.38
224.312
224.567
224.317
224.365
224.456
224.428
224.361
224.439
224.469
224.776
224.422
224.35
224.624
224.589
224.568
224.499
224.487
224.367
224.611
224.531
224.557
224.623
224.416
224.465
224.488
224.505
224.329
224.36
224.509
224.389
224.606
224.381
224.458
224.421
224.43
224.33
224.334
224.48
224.674
224.342
224.504
224.497
224.612
224.315
224.642
224.318
224.573
224.524
224.455
224.565
224.404
224.549
224.469
224.52
224.539
224.474
224.499
224.714
224.508
224.417
224.526
224.638
224.695
224.527
224.528
224.589
224.47
224.327
224.524
224.439
224.452
224.397
224.385
224.546
224.386
224.613
224.344
224.498
224.518
224.387
224.493
224.709
224.457
224.616
224.371
224.443
224.494
224.396
224.483
224.435
224.385
224.442
224.542
224.315
224.672
224.491
224.445
224.542
224.438
224.322
224.362
224.462
224.377
224.633
224.388
224.504
224.564
224.573
224.462
224.405
224.51
224.53
224.378
224.263
224.324
224.496
224.481
224.528
224.529
224.478
224.459
224.499
224.394
224.505
224.504
224.464
224.383
224.579
224.502
224.414
224.675
224.607
224.503
224.333
224.507
224.457
224.563
224.327
224.38
224.543
224.437
224.456
224.655
224.316
224.465
224.369
224.469
224.428
224.485
224.44
224.485
224.431
224.523
224.332
224.498
224.611
224.536
224.426
224.615
224.508
224.483
224.48
224.555
224.846
224.561
224.407
224.644
224.43
224.416
224.534
224.509
224.444
224.626
224.51
224.609
224.607
224.312
224.548
224.546
224.509
224.475
224.487
224.524
224.362
224.558
224.419
224.559
224.445
224.594
224.61
224.422
224.449
224.603
224.597
224.604
224.666
224.619
224.502
224.427
224.423
224.457
224.395
224.582
224.486
224.698
224.523
224.532
224.342
224.549
224.568
224.366
224.487
224.339
224.387
224.317
224.486
224.455
224.438
224.585
224.733
224.568
224.549
224.64
224.54
224.655
224.38
224.625
224.647
224.431
224.511
224.507
224.412
224.397
224.55
224.462
224.617
224.345
224.663
224.506
224.419
224.384
224.537
224.46
224.48
224.495
224.503
224.461
224.531
224.467
224.493
224.359
224.534
224.475
224.426
224.523
224.351
224.644
224.6
224.516
224.481
224.57
224.55
224.445
224.462
224.345
224.357
224.434
224.598
224.379
224.465
224.558
224.329
224.397
224.715
224.507
224.651
224.567
224.399
224.516
224.483
224.625
224.546
224.436
224.716
224.378
224.568
224.372
224.383
224.279
224.545
224.258
224.401
224.342
224.474
224.608
224.411
224.261
224.351
224.541
224.504
224.372
224.46
224.537
224.48
224.417
224.629
224.342
224.44
224.519
224.51
224.508
224.509
224.441
224.365
224.51
224.433
224.457
224.543
224.306
224.473
224.573
224.509
224.562
224.445
224.747
224.461
224.417
224.453
224.592
224.506
224.428
224.397
224.72
224.628
224.505
224.594
224.279
224.449
224.525
224.681
224.556
224.544
224.774
224.497
224.553
224.462
224.529
224.412
224.474
224.306
224.434
224.535
224.529
224.415
224.392
224.471
224.371
224.311
224.519
224.519
224.346
224.5
224.436
224.563
224.578
224.351
224.417
224.543
224.338
224.488
224.318
224.421
224.312
224.427
224.319
224.3
224.483
224.641
224.56
224.417
224.526
224.476
224.478
224.45
224.579
224.532
224.586
224.453
224.493
224.46
224.822
224.645
224.441
224.507
224.483
224.514
224.543
224.67
224.411
224.475
224.507
224.641
224.408
224.351
224.439
224.548
224.52
224.564
224.542
224.478
224.429
224.384
224.388
224.449
224.42
224.491
224.587
224.401
224.223
224.394
224.486
224.628
224.341
224.425
224.466
224.542
224.486
224.346
224.536
224.408
224.478
224.394
224.424
224.483
224.429
224.551
224.648
224.445
224.4
224.528
224.378
224.425
224.454
224.364
224.38
224.512
224.495
224.422
224.528
224.452
224.636
224.437
224.338
224.261
224.533
224.442
224.608
224.463
224.536
224.592
224.401
224.466
224.633
224.458
224.476
224.318
224.438
224.462
224.44
224.372
224.487
224.506
224.55
224.646
224.56
224.552
224.456
224.239
224.544
224.478
224.478
224.504
224.551
224.559
224.385
224.458
224.362
224.543
224.456
224.443
224.24
224.251
224.444
224.506
224.525
224.374
224.56
224.459
224.575
224.613
224.353
224.511
224.537
224.403
224.321
224.52
224.455
224.583
224.429
224.332
224.313
224.454
224.389
224.62
224.413
224.482
224.536
224.485
224.582
224.603
224.351
224.397
224.379
224.462
224.558
224.467
224.373
224.467
224.7
224.398
224.492
224.344
224.508
224.578
224.409
224.436
224.389
224.358
224.487
224.57
224.415
224.541
224.509
224.663
224.595
224.321
224.466
224.452
224.626
224.429
224.449
224.474
224.325
224.286
224.423
224.529
224.476
224.381
224.446
224.371
224.611
224.611
224.591
224.502
224.416
224.496
224.62
224.36
224.581
224.502
224.47
224.427
224.524
224.323
224.546
224.635
224.45
224.64
224.417
224.465
224.402
224.581
224.325
224.575
224.364
224.583
224.516
224.446
224.538
224.498
224.706
224.4
224.512
224.317
224.462
224.482
224.535
224.511
224.507
224.564
224.448
224.474
224.44
224.389
224.314
224.355
224.381
224.403
224.543
224.636
224.354
224.313
224.586
224.406
224.844
224.522
224.474
224.452
224.576
224.397
224.496
224.637
224.459
224.433
224.427
224.493
224.402
224.476
224.449
224.451
224.325
224.646
224.393
224.686
224.349
224.737
224.393
224.577
224.493
224.646
224.425
224.636
224.373
224.323
224.436
224.403
224.517
224.53
224.273
224.58
224.572
224.7
224.382
224.51
224.36
224.447
224.522
224.534
224.463
224.486
224.537
224.323
224.28
224.277
224.286
224.444
224.385
224.426
224.435
224.551
224.391
224.523
224.517
224.544
224.258
224.458
224.545
224.33
224.537
224.605
224.371
224.452
224.452
224.508
224.472
224.494
224.382
224.578
224.428
224.436
224.291
224.608
224.536
224.371
224.633
224.652
224.436
224.602
224.556
224.501
224.523
224.591
224.517
224.582
224.356
224.44
224.429
224.521
224.524
224.423
224.571
224.444
224.495
224.516
224.315
224.477
224.668
224.494
224.533
224.429
224.679
224.592
224.287
224.396
224.31
224.317
224.328
224.469
224.454
224.419
224.322
224.386
224.444
224.376
224.542
224.387
224.607
224.487
224.532
224.575
224.497
224.381
224.599
224.583
224.387
224.297
224.477
224.216
224.438
224.699
224.397
224.632
224.619
224.508
224.484
224.532
224.348
224.465
224.355
224.431
224.661
224.384
224.495
224.639
224.426
224.431
224.485
224.412
224.612
224.495
224.501
224.598
224.612
224.561
224.765
224.58
224.567
224.5
224.361
224.579
224.602
224.422
224.309
224.582
224.5
224.292
224.484
224.337
224.518
224.255
224.352
224.298
224.391
224.344
224.564
224.536
224.544
224.512
224.567
224.478
224.43
224.42
224.576
224.324
224.399
224.335
224.778
224.439
224.587
224.458
224.616
224.581
224.527
224.459
224.494
224.486
224.579
224.526
224.41
224.72
224.499
224.447
224.423
224.533
224.319
224.304
224.533
224.44
224.657
224.357
224.407
224.551
224.502
224.415
224.51
224.392
224.516
224.363
224.504
224.437
224.524
224.535
224.599
224.518
224.495
224.397
224.491
224.404
224.518
224.448
224.517
224.483
224.311
224.51
224.491
224.451
224.451
224.719
224.496
224.396
224.559
224.401
224.591
224.483
224.51
224.601
224.484
224.591
224.413
224.353
224.303
224.561
224.44
224.477
224.49
224.701
224.531
224.442
224.323
224.478
224.529
224.465
224.428
224.451
224.617
224.545
224.481
224.568
224.443
224.582
224.467
224.419
224.388
224.385
224.369
224.387
224.596
224.431
224.368
224.256
224.396
224.392
224.367
224.259
224.303
224.311
224.446
224.631
224.41
224.439
224.448
224.422
224.575
224.467
224.459
224.468
224.49
224.64
224.41
224.478
224.283
224.256
224.312
224.474
224.411
224.536
224.351
224.329
224.351
224.535
224.595
224.529
224.517
224.346
224.27
224.346
224.327
224.258
224.588
224.448
224.58
224.606
224.301
224.446
224.466
224.471
224.606
224.409
224.564
224.49
224.448
224.499
224.336
224.375
224.424
224.581
224.722
224.496
224.412
224.35
224.615
224.691
224.492
224.591
224.654
224.345
224.626
224.503
224.669
224.611
224.577
224.46
224.628
224.532
224.493
224.303
224.662
224.38
224.385
224.497
224.678
224.484
224.645
224.414
224.331
224.661
224.569
224.465
224.527
224.384
224.43
224.457
224.46
224.428
224.336
224.418
224.524
224.544
224.534
224.519
224.501
224.193
224.405
224.464
224.454
224.445
224.36
224.566
224.37
224.317
224.39
224.484
224.623
224.412
224.464
224.527
224.348
224.456
224.388
224.667
224.555
224.658
224.511
224.45
224.376
224.659
224.453
224.456
224.604
224.59
224.503
224.625
224.487
224.432
224.473
224.417
224.687
224.334
224.428
224.503
224.575
224.547
224.579
224.56
224.656
224.305
224.474
224.502
224.376
224.429
224.596
224.308
224.474
224.341
224.351
224.469
224.417
224.303
224.578
224.361
224.569
224.446
224.376
224.487
224.498
224.459
224.557
224.536
224.495
224.662
224.494
224.504
224.573
224.502
224.333
224.5
224.506
224.631
224.529
224.542
224.612
224.443
224.388
224.386
224.445
224.61
224.642
224.552
224.554
224.413
224.534
224.368
224.47
224.616
224.536
224.445
224.494
224.399
224.479
224.347
224.415
224.526
224.531
224.681
224.47
224.52
224.382
224.402
224.392
224.411
224.594
224.457
224.496
224.472
224.454
224.521
224.593
224.663
224.693
224.551
224.543
224.327
224.472
224.522
224.412
224.484
224.612
224.332
224.539
224.539
224.453
224.415
224.444
224.5
224.45
224.411
224.311
224.293
224.519
224.295
224.408
224.489
224.485
224.499
224.653
224.486
224.376
224.519
224.578
224.491
224.374
224.353
224.48
224.567
224.374
224.541
224.679
224.334
224.239
224.512
224.685
224.387
224.448
224.365
224.581
224.507
224.4
224.39
224.397
224.642
224.362
224.422
224.475
224.471
224.45
224.351
224.48
224.456
224.392
224.573
224.502
224.397
224.305
224.394
224.625
224.283
224.339
224.472
224.478
224.671
224.399
224.53
224.558
224.704
224.323
224.367
224.359
224.439
224.386
224.528
224.25
224.437
224.483
224.468
224.466
224.499
224.559
224.514
224.448
224.399
224.548
224.503
224.593
224.598
224.608
224.44
224.614
224.415
224.594
224.326
224.713
224.427
224.616
224.476
224.424
224.38
224.412
224.276
224.362
224.523
224.518
224.418
224.599
224.684
224.237
224.441
224.533
224.586
224.533
224.519
224.442
224.391
224.48
224.423
224.401
224.647
224.548
224.509
224.285
224.528
224.678
224.409
224.464
224.497
224.388
224.457
224.416
224.546
224.658
224.596
224.623
224.42
224.355
224.607
224.547
224.466
224.41
224.51
224.597
224.541
224.511
224.736
224.446
224.366
224.45
224.357
224.668
224.434
224.417
224.437
224.597
224.355
224.491
224.487
224.432
224.346
224.48
224.387
224.509
225.348
224.743
224.414
224.417
224.408
224.517
224.447
224.404
224.318
224.421
224.454
224.408
224.423
224.389
224.526
224.475
224.507
224.48
224.549
224.24
224.599
224.46
224.434
224.55
224.671
224.439
224.581
224.454
224.554
224.537
224.429
224.441
224.596
224.52
224.38
224.411
224.467
224.447
224.608
224.544
224.613
224.444
224.3
224.756
224.559
224.47
224.582
224.379
224.429
224.591
224.313
224.465
224.303
224.348
224.454
224.37
224.641
224.617
224.293
224.345
224.474
224.429
224.451
224.549
224.603
224.255
224.419
224.504
224.538
224.438
224.424
224.442
224.49
224.595
224.493
224.346
224.419
224.578
224.514
224.623
224.543
224.428
224.372
224.405
224.386
224.324
224.262
224.467
224.533
224.409
224.481
224.26
224.572
224.525
224.339
224.595
224.618
224.516
224.344
224.543
224.693
224.572
224.484
224.437
224.283
224.484
224.545
224.377
224.354
224.526
224.337
224.609
224.379
224.387
224.455
224.352
224.433
224.413
224.397
224.396
224.564
224.299
224.369
224.321
224.582
224.422
224.458
224.742
224.5
224.401
224.382
224.377
224.313
224.492
224.413
224.395
224.396
224.432
224.236
224.605
224.553
224.487
224.484
224.527
224.577
224.481
224.602
224.44
224.583
224.37
224.448
224.385
224.339
224.433
224.561
224.733
224.283
224.447
224.208
224.381
224.482
224.463
224.466
224.451
224.436
224.455
224.45
224.32
224.434
224.441
224.517
224.335
224.414
224.497
224.417
224.544
224.433
224.522
224.46
224.247
224.433
224.437
224.243
224.461
224.59
224.447
224.256
224.523
224.453
224.57
224.522
224.59
224.604
224.481
224.576
224.547
224.398
224.265
224.65
224.687
224.603
224.487
224.349
224.443
224.596
224.384
224.328
224.391
224.553
224.589
224.486
224.654
224.461
224.519
224.559
224.47
224.501
224.771
224.494
224.461
224.248
224.553
224.25
224.305
224.557
224.362
224.472
224.296
224.45
224.602
224.417
224.54
224.545
224.527
224.34
224.528
224.699
224.624
224.534
224.355
224.55
224.427
224.457
224.334
224.289
224.373
224.436
224.678
224.505
224.59
224.495
224.404
224.509
224.427
224.536
224.477
224.331
224.465
224.463
224.341
224.59
224.448
224.42
224.509
224.592
224.334
224.459
224.465
224.447
224.386
224.575
224.369
224.368
224.652
224.375
224.42
224.681
224.459
224.578
224.482
224.346
224.527
224.553
224.662
224.365
224.34
224.532
224.524
224.503
224.437
224.314
224.357
224.414
224.51
224.432
224.563
224.492
224.443
224.382
224.563
224.35
224.523
224.552
224.544
224.313
224.416
224.67
224.522
224.509
224.444
224.593
224.581
224.477
224.572
224.41
224.498
224.297
224.693
224.477
224.432
224.465
224.496
224.456
224.582
224.435
224.496
224.559
224.419
224.513
224.443
224.37
224.652
224.416
224.44
224.566
224.606
224.402
224.333
224.56
224.656
224.449
224.41
224.337
224.609
224.378
224.526
224.533
224.328
224.342
224.44
224.296
224.611
224.446
224.458
224.598
224.448
224.426
224.367
224.482
224.341
224.516
224.364
224.517
224.282
224.541
224.154
224.499
224.4
224.445
224.543
224.656
224.405
224.4
224.365
224.329
224.455
224.623
224.398
224.547
224.348
224.523
224.43
224.305
224.456
224.338
224.38
224.458
224.554
224.536
224.626
224.492
224.511
224.631
224.664
224.567
224.492
224.483
224.458
224.44
224.435
224.348
224.358
224.577
224.442
224.473
224.422
224.187
224.557
224.516
224.461
224.29
224.436
224.531
224.615
224.205
224.315
224.385
224.605
224.588
224.412
224.539
224.583
224.595
224.41
224.331
224.507
224.535
224.409
224.402
224.574
224.459
224.4
224.672
224.503
224.711
224.46
224.545
224.325
224.625
224.518
224.366
224.509
224.37
224.376
224.506
224.439
224.359
224.369
224.495
224.643
224.382
224.389
224.45
224.332
224.592
224.23
224.376
224.428
224.491
224.585
224.363
224.526
224.427
224.255
224.195
224.298
224.352
224.439
224.43
224.368
224.436
224.501
224.28
224.454
224.441
224.255
224.477
224.672
224.256
224.478
224.355
224.294
224.435
224.313
224.469
224.317
224.461
224.452
224.511
224.513
224.492
224.428
224.444
224.55
224.46
224.517
224.533
224.446
224.549
224.418
224.519
224.456
224.395
224.431
224.346
224.643
224.54
224.402
224.545
224.293
224.622
224.479
224.629
224.486
224.462
224.369
224.39
224.38
224.55
224.332
224.379
224.504
224.591
224.52
224.543
224.352
224.343
224.265
224.336
224.396
224.435
224.399
224.559
224.459
224.523
224.519
224.427
224.565
224.452
224.281
224.509
224.331
224.504
224.494
224.417
224.569
224.535
224.418
224.546
224.441
224.472
224.563
224.388
224.428
224.502
224.366
224.629
224.481
224.536
224.413
224.343
224.479
224.458
224.429
224.453
224.328
224.527
224.473
224.381
224.696
224.576
224.304
224.372
224.351
224.39
224.459
224.439
224.412
224.525
224.263
224.625
224.527
224.549
224.604
224.448
224.532
224.496
224.518
224.464
224.493
224.576
224.566
224.545
224.426
224.246
224.253
224.409
224.483
224.551
224.311
224.606
224.62
224.48
224.555
224.205
224.352
224.447
224.432
224.51
224.591
224.477
225.769
224.707
224.625
224.558
224.542
224.644
224.455
224.677
224.512
224.323
224.442
224.704
224.337
224.466
224.682
224.5
224.352
224.314
224.66
224.561
224.537
224.636
224.579
224.736
224.574
224.492
224.365
224.562
224.492
224.31
224.556
224.565
224.588
224.543
224.528
224.587
224.355
224.367
224.543
224.512
224.434
224.431
224.442
224.703
224.576
224.445
224.539
224.631
224.609
224.376
224.401
224.487
224.535
224.446
224.42
224.545
224.39
224.499
224.408
224.62
224.468
224.388
224.459
224.464
224.646
224.493
224.719
224.507
224.514
224.37
224.384
224.354
224.41
224.476
224.426
224.465
224.55
224.418
224.241
224.374
224.585
224.543
224.468
224.332
224.383
224.502
224.432
224.52
224.448
224.437
224.473
224.588
224.537
224.222
224.498
224.473
224.569
224.555
224.487
224.39
224.36
224.459
224.413
224.423
224.388
224.571
224.327
224.428
224.413
224.447
224.406
224.384
224.55
224.502
224.488
224.431
224.516
224.365
224.406
224.551
224.387
224.387
224.405
224.378
224.45
224.454
224.347
224.573
224.544
224.421
224.464
224.338
224.466
224.401
224.579
224.505
224.56
224.67
224.558
224.555
224.672
224.481
224.523
224.565
224.586
224.868
224.499
224.643
224.504
224.408
224.498
224.366
224.324
224.498
224.454
224.401
224.279
224.625
224.68
224.615
224.433
224.561
224.569
224.613
224.624
224.436
224.54
224.415
224.483
224.466
224.502
224.516
224.439
224.397
224.344
224.485
224.406
224.489
224.353
224.56
224.445
224.439
224.476
224.518
224.534
224.631
224.367
224.311
224.27
224.379
224.47
224.399
224.431
224.546
224.38
224.553
224.383
224.544
224.602
224.286
224.434
224.497
224.555
224.497
224.454
224.548
224.591
224.331
224.552
224.515
224.465
224.583
224.477
224.292
224.305
224.488
224.302
224.445
224.57
224.329
224.384
224.734
224.357
224.626
224.529
224.411
224.515
224.302
224.246
224.369
224.364
224.436
224.563
224.445
224.462
224.458
224.512
224.369
224.329
224.39
224.602
224.461
224.421
224.471
224.578
224.504
224.52
224.442
224.46
224.632
224.467
224.439
224.366
224.436
224.422
224.338
224.433
224.538
224.377
224.457
224.424
224.388
224.359
224.635
224.462
224.304
224.402
224.856
224.421
224.61
224.373
224.365
224.506
224.645
224.473
224.533
224.481
224.572
224.528
224.455
224.548
224.374
224.44
224.62
224.434
224.394
224.415
224.57
224.293
224.496
224.529
224.486
224.422
224.578
224.342
224.458
224.446
224.427
224.51
224.544
224.414
224.488
224.529
224.42
224.426
224.322
224.355
224.612
224.619
224.373
224.54
224.393
224.509
224.567
224.344
224.445
224.408
224.57
224.339
224.325
224.366
224.478
224.494
224.316
224.602
224.533
224.416
224.379
224.411
224.59
224.409
224.591
224.409
224.393
224.436
224.477
224.431
224.57
224.362
224.478
224.43
224.457
224.431
224.411
224.449
224.415
224.425
224.573
224.549
224.63
224.451
224.488
224.317
224.323
224.487
224.337
224.477
224.39
224.426
224.358
224.57
224.241
224.5
224.264
224.586
224.299
224.453
224.249
224.391
224.442
224.48
224.474
224.406
224.53
224.6
224.638
224.357
224.59
224.587
224.487
224.545
224.408
224.606
224.559
224.402
224.395
224.34
224.407
224.483
224.257
224.376
224.448
224.442
224.409
224.543
224.609
224.445
224.532
224.613
224.502
224.46
224.448
224.378
224.711
224.56
224.446
224.412
224.49
224.337
224.377
224.369
224.414
224.595
224.355
224.489
224.47
224.252
224.453
224.553
224.443
224.35
224.493
224.511
224.635
224.6
224.582
224.397
224.387
224.546
224.384
224.351
224.263
224.279
224.459
224.417
224.351
224.507
224.409
224.369
224.2
224.423
224.473
224.4
224.402
224.6
224.546
224.467
224.527
224.424
224.452
224.494
224.399
224.33
224.482
224.692
224.629
224.62
224.626
224.519
224.456
224.325
224.392
224.408
224.448
224.278
224.598
224.473
224.428
224.525
224.32
224.437
224.626
224.491
224.382
224.318
224.556
224.446
224.55
224.5
224.616
224.509
224.514
224.382
224.56
224.714
224.509
224.54
224.532
224.603
224.314
224.299
224.671
224.385
224.565
224.465
224.487
224.458
224.362
224.542
224.168
224.419
224.423
224.356
224.352
224.362
224.548
224.565
224.284
224.575
224.587
224.473
224.374
224.515
224.551
224.485
224.435
224.533
224.579
224.556
224.416
224.672
224.354
224.586
224.473
224.402
224.578
224.271
224.414
224.577
224.488
224.358
224.458
224.51
224.524
224.36
224.459
224.513
224.577
224.421
224.685
224.671
224.469
224.542
224.346
224.517
224.43
224.494
224.532
224.483
224.479
224.378
224.509
224.519
224.515
224.527
224.491
224.589
224.27
224.708
224.489
224.376
224.389
224.362
224.331
224.431
224.445
224.4
224.527
224.639
224.344
224.325
224.468
224.392
224.548
224.444
224.412
224.522
224.353
224.228
224.536
224.368
224.385
224.582
224.534
224.411
224.452
224.622
224.613
224.464
224.548
224.359
224.553
224.42
224.41
224.808
224.414
224.439
224.338
224.363
224.513
224.64
224.354
224.573
224.4
224.505
224.565
224.332
224.391
224.517
224.327
224.403
224.501
224.593
224.553
224.296
224.589
224.427
224.417
224.455
224.65
224.762
224.472
224.573
224.538
224.968
224.478
224.524
224.347
224.372
224.406
224.565
224.329
224.583
224.311
224.411
224.455
224.419
224.48
224.365
224.606
224.492
224.424
224.483
224.544
224.382
224.512
224.591
224.38
224.343
224.422
224.472
224.671
224.422
224.676
224.623
224.412
224.453
224.451
224.634
224.523
224.52
224.491
224.546
224.326
224.498
224.118
224.313
224.604
224.449
224.366
224.314
224.301
224.427
224.309
224.299
224.344
224.425
224.322
224.577
224.511
224.321
224.41
224.207
224.589
224.446
224.318
224.324
224.426
224.333
224.639
224.512
224.53
224.539
224.553
224.494
224.643
224.438
224.569
224.593
224.48
224.431
224.454
224.399
224.529
224.685
224.506
224.46
224.528
224.664
224.399
224.622
224.597
224.712
224.563
224.527
224.449
224.466
224.376
224.323
224.657
224.64
224.244
224.27
224.307
224.495
224.431
224.516
224.486
224.305
224.475
224.381
224.419
224.509
224.457
224.47
224.69
224.498
224.513
224.49
224.318
224.472
224.556
224.405
224.536
224.466
224.67
224.717
224.451
224.635
224.632
224.789
224.454
224.463
224.382
224.608
224.542
224.507
224.509
224.655
224.534
224.422
224.564
224.61
224.49
224.449
224.341
224.354
224.54
224.433
224.314
224.409
224.522
224.554
224.563
224.513
224.333
224.569
224.405
224.389
224.619
224.447
224.404
224.453
224.508
224.581
224.605
224.738
224.329
224.415
224.452
224.469
224.311
224.473
224.493
224.353
224.506
224.512
224.363
224.595
224.649
224.479
224.43
224.385
224.435
224.482
224.311
224.565
224.587
224.594
224.527
224.483
224.436
224.534
224.445
224.528
224.309
224.509
224.461
224.528
224.302
224.425
224.643
224.358
224.576
224.534
224.555
224.457
224.519
224.555
224.521
224.601
224.309
224.544
224.574
224.54
224.315
224.651
224.54
224.371
224.527
224.473
224.556
224.473
224.488
224.532
224.435
224.675
224.268
224.529
224.378
224.553
224.382
224.286
224.467
224.488
224.642
224.554
224.306
224.688
224.351
224.399
224.366
224.53
224.502
224.36
224.592
224.495
224.309
224.272
224.458
224.366
224.499
224.27
224.563
224.518
224.438
224.555
224.436
224.451
224.54
224.679
224.518
224.501
224.414
224.398
224.401
224.698
224.521
224.428
224.623
224.513
224.386
224.46
224.631
224.621
224.396
224.422
224.417
224.524
224.418
224.386
224.457
224.62
224.353
224.326
224.449
224.329
224.35
224.388
224.455
224.478
224.393
224.578
224.555
224.448
224.333
224.537
224.486
224.487
224.467
224.29
224.48
224.457
224.451
224.529
224.193
224.391
224.499
224.364
224.471
224.701
224.679
224.453
224.529
224.548
224.62
224.419
224.451
224.539
224.647
224.557
224.572
224.704
224.547
224.591
224.572
224.469
224.318
224.596
224.573
224.568
224.655
224.656
224.429
224.435
224.353
224.405
224.762
224.518
224.649
224.326
224.489
224.368
224.481
224.415
224.267
224.48
224.424
224.323
224.363
224.326
224.322
224.485
224.518
224.486
224.595
224.31
224.405
224.321
224.228
224.54
224.53
224.349
224.527
224.381
224.389
224.461
224.506
224.577
224.479
224.43
224.481
224.549
224.488
224.412
224.345
224.453
224.444
224.58
224.444
224.715
224.551
224.38
224.543
224.378
224.465
224.666
224.407
224.473
224.488
224.57
224.446
224.544
224.51
224.293
224.485
224.476
224.59
224.503
224.347
224.59
224.492
224.52
224.409
224.408
224.412
224.612
224.494
224.507
224.528
224.488
224.715
224.755
224.535
224.465
224.418
224.524
224.411
224.472
224.35
224.412
224.516
224.613
224.559
224.35
224.646
224.481
224.626
224.563
224.584
224.725
224.665
224.461
224.433
224.497
224.466
224.554
224.415
224.386
224.8
224.416
224.398
224.47
224.413
224.485
224.345
224.537
224.309
224.543
224.64
224.432
224.444
224.431
224.281
224.519
224.501
224.41
224.284
224.489
224.265
224.397
224.46
224.491
224.44
224.367
224.429
224.461
224.494
224.373
224.46
224.507
224.584
224.572
224.324
224.257
224.51
224.454
224.396
224.43
224.509
224.331
224.306
224.627
224.523
224.371
224.353
224.593
224.517
224.431
224.493
224.575
224.402
224.458
224.46
224.373
224.33
224.498
224.438
224.329
224.538
224.588
224.393
224.551
224.49
224.347
224.394
224.395
224.509
224.554
224.501
224.514
224.479
224.444
224.373
224.369
224.459
224.442
224.499
224.378
224.443
224.341
224.512
224.333
224.418
224.421
224.365
224.568
224.465
224.556
224.395
224.447
224.408
224.543
224.468
224.58
224.393
224.459
224.543
224.552
224.481
224.536
224.452
224.483
224.566
224.532
224.515
224.69
224.541
224.436
224.285
224.208
224.422
224.407
224.517
224.766
224.518
224.562
224.447
224.519
224.297
224.353
224.531
224.486
224.493
224.454
224.352
224.573
224.517
224.436
224.401
224.518
224.444
224.498
224.48
224.429
224.327
224.242
224.218
224.5
224.41
224.459
224.598
224.485
224.608
224.562
224.557
224.52
224.486
224.347
224.492
224.304
224.51
224.324
224.455
224.304
224.365
224.434
224.388
224.519
224.611
224.537
224.567
224.297
224.569
224.581
224.392
224.55
224.316
224.396
224.377
224.504
224.514
224.348
224.41
224.549
224.63
224.446
224.222
224.489
224.349
224.431
224.483
224.604
224.423
224.411
224.317
224.23
224.427
224.433
224.382
224.65
224.445
224.411
224.559
224.481
224.371
224.287
224.435
224.638
224.474
224.4
224.618
224.457
224.657
224.433
224.745
224.484
224.455
224.489
224.383
224.57
224.587
224.385
224.513
224.385
224.572
224.519
224.447
224.645
224.499
224.393
224.606
224.324
224.452
224.367
224.438
224.431
224.367
224.464
224.296
224.401
224.617
224.405
224.496
224.481
224.48
224.458
224.492
224.802
224.702
224.394
224.522
224.479
224.371
224.514
224.477
224.365
224.563
224.333
224.485
224.6
224.507
224.511
224.423
224.398
224.315
224.378
224.309
224.414
224.503
224.542
224.467
224.464
224.59
224.534
224.377
224.612
224.361
224.477
224.449
224.328
224.519
224.418
224.485
224.478
224.499
224.237
224.389
224.519
224.451
224.423
224.456
224.367
224.575
224.468
224.49
224.454
224.426
224.419
224.456
224.62
224.377
224.461
224.495
224.369
224.447
224.635
224.431
224.415
224.447
224.483
224.598
224.456
224.406
224.233
224.488
224.641
224.428
224.559
224.434
224.539
224.511
224.565
224.498
224.531
224.415
224.437
224.55
224.545
224.501
224.334
225.617
224.437
224.612
224.392
224.313
224.448
224.488
224.377
224.542
224.421
224.507
224.562
224.568
224.583
224.584
224.588
224.461
224.539
224.638
224.551
224.451
224.613
224.679
224.443
224.564
224.51
224.593
224.491
224.432
224.496
224.457
224.603
224.533
224.686
224.368
224.681
224.446
224.558
224.436
224.438
224.489
224.378
224.352
224.521
224.447
224.557
224.493
224.753
224.595
224.837
224.463
224.517
224.435
224.296
224.414
224.522
224.691
224.603
224.637
224.596
224.28
224.455
224.493
224.624
224.642
224.492
224.557
224.828
224.519
224.49
224.559
224.339
224.341
224.344
224.433
224.277
224.764
224.406
224.468
224.403
224.619
224.529
224.303
224.532
224.508
224.412
224.681
224.397
224.453
224.344
224.272
224.242
224.34
224.365
224.306
224.424
224.397
224.254
224.443
224.503
224.367
224.527
224.538
224.48
224.554
224.453
224.676
224.418
224.486
224.376
224.577
224.352
224.392
224.646
224.452
224.442
224.32
224.509
224.446
224.393
224.324
224.464
224.418
224.483
224.561
224.547
224.569
224.383
224.435
224.473
224.647
224.522
224.52
224.477
224.499
224.567
224.475
224.54
224.553
224.458
224.495
224.586
224.372
224.581
224.351
224.303
224.506
224.457
224.472
224.42
224.428
224.401
224.306
224.441
224.241
224.539
224.245
224.333
224.464
224.39
224.3
224.632
224.559
224.344
224.274
224.536
224.408
224.646
224.364
224.461
224.459
224.386
224.457
224.425
224.389
224.373
224.457
224.41
224.452
224.323
224.453
224.344
224.433
224.552
224.578
224.345
224.43
224.372
224.563
224.367
224.546
224.627
224.272
224.614
224.351
224.482
224.512
224.524
224.525
224.417
224.4
224.452
224.606
224.542
224.394
224.277
224.383
224.441
224.467
224.27
224.609
224.367
224.216
224.451
224.348
224.368
224.551
224.526
224.486
224.493
224.444
224.404
224.442
224.301
224.361
224.483
224.376
224.245
224.427
224.448
224.525
224.451
224.416
224.452
224.491
224.481
224.557
224.542
224.422
224.319
224.563
224.578
224.526
224.282
224.522
224.373
224.578
224.579
224.569
224.506
224.531
224.476
224.401
224.63
224.542
224.62
224.671
224.42
224.481
224.457
224.498
224.419
224.436
224.477
224.34
224.492
224.424
224.35
224.575
224.479
224.49
224.47
224.388
224.471
224.49
224.491
224.469
224.322
224.426
224.382
224.622
224.607
224.655
224.525
224.437
224.47
224.542
224.558
224.428
224.569
224.362
224.501
224.574
224.409
224.326
224.538
224.343
224.601
224.405
224.549
224.475
224.356
224.337
224.316
224.562
224.738
224.599
224.471
224.525
224.535
224.507
224.429
224.379
224.464
224.663
224.371
224.659
224.497
224.623
224.459
224.517
224.341
224.621
224.418
224.467
224.647
224.392
224.458
224.486
224.419
224.376
224.297
224.52
224.436
224.407
224.303
224.498
224.308
224.355
224.294
224.497
224.427
224.501
224.549
224.416
224.377
224.636
224.327
224.248
224.551
224.415
224.427
224.633
224.593
224.409
224.456
224.618
224.484
224.263
224.474
224.42
224.684
224.386
224.593
224.321
224.592
224.358
224.514
224.403
224.482
224.34
224.413
224.354
224.426
224.264
224.448
224.46
224.523
224.414
224.417
224.498
224.474
224.57
224.51
224.486
224.611
224.548
224.516
224.513
224.426
224.572
224.481
224.457
224.432
224.376
224.847
224.574
224.517
224.419
224.271
224.376
224.37
224.464
224.522
224.517
224.542
224.749
224.448
224.437
224.438
224.304
224.693
224.577
224.416
224.31
224.419
224.47
224.532
224.352
224.476
224.633
224.465
224.5
224.532
224.522
224.39
224.314
224.479
224.369
224.592
224.524
224.498
224.466
224.604
224.746
224.575
224.591
224.537
224.536
224.577
224.539
224.532
224.339
224.372
224.329
224.449
224.606
224.479
224.523
224.469
224.391
224.458
224.541
224.412
224.416
224.331
224.462
224.401
224.64
224.319
224.329
224.602
224.524
224.608
224.445
224.548
224.482
224.38
228.269
224.685
224.356
224.397
224.419
224.733
224.495
224.466
224.575
224.675
224.601
224.461
224.723
224.596
224.611
224.441
224.511
224.505
224.549
224.698
224.627
224.548
224.535
224.686
224.758
224.522
224.796
224.542
224.552
224.476
224.508
224.494
224.472
224.62
224.682
224.392
224.596
224.632
224.504
224.509
224.653
224.469
224.422
224.682
224.457
224.514
224.514
224.617
224.411
224.571
224.422
224.679
224.416
224.468
224.603
224.55
224.502
224.508
224.374
224.413
224.456
224.563
224.508
224.495
224.49
224.585
224.527
224.631
224.594
224.701
224.419
224.602
224.563
224.587
224.636
224.601
224.414
224.668
224.47
224.668
224.497
224.425
224.496
224.55
224.59
224.526
224.796
224.689
224.474
224.495
224.453
224.638
224.596
224.294
224.52
224.4
224.547
224.549
224.562
224.443
224.337
224.534
224.348
224.579
224.316
224.494
224.649
224.398
224.297
224.427
224.43
224.627
224.418
224.461
224.424
224.589
224.436
224.376
224.465
224.409
224.579
224.402
224.409
224.442
224.394
224.224
224.617
224.444
224.549
224.585
224.607
224.61
224.301
224.461
224.448
224.482
224.381
224.459
224.685
224.436
224.54
224.439
224.332
224.448
224.257
224.403
224.452
224.588
224.385
224.325
224.461
224.646
224.465
224.562
224.498
224.556
224.47
224.47
224.592
224.614
224.373
224.4
224.622
224.357
224.524
224.407
224.529
224.514
224.417
224.631
224.266
224.513
224.387
224.398
224.577
224.462
224.303
224.404
224.424
224.582
224.792
224.532
224.493
224.351
224.609
224.503
224.397
224.481
224.35
224.41
224.533
224.404
224.502
224.485
224.368
224.387
224.56
224.46
224.769
224.434
224.435
224.458
224.497
224.564
224.557
224.428
224.553
224.528
224.5
224.668
224.391
224.404
224.544
224.392
224.635
224.469
224.487
224.471
224.511
224.561
224.494
224.432
224.469
224.352
224.415
224.518
224.345
224.519
224.466
224.499
224.436
224.523
224.533
224.402
224.402
224.388
224.336
224.728
224.541
224.494
224.203
224.255
224.346
224.521
224.417
224.304
224.485
224.506
224.509
224.399
224.379
224.536
224.473
224.533
224.406
224.519
224.45
224.612
224.47
224.598
224.604
224.395
224.529
224.239
224.36
224.357
224.383
224.566
224.392
224.365
224.48
224.322
224.495
224.607
224.554
224.637
224.669
224.402
224.388
224.513
224.603
224.345
224.428
224.458
224.417
224.328
224.304
224.49
224.473
224.445
224.442
224.396
224.469
224.57
224.499
224.424
224.682
224.573
224.527
224.572
224.379
224.391
224.504
224.473
224.545
224.506
224.509
224.326
224.38
224.389
224.446
224.541
224.513
224.51
224.33
224.53
224.359
224.265
224.531
224.416
224.613
224.449
224.606
224.559
224.486
224.418
224.452
224.508
224.429
224.549
224.612
224.574
224.412
224.494
224.519
224.335
224.534
224.525
224.394
224.29
224.574
224.652
224.492
224.358
224.545
224.458
224.459
224.434
224.39
224.382
224.474
224.468
224.577
224.342
224.569
224.412
224.669
224.369
224.298
224.442
224.43
224.46
224.494
224.465
224.583
224.594
224.481
224.463
224.532
224.467
224.352
224.643
224.506
224.569
224.386
224.316
224.413
224.377
224.548
224.45
224.552
224.405
224.234
224.371
224.46
224.317
224.403
224.349
224.517
224.45
224.362
224.491
224.577
224.557
224.361
224.466
224.5
224.403
224.51
224.404
224.263
224.448
224.351
224.756
224.404
224.469
224.457
224.392
224.294
224.615
224.469
224.425
224.611
224.492
224.3
224.467
224.29
224.318
224.479
224.434
224.472
224.594
224.435
224.644
224.347
224.627
224.369
224.674
224.52
224.428
224.424
224.535
224.54
224.589
224.498
224.28
224.426
224.515
224.596
224.494
224.431
224.469
224.359
224.47
224.564
224.604
224.383
224.48
224.451
224.47
224.531
224.558
224.623
224.425
224.501
224.514
224.562
224.479
224.497
224.507
224.341
224.528
224.712
224.39
224.557
224.521
224.408
224.475
224.427
224.564
224.399
224.227
224.455
224.592
224.433
224.441
224.43
224.33
224.46
224.499
224.366
224.476
224.377
224.464
224.325
224.358
224.354
224.453
224.434
224.439
224.494
224.422
224.563
224.326
224.347
224.405
224.544
224.27
224.428
224.615
224.274
224.52
224.465
224.573
224.515
224.487
224.487
224.618
224.359
224.554
224.618
224.444
224.429
224.49
224.514
224.378
224.495
224.465
224.417
224.324
224.222
224.563
224.396
224.447
224.49
224.441
224.333
224.518
224.62
224.478
224.242
224.42
224.521
224.451
224.503
224.442
224.617
224.516
224.373
224.583
224.352
224.285
224.286
224.397
224.541
224.408
224.398
224.558
224.729
224.56
224.43
224.428
224.256
224.309
224.409
224.366
224.411
224.625
224.501
224.504
224.616
224.549
224.696
224.473
224.472
224.304
224.498
224.204
224.514
224.517
224.447
224.451
224.406
224.41
224.303
224.404
224.248
224.338
224.273
224.537
224.425
224.238
224.508
224.427
224.444
224.41
224.211
224.396
224.529
224.672
224.374
224.41
224.427
224.448
224.461
224.39
224.494
224.585
224.284
224.565
224.555
224.538
224.347
224.364
224.455
224.517
224.303
224.383
224.411
224.442
224.446
224.359
224.558
224.277
224.37
224.231
224.54
224.417
224.543
224.463
224.602
224.377
224.429
224.442
224.447
224.344
224.362
224.44
224.356
224.486
224.598
224.566
224.549
224.483
224.43
224.489
224.461
224.399
224.234
224.494
224.612
224.602
224.712
224.371
224.619
224.46
224.516
224.546
224.332
224.455
224.46
224.391
224.294
224.359
224.347
224.361
224.416
224.401
224.506
224.502
224.493
224.63
224.568
224.496
224.546
224.438
224.516
224.522
224.404
224.531
224.381
224.397
224.463
224.699
224.393
224.409
224.34
224.467
224.529
224.399
224.632
224.44
224.5
224.569
224.5
224.645
224.394
224.746
224.458
224.43
224.65
224.429
224.591
224.645
224.347
224.604
224.612
224.338
224.28
224.367
224.562
224.389
224.509
224.434
224.508
224.635
224.698
224.488
224.648
224.543
224.33
224.308
224.573
224.42
224.306
224.382
224.386
224.427
224.303
224.361
224.481
224.323
224.6
224.335
224.414
224.336
224.473
224.457
224.362
224.322
224.443
224.567
224.599
224.525
224.415
224.552
224.393
224.516
224.638
224.516
224.581
224.287
224.376
224.492
224.598
224.439
224.556
224.429
224.304
224.369
224.441
224.518
224.401
224.465
224.427
224.61
224.333
224.359
224.328
224.5
224.427
224.532
224.543
224.752
224.392
224.441
224.547
224.393
224.512
224.427
224.462
224.392
224.462
224.516
224.514
224.522
224.505
224.604
224.59
224.527
224.581
224.309
224.456
224.285
224.379
224.44
224.381
224.442
224.457
224.34
224.396
224.491
224.411
224.335
224.635
224.507
224.43
224.331
224.579
224.357
224.6
224.388
224.493
224.513
224.596
224.505
224.375
224.365
224.388
224.543
224.33
224.339
224.398
224.464
224.391
224.465
224.533
224.652
224.395
224.315
224.453
224.432
224.573
224.37
224.291
224.565
224.42
224.383
224.36
224.243
224.226
224.598
224.608
224.443
224.567
224.436
224.297
224.648
224.617
224.389
224.478
224.378
224.54
224.372
224.396
224.462
224.48
224.47
224.466
224.489
224.257
224.483
224.607
224.505
224.413
224.387
224.329
224.465
224.522
224.449
224.601
224.437
224.425
224.428
224.543
224.378
224.411
224.525
224.359
224.398
224.621
224.471
224.513
224.408
224.418
224.384
224.413
224.34
224.421
224.41
224.591
224.385
224.551
224.515
224.582
224.473
224.415
224.582
224.513
224.462
224.644
224.45
224.358
224.533
224.628
224.437
224.456
224.448
224.125
224.45
224.472
224.337
224.366
224.512
224.524
224.539
224.656
224.521
224.522
224.558
224.472
224.48
224.311
224.359
224.27
224.438
224.402
224.28
224.422
224.4
224.463
224.361
224.575
224.528
224.424
224.671
224.383
224.466
224.475
224.515
224.325
224.504
224.397
224.248
224.431
224.399
224.405
224.317
224.493
224.525
224.722
224.737
224.619
224.518
224.562
224.42
224.389
224.524
224.614
224.431
224.461
224.375
224.593
224.478
224.593
224.511
224.524
224.443
224.485
224.374
224.592
224.372
224.33
224.468
224.653
224.455
224.533
224.389
224.502
224.5
224.37
224.392
224.278
224.451
224.519
224.283
224.47
224.384
224.355
224.579
224.347
224.493
224.298
224.268
224.384
224.619
224.557
224.472
224.389
224.715
224.332
224.419
224.554
224.547
224.409
224.375
224.526
224.56
224.62
224.555
224.5
224.536
224.401
224.477
224.468
224.471
224.586
224.413
224.281
224.339
224.573
224.341
224.446
224.473
224.823
224.416
224.469
224.492
224.386
224.555
224.416
224.451
224.287
224.706
224.57
224.281
224.338
224.298
224.367
224.443
224.515
224.361
224.519
224.507
224.494
224.414
224.544
224.436
224.429
224.424
224.472
224.35
224.521
224.394
224.412
224.392
224.49
224.409
224.399
224.399
224.375
224.52
224.461
224.323
224.547
224.426
224.557
224.384
224.472
224.45
224.382
224.447
224.391
224.462
224.326
224.387
224.536
224.359
224.462
224.563
224.45
224.525
224.596
224.51
224.179
224.455
224.409
224.452
224.398
224.288
224.606
224.398
224.253
224.314
224.417
224.367
224.193
224.351
224.449
224.47
224.433
224.426
224.539
224.375
224.198
224.408
224.4
224.593
224.561
224.359
224.53
224.54
224.557
224.59
224.454
224.408
224.369
224.485
224.454
224.474
224.397
224.504
224.506
224.595
224.425
224.457
224.456
224.478
224.405
224.325
224.313
224.428
224.42
224.279
224.542
224.342
224.41
224.383
224.445
224.575
224.451
224.301
224.501
224.378
224.408
224.493
224.472
224.314
224.328
224.438
224.396
224.451
224.521
224.473
224.611
224.381
224.515
224.538
224.592
224.404
224.319
224.226
224.551
224.503
224.571
224.304
224.487
224.508
224.285
224.686
224.472
224.268
224.288
224.246
224.463
224.406
224.499
224.374
224.428
224.505
224.348
224.518
224.389
224.464
224.347
224.615
224.433
224.606
224.418
224.391
224.482
224.421
224.629
224.538
224.481
224.472
224.618
224.49
224.356
224.331
224.614
224.419
224.649
224.438
224.468
224.344
224.547
224.367
224.501
224.412
224.528
224.268
224.513
224.507
224.375
224.471
224.572
224.403
224.509
224.26
224.498
224.394
224.593
224.524
224.426
224.582
224.458
224.41
224.351
224.425
224.466
224.465
224.549
224.254
224.512
224.574
224.587
224.449
224.439
224.384
224.499
224.297
224.376
224.484
224.519
224.508
224.386
224.443
224.487
224.527
224.372
224.27
224.745
224.395
224.517
224.358
224.408
224.413
224.422
224.416
224.311
224.534
224.409
224.353
224.513
224.462
224.629
224.371
224.288
224.331
224.544
224.371
224.462
224.515
224.347
224.462
224.547
224.527
224.514
224.31
224.356
224.42
224.367
224.699
224.446
224.54
224.495
224.494
224.464
224.547
224.487
224.366
224.456
224.738
224.491
224.539
224.493
224.537
224.411
224.627
224.552
224.636
224.459
224.43
224.314
224.325
224.478
224.472
224.448
224.303
224.465
224.362
224.374
224.42
224.391
224.407
224.431
224.42
224.508
224.356
224.557
224.549
224.531
224.66
224.121
224.397
224.329
224.344
224.351
224.389
224.627
224.51
224.432
224.419
224.354
224.436
224.687
224.412
224.493
224.526
224.371
224.498
224.477
224.492
224.431
224.512
224.484
224.455
224.687
224.542
224.454
224.633
224.582
224.479
224.443
224.4
224.528
224.54
224.416
224.484
224.598
224.631
224.403
224.377
224.393
224.537
224.445
224.544
224.443
224.296
224.616
224.639
224.576
224.604
224.493
224.474
224.622
224.614
224.43
224.474
224.379
224.46
224.355
224.695
224.503
224.424
224.315
224.584
224.466
224.518
224.538
224.431
224.331
224.304
224.361
224.621
224.49
224.483
224.377
224.591
224.476
224.498
224.56
224.338
224.327
224.346
224.346
224.37
224.343
224.617
224.372
224.505
224.593
224.54
224.416
224.493
224.412
224.348
224.434
224.349
224.432
224.418
224.349
224.368
224.5
224.396
224.446
224.552
224.593
224.723
224.372
224.359
224.576
224.484
224.531
224.448
224.263
224.244
224.435
224.444
224.288
224.354
224.568
224.443
224.399
224.389
224.739
224.454
224.349
224.425
224.517
224.323
224.437
224.41
224.684
224.54
224.44
224.364
224.306
224.419
224.442
224.583
224.527
224.361
224.456
224.219
224.358
224.5
224.378
224.448
224.307
224.497
224.583
224.422
224.35
224.256
224.252
224.362
224.516
224.436
224.477
224.42
224.629
224.555
224.417
224.439
224.395
224.62
224.473
224.435
224.42
224.438
224.539
224.414
224.391
224.376
224.46
224.478
224.45
224.447
224.441
224.401
224.501
224.41
224.397
224.374
224.565
224.566
224.297
224.52
224.515
224.631
224.411
224.551
224.574
224.416
224.484
224.504
224.462
224.488
224.217
224.378
224.335
224.515
224.433
224.425
224.486
224.513
224.405
224.472
224.406
224.456
224.435
224.543
224.571
224.507
224.379
224.503
224.761
224.444
224.464
224.526
224.657
224.433
224.471
224.439
224.405
224.382
224.426
224.582
224.479
224.592
224.49
224.355
224.365
224.359
224.437
224.507
224.347
224.487
224.379
224.557
224.355
224.457
224.497
224.429
224.44
224.603
224.5
224.503
224.399
224.342
224.406
224.482
224.461
224.547
224.529
224.445
224.429
224.39
224.389
224.413
224.794
224.426
224.564
224.409
224.398
224.472
224.513
224.29
224.328
224.244
224.533
224.538
224.377
224.39
224.386
224.516
224.574
224.426
224.462
224.56
224.473
224.349
224.622
224.574
224.541
224.441
224.561
224.63
224.505
224.555
224.337
224.455
224.537
224.326
224.581
224.587
224.466
224.348
224.568
224.324
224.374
224.329
224.482
224.331
224.613
224.486
224.392
224.426
224.556
224.604
224.517
224.405
224.345
224.658
224.567
224.232
224.371
224.424
224.343
224.57
224.399
224.58
224.677
224.487
224.498
224.62
224.462
224.518
224.417
224.642
224.399
224.681
224.446
224.467
224.559
224.575
224.488
224.436
224.63
224.536
224.331
224.481
224.32
224.348
224.318
224.494
224.488
224.422
224.464
224.465
224.723
224.638
224.555
224.381
224.537
224.35
224.405
224.322
224.659
224.461
224.476
224.518
224.59
224.41
224.37
224.44
224.374
224.57
224.523
224.645
224.593
224.287
224.509
224.333
224.485
224.478
224.591
224.566
224.711
224.618
224.545
224.313
224.384
224.707
224.376
224.234
224.153
224.352
224.592
224.551
224.392
224.393
224.394
224.437
224.491
224.531
224.485
224.326
224.49
224.573
224.47
224.249
224.432
224.357
224.468
224.51
224.507
224.53
224.594
224.463
224.375
224.47
224.427
224.643
224.479
224.637
224.574
224.436
224.487
224.401
224.516
224.521
224.605
224.415
224.383
224.388
224.604
224.43
224.421
224.472
224.487
224.464
224.575
224.475
224.471
224.434
224.467
224.758
224.611
224.791
224.607
224.52
224.482
224.366
224.565
224.575
224.483
224.414
224.265
224.553
224.725
224.506
224.531
224.612
224.379
224.466
224.421
224.428
224.675
224.571
224.625
224.509
224.327
224.445
224.689
224.555
224.37
224.402
224.408
224.405
224.452
224.51
224.351
224.63
224.331
224.571
224.503
224.55
224.637
224.575
224.39
224.662
224.322
224.616
224.542
224.45
224.429
224.53
224.421
224.639
224.554
224.5
224.546
224.631
224.466
224.608
224.568
224.382
224.598
224.386
224.437
224.42
224.426
224.441
224.438
224.296
224.308
224.428
224.321
224.528
224.554
224.531
224.483
224.458
224.346
224.399
224.397
224.246
224.525
224.516
224.429
224.592
224.616
224.283
224.891
224.53
224.483
224.291
224.583
224.353
224.683
224.401
224.507
224.46
224.395
224.438
224.476
224.356
224.312
224.609
224.523
224.369
224.424
224.405
224.605
224.496
224.45
224.46
224.388
224.364
224.395
224.408
224.405
224.447
224.499
224.625
224.503
224.488
224.693
224.507
224.529
224.525
224.513
224.487
224.323
224.517
224.53
224.43
224.482
224.494
224.403
224.448
224.382
224.343
224.495
224.629
224.311
224.439
224.412
224.45
224.494
224.655
224.495
224.48
224.48
224.46
224.314
224.556
224.316
224.493
224.587
224.521
224.454
224.326
224.449
224.418
224.347
224.396
224.28
224.598
224.317
224.55
224.431
224.212
224.393
224.319
224.583
224.439
224.498
224.583
224.518
224.576
224.54
224.333
224.348
224.42
224.453
224.528
224.444
224.465
224.563
224.368
224.468
224.324
224.283
224.39
224.382
224.373
224.467
224.443
224.535
224.429
224.538
224.287
224.527
224.408
224.339
224.231
224.526
224.394
224.543
224.366
224.479
224.617
224.374
224.402
224.481
224.575
224.41
224.498
224.436
224.533
224.598
224.49
224.388
224.485
224.564
224.556
224.604
224.414
224.571
224.465
224.444
224.517
224.604
224.664
224.398
224.338
224.358
224.39
224.402
224.415
224.451
224.467
224.297
224.411
224.396
224.351
224.311
224.325
224.445
224.472
224.61
224.422
224.399
224.547
224.63
224.446
224.454
224.591
224.605
224.447
224.533
224.582
224.433
224.39
224.357
224.427
224.5
224.391
224.462
224.502
224.574
224.426
224.447
224.361
224.484
224.539
224.623
224.548
224.583
224.41
224.345
224.416
224.427
224.537
224.658
224.448
224.509
224.454
224.388
224.282
224.497
224.157
224.594
224.255
224.331
224.569
224.361
224.469
224.511
224.438
224.506
224.42
224.35
224.518
224.499
224.474
224.522
224.5
224.606
224.47
224.445
224.438
224.487
224.472
224.414
224.403
224.514
224.474
224.433
224.426
224.44
224.409
224.419
224.29
224.384
224.344
224.314
224.323
224.398
224.698
224.365
224.427
224.505
224.288
224.259
224.297
224.435
224.194
224.207
224.511
224.253
224.365
224.478
224.491
224.528
224.641
224.376
224.459
224.514
224.454
224.41
224.538
224.444
224.569
224.67
224.529
224.488
224.602
224.608
224.376
224.393
224.562
224.422
224.472
224.416
224.498
224.394
224.519
224.47
224.493
224.38
224.432
224.225
224.537
224.535
224.73
224.506
224.412
224.671
224.528
224.565
224.558
224.368
224.332
224.65
224.452
224.393
224.454
224.478
224.607
224.45
224.221
224.505
224.35
224.405
224.608
224.302
224.37
224.421
224.394
224.482
224.496
224.56
224.261
224.38
224.674
224.32
224.484
224.457
224.488
224.569
224.36
224.472
224.412
224.428
224.59
224.51
224.303
224.368
224.406
224.406
224.409
224.619
224.552
224.375
224.308
224.534
224.336
224.481
224.418
224.512
224.426
224.429
224.459
224.371
224.432
224.327
224.335
224.433
224.534
224.448
224.586
224.41
224.448
224.556
224.486
224.429
224.546
224.304
224.27
224.31
224.566
224.496
224.494
224.395
224.472
224.354
224.5
224.517
224.531
224.4
224.322
224.118
224.417
224.469
224.564
224.438
224.305
224.306
224.41
224.428
224.509
224.298
224.365
224.466
224.484
224.417
224.542
224.312
224.42
224.267
224.509
224.535
224.343
224.424
224.431
224.5
224.287
224.499
224.457
224.331
224.295
224.506
224.394
224.559
224.311
224.263
224.516
224.46
224.476
224.411
224.359
224.341
224.547
224.458
224.45
224.543
224.359
224.432
224.549
224.547
224.484
224.336
224.419
224.241
224.332
224.483
224.627
224.424
224.389
224.457
224.441
224.342
224.448
224.561
224.463
224.296
224.503
224.635
224.528
224.304
224.484
224.293
224.422
224.528
224.361
224.529
224.326
224.373
224.5
224.454
224.376
224.396
224.331
224.418
224.536
224.555
224.265
224.489
224.407
224.362
224.567
224.293
224.716
224.656
224.478
224.259
224.594
224.43
224.403
224.272
224.546
224.269
224.405
224.282
224.271
224.312
224.477
224.464
224.484
224.486
224.391
224.514
224.546
224.593
224.443
224.388
224.52
224.582
224.293
224.503
224.681
224.653
224.425
224.364
224.335
224.547
224.431
224.532
224.248
224.357
224.437
224.565
224.319
224.205
224.336
224.308
224.426
224.547
224.468
224.218
224.441
224.37
224.433
224.463
224.331
224.22
224.353
224.318
224.513
224.255
224.381
224.541
224.524
224.505
224.369
224.308
224.346
224.442
224.398
224.484
224.542
224.359
224.299
224.519
224.306
224.563
224.444
224.44
224.603
224.406
224.38
224.445
224.324
224.533
224.426
224.245
224.332
224.405
224.44
224.337
224.48
224.469
224.546
224.357
224.391
224.548
224.529
224.538
224.39
224.509
224.317
224.448
224.522
224.548
224.375
224.638
224.49
224.447
224.57
224.428
224.458
224.41
224.425
224.274
224.483
224.29
224.454
224.516
224.381
224.554
224.236
224.527
224.34
224.419
224.376
224.737
224.563
224.244
224.447
224.453
224.571
224.595
224.389
224.536
224.407
224.547
224.446
224.387
224.611
224.633
224.7
224.533
224.476
224.345
224.152
224.51
224.564
224.32
224.514
224.513
224.338
224.433
224.324
224.336
224.405
224.431
224.451
224.368
224.394
224.411
224.452
224.42
224.321
224.303
224.662
224.324
224.457
224.481
224.429
224.486
224.442
224.294
224.467
224.595
224.44
224.464
224.571
224.578
224.423
224.395
224.458
224.18
224.557
224.591
224.454
224.389
224.389
224.407
224.335
224.396
224.398
224.474
224.316
224.583
224.401
224.478
224.494
224.438
224.556
224.519
224.575
224.589
224.42
224.449
224.541
224.499
224.473
224.343
224.272
224.37
224.43
224.416
224.396
224.535
224.33
224.356
224.35
224.637
224.347
224.363
224.402
224.335
224.665
224.609
224.492
224.526
224.491
224.445
224.579
224.544
224.547
224.503
224.505
224.559
224.484
224.481
224.439
224.356
224.568
224.274
224.425
224.47
224.602
224.322
224.341
224.474
224.614
224.596
224.363
224.419
224.384
224.499
224.397
224.466
224.359
224.303
224.95
224.501
224.376
224.501
224.296
224.543
224.315
224.325
224.556
224.431
224.552
224.41
224.638
224.496
224.657
224.538
224.474
224.56
224.664
224.341
224.389
224.467
224.403
224.536
224.682
224.576
224.649
224.478
224.409
224.42
224.675
224.558
224.514
224.515
224.67
224.402
224.429
224.382
224.327
224.47
224.643
224.476
224.506
224.582
224.486
224.391
224.337
224.409
224.323
224.276
224.372
224.461
224.634
224.358
224.621
224.318
224.545
224.38
224.438
224.457
224.55
224.428
224.441
224.525
224.459
224.527
224.466
224.462
224.624
224.535
224.482
224.418
224.663
224.545
224.341
224.523
224.481
224.4
224.402
224.306
224.377
224.274
224.37
224.295
224.601
224.612
224.446
224.516
224.488
224.634
224.511
224.564
224.566
224.472
224.586
224.446
224.501
224.456
224.275
224.321
224.384
224.199
224.628
224.42
224.431
224.656
224.671
224.294
224.34
224.394
224.46
224.445
224.291
224.25
224.557
224.59
224.347
224.375
224.368
224.542
224.497
224.467
224.517
224.374
224.428
224.483
224.537
224.391
224.48
224.503
224.406
224.621
224.559
224.185
224.486
224.466
224.473
224.453
224.582
224.564
224.747
224.555
224.64
224.554
224.528
224.421
224.562
224.561
224.406
224.247
224.607
224.521
224.492
224.347
224.302
224.411
224.527
224.753
224.452
224.273
224.37
224.447
224.595
224.396
224.349
224.451
224.447
224.525
224.544
224.384
224.4
224.571
224.47
224.558
224.533
224.507
224.571
224.517
224.409
224.422
224.35
224.4
224.511
224.301
224.586
224.661
224.659
224.395
224.663
224.518
224.633
224.6
224.584
224.457
224.459
224.431
224.486
224.498
224.387
224.395
224.319
224.532
224.548
224.497
224.437
224.494
224.279
224.336
224.62
224.546
224.378
224.604
224.479
224.357
224.211
224.416
224.572
224.46
224.58
224.46
224.58
224.497
224.682
224.278
224.425
224.538
224.484
224.499
224.664
224.499
224.383
224.328
224.531
224.518
224.411
224.527
224.502
224.544
224.238
224.422
224.577
224.522
224.465
224.59
224.749
224.74
224.675
224.644
224.292
224.625
224.503
224.424
224.309
224.443
224.406
224.426
224.271
224.56
224.405
224.341
224.468
224.365
224.635
224.507
224.616
224.514
224.582
224.719
224.417
224.418
224.416
224.439
224.388
224.43
224.456
224.171
224.395
224.588
224.423
224.373
224.532
224.534
224.349
224.522
224.554
224.393
224.576
224.593
224.458
224.347
224.509
224.38
224.563
224.59
224.518
224.432
224.512
224.462
224.328
224.329
224.47
224.528
224.392
224.516
224.383
224.333
224.512
224.624
224.61
224.36
224.556
224.413
224.396
224.538
224.535
224.459
224.489
224.609
224.392
224.524
224.392
224.702
224.55
224.633
224.461
224.348
224.476
224.574
224.313
224.272
224.483
224.412
224.673
224.49
224.52
224.616
224.504
224.421
224.233
224.347
224.427
224.475
224.493
224.439
224.63
224.407
224.516
224.411
224.531
224.334
224.571
224.478
224.425
224.544
224.485
224.644
224.382
224.389
224.419
224.517
224.436
224.389
224.449
224.367
224.397
224.468
224.421
224.38
224.294
224.448
224.382
224.398
224.418
224.473
224.463
224.524
224.614
224.531
224.557
224.451
224.438
224.409
224.608
224.547
224.514
224.449
224.393
224.392
224.374
224.532
224.364
224.579
224.319
224.476
224.487
224.504
224.397
224.402
224.444
224.48
224.552
224.532
224.47
224.397
224.832
224.505
224.437
224.356
224.573
224.358
224.5
224.427
224.463
224.552
224.433
224.409
224.702
224.523
224.335
224.425
224.439
224.645
224.253
224.482
224.324
224.475
224.466
224.506
224.477
224.535
224.563
224.488
224.421
224.53
224.526
224.478
224.402
224.585
224.293
224.709
224.559
224.408
224.631
224.434
224.506
224.502
224.675
224.523
224.396
224.315
224.412
224.561
224.651
224.45
224.562
224.55
224.381
224.428
224.409
224.683
224.451
224.543
224.432
224.584
224.423
224.42
224.374
224.459
224.428
224.313
224.563
224.701
224.509
224.446
224.62
224.361
224.353
224.343
224.607
224.598
224.614
224.479
224.409
224.515
224.499
224.441
224.582
224.574
224.504
224.479
224.331
224.474
224.401
224.331
224.43
224.506
224.524
224.339
224.354
224.393
224.473
224.432
224.394
224.45
224.416
224.612
224.526
224.559
224.492
224.514
224.442
224.65
224.533
224.478
224.529
224.567
224.47
224.498
224.565
224.453
224.428
224.62
224.544
224.427
224.608
224.411
224.575
224.469
224.336
224.38
224.657
224.505
224.599
224.483
224.537
224.385
224.298
224.311
224.415
224.367
224.43
224.297
224.45
224.388
224.468
224.366
224.53
224.505
224.509
224.511
224.304
224.487
224.504
224.432
224.457
224.612
224.401
224.331
224.608
224.538
224.328
224.333
224.407
224.463
224.342
224.379
224.346
224.547
224.453
224.489
224.457
224.422
224.466
224.522
224.534
224.433
224.49
224.557
224.402
224.408
224.653
224.411
224.573
224.539
224.548
224.544
224.501
224.441
224.469
224.409
224.468
224.535
224.298
224.549
224.68
224.698
224.483
224.177
224.453
224.491
224.355
224.469
224.487
224.566
224.366
224.502
224.659
224.803
224.526
224.666
224.486
224.373
224.624
224.484
224.415
224.624
224.398
224.583
224.556
224.258
224.393
224.491
224.447
224.507
224.398
224.499
224.559
224.495
224.403
224.536
224.492
224.438
224.361
224.36
224.384
224.42
224.516
224.593
224.322
224.696
224.452
224.381
224.381
224.393
224.553
224.441
224.374
224.372
224.416
224.302
224.493
224.646
224.523
224.502
224.422
224.583
224.546
224.442
224.417
224.541
224.517
224.365
224.402
224.401
224.416
224.418
224.435
224.304
224.31
224.377
224.429
224.447
224.512
224.298
224.622
224.628
224.393
224.494
224.481
224.495
224.428
224.338
224.473
224.42
224.392
224.411
224.277
224.604
224.382
224.488
224.494
224.745
224.365
224.455
224.395
224.409
224.678
224.45
224.467
224.582
224.354
224.311
224.446
224.584
224.606
224.527
224.475
224.494
224.439
224.478
224.425
224.636
224.573
224.544
224.5
224.472
224.481
224.528
224.48
224.609
224.525
224.578
224.431
224.445
224.595
224.475
224.468
224.551
224.453
224.324
224.402
224.537
224.301
224.473
224.452
224.548
224.563
224.575
224.391
224.594
224.467
224.646
224.457
224.393
224.588
224.421
224.35
224.509
224.152
224.206
224.852
224.529
224.52
224.415
224.503
224.313
224.384
224.354
224.531
224.48
224.554
224.448
224.375
224.398
224.5
224.562
224.528
224.41
224.41
224.405
224.403
224.505
224.533
224.316
224.424
224.381
224.287
224.396
224.478
224.714
224.428
224.39
224.663
224.528
224.491
224.602
224.528
224.575
224.545
224.331
224.36
224.352
224.308
224.35
224.312
224.495
224.66
224.531
224.508
224.438
224.385
224.387
224.389
224.458
224.425
224.326
224.308
224.38
224.493
224.257
224.306
224.469
224.495
224.369
224.533
224.697
224.529
224.534
224.585
224.392
224.501
224.482
224.375
224.446
224.447
224.534
224.472
224.458
224.394
224.47
224.58
224.656
224.399
224.568
224.518
224.515
224.564
224.506
224.361
224.585
224.514
224.515
224.383
224.559
224.248
224.458
224.339
224.609
224.419
224.659
224.476
224.49
224.364
224.357
224.338
224.421
224.599
224.272
224.448
224.51
224.64
224.817
224.533
224.556
224.383
224.506
224.704
224.375
224.585
224.534
224.321
224.502
224.582
224.499
224.476
224.419
224.522
224.561
224.341
224.557
224.527
224.146
224.56
224.516
224.377
224.186
224.467
224.422
224.52
224.673
224.381
224.357
224.386
224.594
224.491
224.362
224.397
224.439
224.442
224.439
224.423
224.338
224.407
224.343
224.442
224.365
224.506
224.51
224.463
224.27
224.583
224.593
224.434
224.285
224.551
224.346
224.329
224.489
224.358
224.376
224.413
224.664
224.557
224.76
224.544
224.608
224.496
224.429
224.544
224.511
224.56
224.471
224.493
224.401
224.498
224.57
224.665
224.481
224.469
224.349
224.627
224.608
224.453
224.611
224.445
224.524
224.64
224.489
224.37
224.502
224.526
224.413
224.36
224.518
224.507
224.44
224.254
224.37
224.487
224.359
224.537
224.445
224.315
224.25
224.283
224.5
224.431
224.481
224.382
224.443
224.381
224.382
224.416
224.379
224.6
224.179
224.36
224.512
224.259
224.42
224.483
224.373
224.501
224.594
224.625
224.416
224.509
224.254
224.557
224.303
224.581
224.506
224.318
224.607
224.454
224.582
224.507
224.492
224.643
224.785
224.365
224.472
224.469
224.494
224.307
224.426
224.386
224.438
224.44
224.369
224.416
224.319
224.555
224.375
224.562
224.749
224.287
224.465
224.426
224.409
224.441
224.283
224.621
224.588
224.36
224.582
224.407
224.481
224.54
224.344
224.329
224.452
224.24
224.656
224.502
224.58
224.426
224.541
224.519
224.508
224.622
224.415
224.545
224.484
224.423
224.53
224.464
224.497
224.388
224.487
224.523
224.598
224.33
224.483
224.351
224.389
224.482
224.45
224.549
224.428
224.526
224.467
224.555
224.34
224.31
224.301
224.525
224.398
224.316
224.438
224.421
224.334
224.386
224.565
224.297
224.471
224.464
224.482
224.605
224.559
224.512
224.576
224.482
224.44
224.597
224.627
224.671
224.272
224.707
224.47
224.493
224.43
224.62
224.447
224.557
224.539
224.611
224.349
224.494
224.51
224.563
224.525
224.626
224.431
224.403
224.491
224.412
224.643
224.431
224.444
224.412
224.498
224.442
224.341
224.134
224.55
224.403
224.51
224.409
224.379
224.364
224.396
224.258
224.489
224.258
224.174
224.619
224.453
224.597
224.447
224.393
224.452
224.36
224.494
224.423
224.389
224.537
224.497
224.474
224.468
224.595
224.375
224.475
224.399
224.485
224.453
224.389
224.41
224.486
224.47
224.488
224.499
224.448
224.483
224.512
224.32
224.621
224.553
224.672
224.509
224.486
224.32
224.574
224.524
224.546
224.579
224.546
224.584
224.33
224.461
224.548
224.464
224.42
224.432
224.404
224.474
224.593
224.251
224.497
224.633
224.421
224.348
224.619
224.449
224.511
224.365
224.422
224.389
224.302
224.55
224.291
224.466
224.387
224.466
224.591
224.595
224.54
224.368
224.492
224.515
224.48
224.602
224.481
224.413
224.513
224.359
224.331
224.306
224.415
224.383
224.312
224.527
224.478
224.513
224.546
224.405
224.49
224.384
224.311
224.379
224.558
224.635
224.554
224.418
224.551
224.533
224.579
224.395
224.599
224.655
224.546
224.352
224.589
224.482
224.49
224.63
224.53
224.526
224.295
224.337
224.443
224.488
224.32
224.483
224.262
224.43
224.368
224.587
224.291
224.529
224.633
224.164
224.368
224.676
224.364
224.552
224.433
224.591
224.62
224.492
224.565
224.256
224.424
224.43
224.399
224.43
224.373
224.354
224.444
224.659
224.496
224.491
224.406
224.462
224.443
224.624
224.664
224.538
224.447
224.377
224.308
224.491
224.557
224.346
224.391
224.382
224.324
224.357
224.33
224.351
224.248
224.588
224.594
224.526
224.481
224.398
224.323
224.281
224.563
224.423
224.263
224.461
224.47
224.511
224.38
224.322
224.497
224.458
224.384
224.34
224.321
224.321
224.455
224.319
224.362
224.303
224.346
224.427
224.504
224.508
224.528
224.381
224.397
224.447
224.464
224.419
224.532
224.446
224.479
224.505
224.457
224.506
224.483
224.432
224.463
224.346
224.583
224.402
224.389
224.429
224.517
224.365
224.347
224.486
224.302
224.463
224.431
224.602
224.436
224.573
224.551
224.536
224.571
224.406
224.359
224.615
224.464
224.516
224.581
224.376
224.459
224.527
224.373
224.526
224.418
224.286
224.471
224.527
224.534
224.395
224.711
224.404
224.408
224.41
224.433
224.48
224.425
224.577
224.45
224.716
224.365
224.577
225.197
224.458
224.482
224.499
224.407
224.382
224.585
224.583
224.41
224.493
224.425
224.453
224.181
224.333
224.447
224.553
224.432
224.364
224.514
224.589
224.566
224.569
224.541
224.549
224.441
224.536
224.398
224.411
224.531
224.469
224.451
224.661
224.323
224.424
224.452
224.563
224.612
224.66
224.539
224.455
224.587
224.571
224.487
224.267
224.548
224.491
224.601
224.513
224.445
224.407
224.229
224.54
224.553
224.525
224.409
224.747
224.412
224.571
224.606
224.415
224.354
224.607
224.607
224.444
224.671
224.389
224.393
224.455
224.475
224.558
224.346
224.371
224.468
224.547
224.55
224.298
224.139
224.524
224.35
224.628
224.354
224.429
224.368
224.414
224.487
224.402
224.631
224.37
224.332
224.441
224.244
224.219
224.49
224.146
224.482
224.34
224.368
224.52
224.221
224.255
224.332
224.426
224.342
224.41
224.437
224.319
224.531
224.416
224.503
224.46
224.461
224.35
224.399
224.523
224.412
224.381
224.218
224.517
224.283
224.436
224.45
224.436
224.382
224.387
224.664
224.518
224.319
224.428
224.354
224.52
224.48
224.64
224.363
224.52
224.55
224.45
224.309
224.258
224.495
224.453
224.536
224.405
224.533
224.739
224.623
224.387
224.43
224.463
224.597
224.768
224.46
224.529
224.296
224.46
224.477
224.394
224.595
224.471
224.347
224.556
224.27
224.569
224.484
224.656
224.426
224.376
224.407
224.483
224.4
224.514
224.479
224.495
224.454
224.383
224.349
224.316
224.443
224.595
224.635
224.642
224.511
224.467
224.553
224.421
224.39
224.594
224.447
224.376
224.28
224.229
224.547
224.446
224.511
224.53
224.446
224.307
224.527
224.317
225.305
224.354
224.394
224.479
224.495
224.329
224.436
224.26
224.464
224.537
224.444
224.515
224.484
224.43
224.437
224.521
224.536
224.365
224.531
224.484
224.276
224.339
224.593
224.468
224.563
224.489
224.471
224.637
224.687
224.387
224.51
224.318
224.34
224.451
224.416
224.455
224.52
224.467
224.227
224.449
224.565
224.496
224.536
224.551
224.468
224.578
224.554
224.386
224.508
224.558
224.504
224.512
224.844
224.555
224.563
224.42
224.46
224.517
224.477
224.294
224.464
224.449
224.487
224.546
224.5
224.548
224.36
224.514
224.639
224.356
224.389
224.436
224.345
224.511
224.501
224.679
224.658
224.393
224.638
224.469
224.657
224.446
224.37
224.295
224.385
224.262
224.393
224.423
224.704
224.699
224.627
224.662
224.5
224.438
224.57
224.483
224.508
224.605
224.486
224.528
224.404
224.508
224.446
224.529
224.552
224.521
224.535
224.472
224.565
224.449
224.405
224.458
224.345
224.416
224.359
224.419
224.464
224.5
224.412
224.331
224.465
224.513
224.462
224.409
224.268
224.367
224.38
224.542
224.391
224.514
224.375
224.646
224.387
224.408
224.406
224.377
224.42
224.402
224.35
224.582
224.569
224.373
224.609
224.487
224.327
224.494
224.522
224.569
224.307
224.596
224.409
224.512
224.427
224.446
224.48
224.605
224.552
224.656
224.397
224.458
224.493
224.549
224.325
224.441
224.564
224.586
224.608
224.474
224.49
224.46
224.446
224.419
224.545
224.606
224.5
224.392
224.48
224.487
224.267
224.268
224.439
224.528
224.591
224.404
224.687
224.465
224.324
224.636
224.644
224.642
224.486
224.324
224.515
224.294
224.302
224.532
224.337
224.317
224.392
224.35
224.52
224.585
224.392
224.74
224.381
224.429
224.417
224.635
224.437
224.558
224.538
224.411
224.429
224.572
224.282
224.347
224.556
224.547
224.467
224.713
224.374
224.483
224.49
224.402
224.581
224.457
224.467
224.521
224.409
224.428
224.487
224.449
224.35
224.483
224.399
224.444
224.38
224.446
224.467
224.488
224.361
224.304
224.54
224.331
224.496
224.525
224.624
224.374
224.339
224.568
224.453
224.425
224.36
224.341
224.216
224.309
224.322
224.491
224.424
224.454
224.445
224.456
224.43
224.425
224.428
224.411
224.442
224.484
224.462
