      0
     69
     47
    128
    122
    177
    219
    351
    361
    565
    847
    757
   1104
   1202
   1345
   1500
   1439
   1601
   1682
   2266
   2370
   2965
   3092
   3186
   3785
   3510
   3955
   4353
   5367
   5802
   5522
   6097
   6260
   6323
   7544
   7594
   9019
   8472
   8816
   9481
  10356
  11174
  10650
  12294
  12835
  13341
  13399
  14320
  15104
  14795
  15382
  15842
  17601
  18311
  18691
  19424
  19282
  21648
  22465
  22464
  22955
  23712
  24922
  25210
  25818
  26854
  27285
  28922
  30316
  31155
  33216
  32669
  33025
  34962
  36587
  36192
  37595
  38371
  40316
  40642
  42871
  44411
  43036
  46632
  46733
  47939
  47667
  49802
  51312
  51125
  53466
  56076
  56843
  57510
  58524
  61294
  60401
  62496
  64144
  65976
  66235
  65113
  68297
  71113
  74261
  72782
  75239
  78449
  79266
  80363
  81858
  85082
  82940
  84639
  86375
  88751
  91897
  92615
  93424
  96471
  94813
  99366
 100676
 100628
 104339
 102910
 108765
 109400
 110961
 112274
 113836
 115111
 119833
 119400
 121497
 124822
 123581
 130088
 130870
 131887
 134667
 140574
 140607
 141121
 142450
 146353
 148117
 150313
 153769
 155580
 155929
 161343
 160267
 161555
 167285
 166888
 170591
 171830
 175078
 177212
 183103
 181520
 186205
 187462
 193690
 194016
 195237
 201038
 204173
 205721
 206140
 210482
 213559
 212824
 216660
 223875
 224427
 224120
 228975
 231412
 237225
 237230
 245057
 244471
 249515
 248167
 254052
 257460
 260445
 266072
 266726
 271852
 277376
 272752
 276379
 283637
 285550
 289680
 290309
 291557
 297214
 300403
 305902
 308155
 313080
 319496
 319405
 321321
 324534
 330485
 333667
 334752
 339628
 343666
 348435
 349553
 358371
 359527
 361053
 365439
 368856
 373439
 374468
 381934
 385831
 385630
 394698
 393878
 403566
 400289
 404945
 412181
 419239
 416748
 420974
 426060
 433115
 438825
 435641
 445336
 449705
 453488
 461425
 464469
 465558
 476278
 474081
 480454
 484462
 498492
 493452
 501160
 504379
 515305
 515475
 519707
 521662
 528442
 532909
 538980
 545809
 545263
 550043
 555825
 559482
 566806
 570998
 580284
 580185
 582808
 596208
 597413
 600886
 607281
 611821
 614891
 624428
 628714
 628046
 646625
 644960
 654199
 657839
 655796
 660667
 670609
 675848
 678195
 688821
 695580
 704219
 710657
 707999
 716391
 727460
 723104
 732396
 743073
 748784
 751672
 747920
 761769
 764257
 780836
 783514
 787231
 796190
 803469
 812972
 816702
 819520
 825015
 831679
 833525
 847060
 846470
 852371
 864666
 870431
 881366
 886450
 891277
 893137
 903652
 907509
 912590
 924540
 923143
 931380
 942599
 953805
 952009
 959736
 968235
 975852
 983924
 988704
1000621
1003850
1010353
1018067
1019678
1029098
1033979
1045631
1059087
1056102
1064521
1070628
1083511
1082655
1098848
1096634
1110930
1116974
1119354
1128246
1138158
1144369
1157499
1162378
1164583
1175419
1182256
1179377
1197825
1194648
1204984
1214431
1228090
1233317
1248023
1241597
1256483
1261706
1275498
1280887
1283473
1294745
1303420
1314706
1317855
1333250
1348119
1345838
1353368
1356350
1370555
1384181
1390624
1390264
1403798
1415561
1424185
1420579
1433696
1441036
1454654
1466731
1475666
1479049
1485006
1487304
1495541
1506638
1514834
1518695
1521208
1537396
1549894
1562029
1575003
1577878
1574549
1594455
1600177
1610356
1612069
1633277
1641176
1646262
1653116
1660382
1671090
1678139
1691386
1701042
1703001
1720656
1726757
1733510
1726697
1740240
1756582
1767863
1772584
1780223
1791340
1809866
1805058
1819412
1831067
1832447
1847221
1862230
1860825
1875908
1884486
1885193
1898373
1905577
1923744
1922763
1940201
1949437
1951904
1964156
1965820
1981593
1991109
1992266
2002221
2012321
2025294
2040779
2027416
2050772
2059629
2071600
2089983
2088761
2091178
2096454
2116051
2131746
2140796
2143895
2158971
2165916
2166615
2187222
2182562
2191304
2202506
2206249
2213520
2230312
2237317
2236009
2255399
2260036
2277611
2281150
2296821
2301564
2310202
2319273
2313061
2338674
2338564
2352330
2374711
2365089
2372080
2390590
2390995
2400497
2417776
2416362
2437185
2441210
2443769
2449849
2471300
2476150
2497325
2496322
2507782
2509417
2524195
2521925
2539083
2546047
2561667
2552383
2574442
2569605
2585093
2601032
2603580
2616448
2630017
2626775
2635750
2654243
2655407
2653638
2677198
2677338
2696083
2697407
2711929
2706190
2718037
2730337
2732638
2744971
2756213
2767343
2787009
2779454
2801721
2801858
2811526
2816757
2826324
2834627
2835289
2851463
2858231
2865726
2872005
2880870
2890197
2892248
2913244
2918095
2909741
2921994
2935652
2949279
2937235
2962241
2961208
2974877
2973408
2984017
2992277
2997506
3003390
3004995
3022076
3025896
3030099
3035321
3038232
3045466
3054020
3072126
3068639
3086319
3090982
3092096
3107633
3109868
3108692
3117627
3124751
3145119
3147915
3153236
3157815
3168139
3171101
3181699
3182336
3183517
3194501
3191882
3207661
3199480
3236451
3229292
3226080
3229251
3238004
3243806
3245496
3258442
3248167
3262182
3255655
3278098
3294895
3290959
3305587
3305272
3309002
3318113
3319283
3321833
3336029
3336160
3333576
3344623
3352158
3364696
3352107
3370697
3359618
3383323
3376099
3392427
3391209
3412432
3391073
3399592
3423466
3420814
3429734
3420351
3430143
3435035
3433042
3439161
3444526
3446778
3457917
3464981
3468012
3467266
3464592
3461499
3481316
3485198
3476722
3484503
3490830
3489354
3492975
3500028
3510853
3503304
3503793
3492148
3504843
3501721
3533462
3531679
3499145
3536848
3529102
3522789
3525638
3515618
3530944
3535420
3542243
3546239
3533379
3542834
3552461
3555299
3552581
3544667
3566991
3560140
3555496
3549790
3550859
3566880
3568451
3543875
3568996
3569895
3580144
3575447
3575990
3577652
3572921
3562767
3557548
3572765
3584163
3585014
3580114
3576529
3580209
3578704
3603138
3591689
3587270
3593491
3585130
3585674
3599452
3575924
3578490
3589536
3592885
3592539
3588895
3577112
3611131
3584903
3591193
3586393
3584991
3588001
3585993
3588254
3587072
3581248
3568534
3576254
3574734
3584463
3590185
3565062
3576978
3558290
3567520
3572035
3564281
3565302
3558426
3550536
3558033
3562397
3536908
3548015
3549309
3536827
3555014
3540836
3555117
3543398
3536536
3533762
3517985
3541309
3522489
3523563
3511710
3513643
3509582
3498386
3492731
3492550
3487383
3489359
3485660
3480598
3488397
3488052
3458686
3479927
3467805
3466869
3458384
3453391
3456504
3461890
3437775
3421838
3416382
3423574
3411687
3413123
3422634
3415126
3406875
3395541
3399837
3392011
3384596
3375823
3363591
3361717
3360655
3360725
3355483
3355272
3337367
3337003
3326440
3323572
3325518
3328528
3302872
3316234
3310188
3292880
3299024
3275782
3272345
3286095
3261065
3250773
3252246
3248941
3244811
3228275
3228290
3211005
3215251
3193312
3205658
3192873
3187318
3178791
3166349
3167906
3170941
3169208
3149690
3139965
3134710
3124203
3127005
3123285
3106468
3111995
3080974
3094785
3086773
3077654
3073921
3061378
3046657
3040536
3047695
3032064
3034151
3035495
3022058
3004922
3004116
2988467
2999877
2978770
2963960
2969431
2959559
2944224
2946330
2933585
2942591
2927163
2915446
2903908
2902163
2895173
2894384
2882978
2856995
2865186
2861360
2842758
2835870
2835134
2818087
2804088
2814991
2816334
2782024
2782963
2770583
2756018
2746413
2742161
2732399
2728967
2727398
2722866
2700712
2697830
2697947
2687358
2666896
2664742
2656235
2643310
2627396
2632965
2619097
2608402
2596538
2588511
2580891
2575218
2559350
2562040
2543595
2531273
2521366
2523992
2504387
2509290
2487278
2484917
2470776
2463190
2446019
2440001
2434967
2432327
2422759
2413085
2402696
2389369
2383225
2377520
2361542
2357173
2349717
2337760
2328986
2323198
2310989
2295926
2297839
2291289
2278220
2270906
2244906
2239244
2232066
2229495
2218625
2211084
2216758
2188744
2190126
2172239
2179805
2168567
2152024
2140977
2127054
2111125
2107134
2104806
2097594
2080328
2069077
2063861
2049047
2043629
2035196
2026379
2019227
2017730
1997316
1996614
1986220
1977976
1970563
1953963
1938076
1926795
1917657
1919886
1911364
1904657
1893174
1882076
1865214
1860721
1859042
1849188
1829990
1823778
1817835
1817576
1803571
1799719
1793260
1783650
1761876
1762014
1746044
1748408
1736797
1723355
1714228
1708673
1692258
1696078
1678859
1655286
1658383
1665180
1635224
1643436
1623958
1625033
1608621
1597149
1601390
1578513
1568455
1563936
1561289
1541319
1539692
1540762
1520833
1522270
1508304
1496742
1476640
1482197
1478822
1468792
1454311
1451678
1443378
1430483
1429307
1414337
1397339
1401970
1386787
1377928
1373555
1372237
1361198
1345776
1340023
1328704
1327206
1319422
1310070
1298965
1296275
1296274
1274811
1272287
1259442
1252576
1251288
1236961
1235161
1231674
1221174
1206010
1207649
1196928
1184178
1179128
1164821
1168466
1159859
1146845
1136760
1136606
1124406
1115794
1105341
1108049
1097901
1089440
1085304
1075934
1067673
1060315
1058856
1050962
1042380
1036463
1024507
1015783
1014295
1008533
 998285
 992225
 985423
 985078
 970022
 971897
 957441
 956771
 941674
 944067
 936252
 934421
 920836
 913078
 911771
 904329
 896318
 894172
 889661
 881711
 878825
 867739
 857096
 852883
 852813
 838808
 840118
 828143
 824805
 824726
 812971
 804292
 796883
 803980
 787486
 786387
 785252
 774523
 770327
 769072
 762116
 749735
 747312
 741856
 740003
 729474
 726154
 716418
 716456
 708520
 698382
 699438
 691230
 686109
 684538
 676119
 675786
 672477
 667435
 660324
 652676
 646510
 646542
 637819
 635506
 626317
 624707
 617386
 613664
 609283
 605790
 600445
 596919
 591945
 585897
 583971
 576714
 572900
 567253
 558443
 552380
 559875
 548317
 543358
 543175
 537064
 528723
 526835
 518598
 518021
 517813
 504736
 502939
 499938
 498549
 494404
 498148
 490031
 481820
 478118
 475085
 464772
 467038
 458216
 458571
 452587
 449540
 444855
 441779
 438399
 434068
 431872
 425243
 424075
 416431
 413081
 408550
 408525
 404146
 404518
 401663
 393041
 389146
 390597
 385939
 383454
 377460
 373712
 373881
 365232
 365829
 358868
 359250
 352592
 350683
 345736
 342953
 341642
 342079
 336439
 330632
 330682
 325696
 326291
 322951
 318306
 314764
 311748
 304847
 306428
 307630
 299577
 299724
 294649
 288424
 287852
 287146
 281505
 281769
 273309
 273583
 272829
 272873
 268792
 262935
 261906
 260438
 259570
 253728
 258084
 250275
 247216
 247379
 243120
 241898
 235708
 238954
 231422
 230463
 225767
 222452
 224990
 219913
 217917
 216509
 215098
 211081
 209496
 207863
 203995
 203488
 200561
 200293
 199954
 196775
 194505
 189143
 191646
 189293
 186263
 182714
 181199
 179862
 179031
 179681
 172401
 171664
 170013
 166731
 168170
 161811
 163170
 160228
 160594
 160144
 158004
 153124
 153438
 149547
 149143
 149918
 146534
 146088
 145400
 143870
 141419
 142330
 138188
 138502
 135120
 133256
 132097
 128801
 128449
 126475
 127914
 124406
 125307
 121793
 121745
 119610
 119947
 115563
 114859
 115023
 115784
 111755
 110044
 109630
 108378
 108955
 106712
 105693
 103739
 103268
 100984
  98379
  96704
  95693
  95619
  96942
  93217
  95208
  94187
  91507
  87204
  90405
  89398
  88850
  87513
  84572
  84093
  85317
  79948
  81729
  79105
  81766
  79661
  78600
  76714
  75805
  75298
  73803
  74686
  71313
  72748
  69318
  68935
  68048
  67570
  66934
  67908
  64852
  63921
  62610
  63633
  63209
  62719
  60353
  59143
  59077
  57478
  58363
  56913
  56417
  56070
  55812
  53570
  52861
  52732
  52499
  50266
  49756
  50441
  48928
  48324
  48502
  48651
  45567
  45974
  45151
  45255
  44377
  43083
  42074
  41404
  42596
  42309
  42296
  40472
  37907
  38533
  39301
  39084
  35933
  37626
  37541
  36192
  34780
  34028
  35046
  33247
  34354
  34253
  32387
  31608
  30463
  30477
  31494
  31019
  30276
  29843
  30340
  28200
  28029
  29030
  27929
  28634
  27692
  27183
  25892
  24811
  26005
  25201
  24835
  24020
  24882
  22638
  23973
  22802
  22078
  22942
  21953
  22246
  21706
  21769
  20654
  20587
  20521
  19812
  19148
  19649
  17753
  18224
  18518
  18789
  17640
  18993
  17634
  17285
  16596
  16264
  16005
  16251
  16194
  15876
  15994
  15040
  15168
  14881
  14880
  14427
  15287
  14426
  12974
  14299
  13535
  13466
  13180
  13211
  13951
  13456
  12756
  11845
  11789
  11783
  11880
  11736
  11320
  11636
  11610
  10760
  11077
  10102
  10341
  10721
  10353
  10434
   9454
   9572
   9215
   9416
   9366
   8389
   9524
   8778
   9420
   9239
   9266
   8677
   8514
   8446
   7881
   7910
   7852
   6988
   7574
   7334
   6998
   7302
   6636
   6719
   7684
   6663
   6381
   6528
   6509
   7115
   6756
   6147
   6148
   6181
   6302
   5984
   6216
   5955
   5908
   5246
   5386
   4941
   5418
   5837
   5121
   5447
   4343
   4535
   4751
   4484
   4766
   4718
   5085
   4202
   4975
   4227
   3669
   4574
   4026
   4081
   4041
   3593
   4199
   3678
   3441
   3980
   3446
   4116
   3540
   3846
   3281
   3881
   3645
   3134
   3373
   3408
   3059
   3090
   3039
   3191
   2781
   2883
   2898
   3100
   2642
   2730
   2441
   2784
   2506
   2623
   2315
   2378
   2018
   2596
   2166
   2471
   1861
   2086
   2130
   1920
   2029
   2148
   1931
   2193
   1574
   1902
   1852
   1786
   2043
   1697
   1563
   1739
   1801
   1598
   1577
   1731
   1641
   1419
   1699
   1591
   1551
   1434
   1318
   1366
    964
   1255
   1459
   1234
   1358
   1079
   1392
   1149
   1117
   1172
   1066
   1227
   1265
   1057
    898
    899
   1037
    904
    963
   1169
    913
    897
    872
   1180
    922
    731
    844
   1020
    674
    754
    890
    769
    859
    543
    674
    850
    791
    642
    789
    599
    679
    660
    540
    584
    562
    685
    742
    636
    689
    500
    606
    414
    575
    486
    395
    572
    408
    390
    428
    413
    406
    379
    614
    260
    408
    483
    344
    332
    514
    432
    372
    353
    407
    340
    290
    270
    324
    348
    255
    224
    293
    273
    248
    406
    299
    462
    211
    347
    316
    253
    215
    320
    260
    196
    270
    261
    240
    258
    144
    139
    135
    169
    173
    172
    193
    167
    173
    188
    182
    182
    196
    125
    208
    231
    127
    258
    112
    185
    122
    266
    117
    224
    186
    101
     98
    131
    111
    121
     91
    123
    156
    123
    198
    114
    161
    124
    162
    172
     67
     71
     86
     55
     86
     89
    105
     60
    145
    114
     85
    103
     41
     57
     40
     53
     52
     75
     56
     58
     57
     36
     59
     46
     73
     52
     49
     96
     40
     41
    127
     37
     47
     15
     25
      4
     14
     44
     14
     34
     79
     59
      1
     30
     55
     25
      2
     71
     17
     26
     31
     10
     28
     55
     21
      0
     17
     25
      3
     14
      5
      5
      2
     24
     50
      0
     10
     27
     17
     16
     11
     51
      6
      6
     14
     45
     22
      4
     16
      3
     42
     19
     24
     15
      1
     33
     33
      2
     11
     15
     37
     21
     35
      5
     37
     18
     72
     39
     40
     35
     59
      1
     38
     12
     43
      5
     34
     51
      5
     30
     11
     19
     17
     37
      3
      2
      0
     14
     27
     24
     10
     40
     10
      2
     28
      0
      0
     24
      0
      0
      0
     20
      0
      0
      0
      0
      0
      0
     23
      2
     13
      0
      7
     11
      0
      0
      2
     13
     27
     32
      4
      0
      0
      1
      2
     19
      3
      0
      0
      0
     42
      6
      0
      0
      0
     21
     18
     18
      0
     19
      0
      0
      1
      4
      9
      0
      1
     15
     12
      0
      0
      0
      0
      0
      0
      0
      0
      0
      0
      0
      0
      0
      0
      0
      0
      0
      0
      0
      0
      0
      0
      0
      0
      0
      0
      0
      0
      0
      0
      0
      0
      0
      0
      0
      0
      0
      0
      0
      0
      0
      0
      0
      0
      0
      0
      0
      0
      0
      0
      0
      0
      0
      0
      0
      0
      0
      0
      0
      0
      0
      0
      0
      0
      0
      0
      0
      0
      0
      0
      0
      0
      0
      0
      0
      0
      0
      0
      0
      0
      0
      0
      0
      0
      0
      0
      0
      0
      0
      0
      0
      0
      0
      0
      0
      0
      0
      0
      0
      0
      0
      0
      0
      0
      0
      0
      0
      0
      0
      0
      0
      0
      0
      0
      0
      0
      0
      0
      0
      0
      0
      0
      0
      0
      0
      0
      0
      0
      0
      0
      0
      0
      0
      0
      0
      0
      0
      0
      0
      0
      0
      0
      0
      0
      0
      0
      0
      0
      0
      0
      0
      0
      0
      0
      0
      0
      0
      0
      0
      0
      0
      0
      0
      0
      0
      0
      0
      0
      0
      0
      0
      0
      0
      0
      0
      0
      0
      0
      0
      0
      0
      0
      0
      0
      0
      0
      0
      0
      0
      0
      0
      0
      0
      0
      0
      0
      0
      0
      0
      0
      0
      0
      0
      0
      0
      0
      0
      0
      0
      0
      0
      0
      0
      0
      0
      0
      0
      0
      0
      0
      0
      0
      0
      0
      0
      0
      0
      0
      0
      0
      0
      0
      0
      0
      0
      0
      0
      0
      0
      0
      0
      0
      0
      0
      0
      0
      0
      0
      0
      0
      0
      0
      0
      0
      0
      0
      0
      0
      0
      0
      0
      0
      0
      0
      0
      0
      0
      0
      0
      0
      0
      0
      0
      0
      0
      0
      0
      0
      0
      0
      0
      0
      0
      0
      0
      0
      0
      0
      0
      0
      0
      0
      0
      0
      0
      0
      0
      0
      0
      0
      0
      0
      0
      0
      0
      0
      0
      0
      0
      0
      0
      0
      0
      0
      0
      0
      0
      0
      0
      0
      0
      0
      0
      0
      0
      0
      0
      0
      0
      0
      0
      0
      0
      0
      0
      0
      0
      0
      0
      0
      0
      0
      0
      0
      0
      0
      0
      0
      0
      0
      0
      0
      0
      0
      0
      0
      0
      0
      0
      0
      0
      0
      0
      0
      0
      0
      0
      0
      0
      0
      0
      0
      0
      0
      0
      0
      0
      0
      0
      0
      0
      0
      0
      0
      0
      0
      0
      0
      0
      0
      0
      0
      0
      0
      0
      0
      0
      0
      0
      0
      0
      0
      0
      0
      0
      0
      0
      0
      0
      0
      0
      0
      0
      0
      0
      0
      0
      0
      0
      0
      0
      0
      0
      0
      0
      0
      0
      0
      0
      0
      0
      0
      0
      0
      0
      0
      0
      0
      0
      0
      0
      0
      0
      0
      0
      0
      0
      0
      0
      0
      0
      0
      0
      0
      0
      0
      0
      0
      0
      0
      0
      0
      0
      0
      0
      0
      0
      0
      0
      0
      0
      0
      0
      0
      0
      0
      0
      0
      0
      0
      0
      0
      0
      0
      0
      0
      0
      0
      0
      0
      0
      0
      0
      0
      0
      0
      0
      0
      0
      0
      0
      0
      0
      0
      0
      0
      0
      0
      0
      0
      0
      0
      0
      0
      0
      0
      0
      0
      0
      0
      0
      0
      0
      0
      0
      0
      0
      0
      0
      0
      0
      0
      0
      0
      0
      0
      0
      0
      0
      0
      0
      0
      0
      0
      0
      0
      0
      0
      0
      0
      0
      0
      0
      0
      0
      0
      0
      0
      0
      0
      0
      0
      0
      0
      0
      0
      0
      0
      0
      0
      0
      0
      0
      0
      0
      0
      0
      0
      0
      0
      0
      0
      0
      0
      0
      0
      0
      0
      0
      0
      0
      0
      0
      0
      0
      0
      0
      0
      0
      0
      0
      0
      0
      0
      0
      0
      0
      0
      0
      0
      0
      0
      0
      0
      0
      0
      0
      0
      0
      0
      0
      0
      0
      0
      0
      0
      0
      0
      0
      0
      0
      0
      0
      0
      0
      0
      0
      0
      0
      0
      0
      0
      0
      0
      0
      0
      0
      0
      0
      0
      0
      0
      0
      0
      0
      0
      0
      0
      0
      0
      0
      0
      0
      0
      0
      0
      0
      0
      0
      0
      0
      0
      0
      0
      0
      0
      0
      0
      0
      0
      0
      0
      0
      0
      0
      0
      0
      0
      0
      0
      0
      0
      0
      0
      0
      0
      0
      0
      0
      0
      0
      0
      0
      0
      0
      0
      0
      0
      0
      0
      0
      0
      0
      0
      0
      0
      0
      0
      0
      0
      0
      0
      0
      0
      0
      0
      0
      0
      0
      0
      0
      0
      0
      0
      0
      0
      0
      0
      0
      0
      0
      0
      0
      0
      0
      0
      0
      0
      0
      0
      0
      0
      0
      0
      0
      0
      0
      0
      0
      0
      0
      0
      0
      0
      0
      0
      0
      0
      0
      0
      0
      0
      0
      0
      0
      0
      0
      0
      0
      0
      0
      0
      0
      0
      0
      0
      0
      0
      0
      0
      0
      0
      0
      0
      0
      0
      0
      0
      0
      0
      0
      0
      0
      0
      0
      0
      0
      0
      0
      0
      0
      0
      0
      0
      0
      0
      0
      0
      0
      0
      0
      0
      0
      0
      0
      0
      0
      0
      0
      0
      0
      0
      0
      0
      0
      0
      0
      0
      0
      0
      0
      0
      0
      0
      0
      0
      0
      0
      0
      0
      0
      0
      0
      0
      0
      0
      0
      0
      0
      0
      0
      0
      0
      0
      0
      0
      0
      0
      0
      0
      0
      0
      0
      0
      0
      0
      0
      0
      0
      0
      0
      0
      0
      0
      0
      0
      0
      0
      0
      0
      0
      0
      0
      0
      0
      0
      0
      0
      0
      0
      0
      0
      0
      0
      0
      0
      0
      0
      0
      0
      0
      0
      0
      0
      0
      0
      0
      0
      0
      0
      0
      0
      0
      0
      0
      0
      0
      0
      0
      0
      0
      0
      0
      0
      0
      0
      0
      0
      0
      0
      0
      0
      0
      0
      0
      0
      0
      0
      0
      0
      0
      0
      0
      0
      0
      0
      0
      0
      0
      0
      0
      0
      0
      0
      0
      0
      0
      0
      0
      0
      0
      0
      0
      0
      0
      0
      0
      0
      0
      0
      0
      0
      0
      0
      0
      0
      0
      0
      0
      0
      0
      0
      0
      0
      0
      0
      0
      0
      0
      0
      0
      0
      0
      0
      0
      0
      0
      0
      0
      0
      0
      0
      0
      0
      0
      0
      0
      0
      0
      0
      0
      0
      0
      0
      0
      0
