   4214
  12613
  21136
  29430
  38256
  46290
  54311
  62501
  71479
  79930
  88754
  97324
 105783
 114111
 121568
 130527
 138902
 146770
 155814
 163625
 172174
 180220
 188173
 197151
 207336
 214586
 223294
 232330
 238909
 248399
 256439
 263809
 272095
 281355
 288793
 298139
 304728
 313496
 321702
 330176
 338672
 345342
 354596
 361930
 371020
 379644
 386173
 394738
 402743
 413011
 420914
 426833
 435036
 441257
 452104
 459378
 464922
 473865
 482431
 489237
 497273
 505234
 514163
 518862
 527913
 537823
 542514
 552522
 558320
 565197
 571880
 582557
 590079
 595625
 604225
 611896
 620381
 625439
 633714
 640163
 646845
 656687
 660176
 670462
 675820
 682551
 693920
 696987
 706342
 713932
 716064
 727478
 734428
 739949
 747132
 754107
 762234
 765588
 770266
 782281
 785836
 794710
 801977
 806370
 813887
 818746
 827930
 834488
 839903
 847977
 854873
 859428
 862938
 872812
 875400
 883260
 887475
 894619
 904655
 908810
 912679
 918159
 925672
 927670
 937594
 941643
 948887
 955208
 961591
 963521
 969821
 976398
 979124
 987480
 988793
 998123
 999939
1009835
1011780
1017515
1017968
1027456
1032167
1039680
1042027
1048968
1053082
1053975
1062660
1070189
1072132
1076185
1081578
1085389
1090127
1090294
1100163
1104698
1108929
1111921
1118340
1117950
1123004
1131372
1128097
1135891
1140260
1145525
1146366
1148302
1155741
1160585
1162651
1164229
1172682
1171663
1177655
1178693
1184175
1189843
1192372
1194435
1195466
1199958
1199073
1206390
1208378
1211056
1218294
1218556
1223016
1224408
1225136
1232144
1232189
1234663
1237037
1240622
1247027
1244377
1244994
1248145
1249696
1256515
1258941
1260201
1253918
1261549
1263145
1264527
1270348
1270106
1277181
1274826
1274103
1274463
1275477
1282477
1282759
1284560
1282604
1290868
1289975
1291969
1288056
1291546
1296126
1297298
1297687
1297926
1298249
1301833
1302418
1299178
1302799
1304216
1306681
1304723
1305471
1305167
1308769
1305634
1311023
1308910
1309063
1310612
1309330
1307856
1306538
1308516
1308662
1310940
1307461
1310771
1310998
1311379
1312554
1311437
1310698
1306423
1309862
1309565
1307274
1307609
1307237
1309010
1306612
1310909
1302940
1311516
1303794
1307310
1304301
1305073
1304830
1301060
1300845
1299195
1301872
1296549
1295245
1296579
1297639
1296132
1292153
1290468
1292160
1290719
1286482
1283916
1284986
1280281
1282018
1279153
1278276
1273705
1277766
1274587
1269874
1273058
1266578
1267955
1265504
1259229
1259343
1260933
1259150
1255479
1252352
1252304
1251257
1244608
1245271
1241763
1236721
1238427
1233674
1232247
1231169
1230543
1226269
1226007
1222945
1217753
1220515
1216555
1212316
1211995
1205822
1205586
1203719
1203474
1196333
1201252
1190785
1188906
1187199
1181140
1181124
1178034
1173844
1171639
1171610
1168100
1167142
1163998
1161058
1151887
1151063
1145917
1148196
1144631
1139779
1136834
1133896
1130357
1128864
1119911
1121269
1116904
1116857
1110235
1109002
1104252
1098505
1096143
1095340
1089461
1085977
1080803
1082424
1079013
1076755
1070112
1068967
1062810
1057815
1058183
1051036
1051557
1045795
1040447
1037945
1033919
1034269
1026613
1021904
1019175
1018143
1011975
1010644
1003688
1001610
 999543
 994678
 986974
 988572
 983887
 981371
 977379
 971455
 969549
 967075
 961264
 954658
 956422
 949158
 947762
 939980
 938858
 933237
 932038
 925899
 923354
 919010
 916191
 909735
 903751
 903727
 898962
 894564
 891952
 889059
 883971
 881384
 873962
 869418
 865664
 864605
 858257
 856210
 848859
 846017
 845820
 841072
 837451
 832550
 827684
 826230
 822514
 818234
 811891
 808387
 806489
 801321
 796768
 793008
 788335
 785572
 780437
 777900
 773036
 771654
 762889
 758033
 759898
 752096
 750311
 744163
 741379
 737038
 733916
 730543
 723478
 719963
 719403
 716623
 711382
 706442
 705407
 698549
 696029
 689094
 686748
 684521
 679120
 677359
 673955
 670976
 664358
 660161
 655526
 655992
 649807
 644932
 639652
 637940
 637105
 630169
 626139
 622816
 618210
 616125
 611039
 609084
 603174
 602700
 597880
 594947
 589165
 585253
 583000
 580301
 576786
 572046
 568963
 564755
 561881
 558205
 552843
 552959
 547668
 544441
 540440
 538382
 533115
 529466
 524723
 521889
 518558
 515800
 512393
 507380
 506283
 501543
 498744
 493118
 492213
 490042
 484766
 483754
 480163
 474673
 471087
 468773
 465973
 463173
 458491
 456253
 452166
 450249
 444812
 442164
 440463
 436154
 433901
 429823
 428061
 423364
 423114
 417881
 413721
 410816
 410838
 404289
 402078
 400995
 399248
 394701
 390639
 388762
 386261
 381702
 380769
 375258
 375305
 370291
 367949
 364676
 363180
 359076
 356676
 355694
 350726
 347996
 346133
 344275
 340734
 338120
 336762
 331854
 330409
 326931
 326153
 322795
 320500
 317723
 314315
 312941
 310061
 307010
 303318
 301655
 299047
 298170
 292937
 291087
 288608
 286392
 282817
 281410
 280105
 276498
 275914
 272847
 270812
 269846
 265467
 262368
 261346
 257203
 257825
 255102
 253427
 249754
 248510
 244995
 243994
 242788
 240019
 237877
 235620
 231171
 232152
 229517
 227818
 224630
 222676
 220645
 218330
 216277
 214807
 213591
 211387
 209746
 207717
 204625
 204216
 201624
 199957
 199668
 196129
 195147
 190812
 190506
 187815
 185532
 184666
 182979
 180770
 179024
 178560
 176233
 174983
 173391
 171468
 170255
 168283
 166826
 165074
 163168
 161272
 159721
 158321
 158524
 155232
 154740
 154242
 150096
 148733
 149401
 146321
 144261
 144217
 142837
 140151
 139932
 139257
 137171
 134577
 131900
 133466
 129970
 130491
 128871
 127206
 125453
 123812
 121608
 120585
 120217
 119602
 118878
 115687
 114947
 114428
 113954
 111265
 109806
 109044
 108256
 106182
 106400
 105061
 104923
 103371
 100594
 100362
  99155
  97771
  97877
  96818
  95844
  93383
  92751
  91499
  91872
  89823
  88877
  87181
  85770
  86492
  85930
  84551
  82976
  82491
  81153
  80216
  78467
  78191
  77810
  76774
  76200
  75263
  74800
  75116
  71611
  71369
  70305
  70432
  68769
  67674
  67796
  66860
  65825
  64711
  64580
  64055
  63009
  61581
  61291
  60693
  60257
  59305
  59091
  57561
  57075
  55998
  56174
  55880
  55221
  54221
  53557
  52643
  52606
  51039
  50143
  50224
  49418
  48215
  48780
  47494
  47054
  46522
  46450
  45796
  45110
  44354
  44075
  43182
  42575
  42206
  41334
  40689
  40660
  39623
  39033
  39324
  38916
  38364
  37571
  36945
  36652
  36480
  36076
  35104
  34759
  34096
  33760
  33909
  33042
  32096
  32417
  31776
  31318
  31114
  30474
  29710
  30456
  29232
  28855
  28115
  28011
  27515
  27639
  26987
  27074
  26481
  25782
  25961
  25098
  25293
  24448
  24413
  24162
  23955
  23641
  22833
  22816
  22452
  21885
  22204
  21092
  20934
  21137
  20527
  20045
  19877
  19685
  19236
  19533
  19206
  18525
  18212
  18483
  18589
  17636
  17447
  16977
  16908
  16764
  16815
  16335
  16207
  16074
  15679
  15062
  15272
  14853
  14790
  14399
  14166
  14118
  13853
  14061
  13617
  13413
  13265
  13147
  13101
  12409
  12737
  11882
  12050
  11778
  12064
  11686
  11435
  11212
  10601
  11060
  10831
  10681
  10388
  10436
   9780
  10278
   9741
   9774
   9600
   9223
   9149
   9179
   8855
   8984
   8463
   8609
   8363
   8162
   8067
   8038
   7850
   7670
   7595
   7562
   7463
   7473
   7210
   7001
   6952
   6837
   6614
   6725
   6379
   6618
   6387
   6176
   6054
   5984
   5930
   5805
   6001
   5698
   5742
   5385
   5361
   5370
   5270
   5027
   5047
   4816
   4817
   4736
   4670
   4573
   4562
   4336
   4632
   4272
   4410
   4024
   4267
   4189
   4134
   3879
   4086
   3936
   3537
   3693
   3741
   3513
   3516
   3533
   3359
   3409
   3443
   3457
   3148
   3210
   3291
   3074
   3004
   2874
   3026
   2927
   2759
   2779
   2772
   2712
   2580
   2646
   2657
   2501
   2437
   2540
   2415
   2258
   2193
   2134
   2163
   2110
   2169
   2037
   2068
   1972
   2068
   2030
   1846
   1777
   1852
   1731
   1690
   1737
   1819
   1676
   1572
   1756
   1702
   1552
   1527
   1539
   1439
   1354
   1507
   1329
   1360
   1424
   1517
   1276
   1300
   1244
   1241
   1200
   1044
   1195
   1166
   1118
   1157
   1156
   1038
   1096
    962
    918
    966
   1023
    985
    862
    899
    909
    967
    928
    882
    813
    820
    774
    764
    820
    768
    741
    717
    758
    691
    661
    627
    700
    580
    674
    634
    630
    590
    583
    518
    652
    531
    592
    555
    582
    578
    510
    517
    518
    549
    449
    446
    442
    488
    411
    488
    389
    460
    407
    421
    421
    370
    385
    393
    344
    349
    354
    326
    314
    332
    305
    343
    307
    301
    359
    258
    284
    249
    287
    249
    226
    250
    250
    219
    229
    214
    206
    272
    204
    202
    220
    198
    212
    218
    188
    190
    190
    221
    160
    164
    222
    172
    175
    189
    163
    137
    140
    199
    134
    166
    124
    140
    165
    110
    123
    111
    148
    120
     91
    108
     98
    119
    124
    108
    120
    117
    104
    104
     95
    104
     79
    104
     90
     66
     93
     66
     86
     82
     67
     57
     87
     89
     98
     99
     70
     45
     80
     67
     82
     67
     33
     76
     46
     44
     62
     67
     39
     41
     36
     40
     64
     41
     31
     60
     46
     66
     47
     24
     52
     44
     49
     52
     46
     59
     31
     39
     20
     32
     37
     33
     37
     20
     11
     29
     12
     36
     23
     48
     32
     16
     36
     20
     22
     27
     20
     16
      7
     13
     23
     31
     20
     16
     20
     12
     20
      9
      8
     22
      8
     18
     17
     19
      6
     24
     16
     22
      7
     18
     11
      4
     11
      6
      3
      2
     10
      5
     11
      4
     12
      5
     19
      7
      9
     11
     21
     11
     11
      4
      8
      3
      6
      5
      4
      2
     14
      3
      4
      9
      3
     11
      7
     10
      5
      6
      4
      2
      2
      6
      5
     10
      3
      3
     11
      5
      4
      0
      2
      2
      0
      2
      5
      3
      5
      2
      0
      2
      0
     11
      0
      0
      3
      0
      1
      1
      0
      0
      7
      0
      4
      0
      4
      0
      3
      3
      0
      1
      0
      0
      6
      0
      3
      0
      2
      1
      1
      0
      0
      0
      0
      1
      0
      0
      0
      0
      0
      0
      0
      0
      0
      0
      0
      0
      0
      0
      1
      0
      2
      0
      0
      1
      0
      0
      0
      0
      0
      0
      0
      0
      0
      0
      0
      0
      0
      0
      1
      0
      0
      0
      0
      0
      0
      0
      0
      0
      0
      0
      0
      0
      0
      0
      0
      0
      0
      0
      0
      0
      0
      0
      0
      0
      0
      0
      0
      0
      0
      0
      0
      2
      0
      0
      0
      0
      0
      0
      0
      0
      0
      0
      0
      0
      0
      0
      0
      0
      0
      0
      0
      0
      0
      0
      0
      0
      0
      0
      0
      0
      0
      0
      0
      0
      0
      0
      0
      0
      0
      0
      0
      0
      0
      0
      0
      0
      0
      0
      0
      0
      0
      0
      0
      0
      0
      0
      0
      0
      0
      0
      0
      0
      0
      0
      0
      0
      0
      0
      0
      0
      0
      0
      0
      0
      0
      0
      0
      0
      0
      0
      0
      0
      0
      0
      0
      0
      0
      0
      0
      0
      0
      0
      0
      0
      0
      0
      0
      0
      0
      0
      0
      0
      0
      0
      0
      0
      0
      0
      0
      0
      0
      0
      0
      0
      0
      0
      0
      0
      0
      0
      0
      0
      0
      0
      0
      0
      0
      0
      0
      0
      0
      0
      0
      0
      0
      0
      0
      0
      0
      0
      0
      0
      0
      0
      0
      0
      0
      0
      0
      0
      0
      0
      0
      0
      0
      0
      0
      0
      0
      0
      0
      0
      0
      0
      0
      0
      0
      0
      0
      0
      0
      0
      0
      0
      0
      0
      0
      0
      0
      0
      0
      0
      0
      0
      0
      0
      0
      0
      0
      0
      0
      0
      0
      0
      0
      0
      0
      0
      0
      0
      0
      0
      0
      0
      0
      0
      0
      0
      0
      0
      0
      0
      0
      0
      0
      0
      0
      0
      0
      0
      0
      0
      0
      0
      0
      0
      0
      0
      0
      0
      0
      0
      0
      0
      0
      0
      0
      0
      0
      0
      0
      0
      0
      0
      0
      0
      0
      0
      0
      0
      0
      0
      0
      0
      0
      0
      0
      0
      0
      0
      0
      0
      0
      0
      0
      0
      0
      0
      0
      0
      0
      0
      0
      0
      0
      0
      0
      0
      0
      0
      0
      0
      0
      0
      0
      0
      0
      0
      0
      0
      0
      0
      0
      0
      0
      0
      0
      0
      0
      0
      0
      0
      0
      0
      0
      0
      0
      0
      0
      0
      0
      0
      0
      0
      0
      0
      0
      0
      0
      0
      0
      0
      0
      0
      0
      0
      0
      0
      0
      0
      0
      0
      0
      0
      0
      0
      0
      0
      0
      0
      0
      0
      0
      0
      0
      0
      0
      0
      0
      0
      0
      0
      0
      0
      0
      0
      0
      0
      0
      0
      0
      0
      0
      0
      0
      0
      0
      0
      0
      0
      0
      0
      0
      0
      0
      0
      0
      0
      0
      0
      0
      0
      0
      0
      0
      0
      0
      0
      0
      0
      0
      0
      0
      0
      0
      0
      0
      0
      0
      0
      0
      0
      0
      0
      0
      0
      0
      0
      0
      0
      0
      0
      0
      0
      0
      0
      0
      0
      0
      0
      0
      0
      0
      0
      0
      0
      0
      0
      0
      0
      0
      0
      0
      0
      0
      0
      0
      0
      0
      0
      0
      0
      0
      0
      0
      0
      0
      0
      0
      0
      0
      0
      0
      0
      0
      0
      0
      0
      0
      0
      0
      0
      0
      0
      0
      0
      0
      0
      0
      0
      0
      0
      0
      0
      0
      0
      0
      0
      0
      0
      0
      0
      0
      0
      0
      0
      0
      0
      0
      0
      0
      0
      0
      0
      0
      0
      0
      0
      0
      0
      0
      0
      0
      0
      0
      0
      0
      0
      0
      0
      0
      0
      0
      0
      0
      0
      0
      0
      0
      0
      0
      0
      0
      0
      0
      0
      0
      0
      0
      0
      0
      0
      0
      0
      0
      0
      0
      0
      0
      0
      0
      0
      0
      0
      0
      0
      0
      0
      0
      0
      0
      0
      0
      0
      0
      0
      0
      0
      0
      0
      0
      0
      0
      0
      0
      0
      0
      0
      0
      0
      0
      0
      0
      0
      0
      0
      0
      0
      0
      0
      0
      0
      0
      0
      0
      0
      0
      0
      0
      0
      0
      0
      0
      0
      0
      0
      0
      0
      0
      0
      0
      0
      0
      0
      0
      0
      0
      0
      0
      0
      0
      0
      0
      0
      0
      0
      0
      0
      0
      0
      0
      0
      0
      0
      0
      0
      0
      0
      0
      0
      0
      0
      0
      0
      0
      0
      0
      0
      0
      0
      0
      0
      0
      0
      0
      0
      0
      0
      0
      0
      0
      0
      0
      0
      0
      0
      0
      0
      0
      0
      0
      0
      0
      0
      0
      0
      0
      0
      0
      0
      0
      0
      0
      0
      0
      0
      0
      0
      0
      0
      0
      0
      0
      0
      0
      0
      0
      0
      0
      0
      0
      0
      0
      0
      0
      0
      0
      0
      0
      0
      0
      0
      0
      0
      0
      0
      0
      0
      0
      0
      0
      0
      0
      0
      0
      0
      0
      0
      0
      0
      0
      0
      0
      0
      0
      0
      0
      0
      0
      0
      0
      0
      0
      0
      0
      0
      0
      0
      0
      0
      0
      0
      0
      0
      0
      0
      0
      0
      0
      0
      0
      0
      0
      0
      0
      0
      0
      0
      0
      0
      0
      0
      0
      0
      0
      0
      0
      0
      0
      0
      0
      0
      0
      0
      0
      0
      0
      0
      0
      0
      0
      0
      0
      0
      0
      0
      0
      0
      0
      0
      0
      0
      0
      0
      0
      0
      0
      0
      0
      0
      0
      0
      0
      0
      0
      0
      0
      0
      0
      0
      0
      0
      0
      0
      0
      0
      0
      0
      0
      0
      0
      0
      0
      0
      0
      0
      0
      0
      0
      0
      0
      0
      0
      0
      0
      0
      0
      0
      0
      0
      0
      0
      0
      0
      0
      0
      0
      0
      0
      0
      0
      0
      0
      0
      0
      0
      0
      0
      0
      0
      0
      0
      0
      0
      0
      0
      0
      0
      0
      0
      0
      0
      0
      0
      0
      0
      0
      0
      0
      0
      0
      0
      0
      0
      0
      0
      0
      0
      0
      0
      0
      0
      0
      0
      0
      0
      0
      0
      0
      0
      0
      0
      0
      0
      0
      0
      0
      0
      0
      0
      0
      0
      0
      0
      0
      0
      0
      0
      0
      0
      0
      0
      0
      0
      0
      0
      0
      0
      0
      0
      0
      0
      0
      0
      0
      0
      0
      0
      0
      0
      0
      0
      0
      0
      0
      0
      0
      0
      0
      0
      0
      0
      0
      0
      0
      0
      0
      0
      0
      0
      0
      0
      0
      0
      0
      0
      0
      0
      0
      0
      0
      0
      0
      0
      0
      0
      0
      0
      0
      0
      0
      0
      0
      0
      0
      0
      0
      0
      0
      0
      0
      0
      0
      0
      0
      0
      0
      0
      0
      0
      0
      0
      0
      0
      0
      0
      0
      0
      0
      0
      0
      0
      0
      0
      0
      0
      0
      0
      0
      0
      0
      0
      0
      0
      0
      0
      0
      0
      0
      0
      0
      0
      0
      0
      0
      0
      0
      0
      0
      0
      0
      0
      0
      0
      0
      0
      0
      0
      0
      0
      0
      0
      0
      0
      0
      0
      0
      0
      0
      0
      0
      0
      0
      0
      0
      0
      0
      0
      0
      0
      0
      0
      0
      0
      0
      0
      0
      0
      0
      0
      0
      0
      0
      0
      0
      0
      0
      0
      0
      0
      0
      0
      0
      0
      0
      0
      0
      0
      0
      0
      0
      0
      0
      0
      0
      0
      0
      0
      0
      0
      0
      0
      0
      0
      0
      0
      0
      0
      0
      0
      0
      0
      0
      0
      0
      0
      0
      0
      0
      0
      0
      0
      0
      0
      0
      0
      0
      0
      0
      0
      0
      0
      0
      0
      0
      0
      0
      0
      0
      0
      0
      0
      0
      0
      0
      0
      0
      0
      0
      0
      0
      0
      0
      0
      0
      0
      0
      0
      0
      0
      0
      0
      0
      0
      0
      0
      0
      0
      0
      0
      0
      0
      0
      0
      0
      0
      0
      0
      0
      0
      0
      0
      0
      0
      0
      0
      0
      0
      0
      0
      0
      0
      0
      0
      0
      0
      0
      0
      0
      0
      0
      0
      0
      0
      0
      0
      0
      0
      0
      0
      0
      0
      0
      0
      0
      0
      0
      0
      0
      0
      0
      0
      0
      0
      0
      0
      0
      0
      0
      0
      0
      0
      0
      0
      0
      0
      0
      0
      0
      0
      0
      0
      0
      0
      0
      0
      0
      0
      0
      0
      0
      0
      0
      0
      0
      0
      0
      0
      0
      0
      0
      0
      0
      0
      0
      0
      0
      0
      0
      0
      0
      0
      0
      0
      0
      0
      0
      0
      0
      0
      0
      0
      0
      0
      0
      0
      0
      0
      0
      0
      0
      0
      0
      0
      0
      0
      0
      0
      0
      0
      0
      0
      0
      0
      0
      0
      0
      0
      0
      0
      0
      0
      0
      0
      0
      0
      0
      0
      0
      0
      0
      0
      0
      0
      0
      0
      0
      0
      0
      0
      0
      0
      0
      0
      0
      0
      0
      0
      0
      0
      0
      0
      0
      0
      0
      0
      0
      0
      0
      0
      0
      0
      0
      0
      0
      0
      0
      0
      0
      0
      0
      0
      0
      0
      0
      0
      0
      0
      0
      0
      0
      0
      0
      0
      0
      0
      0
      0
      0
      0
      0
      0
      0
      0
      0
      0
      0
      0
      0
      0
      0
      0
      0
      0
      0
      0
      0
      0
      0
      0
      0
      0
      0
      0
      0
      0
      0
      0
      0
      0
      0
      0
      0
      0
      0
      0
      0
      0
      0
      0
      0
      0
      0
      0
      0
      0
      0
      0
      0
      0
      0
      0
      0
      0
      0
      0
      0
      0
      0
      0
      0
      0
      0
      0
      0
      0
      0
      0
      0
      0
      0
      0
      0
      0
      0
      0
      0
      0
      0
      0
      0
      0
      0
      0
      0
      0
      0
      0
      0
      0
      0
      0
      0
      0
      0
      0
      0
      0
      0
      0
      0
      0
      0
      0
      0
      0
      0
      0
      0
      0
      0
      0
      0
      0
      0
      0
      0
      0
      0
      0
      0
      0
      0
      0
      0
      0
      0
      0
      0
      0
      0
      0
      0
      0
      0
      0
      0
      0
      0
      0
      0
      0
      0
      0
      0
      0
      0
      0
      0
      0
      0
      0
      0
      0
      0
      0
      0
      0
      0
      0
      0
      0
      0
      0
      0
      0
      0
      0
      0
      0
      0
      0
      0
      0
      0
      0
      0
      0
      0
      0
      0
      0
      0
      0
      0
      0
      0
      0
      0
      0
      0
      0
      0
      0
      0
      0
      0
      0
      0
      0
      0
      0
      0
      0
      0
      0
      0
      0
      0
      0
      0
      0
      0
      0
      0
      0
      0
      0
      0
      0
      0
      0
