3.74751
3.74648
3.74527
3.74726
3.7477
3.74386
3.74559
3.74659
3.74255
3.74106
3.74357
3.74287
3.73984
3.74269
3.74228
3.73961
3.73773
3.74056
3.74028
3.73867
3.73456
3.73591
3.73509
3.73336
3.73344
3.7342
3.73283
3.73234
3.73333
3.73266
3.72962
3.72849
3.729
3.73049
3.72918
3.72926
3.72956
3.7296
3.72958
3.72947
3.72972
3.72952
3.72948
3.72959
3.72966
3.72992
3.72973
3.72986
3.72981
3.72983
3.72992
3.72979
3.72998
3.72987
3.72993
3.72983
3.72998
3.72983
3.72996
3.73009
3.73006
3.72989
3.72997
3.72986
3.73003
3.72987
3.7299
3.7299
3.72976
3.72976
3.7299
3.72989
3.72992
3.7299
3.72991
3.72986
3.72989
3.72986
3.73
3.72993
3.72994
3.73002
3.72968
3.72989
3.72999
3.72985
3.72987
3.72977
3.72983
3.7298
3.72996
3.72976
3.72991
3.7299
3.72986
3.72991
3.73002
3.7299
3.72999
3.72995
3.72983
3.72974
3.72991
3.72993
3.72978
3.72992
3.72994
3.72993
3.72993
3.72984
3.72993
3.72986
3.72986
3.72983
3.72975
3.72985
3.72986
3.72989
3.72995
3.72982
3.73
3.72983
3.72994
3.72984
3.72983
3.72982
3.73002
3.72983
3.72987
3.72992
3.72982
3.72981
3.72988
3.72988
3.73002
3.72976
3.72987
3.72998
3.72986
3.72971
3.72993
3.72988
3.73002
3.72987
3.72994
3.73007
3.72987
3.72973
3.72984
3.73007
3.72992
3.72991
3.73002
3.72992
3.72998
3.72983
3.72981
3.72985
3.72965
3.72983
3.72996
3.72989
3.72984
3.72991
3.72995
3.72987
3.73
3.72983
3.72994
3.72993
3.72988
3.72974
3.72994
3.72987
3.72998
3.72982
3.72983
3.7299
3.72989
3.72979
3.72997
3.72982
3.72998
3.72983
3.72978
3.72995
3.72982
3.72998
3.72988
3.72994
3.73
3.72979
3.72987
3.72996
3.7299
3.7299
3.72989
3.72995
3.72991
3.72977
3.72999
3.72995
3.72985
3.72979
3.72993
3.73005
3.72988
3.72989
3.73006
3.72979
3.72982
3.7298
3.72979
3.73
3.72978
3.73006
3.72975
3.72986
3.72984
3.72986
3.72999
3.72983
3.72986
3.72996
3.7299
3.72985
3.72988
3.72984
3.72999
3.72984
3.72981
3.72993
3.72986
3.72989
3.72981
3.72982
3.72988
3.73006
3.72991
3.72989
3.72989
3.72993
3.72986
3.72992
3.72978
3.72992
3.72997
3.73005
3.72981
3.72988
3.72974
3.72991
3.72988
3.72974
3.72998
3.72985
3.72993
3.72988
3.73002
3.72965
3.72988
3.72994
3.72999
3.72978
3.72979
3.7299
3.72996
3.72967
3.73002
3.72982
3.72975
3.72974
3.72975
3.72983
3.72978
3.72974
3.72988
3.72967
3.72999
3.72971
3.72977
3.72995
3.72981
3.72996
3.72988
3.72979
3.72989
3.7298
3.72984
3.7299
3.72994
3.72984
3.7301
3.72996
3.73006
3.7299
3.72994
3.72989
3.7299
3.72988
3.72989
3.72998
3.73001
3.72979
3.72988
3.72969
3.72987
3.72985
3.72994
3.72981
3.72985
3.72993
3.72979
3.72989
3.72972
3.73002
3.72985
3.72997
3.72985
3.72981
3.72982
3.72986
3.72987
3.72973
3.72983
3.73002
3.72993
3.72995
3.72983
3.72983
3.72993
3.72985
3.7297
3.72984
3.72988
3.7299
3.72996
3.72994
3.72977
3.7299
3.72991
3.72985
3.72991
3.72992
3.72994
3.72996
3.72995
3.72984
3.72986
3.72978
3.72999
3.72994
3.72967
3.72993
3.73003
3.72989
3.72989
3.7298
3.72993
3.72984
3.72974
3.72982
3.72995
3.72985
3.72987
3.7298
3.73004
3.72985
3.72984
3.72988
3.72991
3.72985
3.72979
3.72995
3.72976
3.72983
3.72999
3.72983
3.73
3.73018
3.72999
3.72968
3.72986
3.72973
3.72975
3.7298
3.72984
3.72998
3.73
3.72999
3.72994
3.72995
3.72972
3.72989
3.72981
3.72991
3.72988
3.72997
3.72987
3.72978
3.72987
3.72979
3.72997
3.72993
3.72983
3.72986
3.72984
3.72989
3.72983
3.72988
3.72991
3.72991
3.72995
3.7299
3.72983
3.72995
3.72995
3.73001
3.72992
3.73
3.72975
3.72995
3.72992
3.72981
3.72985
3.72992
3.72981
3.73006
3.72994
3.73
3.72988
3.72999
3.72997
3.72997
3.72988
3.72976
3.73003
3.72984
3.72975
3.72981
3.72995
3.7298
3.72989
3.72992
3.72998
3.72975
3.72989
3.72998
3.73001
3.72982
3.72995
3.72975
3.7299
3.72968
3.72997
3.73006
3.72994
3.72997
3.72981
3.72986
3.72999
3.72991
3.72993
3.73001
3.73002
3.72982
3.72988
3.72993
3.73001
3.72986
3.72978
3.72985
3.72985
3.7299
3.72985
3.72994
3.73006
3.72975
3.72979
3.72992
3.72984
3.72986
3.72994
3.72977
3.72987
3.72988
3.72992
3.73
3.72981
3.72988
3.73007
3.72999
3.72992
3.7299
3.7299
3.72982
3.72993
3.72998
3.72994
3.72996
3.72987
3.72977
3.72991
3.72988
3.72979
3.72991
3.72996
3.72976
3.72982
3.72987
3.72987
3.72988
3.72987
3.7299
3.72997
3.72998
3.73002
3.73004
3.72994
3.72991
3.73004
3.7299
3.72998
3.72991
3.72996
3.72997
3.72991
3.72985
3.72996
3.72985
3.72991
3.7298
3.7299
3.72982
3.72983
3.72967
3.72989
3.72978
3.72995
3.72987
3.72984
3.73005
3.72982
3.72987
3.72989
3.73009
3.72989
3.73005
3.72991
3.72988
3.72996
3.7299
3.7297
3.72985
3.72987
3.73
3.72979
3.72995
3.72993
3.72997
3.72986
3.73003
3.72985
3.72992
3.72978
3.72976
3.72988
3.7299
3.72995
3.7299
3.72985
3.7299
3.72998
3.72986
3.72991
3.72994
3.72992
3.72972
3.72982
3.72991
3.72989
3.7299
3.72986
3.72991
3.72982
3.72999
3.73007
3.73
3.72998
3.72988
3.72981
3.72981
3.72975
3.72986
3.72973
3.72991
3.72992
3.72996
3.72985
3.72987
3.73003
3.72996
3.72975
3.72986
3.72992
3.72983
3.72983
3.72985
3.72998
3.72994
3.72983
3.72993
3.72993
3.72976
3.72983
3.72984
3.72998
3.72988
3.72991
3.72992
3.73001
3.72976
3.7298
3.7299
3.72996
3.72986
3.72989
3.72984
3.72983
3.72989
3.72986
3.72984
3.72967
3.72992
3.72981
3.72998
3.72971
3.72985
3.72989
3.7298
3.72987
3.72995
3.72983
3.72994
3.72984
3.73004
3.72965
3.72983
3.72998
3.72986
3.72996
3.72992
3.72984
3.72988
3.73003
3.72994
3.72985
3.72985
3.72994
3.7299
3.73007
3.72992
3.7299
3.72994
3.72986
3.72987
3.72969
3.73001
3.72982
3.72991
3.72975
3.72986
3.72976
3.72985
3.72982
3.72996
3.72992
3.73006
3.72993
3.72994
3.72997
3.72987
3.72988
3.72985
3.72986
3.72992
3.7298
3.73002
3.73006
3.72993
3.72988
3.7298
3.72998
3.72984
3.72991
3.72981
3.72988
3.72977
3.7299
3.72976
3.72994
3.7298
3.72992
3.72987
3.72989
3.72975
3.7298
3.72973
3.72986
3.72988
3.72995
3.72982
3.72993
3.72989
3.72974
3.72983
3.72984
3.72993
3.72979
3.7299
3.72988
3.7298
3.72999
3.7299
3.72995
3.7298
3.72988
3.72988
3.72982
3.73007
3.72975
3.72985
3.72994
3.73004
3.7299
3.72974
3.72991
3.73008
3.72979
3.72979
3.72995
3.72977
3.72998
3.7298
3.72975
3.72979
3.72987
3.7298
3.72982
3.72992
3.72983
3.72993
3.72982
3.73003
3.72995
3.73
3.72998
3.72982
3.72981
3.72991
3.72992
3.72986
3.7299
3.72997
3.72986
3.72991
3.72983
3.72983
3.72991
3.72983
3.72973
3.72974
3.72983
3.72996
3.7299
3.72987
3.72991
3.7298
3.72997
3.72993
3.72979
3.72977
3.72987
3.72988
3.73002
3.72981
3.72992
3.72984
3.72988
3.7299
3.7299
3.72994
3.72996
3.72989
3.72996
3.72997
3.72992
3.72998
3.72999
3.72982
3.73
3.72987
3.72979
3.72985
3.72993
3.72999
3.72993
3.73012
3.72996
3.73009
3.72992
3.72999
3.72995
3.72991
3.72976
3.72995
3.72987
3.73
3.73
3.72985
3.72982
3.72983
3.72991
3.72998
3.72998
3.72988
3.73005
3.72989
3.72979
3.73001
3.72994
3.72987
3.72995
3.72994
3.72977
3.73011
3.72987
3.72994
3.72993
3.72973
3.72991
3.72997
3.72992
3.72985
3.72984
3.72988
3.72995
3.72988
3.72982
3.72996
3.72992
3.72991
3.7299
3.72989
3.7298
3.73003
3.72993
3.72976
3.72983
3.72993
3.72996
3.7299
3.72986
3.72995
3.72999
3.73001
3.72992
3.73002
3.72996
3.72972
3.72982
3.72986
3.72984
3.72993
3.72989
3.72973
3.72987
3.72986
3.72987
3.72999
3.72992
3.72993
3.73001
3.72989
3.72995
3.72987
3.73001
3.72983
3.72987
3.72979
3.72975
3.72984
3.7298
3.72984
3.72982
3.72996
3.72997
3.72982
3.72986
3.72975
3.72983
3.72984
3.72989
3.72987
3.72989
3.72992
3.72996
3.73002
3.72985
3.72978
3.72988
3.72996
3.72982
3.72984
3.72984
3.72992
3.72981
3.72996
3.72989
3.72984
3.72988
3.72988
3.72988
3.72988
3.72993
3.72984
3.72989
3.72987
3.73
3.72992
3.72994
3.72976
3.72988
3.72974
3.72995
3.72987
3.72984
3.72993
3.72993
3.72986
3.73001
3.7299
3.72995
3.72992
3.72982
3.72996
3.73001
3.72981
3.72996
3.72993
3.73
3.72988
3.7299
3.72987
3.72991
3.72991
3.72989
3.72962
3.72983
3.72993
3.72996
3.73
3.72991
3.73005
3.72988
3.72982
3.72985
3.72985
3.72988
3.72975
3.73
3.72989
3.73006
3.72993
3.72981
3.72981
3.72987
3.72983
3.72996
3.7298
3.72988
3.72981
3.72983
3.7299
3.72977
3.72988
3.72975
3.72997
3.72984
3.72996
3.72993
3.72993
3.72996
3.7299
3.7298
3.72986
3.72993
3.72981
3.72985
3.72998
3.72983
3.72984
3.72984
3.72988
3.72986
3.72981
3.73
3.72988
3.72987
3.72989
3.7298
3.72979
3.72982
3.72986
3.72989
3.72986
3.72993
3.72996
3.72995
3.72997
3.72984
3.72993
3.72983
3.72986
3.72991
3.72983
3.73003
3.72989
3.73005
3.72993
3.72982
3.72988
3.72989
3.72983
3.72988
3.72997
3.72993
3.72973
3.72987
3.72991
3.72968
3.7299
3.72975
3.72998
3.72987
3.72983
3.72989
3.72983
3.73003
3.7299
3.72984
3.72973
3.72987
3.72984
3.72979
3.72974
3.72999
3.72974
3.72987
3.72992
3.72977
3.72992
3.72988
3.72978
3.73
3.72997
3.7299
3.72998
3.72985
3.73
3.72982
3.7299
3.72991
3.72999
3.72997
3.7299
3.72989
3.72995
3.72992
3.73003
3.72988
3.7299
3.72991
3.72996
3.72989
3.73004
3.72979
3.72981
3.73
3.7297
3.72992
3.72986
3.7299
3.7299
3.72979
3.72984
3.72991
3.72992
3.72994
3.72967
3.72977
3.72995
3.72977
3.7299
3.73
3.7298
3.73004
3.72994
3.72996
3.72995
3.72983
3.72981
3.72991
3.72971
3.72988
3.72984
3.7298
3.72994
3.72995
3.72987
3.72978
3.73002
3.72992
3.73
3.7297
3.72984
3.72985
3.72993
3.72986
3.72987
3.72997
3.72992
3.73003
3.72988
3.72993
3.72982
3.72984
3.72973
3.72982
3.72995
3.7299
3.7298
3.72989
3.7299
3.72979
3.72994
3.72984
3.72988
3.72982
3.72988
3.72999
3.72981
3.72985
3.72985
3.72992
3.73
3.72992
3.72999
3.72995
3.72972
3.72991
3.73003
3.72987
3.72999
3.72997
3.72987
3.72997
3.72984
3.73002
3.7299
3.72995
3.72992
3.72978
3.72985
3.72988
3.72984
3.7301
3.72974
3.72995
3.72988
3.72991
3.7298
3.72997
3.72993
3.72991
3.72993
3.72976
3.72985
3.72987
3.73005
3.72995
3.72985
3.7298
3.72985
3.7299
3.72972
3.72995
3.73005
3.7299
3.72977
3.72998
3.72988
3.72983
3.72991
3.72985
3.72994
3.72991
3.72994
3.72989
3.7298
3.72974
3.72991
3.72986
3.72986
3.72981
3.72981
3.72985
3.72991
3.72982
3.72994
3.73
3.72974
3.72983
3.72994
3.72976
3.72981
3.72976
3.72984
3.72987
3.72978
3.73001
3.72992
3.72991
3.72997
3.72991
3.72992
3.72985
3.72999
3.72971
3.72995
3.72977
3.72982
3.72985
3.72981
3.72993
3.72995
3.72991
3.72988
3.72985
3.72999
3.72989
3.7299
3.72992
3.72999
3.72997
3.72982
3.72992
3.7299
3.72977
3.72966
3.73001
3.72991
3.72967
3.72986
3.72992
3.72994
3.7299
3.72994
3.72987
3.72988
3.72983
3.72986
3.72987
3.72974
3.72993
3.72986
3.72977
3.7299
3.72986
3.72985
3.72985
3.7299
3.72972
3.72988
3.72992
3.72994
3.72991
3.72995
3.72978
3.72979
3.72981
3.72995
3.72979
3.72999
3.72984
3.72999
3.72965
3.72991
3.72977
3.72993
3.72996
3.72994
3.72992
3.72991
3.72998
3.72987
3.72975
3.72984
3.73
3.72985
3.72995
3.73003
3.72981
3.72986
3.72995
3.72979
3.72978
3.72984
3.72985
3.72985
3.7298
3.72989
3.72986
3.72978
3.72987
3.72994
3.72976
3.72988
3.72989
3.72984
3.72992
3.7298
3.72989
3.72994
3.72981
3.72972
3.72988
3.72993
3.72986
3.72985
3.72992
3.72989
3.72986
3.72983
3.72995
3.72998
3.72983
3.72985
3.72981
3.72979
3.72998
3.72979
3.72991
3.72984
3.72976
3.72996
3.72993
3.72997
3.72992
3.72998
3.72979
3.72995
3.73008
3.7299
3.72985
3.72996
3.72993
3.72982
3.72983
3.73001
3.72989
3.7298
3.72974
3.72979
3.72982
3.72973
3.72994
3.72997
3.7299
3.72982
3.72981
3.72991
3.72977
3.72984
3.72987
3.7298
3.72974
3.72986
3.72992
3.7298
3.72989
3.7299
3.72971
3.72968
3.72978
3.73002
3.72988
3.72993
3.73001
3.72979
3.72988
3.72986
3.7298
3.73005
3.72973
3.72986
3.72995
3.72994
3.72989
3.72992
3.72982
3.72966
3.72979
3.7298
3.72988
3.72998
3.72985
3.73
3.72976
3.72994
3.72981
3.72994
3.7298
3.72987
3.72993
3.72997
3.72981
3.73004
3.72996
3.72973
3.73005
3.72982
3.72998
3.72995
3.72979
3.72983
3.72983
3.73002
3.72971
3.7298
3.72985
3.72994
3.72984
3.73007
3.72978
3.72987
3.72977
3.72975
3.72994
3.72985
3.7299
3.72984
3.72997
3.72987
3.72983
3.72986
3.73003
3.72998
3.72986
3.73008
3.72986
3.7299
3.73004
3.72986
3.72978
3.73003
3.73003
3.72981
3.72989
3.72987
3.72989
3.72981
3.72989
3.72978
3.72982
3.72981
3.72979
3.72983
3.72997
3.72996
3.7298
3.72977
3.72975
3.72992
3.72995
3.72996
3.72986
3.72989
3.7298
3.72998
3.72987
3.72992
3.72983
3.72984
3.72998
3.72997
3.72994
3.72991
3.72982
3.72972
3.7299
3.72983
3.72987
3.72987
3.73001
3.73003
3.72987
3.73004
3.72979
3.72988
3.7298
3.72986
3.72992
3.72988
3.7299
3.72985
3.72995
3.72992
3.73002
3.72993
3.72986
3.72981
3.7299
3.72983
3.72983
3.72975
3.72979
3.72986
3.72993
3.72978
3.72992
3.72989
3.72984
3.72999
3.72998
3.72997
3.72982
3.72996
3.72986
3.72986
3.72975
3.72983
3.72987
3.72993
3.72978
3.73003
3.72984
3.72967
3.72993
3.72973
3.72985
3.72986
3.72992
3.72982
3.72979
3.72991
3.72988
3.72982
3.72983
3.72984
3.72986
3.72996
3.72995
3.7298
3.72984
3.72993
3.72996
3.72986
3.72984
3.72984
3.72992
3.73008
3.72995
3.73
3.7299
3.7298
3.72996
3.72984
3.72984
3.72983
3.72993
3.72985
3.72983
3.7297
3.72981
3.73001
3.73001
3.72985
3.7298
3.72989
3.72986
3.7299
3.72981
3.72995
3.72991
3.7299
3.72994
3.72997
3.72977
3.73001
3.72994
3.72976
3.72997
3.72978
3.72984
3.72978
3.72987
3.72996
3.72986
3.72991
3.72997
3.72981
3.72991
3.72975
3.72985
3.72968
3.72993
3.73001
3.72984
3.7299
3.72987
3.72993
3.72983
3.7299
3.73006
3.72992
3.72986
3.72994
3.72984
3.72991
3.72985
3.73002
3.72991
3.72994
3.72988
3.7298
3.72986
3.72971
3.72982
3.72975
3.72996
3.72969
3.72976
3.7299
3.72996
3.72977
3.72993
3.7298
3.72996
3.72999
3.72998
3.72992
3.72986
3.72986
3.72988
3.72999
3.72976
3.72985
3.73005
3.72995
3.72981
3.72991
3.72994
3.72987
3.72991
3.7299
3.7299
3.72996
3.72983
3.72989
3.72978
3.72984
3.73
3.72997
3.72996
3.72987
3.72981
3.72991
3.72995
3.72984
3.72981
3.72988
3.72982
3.72996
3.72989
3.72997
3.72983
3.72993
3.72984
3.72981
3.72976
3.72981
3.72991
3.7299
3.73003
3.72978
3.72983
3.72968
3.72992
3.72979
3.72986
3.7297
3.72995
3.72989
3.72993
3.72993
3.72998
3.72986
3.72985
3.72985
3.73004
3.72969
3.72994
3.72988
3.72996
3.72993
3.72981
3.72984
3.72983
3.72994
3.72997
3.72997
3.73003
3.72979
3.72997
3.72989
3.73003
3.7298
3.73001
3.72978
3.7299
3.72994
3.72977
3.72988
3.72986
3.72981
3.72998
3.72982
3.72992
3.72991
3.72996
3.72984
3.72996
3.72994
3.7298
3.72981
3.72985
3.7298
3.72987
3.73004
3.72977
3.73005
3.72993
3.72985
3.72994
3.72989
3.72983
3.72992
3.72994
3.72987
3.73001
3.72985
3.72983
3.72989
3.72988
3.72978
3.72999
3.72977
3.72994
3.72994
3.72987
3.73
3.7299
3.72986
3.72991
3.72988
3.72991
3.72996
3.7299
3.72991
3.72989
3.72984
3.72992
3.72985
3.72993
3.72993
3.72993
3.7299
3.72993
3.72989
3.72984
3.72974
3.7299
3.72989
3.72976
3.72998
3.72992
3.72994
3.72985
3.72991
3.72994
3.72983
3.73
3.72994
3.72985
3.72988
3.72985
3.72997
3.72996
3.72974
3.72982
3.72978
3.72977
3.72988
3.7299
3.72988
3.72986
3.72975
3.72997
3.72984
3.72981
3.72996
3.72976
3.72987
3.72983
3.72999
3.72983
3.73
3.7299
3.72978
3.72974
3.72979
3.72997
3.72995
3.73001
3.72977
3.73006
3.72997
3.72995
3.7298
3.72982
3.7299
3.72992
3.7298
3.72987
3.72996
3.72978
3.72981
3.72978
3.7297
3.72986
3.72989
3.72984
3.72993
3.72992
3.72976
3.72982
3.7298
3.7299
3.72981
3.72993
3.72978
3.73012
3.72989
3.72986
3.73
3.7298
3.72986
3.72979
3.72981
3.72974
3.72977
3.72994
3.72996
3.73008
3.72978
3.72975
3.72992
3.7299
3.72974
3.72978
3.72972
3.72996
3.72985
3.72976
3.72986
3.72992
3.72985
3.7299
3.73001
3.72976
3.72994
3.72999
3.7299
3.72981
3.72983
3.73003
3.72998
3.72985
3.72989
3.72999
3.72996
3.72984
3.73005
3.72988
3.72996
3.72983
3.72994
3.72981
3.72988
3.72989
3.72972
3.72992
3.72998
3.72991
3.72987
3.73003
3.72994
3.72993
3.72984
3.72987
3.73
3.72976
3.73007
3.72968
3.72984
3.72975
3.72981
3.72988
3.7298
3.73001
3.72986
3.72984
3.72994
3.73004
3.72986
3.72976
3.72995
3.72993
3.72987
3.72992
3.72976
3.73001
3.72983
3.72985
3.72986
3.72985
3.72992
3.72977
3.72991
3.7301
3.73005
3.7299
3.72993
3.72996
3.72988
3.72992
3.73
3.72986
3.72986
3.72988
3.7298
3.72998
3.72975
3.72982
3.72982
3.72995
3.72981
3.7297
3.72973
3.72983
3.72988
3.72985
3.72982
3.72988
3.72996
3.72985
3.72979
3.7298
3.72979
3.72979
3.72992
3.72982
3.72983
3.72994
3.7299
3.72989
3.72991
3.72996
3.72986
3.72987
3.72994
3.72986
3.72986
3.72986
3.72985
3.72987
3.72992
3.72985
3.72989
