3.78622
3.7861
3.78646
3.75958
3.74563
3.74207
3.74005
3.73866
3.73643
3.73542
3.7342
3.73416
3.7344
3.73365
3.73327
3.73257
3.7325
3.73256
3.73176
3.73172
3.7318
3.73131
3.73143
3.73105
3.73109
3.73115
3.73099
3.73093
3.731
3.73086
3.73064
3.73069
3.73077
3.73056
3.73061
3.73061
3.73047
3.73055
3.73029
3.73037
3.73033
3.73041
3.73036
3.73028
3.7304
3.73022
3.73022
3.73026
3.73023
3.73031
3.73012
3.73011
3.73032
3.73003
3.73002
3.73022
3.72999
3.72994
3.73
3.73007
3.73004
3.73023
3.72999
3.73028
3.72998
3.73002
3.72999
3.72995
3.73005
3.73008
3.72989
3.72992
3.73006
3.72996
3.72997
3.72992
3.72998
3.72995
3.72996
3.72997
3.72995
3.72989
3.73005
3.72994
3.73003
3.73002
3.72993
3.72996
3.72999
3.72995
3.72995
3.72997
3.72996
3.72998
3.72996
3.72995
3.72994
3.72993
3.72992
3.72992
