0.805876
1.47043
2.00293
2.45303
2.69209
2.7984
2.75161
2.57048
2.41894
2.24268
2.11284
2.08244
1.96837
1.86372
1.6854
1.48139
1.19623
0.949619
0.803904
0.742511
0.714658
0.717418
0.707464
0.71785
0.708637
0.7057
0.702938
0.692481
0.689527
0.690084
0.688433
0.70259
0.714089
0.737294
0.749398
0.750168
0.744991
0.731856
0.721565
0.706104
0.699511
0.696641
0.697767
0.691236
0.695723
0.689598
0.687883
0.685724
0.681411
0.683806
0.681092
0.681636
0.685547
0.683257
0.683182
0.684369
0.682418
0.681215
0.682041
0.6801
0.680311
0.683828
0.682845
0.684884
0.680277
0.683854
0.681458
0.682204
0.681787
0.682684
0.682738
0.681422
0.683048
0.681388
0.682475
0.682895
0.682473
0.681537
0.682948
0.681012
0.68294
0.680506
0.68007
0.684148
0.682489
0.680213
0.680068
0.681221
0.68152
0.680057
0.681013
0.681043
0.681687
0.681407
0.680555
0.680476
0.680063
0.677316
0.680862
0.680857
0.680049
0.679998
0.678445
0.679747
0.680323
0.67966
0.679114
0.678936
0.679307
0.679287
0.68111
0.679432
0.679707
0.679547
0.681083
0.679682
0.679009
0.679734
0.681475
0.680746
0.680864
0.67886
0.678657
0.679953
0.679875
0.680477
0.678689
0.679221
0.678106
0.68048
0.6815
0.67786
0.679193
0.678741
0.679594
0.680905
0.680356
0.679122
0.676695
0.678123
0.679427
0.678911
0.679983
0.680183
0.680188
0.680413
0.679115
0.679576
0.67958
0.678366
0.679826
0.67717
0.681774
0.678171
0.681245
0.679613
0.678641
0.67815
0.677741
0.677904
0.679352
0.678456
0.677122
0.677697
0.678414
0.679129
0.679679
0.67816
0.678742
0.679587
0.677175
0.680674
0.679443
0.678677
0.679453
0.680238
0.680314
0.679833
0.680948
0.677899
0.679039
0.678096
0.678037
0.678581
0.679234
0.679492
0.677016
0.67904
0.682315
0.678031
0.678518
0.677748
0.678169
0.677758
0.678166
0.678937
0.68
0.678121
0.67774
0.677658
0.679629
0.679271
0.679293
0.678508
0.68063
0.679537
0.678631
0.678519
0.67958
0.67782
0.679234
0.680344
0.677239
0.677015
0.67946
0.678259
0.678001
0.679433
0.680155
0.676652
0.679724
0.677557
0.679772
0.676668
0.679992
0.677579
0.679038
0.677047
0.678777
0.677415
0.678699
0.679225
0.678331
0.678279
0.677197
0.678176
0.680034
0.675656
0.675885
0.678776
0.678312
0.678902
0.678782
0.676095
0.678696
0.679033
0.680391
0.677967
0.680239
0.677225
0.679393
0.677048
0.677796
0.678681
0.680267
0.677807
0.677672
0.678054
0.679345
0.680525
0.678326
0.677895
0.677698
0.679974
0.677129
0.677098
0.677961
0.678503
0.676062
0.676626
0.677737
0.676992
0.676533
0.68016
0.679641
0.67718
0.679011
0.678128
0.678161
0.67781
0.679603
0.679112
0.677343
0.677427
0.679999
0.678486
0.680581
0.677349
0.676975
0.679234
0.678805
0.677875
0.676509
0.67796
0.677771
0.676733
0.679926
0.678442
0.67934
0.678475
0.676829
0.67616
0.677834
0.678936
0.677871
0.677842
0.677192
0.678088
0.679725
0.678992
0.678228
0.677583
0.680468
0.678753
0.677306
0.679562
0.677518
0.676552
0.680043
0.676505
0.678411
0.676112
0.678943
0.677697
0.678044
0.677382
0.679995
0.677438
0.679624
0.678779
0.67657
0.675928
0.677842
0.678836
0.677648
0.677495
0.677215
0.678118
0.678542
0.677355
0.676016
0.676646
0.677121
0.677703
0.676282
0.678443
0.678487
0.678204
0.679929
0.679337
0.678028
0.677003
0.679147
0.678758
0.677411
0.677915
0.67905
0.677744
0.676798
0.676844
0.679089
0.677303
0.678084
0.677162
0.675365
0.678403
0.677973
0.677313
0.676514
0.678938
0.676321
0.67723
0.677992
0.678158
0.680187
0.677565
0.677104
0.677761
0.679373
0.678089
0.677669
0.678873
0.677972
0.677888
0.678731
0.676654
0.677731
0.675146
0.678299
0.676079
0.677887
0.676337
0.678422
0.67604
0.677737
0.676178
0.677259
0.677078
0.678596
0.676404
0.678953
0.67682
0.678562
0.678413
0.67745
0.675854
0.676712
0.6757
0.676373
0.678124
0.678059
0.676591
0.676707
0.678621
0.67859
0.676892
0.679014
0.677544
0.677357
0.677487
0.678187
0.676843
0.678282
0.677618
0.677602
0.680327
0.676073
0.678159
0.679401
0.678193
0.676814
0.678505
0.678743
0.680194
0.678671
0.677536
0.67816
0.677061
0.681404
0.679375
0.678746
0.674346
0.677868
0.677725
0.676395
0.676091
0.678198
0.677555
0.677009
0.6793
0.677862
0.67737
0.677842
0.677131
0.677851
0.677292
0.678291
0.677764
0.678142
0.678146
0.678332
0.678554
0.676141
0.676994
0.677743
0.678188
0.676279
0.67697
0.678508
0.677833
0.677318
0.67839
0.677816
0.679383
0.675191
0.67908
0.676339
0.676472
0.676646
0.676225
0.678602
0.677322
0.677495
0.676674
0.677403
0.676443
0.678164
0.677761
0.677426
0.678176
0.677443
0.67631
0.676975
0.678765
0.677055
0.675721
0.67884
0.674996
0.678058
0.680213
0.678633
0.67849
0.679899
0.678185
0.676879
0.676719
0.677411
0.67572
0.677099
0.678523
0.677273
0.676932
0.676979
0.678235
0.677457
0.677086
0.677698
0.675686
0.678586
0.677528
0.677377
0.67997
0.678628
0.677221
0.677973
0.676382
0.676947
0.676767
0.678712
0.677042
0.675212
0.678374
0.676498
0.677452
0.677306
0.676794
0.678011
0.677222
0.675609
0.677418
0.677406
0.674346
0.679336
0.675299
0.677291
0.677797
0.679359
0.676237
0.675198
0.677196
0.677171
0.676492
0.676943
0.676127
0.678176
0.675672
0.679122
0.677157
0.67556
0.677091
0.677598
0.67614
0.678629
0.676145
0.677573
0.677648
0.675624
0.677858
0.677552
0.678648
0.678211
0.675972
0.676797
0.677717
0.679137
0.678486
0.678581
0.676828
0.675948
0.677593
0.677214
0.677169
0.677069
0.678626
0.677644
0.677813
0.676737
0.680217
0.67647
0.676896
0.676199
0.677959
0.677389
0.677241
0.677248
0.676895
0.676387
0.6763
0.678087
0.675721
0.676027
0.67643
0.67796
0.676006
0.677517
0.675986
0.674804
0.678783
0.676048
0.676474
0.677004
0.67644
0.67678
0.676478
0.674855
0.676607
0.67714
0.679663
0.675347
0.676713
0.679296
0.678839
0.677341
0.676763
0.678598
0.676024
0.678448
0.679211
0.677889
0.677094
0.677178
0.679202
0.679724
0.680013
0.678363
0.677253
0.67784
0.679231
0.677893
0.680125
0.678411
0.674922
0.677034
0.676839
0.679586
0.676891
0.676882
0.678832
0.675691
0.678295
0.676819
0.678011
0.677132
0.676261
0.676498
0.677642
0.676852
0.678449
0.677802
0.678282
0.675544
0.677858
0.677769
0.677124
0.678626
0.678161
0.67643
0.676051
0.677409
0.676832
0.675334
0.676412
0.675854
0.67866
0.675793
0.676199
0.676837
0.677028
0.677307
0.677779
0.675508
0.676764
0.677795
0.679443
0.676809
0.676785
0.675687
0.677431
0.679868
0.676774
0.677845
0.674589
0.675708
0.677601
0.679291
0.678511
0.678198
0.679008
0.677902
0.677681
0.676282
0.676579
0.677243
0.680156
0.678968
0.679037
0.675059
0.678476
0.67592
0.680085
0.67815
0.677338
0.676336
0.677592
0.676571
0.678168
0.679216
0.678157
0.677841
0.676488
0.676649
0.677651
0.675068
0.676843
0.677241
0.678078
0.679432
0.678179
0.678307
0.678127
0.677352
0.675466
0.677943
0.678303
0.676375
0.677694
0.680014
0.677792
0.676691
0.675155
0.677037
0.678935
0.678068
0.676202
0.676516
0.679619
0.677329
0.677274
0.677054
0.675851
0.677247
0.678209
0.675851
0.675655
0.677644
0.676115
0.676449
0.676397
0.67477
0.678552
0.678164
0.677641
0.676902
0.678362
0.67695
0.678166
0.677391
0.678681
0.674822
0.677693
0.675414
0.677522
0.676776
0.677472
0.678071
0.675913
0.67561
0.676149
0.677461
0.677237
0.677049
0.67646
0.678661
0.676779
0.679577
0.677284
0.677102
0.678105
0.679568
0.679693
0.678584
0.674889
0.67713
0.679866
0.678327
0.677204
0.678334
0.675641
0.67797
0.676083
0.676638
0.677113
0.678833
0.678518
0.676367
0.676649
0.67813
0.676634
0.676178
0.678513
0.678704
0.67604
0.676562
0.677128
0.677332
0.676306
0.676624
0.677246
0.6762
0.67647
0.675007
0.6774
0.67986
0.676576
0.677464
0.678095
0.675399
0.678009
0.676383
0.676767
0.677417
0.675829
0.676813
0.677248
0.677155
0.678465
0.676395
0.677037
0.676979
0.675742
0.67663
0.676645
0.677154
0.676956
0.677195
0.676356
0.676903
0.676461
0.678322
0.677545
0.677095
0.678756
0.678358
0.679445
0.678585
0.680627
0.678295
0.679343
0.678538
0.676918
0.679399
0.675772
0.677021
0.677572
0.677536
0.678264
0.676746
0.677271
0.675943
0.679256
0.675648
0.678654
0.676541
0.678288
0.676413
0.677754
0.677343
0.676633
0.677448
0.676348
0.67726
0.67845
0.677461
0.676578
0.677694
0.678375
0.677283
0.678021
0.677581
0.678063
0.677407
0.679015
0.676369
0.675802
0.677242
0.675866
0.676418
0.676885
0.676676
0.678826
0.676933
0.677345
0.677993
0.680676
0.677151
0.677179
0.678912
0.679509
0.677816
0.676773
0.677083
0.674656
0.677161
0.68141
0.680142
0.676669
0.676992
0.677168
0.680113
0.677848
0.679293
0.677186
0.67825
0.677578
0.679251
0.677156
0.67555
0.675807
0.675294
0.679214
0.676671
0.676428
0.675821
0.676217
0.675688
0.677434
0.677036
0.677378
0.677517
0.677859
0.679233
0.678873
0.678416
0.677771
0.676682
0.678271
0.677361
0.679077
0.676855
0.67942
0.67791
0.675858
0.676694
0.676768
0.677602
0.676903
0.677411
0.677129
0.678452
0.679185
0.676959
0.678325
0.67667
0.676885
0.677463
0.677179
0.679153
0.679451
0.677588
0.676618
0.676739
0.677399
0.678868
0.677169
0.677045
0.678098
0.677922
0.677548
0.6792
0.677772
0.674509
0.677379
0.677505
0.676793
0.676864
0.677114
0.676984
0.677364
0.675668
0.676474
0.677016
0.677006
0.677076
0.67702
0.676643
0.676574
0.677178
0.676896
0.677231
0.676848
