      0
      0
      0
      0
      0
      0
      0
      3
      0
     38
     10
     20
     49
     70
     23
     32
     34
     53
     47
     26
     90
     87
    134
     99
    109
    128
    156
    106
    191
    344
    104
    217
    235
    264
    238
    278
    194
    256
    269
    336
    270
    357
    308
    492
    553
    398
    392
    633
    483
    571
    423
    548
    559
    674
    423
    754
    724
    783
    614
    699
    765
    825
    769
    929
    731
   1135
    899
   1099
   1060
    985
   1021
   1165
   1015
   1129
   1102
   1101
   1018
   1287
   1387
   1276
   1590
   1451
   1571
   1802
   1310
   1663
   1438
   1612
   1741
   1498
   1715
   1547
   1926
   1744
   2156
   2049
   2061
   1906
   1963
   1927
   2142
   2320
   2206
   2156
   2320
   2192
   2479
   2335
   2517
   2481
   2686
   2680
   2994
   2618
   3276
   2839
   3054
   3199
   3504
   3428
   3332
   3250
   3407
   3326
   3829
   3767
   3625
   3464
   3418
   4064
   3508
   3607
   4038
   3646
   3774
   3951
   4144
   4176
   4212
   4484
   4674
   4853
   4278
   4606
   4864
   4507
   5183
   5103
   5243
   5385
   4998
   5263
   5658
   5955
   6290
   5507
   6283
   5859
   6264
   5212
   5849
   6466
   6839
   6560
   6558
   6312
   7315
   6686
   7415
   7521
   6857
   7007
   7552
   6966
   7196
   7187
   7812
   8299
   7748
   7852
   8276
   8983
   8205
   8205
   8482
   8517
   8741
   8305
   8605
   9743
   9173
   9178
   9603
   9777
   8989
   9453
  10640
  10090
  10358
  10447
  10487
   9864
  11122
  10862
  11532
  10861
  11230
  11810
  11316
  11695
  11292
  12571
  11792
  13128
  13051
  12595
  13112
  12947
  13037
  14046
  13648
  13330
  13816
  13637
  13906
  13553
  14039
  14440
  15121
  15876
  15204
  14360
  16451
  15568
  15917
  16106
  16197
  16796
  16296
  16516
  16193
  17275
  17292
  16838
  17150
  18046
  18004
  17779
  18118
  19179
  18760
  19400
  18819
  19194
  20217
  20972
  20064
  21046
  20698
  20529
  21568
  22501
  21681
  20675
  22181
  22685
  22551
  21917
  23016
  22763
  23745
  25272
  24693
  24725
  24205
  24836
  24807
  26165
  26176
  26308
  26306
  25559
  27514
  27188
  26260
  28135
  27621
  27596
  28574
  27775
  29256
  30482
  29118
  29915
  29248
  29213
  31574
  30830
  31025
  32019
  32071
  31900
  32220
  32188
  33176
  33067
  33518
  34294
  34852
  33863
  35256
  35593
  36028
  36811
  36618
  35305
  37619
  37006
  37383
  37970
  38271
  38970
  39772
  40431
  41019
  40927
  40163
  40589
  41582
  41195
  41899
  41364
  41970
  42645
  42723
  45121
  45430
  46185
  45894
  43665
  47287
  45895
  46520
  48159
  47106
  48510
  48087
  49219
  51346
  49696
  52738
  49585
  51501
  52127
  51503
  53138
  53081
  53157
  53147
  54345
  53381
  54518
  55991
  57012
  57466
  57147
  57311
  57766
  56908
  59019
  59783
  59951
  60988
  61279
  61241
  62591
  62977
  63179
  61888
  64031
  67231
  63792
  66698
  64344
  67349
  65324
  68536
  69738
  71738
  69674
  69099
  69977
  71625
  72233
  73980
  73907
  75245
  73563
  74733
  75536
  76939
  76837
  76796
  78009
  77187
  80579
  79446
  83207
  80550
  81936
  83173
  82363
  82777
  85149
  84797
  85769
  84749
  85644
  89534
  88684
  88878
  88583
  88747
  91337
  91260
  92053
  93431
  93307
  93953
  96399
  96220
  97477
  98952
  96703
  97786
  96679
  98227
 101368
 102209
 101664
 105091
 104327
 104798
 104852
 107821
 110714
 105551
 111783
 108745
 110887
 111534
 114775
 113601
 115128
 115771
 115371
 113982
 119180
 117502
 120858
 119892
 120267
 122115
 121232
 124239
 123210
 123900
 126454
 127077
 127825
 129818
 129037
 132257
 132570
 130302
 130943
 133675
 137476
 135565
 136992
 137355
 140190
 143203
 139626
 144277
 142809
 144854
 144409
 145627
 148404
 145633
 148611
 149409
 151159
 151009
 152704
 153856
 155489
 157905
 159684
 161135
 159951
 159623
 161696
 163058
 164382
 166445
 167283
 167408
 171505
 170972
 173110
 170439
 170023
 171497
 176323
 176161
 180520
 180928
 178428
 179639
 182008
 182506
 184648
 185331
 187274
 188556
 189277
 190145
 190177
 189473
 193382
 194693
 195848
 198092
 203218
 202215
 201323
 204631
 205177
 203589
 209517
 207275
 209854
 213636
 212440
 215479
 214863
 216630
 216862
 219916
 221632
 222132
 222279
 223614
 226400
 221470
 229383
 232199
 234649
 234104
 233464
 235944
 233302
 234982
 241416
 242133
 242944
 243843
 245250
 247306
 247160
 248798
 250485
 253344
 255259
 255296
 256985
 266773
 261391
 262584
 265634
 260015
 264238
 267756
 270656
 277806
 269163
 273015
 275123
 279915
 275754
 286199
 280893
 288195
 287103
 287999
 287627
 293025
 293026
 294497
 295130
 299017
 302188
 304708
 303659
 305461
 307496
 308081
 310926
 312894
 312778
 312017
 316751
 319133
 319291
 321538
 322055
 323634
 327260
 333694
 333049
 332467
 338006
 334968
 338398
 338591
 340611
 344353
 343697
 345766
 346837
 345650
 350604
 353950
 361355
 354528
 353744
 358733
 363336
 368073
 376572
 371796
 371352
 371395
 376337
 377095
 379785
 379195
 378198
 386547
 387415
 384698
 394337
 391417
 393286
 393702
 404747
 404038
 401566
 400993
 411688
 406970
 409585
 415510
 418790
 414285
 418521
 417382
 423525
 425875
 426894
 434722
 431707
 439478
 434147
 443837
 441880
 439719
 448657
 445917
 452909
 444945
 454115
 453532
 453762
 457326
 463856
 463427
 466830
 469066
 471670
 479769
 472287
 480811
 481368
 483618
 487010
 491209
 491917
 490130
 496662
 499093
 496791
 502331
 505845
 510205
 505079
 514135
 512394
 511858
 517940
 521797
 521641
 524340
 528547
 529805
 528957
 534942
 537285
 540209
 542735
 543205
 547196
 550402
 551978
 554915
 557103
 556923
 561751
 565285
 566693
 573803
 570778
 575480
 578060
 586557
 588655
 583456
 586951
 596379
 599212
 595369
 594741
 605217
 607020
 610825
 608461
 606832
 618459
 616837
 617118
 621979
 623978
 629352
 632913
 633632
 637467
 630141
 642559
 642949
 650413
 648734
 647767
 655936
 656642
 664177
 668314
 668606
 671255
 666101
 673606
 675942
 676060
 683478
 680599
 687088
 690137
 695043
 703976
 696929
 704176
 705380
 702021
 713934
 719263
 718135
 714176
 724749
 725708
 727817
 728047
 732538
 726264
 741849
 742238
 742020
 750180
 750507
 755895
 753177
 756785
 765339
 762401
 772373
 770749
 773957
 773829
 774533
 784645
 785538
 795115
 794258
 799594
 796608
 802359
 804428
 813982
 812087
 815553
 816825
 822213
 829313
 829314
 836387
 825917
 835608
 839892
 841498
 845911
 852561
 853480
 852604
 850605
 863563
 862657
 868280
 871384
 866702
 875754
 870919
 878436
 886846
 883858
 888490
 896681
 893395
 894738
 911745
 905682
 910239
 920161
 916859
 920441
 924104
 921377
 928040
 928777
 931303
 943545
 944987
 945430
 949937
 951711
 957005
 960674
 954295
 969756
 973740
 969196
 966898
 978241
 980045
 988385
 980108
 994006
 996334
1000018
 999222
1002548
1011507
1008849
1014519
1023821
1020230
1026828
1028732
1033459
1030326
1039974
1038186
1039755
1044677
1045104
1055965
1059920
1062958
1063643
1059206
1070048
1077046
1075211
1078125
1084818
1089491
1086328
1098540
1103298
1093750
1106117
1109748
1107249
1108504
1120884
1120443
1124691
1131107
1134700
1130684
1144313
1135461
1140742
1149743
1145714
1153827
1155766
1160609
1160334
1166034
1162282
1172220
1183285
1182268
1179400
1188293
1191959
1192155
1195068
1200959
1202016
1208215
1209179
1213191
1216942
1227049
1223993
1232421
1232031
1235421
1243959
1249714
1243937
1250986
1246388
1252526
1262339
1260296
1273715
1270380
1262368
1275805
1280563
1281107
1278978
1290224
1293101
1298343
1295053
1311513
1309891
1308848
1326417
1311549
1321631
1332898
1325915
1331182
1342383
1340886
1332822
1339944
1348109
1359238
1359489
1364613
1355196
1360929
1367367
1371425
1377889
1382993
1378910
1396411
1389162
1388428
1399907
1399329
1408600
1399837
1413380
1423316
1409181
1425922
1422641
1425293
1428511
1432411
1441161
1439192
1446119
1448396
1454856
1459132
1463898
1454266
1466831
1475109
1476473
1479788
1477648
1480838
1482315
1486700
1491841
1491529
1493288
1501731
1496057
1495573
1517510
1516488
1520354
1522601
1524617
1514721
1533226
1543434
1534110
1541239
1541901
1541248
1554577
1553335
1551336
1569499
1562468
1563084
1565749
1567624
1571020
1575699
1591613
1579963
1581024
1595390
1586122
1593155
1599193
1606694
1617062
1597643
1619178
1625927
1624454
1617346
1623437
1625336
1639756
1639859
1638402
1643896
1645180
1654714
1649969
1644644
1661665
1655221
1668473
1672646
1663595
1678094
1677484
1681753
1678579
1701908
1689790
1688848
1706766
1703516
1706596
1698522
1701003
1710027
1714558
1717837
1722729
1724688
1726494
1731452
1730011
1725932
1729620
1743045
1736743
1742721
1744883
1744428
1748477
1766260
1769726
1766911
1766987
1750928
1763804
1773641
1775576
1764057
1781335
1778692
1785568
1783653
1799934
1790896
1803708
1799723
1808172
1810533
1802100
1812411
1813462
1824633
1823332
1827003
1825944
1818190
1837029
1835684
1836469
1842245
1833744
1844479
1855001
1848375
1847640
1845451
1843401
1859504
1851960
1868241
1871839
1866894
1873796
1876278
1886439
1879421
1881307
1887415
1879441
1880726
1888880
1894698
1893228
1895403
1895433
1907811
1907237
1907765
1910787
1914639
1912284
1923501
1913106
1918548
1910647
1923891
1929560
1937971
1931248
1939961
1931696
1930189
1952268
1934578
1936842
1947031
1944482
1958430
1954069
1955314
1962313
1966175
1961809
1959437
1964591
1971736
1969338
1978975
1976546
1974250
1976982
1979104
1981890
1981526
1984508
1989291
1985081
1996144
1990235
2002351
2010668
1993344
1998696
2006856
2014061
2008342
2005986
2014878
2010325
2012964
2013560
2012597
2025885
2010364
2020214
2033932
2027000
2033052
2029491
2033596
2029929
2046710
2040319
2054114
2043605
2041202
2038515
2047681
2046650
2047903
2043357
2049021
2051796
2058630
2050493
2064843
2072385
2063999
2068191
2080024
2060688
2071936
2073680
2067415
2077097
2068213
2069207
2077996
2073453
2078830
2081369
2078140
2073519
2083671
2083458
2088890
2091019
2093208
2103402
2098361
2102818
2098595
2096825
2100985
2107149
2110229
2096040
2107920
2104814
2107298
2113803
2113320
2122378
2108419
2116335
2115346
2110889
2110796
2105492
2110456
2114773
2114098
2108978
2112660
2124184
2120185
2124326
2127524
2127292
2114966
2138578
2120952
2123639
2130078
2131123
2121976
2121989
2132079
2130542
2133788
2136139
2139180
2145779
2135706
2129087
2139056
2140088
2143266
2134157
2132477
2136187
2145195
2142766
2138037
2143446
2138219
2151384
2146048
2137663
2139152
2133502
2140123
2147998
2141637
2154488
2148542
2149211
2145588
2149899
2151046
2138523
2144292
2144446
2147973
2141249
2149633
2153326
2142503
2153960
2152512
2155509
2155317
2149429
2148130
2146275
2153296
2149597
2150263
2152834
2146493
2151982
2144622
2156152
2153981
2158883
2155337
2147747
2144025
2161132
2159548
2145204
2144014
2145433
2144186
2147488
2146182
2151447
2138671
2147497
2149895
2153977
2135879
2149594
2143870
2153132
2148092
2139021
2154286
2156783
2153474
2150914
2139898
2140687
2153667
2138843
2151757
2138262
2147061
2153408
2150012
2139273
2140956
2136531
2146451
2137272
2139164
2143556
2138198
2149236
2137903
2140129
2137055
2134799
2135305
2131219
2137562
2130137
2134957
2127929
2133026
2137871
2131463
2130920
2125503
2123906
2119409
2126945
2118608
2121098
2117869
2122245
2114026
2120169
2120001
2117718
2107265
2126618
2106468
2114212
2112112
2095165
2106338
2108781
2096599
2111723
2106709
2108598
2098666
2107029
2102234
2099810
2114521
2103189
2103009
2099399
2097565
2087471
2101575
2082802
2093151
2090696
2091141
2098194
2086502
2080967
2078753
2091987
2079373
2086215
2087856
2077589
2077500
2065010
2062946
2073398
2067999
2072721
2069605
2058272
2059875
2069292
2054490
2058613
2055196
2046991
2063237
2047621
2055893
2044005
2040744
2052622
2041504
2046974
2044632
2032026
2027060
2033238
2024792
2024426
2028223
2037308
2026886
2025781
2032139
2015917
2032055
2013834
2005716
2009972
2002978
2011223
2006539
2013280
2007640
2012252
2006718
2000227
1998007
1991736
1994606
1992740
1994939
1994096
1996478
1989102
1987379
1978465
1980252
1981226
1983907
1973074
1966763
1972810
1975142
1975485
1956013
1952028
1963164
1960493
1956943
1954571
1950582
1954995
1950517
1956553
1927103
1943795
1940861
1940742
1930808
1930826
1931827
1921096
1934639
1920092
1924306
1906887
1916195
1906547
1914328
1913105
1903608
1911511
1915823
1901172
1898846
1887154
1896193
1895146
1887727
1883813
1879456
1882106
1871316
1877421
1878803
1864954
1868851
1868147
1860618
1861470
1861496
1870395
1851094
1850609
1847491
1860950
1859577
1843505
1839888
1840782
1835631
1829609
1829619
1823759
1817637
1819802
1827303
1816328
1824325
1804674
1808699
1804173
1812642
1805656
1799524
1798956
1800167
1791277
1798532
1799903
1786810
1777868
1779118
1769197
1778116
1770094
1759212
1765257
1767618
1767637
1759995
1760411
1753666
1757446
1744215
1750054
1736657
1740992
1737785
1734279
1735131
1730361
1725854
1723100
1718202
1733856
1713533
1706649
1713363
1699251
1699638
1710054
1694121
1692454
1700571
1689461
1682354
1677645
1683135
1682113
1679819
1668581
1671202
1671261
1667481
1666621
1650385
1647479
1646282
1637835
1640231
1641896
1631170
1628823
1633258
1639497
1630249
1625427
1620024
1628546
1617089
1616988
1601202
1605731
1603203
1603323
1601759
1590202
1592113
1592278
1585482
1584045
1579483
1574788
1574625
1567419
1569225
1566993
1561720
1553891
1555324
1560454
1558111
1542829
1539293
1544180
1529174
1524820
1529406
1534090
1525119
1512103
1518681
1506372
1510602
1507041
1501841
1501233
1501147
1494912
1490933
1487556
1488179
1478608
1484833
1480114
1474877
1473518
1458868
1474206
1464033
1466071
1459548
1450461
1450624
1447331
1441706
1446369
1431654
1436925
1431102
1432192
1427191
1423406
1415099
1418071
1411507
1404434
1406100
1395353
1394639
1396182
1390009
1392781
1384416
1384727
1386609
1368629
1370270
1363706
1366550
1361711
1367261
1355674
1349027
1352100
1348445
1351395
1346267
1342380
1341338
1341417
1329006
1316870
1317423
1313921
1320167
1303681
1319008
1309457
1310521
1294995
1300502
1289303
1288277
1289753
1285968
1279774
1275234
1269553
1270004
1265314
1263049
1262354
1256989
1258205
1253137
1259055
1247741
1242997
1245733
1240891
1239556
1229724
1228633
1220841
1221485
1214260
1209776
1215081
1204425
1215643
1203139
1197307
1200824
1197793
1194634
1187662
1180008
1186311
1167767
1176573
1166262
1172607
1163120
1171932
1163610
1154991
1152462
1151559
1151115
1146293
1142854
1136154
1137712
1128380
1123370
1128654
1125410
1112807
1117638
1116408
1109855
1103401
1101619
1103721
1101138
1094140
1091985
1086017
1085103
1084185
1077819
1078899
1076001
1062190
1061223
1064757
1061712
1051939
1050204
1048562
1047361
1046021
1038388
1038632
1041117
1033963
1023142
1027142
1028701
1022094
1020859
1017222
1015121
1008545
1009525
1007636
1002435
 997804
 991938
 986450
 985753
 990701
 980978
 974065
 978554
 975776
 966792
 965920
 963861
 957906
 958185
 955547
 955306
 945250
 941004
 939292
 939455
 932674
 936431
 929469
 930457
 927695
 925580
 920606
 917655
 916270
 905768
 913017
 909424
 901566
 901104
 897719
 896012
 884935
 889482
 882805
 884336
 873844
 874684
 877367
 873397
 869291
 859568
 862949
 860121
 857083
 854246
 847102
 852076
 849228
 842129
 840047
 836077
 838048
 834481
 831596
 824963
 821945
 821735
 813729
 814540
 815878
 815082
 807544
 803410
 802684
 794479
 796728
 797476
 793183
 785114
 786650
 783792
 780413
 777064
 772439
 770877
 773328
 773340
 771339
 759617
 760010
 757393
 762387
 759938
 747245
 753557
 744482
 744441
 742869
 737519
 733966
 740450
 729371
 726453
 721579
 722959
 720928
 714727
 712626
 708643
 706924
 701912
 700243
 698574
 695311
 697401
 690323
 692098
 687322
 687161
 678805
 678490
 681455
 686366
 667994
 671132
 669653
 669856
 667282
 662316
 656018
 660691
 650209
 649566
 652110
 643906
 646703
 641788
 633386
 636637
 631854
 634819
 632520
 622583
 624987
 624749
 626682
 619653
 613300
 613026
 603006
 608116
 608848
 602636
 599379
 599105
 599926
 594808
 596626
 592745
 592574
 587850
 585278
 579217
 578850
 574496
 573274
 572384
 576197
 569512
 570278
 561976
 562692
 565433
 557281
 557947
 550901
 550622
 546953
 542502
 547501
 545465
 539181
 545355
 540633
 538593
 533059
 537124
 530069
 526945
 526383
 525360
 518473
 521034
 519520
 512754
 511247
 515034
 505323
 503524
 507325
 503116
 503823
 501301
 498088
 494127
 503683
 486495
 489243
 484593
 486105
 481627
 481421
 480135
 474375
 475450
 475659
 478793
 469408
 466962
 465970
 462077
 453830
 454996
 453665
 454160
 455800
 453286
 447950
 449262
 446447
 441176
 436779
 439013
 436560
 436647
 432335
 430276
 427450
 425982
 423364
 423533
 416747
 421301
 418426
 415314
 412864
 411596
 414632
 410195
 408000
 408757
 405321
 402355
 401037
 397875
 398705
 396784
 392522
 393020
 393454
 390121
 388912
 380305
 382548
 382258
 381092
 379596
 374114
 372679
 377941
 371256
 368788
 365718
 368307
 366706
 365585
 362235
 363058
 355375
 355231
 353587
 358291
 357984
 352704
 347027
 348228
 345686
 345817
 341767
 342606
 332116
 336324
 336047
 336183
 335393
 328352
 336169
 324928
 329713
 330331
 322243
 323985
 323556
 318542
 319653
 316085
 314619
 310281
 312101
 312543
 311699
 303502
 306212
 306797
 304571
 298687
 300580
 303902
 299759
 297525
 293757
 295463
 293191
 292891
 289720
 288389
 287737
 289442
 281144
 284087
 280550
 280008
 277648
 274122
 276798
 277008
 269272
 271953
 273538
 272059
 268709
 265117
 266459
 264648
 264658
 261600
 261401
 262189
 254480
 254287
 257145
 251723
 251484
 252264
 249858
 248696
 244697
 249034
 246807
 242694
 239782
 244808
 242282
 238741
 238931
 238364
 236090
 231234
 232967
 231364
 232845
 227862
 230142
 228888
 225784
 225417
 223888
 225962
 222965
 221502
 220739
 219390
 216161
 218215
 216348
 212442
 212008
 212066
 211065
 208340
 211110
 208413
 209570
 204818
 203749
 204703
 200998
 200036
 196410
 200419
 197930
 195697
 194955
 191429
 195086
 191610
 189702
 190277
 186298
 188218
 187887
 187172
 183843
 186038
 185605
 181973
 180664
 182768
 177498
 179243
 176819
 176104
 175228
 174476
 171962
 171825
 174070
 170385
 172700
 170261
 171628
 170861
 169740
 168153
 170314
 165335
 165171
 162082
 160872
 160195
 161013
 160598
 158889
 156669
 158768
 157491
 156091
 152808
 153004
 152529
 153275
 151747
 151813
 148722
 149468
 147441
 148913
 147843
 144167
 148639
 143421
 143912
 144923
 143407
 141434
 140581
 139720
 139094
 137294
 138220
 134891
 134536
 133594
 135158
 134690
 132516
 131210
 130731
 130523
 132289
 126799
 129157
 127058
 129100
 124384
 124731
 124242
 126899
 126279
 124860
 122893
 122968
 122535
 121832
 121902
 121236
 117670
 117569
 119382
 113033
 116444
 116121
 114367
 112595
 112884
 111106
 111197
 109773
 108544
 110706
 110623
 107962
 108500
 107024
 106504
 105201
 106843
 104401
 105821
 100443
 101913
 103179
 101034
 100902
 101534
 101660
  97423
 100391
  98903
  95784
  96542
  96699
  98514
  95935
  95944
  93377
  93141
  91825
  90867
  89769
  91434
  91737
  93103
  87420
  90457
  89813
  87895
  86671
  87886
  85263
  87166
  84537
  87282
  84767
  83556
  83941
  83123
  83421
  82014
  83199
  82519
  79839
  80654
  80961
  79108
  80615
  77296
  78249
  79004
  77015
  78251
  76283
  75361
  72888
  73430
  73053
  74873
  71850
  72280
  73890
  70704
  71177
  69401
  70447
  69737
  69617
  70433
  69879
  68405
  68290
  68070
  67445
  67375
  66930
  67009
  67609
  65139
  63238
  64486
  61452
  62746
  62568
  62532
  62377
  62206
  62755
  61103
  60704
  62151
  57705
  59741
  59674
  59140
  59775
  57513
  57623
  56674
  56124
  55944
  55453
  55431
  55347
  54514
  56650
  53373
  53866
  54551
  53117
  53107
  51786
  52094
  53741
  50946
  51207
  50713
  49985
  50161
  50112
  49451
  49236
  48463
  49416
  48242
  48468
  47346
  48513
  46983
  47327
  44679
  45242
  44705
  45461
  45038
  43565
  43733
  44508
  44115
  43987
  44485
  43241
  43280
  41585
  41479
  42040
  41629
  42309
  41134
  41445
  39497
  39526
  38997
  39915
  39105
  37962
  38774
  41503
  39021
  38116
  37647
  37319
  39378
  36920
  37477
  36871
  36798
  36359
  35667
  36000
  33756
  35223
  35049
  35525
  33922
  35111
  33704
  34759
  34062
  32869
  32692
  32615
  32434
  32413
  32027
  33746
  31636
  31968
  32134
  31822
  32725
  29771
  30991
  30662
  30793
  30314
  29252
  28241
  30429
  28254
  27893
  28356
  28872
  28664
  27217
  27800
  28646
  27478
  27920
  27475
  26718
  26194
  27184
  26199
  26126
  25401
  25604
  25967
  25010
  26361
  25055
  25383
  24686
  25063
  24329
  24866
  24233
  23720
  24498
  23456
  22913
  23425
  23104
  23352
  23217
  21889
  22594
  21774
  22607
  21519
  22941
  21459
  21663
  22167
  21002
  21366
  21003
  21032
  21064
  20638
  20596
  20643
  20592
  18939
  20480
  19366
  19676
  20828
  19807
  18928
  18586
  18982
  18438
  18352
  18570
  19100
  17689
  18347
  17528
  18615
  17985
  18249
  17398
  17472
  16561
  17597
  16048
  16620
  16034
  16519
  15431
  16466
  16793
  16805
  15191
  15737
  15815
  15996
  15424
  16618
  15795
  15258
  14777
  14788
  14582
  14486
  14030
  14201
  13892
  13750
  14393
  14166
  13116
  13496
  13742
  13842
  13154
  12597
  13690
  13114
  14133
  13083
  13986
  11785
  13305
  13107
  12725
  13297
  11904
  12606
  12477
  12549
  12342
  11941
  11820
  12184
  11809
  12394
  11164
  11407
  11843
  11490
  12002
  11316
  10758
  10807
  11093
  10054
  10675
  10582
  11673
  10108
  10050
  10771
   9933
  10803
  10230
   9886
  10598
   9294
   9552
  10088
  10081
   9052
   8695
   9228
   8828
   9493
   8944
   9091
   9598
   8988
   8799
   8635
   9350
   8886
   8849
   9215
   8924
   8018
   8335
   8264
   9482
   7970
   8582
   8086
   8090
   7731
   7812
   7205
   7697
   7627
   7376
   7362
   7216
   7446
   7337
   7139
   7403
   7232
   6733
   6880
   7381
   6465
   6590
   6056
   6934
   6731
   6311
   6419
   6649
   6568
   6879
   6634
   6963
   6205
   5960
   5750
   6126
   6056
   6310
   6046
   6251
   6099
   6345
   5881
   5898
   5784
   5702
   5638
   6226
   5522
   5825
   5818
   5676
   5298
   5173
   5090
   5612
   5786
   5467
   5098
   5308
   5138
   5578
   5529
   4915
   4766
   4427
   4963
   4527
   4779
   4909
   4892
   5152
   4601
   4853
   4292
   4441
   3906
   4301
   4458
   4283
   4078
   4814
   4087
   4444
   3958
   4025
   4368
   4021
   4155
   4364
   3611
   3568
   4430
   3814
   3913
   3899
   3768
   3858
   3966
   3529
   3990
   3387
   3504
   3582
   3578
   3630
   3192
   3801
   3318
   3688
   3754
   3221
   3545
   3748
   3347
   2771
   3025
   2983
   3184
   3100
   3371
   2801
   2864
   2643
   2834
   2930
   3170
   2857
   3067
   2764
   2603
   2908
   2977
   2803
   2863
   2419
   2637
   2241
   2382
   2340
   2314
   2548
   2541
   2422
   2376
   2538
   2796
   2118
   2125
   2012
   2146
   2119
   2298
   2129
   1921
   2165
   2099
   2141
   1995
   2125
   2310
   2249
   2100
   1887
   1949
   1797
   2265
   2047
   1864
   2063
   1943
   2103
   1832
   1784
   2303
   2184
   1843
   1769
   1462
   1614
   1627
   1586
   1689
   1627
   1784
   1791
   1611
   1706
   1773
   1531
   1757
   1625
   1565
   1653
   1565
   1345
   1414
   1402
   1538
   1508
   1372
   1474
   1666
   1585
   1766
   1146
   1622
   1450
   1486
   1405
   1380
   1365
   1395
   1125
   1495
   1205
   1544
   1555
   1287
   1285
   1477
   1375
   1492
    927
   1366
   1078
   1331
   1129
   1328
   1118
   1264
   1246
   1389
   1413
   1220
   1161
    987
   1005
   1202
   1015
   1214
    992
   1021
   1210
    976
