      0
    719
   2329
   3616
   4612
   6815
   8259
   9458
  10431
  12237
  13481
  16214
  17828
  18945
  20679
  21626
  21688
  23650
  26507
  26956
  29261
  29311
  30851
  32981
  34848
  34760
  37417
  38210
  39831
  41554
  43431
  44991
  46330
  47453
  48147
  50624
  51869
  54068
  54716
  58748
  58117
  57394
  60365
  62631
  62877
  65177
  67752
  68590
  68871
  70580
  70632
  73837
  74733
  77356
  78297
  80389
  80545
  81879
  84240
  85479
  89706
  90159
  89888
  91193
  93024
  95948
  95556
  98951
  98825
  99910
 101045
 103148
 104954
 104352
 107360
 108458
 109547
 113989
 113735
 114795
 118207
 119310
 120962
 122153
 120616
 124518
 124448
 128460
 127849
 127981
 133498
 132047
 135887
 137793
 138744
 139875
 142363
 141256
 144881
 144263
 146146
 147163
 145763
 152245
 150732
 153498
 153499
 158737
 158900
 160731
 161859
 163164
 166172
 164076
 167324
 171231
 169354
 172615
 173891
 174362
 177092
 177288
 178888
 184495
 182403
 183635
 182780
 190462
 186541
 188459
 193548
 194629
 194036
 196807
 199361
 197251
 201206
 202259
 205460
 205847
 208168
 207245
 210703
 208214
 215447
 213615
 216540
 218640
 219430
 222742
 224139
 225530
 225817
 225831
 228718
 232244
 230664
 233953
 236765
 238834
 239346
 240974
 241709
 241881
 244084
 243246
 249560
 252887
 251911
 252409
 252941
 256478
 256768
 260602
 260098
 263410
 263021
 265301
 267720
 269092
 270939
 274791
 275664
 274764
 278802
 280000
 281666
 281439
 281717
 283912
 288416
 288828
 293444
 291954
 292638
 294767
 297075
 298225
 297292
 301934
 303327
 304360
 305741
 310626
 310615
 310138
 313731
 314851
 315641
 317538
 318703
 320031
 320162
 326335
 325427
 328622
 331253
 331419
 331101
 334455
 332505
 337907
 340517
 342931
 340737
 345356
 346800
 348569
 353211
 354259
 350197
 356073
 359422
 358388
 359272
 360596
 361594
 366926
 366798
 368292
 366339
 372165
 375151
 372863
 374283
 378863
 378740
 380008
 384883
 383929
 385158
 391084
 390242
 391341
 391680
 396931
 395709
 399280
 398696
 398675
 404659
 404094
 404700
 406640
 410806
 411718
 417534
 415018
 420585
 417214
 419533
 423126
 423647
 424179
 427135
 430576
 432575
 432891
 433940
 442096
 440726
 439934
 441964
 440915
 446060
 446630
 451464
 456708
 455374
 454860
 458293
 462049
 460088
 465089
 466845
 464041
 468756
 471214
 469920
 471713
 474461
 479374
 475483
 482488
 481651
 484075
 485492
 484301
 489460
 491966
 493484
 492275
 495382
 497432
 499245
 503107
 506924
 502719
 505353
 509692
 510256
 511371
 517360
 519857
 518177
 525297
 520683
 526641
 521634
 525679
 528294
 530222
 529943
 535524
 541225
 539507
 539970
 543079
 545195
 542967
 548818
 548933
 553786
 550828
 561216
 555770
 559361
 558879
 560863
 561991
 570161
 567584
 569705
 572484
 573736
 577147
 578911
 577680
 582975
 581582
 585077
 585814
 586486
 590038
 597374
 591714
 595136
 595679
 596827
 600296
 601971
 605030
 606569
 610435
 608328
 614030
 615596
 617207
 618698
 623734
 625276
 623302
 628929
 630791
 630632
 635792
 633443
 637224
 639930
 640628
 646898
 644717
 644057
 647758
 649062
 651062
 652127
 660411
 658186
 662512
 659304
 663753
 668114
 669757
 669925
 672280
 672640
 676158
 679502
 679388
 681909
 685096
 683257
 680011
 688813
 692896
 695246
 693290
 701122
 704476
 700027
 702486
 707293
 708779
 715393
 706785
 713962
 717870
 719267
 719073
 721370
 724379
 724215
 726834
 732563
 728876
 736740
 738440
 737170
 739222
 743504
 743108
 746367
 746275
 750940
 749689
 751829
 756586
 754703
 763064
 754000
 765696
 765140
 768966
 768281
 773049
 772566
 776508
 771272
 775495
 782658
 780579
 786046
 787793
 784702
 789153
 796640
 792827
 799872
 804970
 800859
 806983
 801805
 806630
 810581
 812725
 816213
 817129
 812513
 820096
 822656
 829983
 821118
 823541
 832441
 832812
 828807
 837009
 841483
 839515
 840649
 842790
 848964
 845233
 847361
 852811
 850756
 857096
 855005
 858522
 857978
 864510
 865376
 867076
 867919
 870944
 874131
 874586
 877782
 881600
 874204
 886844
 882115
 888249
 887853
 887598
 888995
 898960
 893948
 895224
 893981
 903285
 904301
 901066
 912425
 910901
 919842
 918179
 914648
 917867
 917728
 920132
 929616
 927590
 928301
 934948
 934519
 936127
 943966
 942190
 936235
 945752
 941875
 947249
 946400
 955915
 955639
 954469
 957389
 965483
 962575
 968710
 960794
 965860
 969379
 966267
 972934
 979185
 975922
 987436
 979060
 984957
 986067
 982561
 986181
 993294
 990341
 994589
 995811
 997667
1009600
1002094
1002117
1007886
1011238
1016841
1019144
1013480
1017410
1020244
1022211
1020970
1026045
1023345
1027693
1030473
1034937
1039330
1038582
1041357
1041801
1046216
1046565
1041236
1046508
1048459
1054691
1055902
1057222
1066466
1061863
1073088
1066510
1068749
1071282
1070822
1077028
1080027
1081296
1087550
1083444
1085071
1090489
1084768
1092656
1091955
1096716
1101009
1101764
1100485
1104411
1106732
1108086
1102905
1111432
1115363
1114793
1123120
1120209
1119245
1120067
1117940
1122472
1126220
1130631
1134257
1141823
1138475
1141749
1148891
1144366
1137689
1147554
1149712
1152355
1151777
1156138
1153449
1157055
1162892
1165597
1165317
1166500
1167379
1177129
1169960
1181086
1176376
1176176
1185818
1183110
1180990
1182135
1195884
1190426
1191475
1196074
1199327
1193744
1202454
1207152
1201198
1202653
1210078
1208449
1213034
1214287
1218592
1220319
1214972
1221751
1224289
1219859
1229769
1232385
1230710
1237679
1239007
1235124
1237068
1237525
1250278
1246241
1237051
1251324
1254846
1250728
1254720
1263470
1253385
1262397
1256595
1261556
1263584
1272102
1269235
1273857
1274590
1277537
1275617
1281222
1277626
1280393
1278437
1293925
1289622
1294923
1288353
1288318
1303072
1298447
1304049
1306034
1302270
1304144
1302547
1304479
1313745
1316335
1311729
1320301
1317288
1320137
1327651
1318321
1323376
1330221
1330762
1331871
1324490
1334213
1346886
1334858
1337542
1342175
1340675
1345076
1351261
1347276
1346737
1347076
1358052
1356454
1348312
1355244
1350350
1364241
1366949
1381021
1370361
1374663
1367023
1368189
1373260
1372846
1378560
1376186
1376926
1382396
1377087
1388651
1393404
1384633
1384469
1391222
1394804
1398248
1397027
1400682
1403864
1402725
1401708
1403735
1405638
1413010
1415369
1411526
1414799
1417169
1412951
1414053
1418831
1427192
1427114
1428359
1429018
1422289
1424308
1429760
1431800
1431459
1434610
1435489
1439322
1438670
1447175
1442437
1440663
1449248
1445980
1453290
1450801
1456434
1459452
1451618
1460343
1458825
1456770
1460567
1461279
1460916
1469986
1471546
1471278
1471931
1465533
1472591
1470597
1474406
1479816
1473839
1487977
1478311
1480316
1487564
1493745
1485222
1490674
1488665
1484436
1489608
1494184
1497851
1501429
1495298
1505664
1494508
1505570
1501207
1507698
1510307
1505027
1504341
1509099
1516503
1511713
1519829
1523118
1511364
1513817
1516998
1509689
1518255
1519664
1528016
1524622
1529541
1526427
1522220
1527062
1533507
1529165
1532871
1529633
1535076
1532995
1537337
1539594
1539630
1544473
1538617
1540206
1536536
1542784
1556669
1549603
1546974
1549515
1542297
1545433
1554179
1551480
1548709
1551851
1563117
1551210
1559834
1564148
1562506
1562006
1561766
1560699
1560078
1568103
1566997
1570042
1569024
1567730
1570047
1559187
1568624
1573897
1573382
1573169
1566615
1573285
1574883
1567228
1573853
1579033
1570893
1580672
1577837
1579166
1577635
1578407
1581935
1578320
1581504
1588403
1586722
1584469
1591039
1588484
1589685
1594175
1591471
1596083
1588421
1594443
1593820
1593249
1594006
1589073
1592553
1596529
1599579
1592478
1595185
1596332
1590441
1595195
1603108
1599903
1598548
1603293
1602867
1602652
1597708
1603211
1601120
1603848
1591443
1599769
1596371
1601548
1603978
1593290
1606043
1601382
1608081
1603023
1607881
1606021
1608828
1611970
1601589
1600039
1612369
1602228
1605664
1613558
1602278
1607490
1599524
1608154
1607407
1603459
1613966
1605210
1615859
1605801
1609287
1610282
1611065
1606592
1601146
1610668
1609223
1604313
1605333
1609288
1600281
1609662
1614983
1611389
1611209
1605323
1605910
1613742
1614457
1614059
1613133
1608772
1602882
1609059
1605442
1605966
1609354
1603869
1603268
1603752
1600915
1600959
1606281
1606618
1604521
1603547
1600789
1604029
1609202
1603303
1603983
1608051
1598388
1603997
1607635
1613453
1601183
1604646
1592927
1604697
1601753
1592961
1601148
1597605
1599720
1594801
1603569
1587304
1601842
1600500
1594726
1588006
1599891
1594091
1592441
1593860
1600695
1590852
1590215
1592921
1590679
1585937
1590200
1585918
1586077
1591832
1593931
1584983
1587576
1582436
1588470
1592765
1585812
1582012
1579656
1574871
1573848
1576110
1574259
1579375
1582181
1570969
1585738
1568000
1576926
1575399
1575384
1571242
1574842
1565926
1572716
1566269
1572424
1569920
1568093
1563913
1560399
1560514
1554401
1560018
1554684
1561669
1554030
1555828
1557840
1556736
1544887
1551192
1551507
1544420
1549395
1553771
1548925
1547644
1540078
1552618
1545399
1538911
1543942
1537899
1532190
1535741
1526955
1534636
1532374
1526815
1531866
1527890
1525478
1536759
1524790
1522849
1519268
1518151
1516392
1514175
1518845
1513007
1508759
1512112
1508151
1509965
1503047
1511853
1509179
1500731
1507031
1497063
1501557
1494074
1501488
1496310
1494057
1487929
1492647
1490953
1492726
1491367
1481627
1481722
1477652
1483401
1482213
1471316
1476636
1472659
1469863
1466175
1462164
1466785
1462739
1469611
1468445
1458060
1453799
1462553
1458177
1447572
1447250
1441427
1443885
1442616
1444348
1442158
1439785
1434330
1437230
1434581
1435641
1424623
1422798
1428083
1421605
1422962
1422477
1415222
1414971
1418621
1408372
1407209
1413722
1412664
1410224
1400958
1402022
1401709
1395666
1393158
1398394
1385049
1386841
1381846
1379341
1388641
1377151
1378314
1371534
1380613
1367785
1364675
1369533
1373031
1358142
1364810
1362009
1362133
1356230
1349050
1352741
1351317
1353269
1344611
1340917
1336588
1342282
1325519
1331372
1327182
1335501
1327033
1328448
1320322
1321418
1312093
1310213
1315581
1307341
1312377
1306319
1307993
1306956
1304686
1299558
1294863
1293391
1289271
1284977
1280053
1283000
1282757
1280606
1272654
1280957
1269683
1266520
1260588
1253118
1263914
1262367
1261851
1257412
1255075
1262652
1249500
1248579
1236907
1238288
1236397
1237452
1230143
1237089
1226739
1222665
1224819
1217534
1223861
1213520
1215116
1208536
1204902
1204371
1205816
1206124
1200706
1188519
1196033
1185310
1188148
1184665
1181580
1176998
1171528
1174506
1176374
1168545
1167665
1163098
1165376
1161930
1155223
1149996
1151501
1145440
1151998
1138898
1137365
1141236
1138791
1135959
1130371
1127370
1123121
1126319
1121111
1110157
1120381
1112519
1117363
1115974
1105958
1102960
1106482
1095616
1092875
1090922
1084130
1082842
1078208
1079831
1073424
1077161
1071013
1072301
1064395
1064718
1063781
1064633
1056883
1059102
1056073
1052746
1046327
1052128
1040064
1041370
1043026
1031388
1030212
1027738
1024537
1022385
1015126
1012327
1008953
1015654
1011740
1013477
1000214
 997206
1006397
 993402
 990798
 987281
 987339
 985134
 985182
 985364
 976767
 973711
 969623
 968735
 968689
 965449
 960570
 947377
 960192
 950475
 950559
 943974
 948556
 943862
 930714
 935295
 931177
 926892
 927326
 928289
 928407
 919092
 911496
 916134
 909757
 905638
 907497
 904180
 901120
 896958
 896010
 891654
 893626
 883734
 881438
 883617
 878165
 880021
 873775
 870611
 866903
 868325
 860691
 860566
 859053
 853533
 854147
 848673
 841588
 842307
 845382
 843354
 839839
 834014
 833845
 828521
 829239
 821974
 819513
 816515
 822999
 819681
 812374
 806957
 805076
 801879
 798920
 802032
 792088
 790772
 792337
 789698
 788731
 782748
 782156
 777112
 771853
 777924
 768546
 767266
 761374
 765111
 758311
 761260
 745165
 749124
 749948
 746285
 745113
 740181
 737048
 730150
 734011
 727107
 731898
 723099
 725455
 721918
 711626
 708283
 709035
 713058
 707898
 707973
 699778
 698970
 698370
 694367
 690875
 685432
 682610
 680866
 681081
 684579
 671729
 673433
 672568
 666755
 661894
 664447
 658924
 657894
 660754
 656957
 653985
 652058
 647059
 645709
 639605
 637766
 632517
 633267
 630703
 630640
 628970
 626477
 619966
 620745
 616011
 614024
 613015
 613074
 603751
 603650
 601371
 598867
 597215
 593342
 590067
 591793
 592293
 584712
 581530
 580821
 573726
 579421
 576739
 573634
 569978
 571032
 563280
 561773
 559923
 557352
 554243
 553786
 553445
 551165
 547229
 547421
 543707
 540489
 535047
 538989
 532147
 527708
 530439
 532019
 522282
 521942
 524365
 518370
 516882
 513844
 510944
 514160
 507452
 504143
 503124
 501183
 496060
 494379
 494298
 494785
 490795
 489511
 484718
 480233
 478500
 485186
 474133
 475633
 471009
 467372
 467797
 468262
 463845
 463302
 460972
 457976
 454019
 453634
 453231
 446508
 449931
 447870
 443008
 441940
 436181
 439117
 435448
 437442
 433024
 426428
 427337
 423159
 423156
 420484
 420123
 420076
 414737
 415417
 412093
 410381
 408110
 405316
 404851
 404238
 399863
 398556
 395116
 393225
 394859
 389264
 389734
 385929
 385435
 383194
 383201
 377722
 378610
 376118
 377185
 373981
 371777
 370733
 367436
 365800
 365867
 362871
 360181
 353349
 355538
 355685
 354122
 349330
 349536
 348975
 348336
 344119
 347524
 343428
 339425
 339766
 335427
 335415
 334881
 332188
 328859
 328415
 327779
 323349
 324917
 322332
 317198
 317735
 316968
 313563
 312456
 311170
 309351
 306702
 307774
 305317
 304837
 299713
 300171
 296671
 296547
 294393
 294145
 289132
 295862
 290125
 287710
 287157
 285612
 282325
 281029
 278100
 276971
 277783
 276593
 273896
 274368
 273675
 268911
 268951
 266546
 264985
 264412
 262941
 261225
 258971
 258179
 257229
 256261
 251867
 254171
 251912
 250396
 249511
 247133
 246440
 244735
 243570
 239428
 240099
 239141
 235941
 238728
 233375
 235661
 232944
 231646
 229358
 229426
 227716
 225787
 221145
 226214
 221547
 223113
 220499
 217780
 218045
 218883
 217156
 214867
 214947
 211537
 209436
 209406
 208090
 207771
 204090
 205317
 204055
 200688
 202133
 198064
 196616
 196722
 198378
 191387
 194694
 192434
 189290
 192052
 189169
 188632
 184867
 186248
 185027
 183596
 185798
 179041
 179796
 180597
 178594
 176220
 175767
 173575
 173323
 172627
 173602
 171042
 168805
 167488
 166895
 166212
 166513
 166106
 165333
 162534
 162660
 160043
 159070
 157415
 158368
 154981
 153228
 153497
 153877
 149454
 151065
 153270
 150197
 147591
 147824
 148342
 147737
 143690
 146004
 143193
 142103
 141560
 142711
 139645
 139097
 139649
 138560
 138949
 136465
 137111
 132870
 131562
 134446
 131651
 132244
 129526
 128663
 125798
 126171
 128916
 126815
 123969
 124528
 121395
 125528
 120634
 121940
 120984
 120114
 119860
 118500
 116011
 116231
 117617
 114881
 113982
 113248
 112164
 112016
 111440
 110459
 111279
 109667
 108834
 108810
 105598
 108296
 104719
 106050
 105337
 103127
 103481
 100762
  99400
 100243
 101069
 100391
  99753
  97048
  97728
  97618
  96674
  96640
  96640
  94395
  93854
  92897
  92272
  91177
  88767
  89267
  89012
  88075
  88618
  87220
  88550
  85781
  88650
  86103
  83822
  82383
  84276
  82824
  82515
  81192
  80525
  80453
  80101
  78131
  78007
  77929
  77565
  77429
  76440
  77216
  74721
  73945
  73850
  76099
  73836
  72040
  73461
  72298
  70479
  71665
  71566
  70681
  70213
  68731
  68268
  67761
  66977
  69610
  68256
  67761
  66279
  66377
  63551
  64026
  63677
  63105
  64389
  62349
  62056
  61510
  60402
  62198
  59897
  61156
  58528
  59149
  57700
  59312
  57482
  59103
  57648
  55712
  55988
  55093
  54329
  54037
  55131
  54617
  53916
  53274
  52316
  53190
  53192
  52730
  50482
  51693
  52075
  49546
  50485
  50418
  49173
  49544
  48549
  48532
  47191
  46673
  48018
  46261
  46355
  45664
  45095
  44237
  45209
  44424
  44563
  42345
  43560
  43773
  43226
  42439
  41554
  42006
  40305
  41547
  42391
  39386
  40473
  40513
  40695
  39422
  39205
  39181
  39503
  38200
  37470
  37837
  36836
  37162
  36719
  36526
  34936
  36374
  35944
  34110
  35727
  34022
  34697
  34388
  34691
  34539
  32600
  34071
  32845
  32108
  32715
  32534
  32422
  32506
  31875
  31712
  31070
  31504
  30168
  30510
  30141
  29213
  29555
  29485
  29103
  29498
  28843
  29079
  28282
  28697
  27374
  27373
  27197
  27213
  26539
  27392
  26630
  26131
  25710
  25804
  25969
  25570
  24586
  24714
  25942
  24548
  22894
  22879
  24354
  24151
  22715
  23768
  23508
  23224
  22836
  22940
  22254
  22077
  22537
  21529
  21287
  21869
  20390
  20539
  21945
  20719
  20608
  19957
  19528
  20302
  19687
  19862
  18633
  19527
  19100
  18407
  18983
  18364
  18502
  17803
  17985
  18064
  18577
  18522
  18116
  17849
  17381
  16704
  17148
  17358
  16603
  16343
  16252
  16413
  16586
  16836
  16997
  16306
  15724
  16128
  15608
  15477
  15879
  15440
  15082
  14506
  15493
  15421
  14934
  13915
  14049
  14116
  14404
  13915
  14406
  13640
  13657
  13467
  13497
  12723
  13005
  12836
  12316
  12402
  12695
  12247
  12852
  12254
  12059
  12483
  11597
  12034
  11428
  11660
  11099
  10957
  10901
  11272
  10649
  11311
  10930
  10798
  11146
  11011
  10371
  10548
  10221
  10088
  10284
  10117
   9818
   9828
   9830
   9761
   9848
  10204
   9418
   9510
   9290
   8823
   9471
   9106
   8995
   8832
   8917
   8766
   8542
   8477
   8385
   8430
   8472
   8471
   7718
   8293
   7905
   7710
   8435
   7849
   8236
   7451
   7585
   7362
   7181
   7369
   7001
   7422
   7557
   7157
   7501
   7421
   7051
   6693
   6954
   6741
   6415
   6709
   6826
   6395
   6462
   6245
   6309
   5923
   6247
   6191
   6019
   5824
   6431
   5970
   5575
   6086
   5685
   5714
   5584
   6123
   6081
   5667
   5342
   5158
   5324
   5434
   5141
   5054
   5458
   5202
   5373
   5070
   5371
   5559
   4880
   4671
   4726
   4598
   5085
   4985
   5133
   4743
   4599
   4749
   4517
   4653
   4398
   3873
   4093
   4216
   4167
   4123
   4096
   3959
   3998
   4089
   4119
   4023
   4416
   3693
   3626
   3795
   3790
   3898
   3773
   3602
   3293
   3885
   3329
   3708
   3483
   3674
   3584
   3534
   3180
   3098
   3518
   3035
   2935
   2768
   2933
   3189
   2821
   3072
   3251
   2896
   3090
   2895
   2726
   2934
   2881
   2975
   2458
   3062
   2374
   2466
   2492
   2503
   2617
   2511
   2751
   2527
   2576
   2500
   2130
   2082
   2506
   2152
   2293
   2700
   2344
   2159
   2357
   2154
   2121
   2132
   2041
   2462
   2177
   2145
   2023
   1989
   2074
   2151
   1989
   1950
   1739
   2107
   1743
   1862
   1895
   1668
   1811
   1797
   2059
   1719
   1996
   1955
   1687
   2014
   1543
   1568
   1723
   1678
   1583
   1828
   1622
   1690
   1518
   1513
   1517
   1603
   1447
   1582
   1636
   1475
   1638
   1546
   1450
   1477
   1529
   1327
   1280
   1470
   1192
   1533
   1296
   1392
   1163
   1323
   1329
   1184
   1241
   1091
   1198
    965
   1206
   1098
   1159
   1275
   1219
   1041
   1215
   1088
   1099
   1012
   1185
    986
   1054
   1043
   1135
    990
   1006
   1151
   1037
    742
   1115
    919
    948
   1012
    965
    787
    852
    922
    970
    792
    809
    968
    640
    683
    703
    889
    649
    911
    709
    768
    716
    770
    762
    526
    681
    622
    642
    647
    663
    588
    537
    825
    568
    799
    779
    576
    768
    647
    562
    555
    558
    612
    526
    486
    618
    406
    555
    623
    532
    531
    689
    498
    471
    533
    499
    461
    429
    489
    475
    470
    575
    500
    394
    446
    489
    339
    468
    538
    501
    419
    422
    366
    476
    426
    375
    373
    399
    301
    473
    378
    373
    312
    554
    346
    396
    356
    306
    266
    296
    505
    289
    278
    333
    371
    248
    358
    240
    296
    408
    295
    282
    290
    220
    186
    257
    301
    334
    346
    272
    275
    221
    296
    313
    207
    249
    318
    250
    227
    366
    208
    196
    291
    229
    283
    200
    240
    256
    231
    239
    144
    241
    227
    124
    187
    284
    219
    223
    209
    193
    114
    132
    195
    314
    259
    184
    225
    288
    146
    170
    113
    147
    160
    166
    133
    133
    117
    177
    222
    206
    202
    113
    148
    212
    111
    114
    139
    138
     89
    237
    115
    134
    180
    119
    141
    142
    155
    115
    140
     97
    114
    117
    181
    133
     69
    124
    164
    133
     92
    164
     87
    111
    100
    117
    172
    116
     58
     71
     81
     66
    114
     92
    106
     96
    112
    132
     98
     69
     92
     59
     70
    100
     65
    128
     68
    128
     36
     66
    162
     80
    110
    138
     87
     61
     40
     75
     42
     78
    105
     45
     92
     82
    132
     59
     86
     46
     44
     53
     45
     95
     79
     66
     69
     94
     37
     25
     54
     21
     27
     48
     69
     78
     78
     28
     29
     43
     87
     86
     58
     47
     24
     51
     17
     43
     54
      5
     35
     41
     51
     76
     12
     31
     35
     26
     18
     45
     54
     18
     24
     64
     35
     13
     26
     54
     41
     46
     57
     21
     36
      8
     41
     33
     24
     51
      9
     21
     10
     34
     19
      0
     22
     33
    104
     26
     14
     18
     43
     36
     12
     33
     22
      5
     31
     14
     35
     40
     59
      3
     21
     59
     16
     40
     22
     12
     18
      6
     20
     18
     11
     22
      2
     11
     32
     14
     14
     30
      7
     41
     10
     35
      8
     29
      9
      5
     23
     14
     19
     20
     25
      1
      4
     12
      4
      7
     33
     19
      0
     21
      6
     25
     11
      9
     12
     31
      3
      6
      0
      0
      0
      0
      8
     29
     15
      0
      0
      0
      5
      3
     13
      0
      3
      1
     26
      1
      8
      0
      6
      8
      0
      1
     22
      7
      2
      0
      0
     31
     15
      4
      2
      5
      0
     22
      1
      3
      4
     14
      0
      0
      0
      0
      4
      2
      2
      8
      0
      0
      5
      0
      0
     37
      7
      0
      4
     16
     17
      1
      0
      9
      9
     11
      3
     23
      0
      0
     25
      0
      0
      0
      7
      0
      0
      1
     11
      0
      0
      0
      1
     11
      6
      9
     12
      4
      4
     33
      0
      0
      3
      7
      0
      8
      0
      0
     13
      6
      0
      1
      5
     27
      0
      0
      0
      4
     10
      4
      0
     36
      0
     22
      0
      0
      6
      3
      0
      0
      0
      0
      0
      2
      9
      0
      0
      9
      0
     17
      0
      9
      0
      0
      0
      0
      0
      1
      0
      1
      5
     31
     32
      4
     18
      1
      5
      0
     17
      0
      0
      0
      9
      0
      0
      5
      0
      0
      4
      0
      0
      0
      0
      0
      0
      0
      0
      0
      0
      0
      0
      0
      0
      0
      0
      0
      0
      0
      0
      7
      0
      0
      0
     11
      0
      0
      5
      0
      0
      0
      0
      0
      0
      3
      0
     23
      0
      0
      0
      0
      0
      0
      0
      0
      0
      0
      5
      0
      0
      0
      0
      0
      0
      0
      0
      0
      0
      0
      0
      0
      0
      0
      0
      0
      0
      7
      7
      0
      0
      0
      0
      6
      0
     21
      0
      0
     12
      0
      0
      0
      0
      0
      0
      3
