20.5212
20.4781
20.4163
20.3468
20.3179
20.278
20.2676
20.2473
20.2525
20.2534
20.2578
20.2606
20.2638
20.2852
20.283
20.2764
20.2786
20.2968
20.3208
20.3043
20.3029
20.3157
20.3335
20.3132
20.3047
20.3005
20.299
20.3049
20.2836
20.2649
20.2764
20.2852
20.2608
20.2606
20.243
20.2457
20.2436
20.2418
20.2462
20.2335
20.226
20.2284
20.2302
20.2403
20.2402
20.2316
20.2351
20.2396
20.2382
20.2424
20.235
20.2504
20.2454
20.2349
20.2413
20.2244
20.24
20.2361
20.2312
20.2394
20.241
20.2411
20.2361
20.2468
20.2123
20.2243
20.2218
20.233
20.2325
20.2294
20.244
20.2236
20.232
20.2339
20.2135
20.2402
20.2405
20.2325
20.2272
20.2387
20.2447
20.2407
20.233
20.2274
20.2379
20.2248
20.2449
20.2294
20.277
20.2326
20.2263
20.218
20.2242
20.2181
20.2327
20.2277
20.216
20.2318
20.2294
20.2356
20.2308
20.2408
20.2104
20.2305
20.2243
20.2199
20.2235
20.2067
20.2347
20.2309
20.2142
20.2265
20.2279
20.2115
20.2215
20.2115
20.2062
20.2207
20.2102
20.2234
20.2182
20.2223
20.2243
20.2145
20.2196
20.222
20.2248
20.2317
20.2259
20.2178
20.2266
20.2173
20.2257
20.2178
20.2209
20.2105
20.2189
20.2295
20.2334
20.2285
20.2352
20.2343
20.2495
20.2299
20.2251
20.2303
20.2185
20.2047
20.2138
20.2178
20.2158
20.2263
20.2128
20.204
20.2072
20.2125
20.2035
20.2018
20.2009
20.2028
20.2028
20.212
20.1973
20.2097
20.2012
20.2105
20.2021
20.2034
20.1973
20.1983
20.2071
20.2072
20.2058
20.1966
20.2137
20.1948
20.2156
20.2256
20.2104
20.2186
20.2134
20.2252
20.2176
20.216
20.2115
20.195
20.2782
20.1987
20.1934
20.1934
