20.5766
20.3437
20.2588
20.3082
20.4157
20.4167
20.3524
20.2899
20.243
20.231
20.232
20.2548
20.2506
20.2437
20.2178
20.2064
20.203
20.2047
20.2246
20.2384
20.2398
20.2313
20.2148
20.1935
20.1922
20.1886
20.1964
20.1884
20.1968
20.1917
20.1872
20.1951
20.193
20.2012
20.2065
20.1986
20.1969
20.1931
20.1903
20.1851
20.1884
20.1919
20.1933
20.1919
20.1949
20.1939
20.2006
20.1924
20.1969
20.195
20.1957
20.1882
20.1907
20.1948
20.1897
20.1963
20.1963
20.1965
20.1975
20.1971
20.1986
20.1916
20.1951
20.1957
20.193
20.1935
20.1956
20.1932
20.1955
20.195
20.2015
20.1939
20.1922
20.1989
20.1894
20.189
20.19
20.1957
20.1937
20.195
20.1956
20.1953
20.1944
20.1942
20.189
20.1961
20.1917
20.1921
20.1909
20.1962
20.1953
20.1999
20.195
20.1933
20.1962
20.1899
20.1887
20.1909
20.1888
20.1937
20.1966
20.1966
20.1905
20.1913
20.1937
20.1927
20.1983
20.1891
20.1907
20.1942
20.1988
20.1979
20.1897
20.1962
20.1917
20.1918
20.1962
20.1932
20.1897
20.1892
20.1912
20.1946
20.1926
20.1949
20.1917
20.1974
20.191
20.1932
20.1933
20.1946
20.1943
20.1913
20.1895
20.1902
20.19
20.1912
20.193
20.1955
20.197
20.1916
20.1918
20.1954
20.196
20.1936
20.1953
20.1914
20.1935
20.1911
20.1926
20.1925
20.1927
20.192
20.1928
20.1898
20.1924
20.1933
20.1938
20.2005
20.1957
20.1935
20.1934
20.1882
20.1897
20.1893
20.1954
20.1929
20.1976
20.1908
20.1973
20.1923
20.1916
20.19
20.1894
20.1931
20.196
20.2037
20.1864
20.1862
20.1836
20.1917
20.1879
20.1952
20.1953
20.2039
20.1977
20.1908
20.1917
20.1929
20.1905
20.1987
20.1963
20.2045
20.201
20.1967
20.1962
20.1977
20.199
20.194
20.1967
20.1996
20.2001
20.1973
20.192
20.1946
20.1955
20.1935
20.1919
20.1949
20.1948
20.1902
20.1949
20.1914
20.1917
20.1895
20.1947
20.1916
20.1991
20.1933
20.1956
20.1966
20.1932
20.1904
20.1978
20.192
20.194
20.1912
20.1944
20.1942
20.1894
20.1916
20.1961
20.1874
20.1926
20.1956
20.1907
20.1931
20.1989
20.1953
20.1898
20.1996
20.1933
20.1925
20.1876
20.1949
20.1921
20.1965
20.1937
20.1882
20.1969
20.1892
20.1915
20.1961
20.1929
20.193
20.1962
20.1911
20.1899
20.1963
20.1941
20.1988
20.1965
20.1915
20.1901
20.1902
20.1924
20.1937
20.1977
20.1949
20.1894
20.1923
20.194
20.1922
20.1943
20.1991
20.194
20.1947
20.1961
20.1962
20.1971
20.1978
20.1966
20.1944
20.1937
20.1959
20.193
20.1854
20.1897
20.1956
20.1995
20.1985
20.1938
20.1939
20.1886
20.1892
20.1909
20.1876
20.1955
20.1923
20.1953
20.1892
20.1932
20.1934
20.1968
20.1877
20.1943
20.1956
20.196
20.1929
20.1999
20.1937
20.1948
20.1929
20.1973
20.1954
20.1932
20.1956
20.1912
20.1952
20.1907
20.1968
20.1865
20.1895
20.1883
20.1938
20.1917
20.196
20.1932
20.1927
20.1926
20.1914
20.1912
20.1925
20.1952
20.1879
20.1965
20.1958
20.2001
20.2004
20.1908
20.1887
20.1891
20.2179
20.207
20.1938
20.1904
20.1913
20.1912
20.193
20.2021
20.2035
20.1928
20.1925
20.1972
20.1984
20.1995
20.1979
20.2014
20.2037
20.2059
20.1999
20.2001
20.1987
20.1928
20.1986
20.1996
20.2009
20.193
20.1888
20.1921
20.1875
20.1934
20.1863
20.1909
20.192
20.1888
20.1908
20.1905
20.1897
20.1926
20.1936
20.1892
20.189
20.1903
20.1956
20.1894
20.1929
20.194
20.1986
20.1906
20.1885
20.1921
20.1892
20.1957
20.1948
20.1944
20.197
20.1961
20.1955
20.1982
20.1961
20.1979
20.1949
20.1905
20.1932
20.1952
20.1977
20.1921
20.1928
20.1965
20.1887
20.197
20.1985
20.1826
20.1936
20.195
20.1942
20.1937
20.1951
20.196
20.1934
20.1884
20.1892
20.1914
20.1937
20.1921
20.1879
20.1889
20.1899
20.1865
20.195
20.1913
20.1974
20.1985
20.1937
20.1995
20.1961
20.1917
20.195
20.1983
20.1977
20.1893
20.1996
20.1961
20.193
20.1929
20.1951
20.1968
20.19
20.1941
20.1898
20.1927
20.1947
20.1948
20.1933
20.1954
20.1952
20.1919
20.1924
20.1941
20.1944
20.1922
20.1969
20.1897
20.1984
20.1964
20.1954
20.1981
20.1911
20.1933
20.1938
20.1978
20.197
20.1969
20.1935
20.1923
20.1882
20.1925
20.1917
20.1913
20.1962
20.1852
20.1922
20.1888
20.1974
20.1938
20.1947
20.1943
20.1979
20.196
20.1959
20.1925
20.191
20.1943
20.1923
20.1949
20.1924
20.1959
20.1912
20.1915
20.1961
20.19
20.1938
20.1909
20.1965
20.1923
20.1909
20.1944
20.1977
20.1948
20.1939
20.1958
20.198
20.192
20.1922
20.1926
20.1963
20.1921
20.19
20.1975
20.1879
20.1938
20.192
20.1925
20.196
20.1925
20.1907
20.1958
20.1956
20.193
20.1943
20.1931
20.1916
20.1972
20.1924
20.1929
20.1955
20.1912
20.1929
20.195
20.1908
20.1916
20.1894
20.1983
20.1924
20.1872
20.1923
20.195
20.1949
20.188
20.1958
20.1937
20.1947
20.1906
20.196
20.1903
20.1927
20.1954
20.1945
20.2
20.1961
20.1969
20.1912
20.1989
20.193
20.1961
20.1945
20.1926
20.1913
20.1957
20.1945
20.192
20.1937
20.192
20.1896
20.1925
20.1974
20.1922
20.1967
20.1959
20.1941
20.192
20.1914
20.1926
20.1942
20.194
20.1932
20.1936
20.1967
20.1882
20.1925
20.1938
20.191
20.1934
20.193
20.1901
20.1928
20.1937
20.1897
20.192
20.1945
20.1891
20.192
20.1921
20.1959
20.1856
20.1949
20.1905
20.1937
20.1966
20.1919
20.1957
20.1946
20.1969
20.1963
20.1937
20.1985
20.19
20.1944
20.194
20.1937
20.1928
20.1942
20.1929
20.1876
20.1917
20.1948
20.1988
20.1863
20.1932
20.1917
20.1848
20.1945
20.2117
20.3473
20.5084
20.3864
20.6835
20.3752
20.6177
20.6396
20.4469
20.2637
20.3685
20.4318
20.2505
20.1939
20.203
20.2118
20.2085
20.2121
20.232
20.2708
20.2949
20.2856
20.256
20.2489
20.2505
20.257
20.2564
20.2548
20.2612
20.2604
20.2683
20.2727
20.2653
20.2586
20.2369
20.2354
20.2304
20.2286
20.2192
20.2189
20.2241
20.2252
20.2208
20.2075
20.2107
20.2042
20.1941
20.1936
20.194
20.1951
20.1964
20.1936
20.1952
20.1955
20.1936
20.1878
20.1903
20.1899
20.1894
20.1866
20.1885
20.189
20.1947
20.1906
20.191
20.1928
20.1867
20.1906
20.1954
20.1838
20.1903
20.1928
20.1978
20.1962
20.1919
20.1924
20.1959
20.1903
20.1934
20.1992
20.2003
20.1962
20.1915
20.1958
20.1999
20.2004
20.1953
20.199
20.1946
20.2003
20.2851
20.4556
20.514
20.4214
20.2738
20.3107
20.5281
20.2972
20.2536
20.3047
20.324
20.2709
20.2049
20.1904
20.2286
20.2937
20.295
20.2566
20.2108
20.1982
20.2032
20.2231
20.2236
20.2148
20.2151
20.2112
20.2374
20.2502
20.2529
20.2472
20.2316
20.2142
20.2146
20.2181
20.2083
20.2056
20.2127
20.2095
20.2253
20.2306
20.226
20.1926
20.1891
20.1952
20.2314
20.2497
20.2417
20.2092
20.189
20.1933
20.1979
20.2036
20.1949
20.1884
20.192
20.2052
20.2082
20.2153
20.2132
20.2019
20.1865
20.1897
20.1942
20.1901
20.1936
20.1924
20.1996
20.2099
20.2063
20.206
20.202
20.2027
20.2023
20.1982
20.1915
20.1949
20.1945
20.2031
20.2015
20.1944
20.2027
20.2007
20.2033
20.193
20.1939
20.1895
20.1928
20.1926
20.1891
20.1906
20.1932
20.1976
20.1963
20.1945
20.1962
20.1929
20.1887
20.1849
20.1879
20.1907
20.1872
20.1972
20.1889
20.1917
20.1971
20.1938
20.1903
20.1899
20.1903
20.192
20.1901
20.2013
20.1982
20.1967
20.19
20.1931
20.1932
20.1897
20.1932
20.1921
20.1903
20.1926
20.1965
20.1966
20.1963
20.1942
20.1922
20.1984
20.1936
20.1934
20.1933
20.1924
20.1909
20.1916
20.1955
20.1937
20.1936
20.1917
20.1916
20.1941
20.1915
20.1922
20.1938
20.1937
20.1943
20.1902
20.1952
20.1921
20.1887
20.1929
20.1925
20.1937
20.1909
20.1916
20.1899
20.1929
20.1956
20.1945
20.1867
20.1909
20.1886
20.1911
20.1961
20.1942
20.1918
20.1923
20.1929
20.1904
20.1917
20.1949
20.1933
20.1885
20.1862
20.1932
20.1914
20.1889
20.1957
20.1938
20.1919
20.1944
20.1942
20.1868
20.1913
20.1911
20.1899
20.1867
20.195
20.1945
20.1941
20.1929
20.1958
20.1956
20.1924
20.191
20.1944
20.1954
20.1965
20.1916
20.1935
20.1968
20.197
20.194
20.1938
20.1908
20.1943
20.1916
20.198
20.1963
20.2267
20.2424
20.2244
20.1946
20.1936
20.2321
20.2507
20.2326
20.1939
20.1887
20.1962
20.2
20.1938
20.1904
20.1895
20.2018
20.2173
20.2096
20.2053
20.1971
20.1897
20.1978
20.1952
20.1895
20.198
20.1971
20.2057
20.2129
20.2086
20.2058
20.2051
20.1996
20.1953
20.1937
20.1928
20.1937
20.1994
20.1997
20.2027
20.204
20.1964
20.2003
20.1951
20.1922
20.1958
20.192
20.1946
20.1911
20.191
20.194
20.1911
20.1892
20.1928
20.1911
20.1924
20.1923
20.1902
20.1941
20.1957
20.1921
20.1938
20.1929
20.1944
20.1934
20.191
20.1915
20.19
20.1896
20.19
20.1899
