       0
   47356
  137546
  232053
  324259
  419253
  524826
  634331
  705073
  798107
  901065
  993904
 1088269
 1165409
 1254948
 1359882
 1426264
 1538093
 1645893
 1707135
 1810122
 1896381
 1984953
 2068118
 2138692
 2226012
 2319640
 2381744
 2510543
 2581276
 2654172
 2722327
 2802837
 2917704
 2971160
 3009392
 3110235
 3231694
 3255984
 3341879
 3441336
 3464292
 3537784
 3605012
 3659328
 3760052
 3791366
 3860780
 3964404
 3985083
 4058351
 4118028
 4212163
 4228921
 4312179
 4359678
 4411217
 4445745
 4528343
 4574477
 4549897
 4604320
 4717071
 4747662
 4818640
 4850411
 4862750
 4935736
 4945919
 4969160
 5061548
 5081680
 5114338
 5174299
 5183379
 5227093
 5256547
 5283769
 5279255
 5339118
 5397769
 5452815
 5473885
 5519516
 5531186
 5558196
 5571046
 5683199
 5642899
 5716285
 5712226
 5773328
 5754831
 5822389
 5846734
 5929072
 5927622
 5957715
 5978996
 6015508
 6010649
 6076050
 6108665
 6086209
 6124805
 6248754
 6237597
 6270915
 6350602
 6347655
 6412767
 6405430
 6484244
 6542350
 6566725
 6572692
 6606338
 6681896
 6718400
 6733742
 6853228
 6884422
 6933235
 6958359
 6995223
 7110813
 7083290
 7180586
 7222664
 7302822
 7311378
 7385271
 7457015
 7470601
 7560233
 7633979
 7638181
 7726636
 7801473
 7877417
 7935603
 7980367
 8136601
 8169125
 8260914
 8310994
 8394054
 8499612
 8461180
 8636855
 8710969
 8815569
 8890775
 8883774
 9049988
 9130230
 9243795
 9345050
 9455892
 9527397
 9529536
 9672440
 9822773
 9890429
 9916527
10068031
10142493
10262437
10409132
10484962
10554532
10715334
10809958
10921042
11037055
11131799
11213377
11350366
11376164
11539425
11707231
11749733
11881964
11988882
12055562
12255383
12275562
12501923
12507639
12647936
12799876
12883309
12967409
13093145
13211238
13300426
13407019
13526304
13659091
13702275
13785649
13949555
14015225
14167105
14244443
14342405
14420771
14525062
14635815
14814229
14888977
14930409
15039599
15189235
15296740
15369417
15437423
15512307
15621305
15740393
15796251
15912202
15879962
16027462
16155124
16239890
16277763
16328215
16397143
16402035
16542949
16636152
16716884
16720813
16792249
16880303
16965779
17004660
16990568
17081513
17192240
17187686
17321292
17229000
17283155
17377031
17478491
17406152
17446667
17504770
17496878
17611069
17651968
17676221
17739398
17714846
17772357
17757868
17760700
17769440
17802779
17778348
17807883
17847605
17833147
17819786
17820996
17837348
17862053
17831976
17829094
17883459
17903384
17845359
17838975
17892109
17858356
17880608
17838755
17934602
17830527
18006986
17970857
17862127
17936336
17824955
17850192
17795983
17835879
17920587
17781565
17782043
17830939
17895895
17885014
17799482
17827765
17865073
17837593
17784999
17823590
17754466
17795193
17883129
17861750
17796036
17864887
17799363
17836919
17793945
17915094
17874952
17860788
17885721
17934759
17945183
17954266
17956865
18071086
17972026
18129694
18069897
18000485
18082076
18109883
18162348
18319552
18263124
18252940
18337754
18353697
18355981
18388130
18570250
18583437
18572178
18669038
18631423
18764593
18797470
18803127
18928008
18918309
18994946
19059160
19197038
19245959
19320279
19377266
19393527
19439870
19569938
19674226
19600400
19689408
19854629
19921958
19994967
20105844
20134248
20213473
20356049
20562179
20474720
20572491
20760393
20815246
20911406
20962412
21080181
21192751
21243777
21412260
21425831
21573407
21719065
21751498
21907935
21930060
22104245
22143885
22264397
22423235
22388575
22483178
22664843
22768104
22887541
22941358
23102264
23159018
23248793
23300176
23518743
23521141
23671437
23667095
23923169
23930008
24002791
24132262
24184563
24199750
24397289
24457926
24536394
24677649
24783834
24767040
24868716
24910578
25001866
25035807
25152251
25214976
25213410
25350769
25451918
25526734
25666613
25617683
25764512
25802527
25752852
25856264
26031068
26097273
25999712
26140556
26086840
26214223
26172832
26250767
26208819
26358239
26425473
26401355
26454516
26496054
26465779
26442972
26530466
26522810
26573939
26503061
26530864
26511150
26589726
26548702
26590764
26586453
26656116
26602275
26569164
26599998
26681193
26694496
26592710
26514232
26471018
26553413
26474679
26443611
26573824
26377382
26404446
26416411
26346522
26460802
26416258
26332930
26256672
26166180
26259705
26145892
26174098
26028072
25940942
25884229
25830921
25783424
25808550
25637770
25707941
25620381
25633824
25443712
25480580
25547437
25308067
25336015
25260639
25211779
25131382
25125728
25101719
25045792
25042670
24932641
24776543
24860983
24688990
24718014
24647851
24528174
24472768
24435707
24332012
24265168
24248134
24211366
24071257
24029386
24088423
23954038
23886913
23915255
23958498
23832097
23714198
23699751
23739322
23609172
23637672
23691039
23546663
23489389
23492156
23356933
23348087
23367957
23301252
23288170
23264844
23204809
23247284
23156548
23175511
23182998
23180982
23252946
23011192
23174310
23159794
23213830
23126180
23177576
23128717
23197613
23122899
23138104
23179444
23272344
23223237
23173954
23284557
23373538
23280398
23341684
23382608
23431926
23484252
23274145
23475509
23651126
23648289
23618912
23678757
23819595
23796651
23833854
23830027
23949227
23897054
24188777
24087273
24183135
24211347
24258021
24296591
24504627
24589104
24567960
24729156
24764944
24913210
24978193
25066398
25022714
25133544
25285189
25279543
25413023
25529009
25612391
25590557
25777093
25765437
25952681
25954804
26096243
26302254
26369214
26451259
26482379
26570859
26685301
26717585
26826886
26941118
27092789
27172965
27229828
27459876
27319031
27546087
27564838
27718487
27771844
27870291
27901955
28032336
28244682
28179610
28343386
28341093
28452329
28462493
28590004
28679683
28852546
28808327
28952421
28927695
29128457
29135550
29170140
29234838
29191133
29465661
29522018
29539589
29545922
29610032
29723785
29761518
29674398
29758819
29831220
29990847
29982931
30045274
30066827
30010791
30110624
30095040
30029828
30145613
30142581
30026549
30134078
30289652
30127082
30251077
30252949
30230293
30136738
30086567
30057827
30183030
30094881
30008753
30023754
30048199
30138192
29832225
29890524
29821959
29798931
29799471
29681516
29635490
29668528
29369490
29424809
29361812
29287655
29158022
29123402
29039715
28966845
28900575
28704518
28598586
28496397
28335391
28218656
28143830
28020912
27839554
27842034
27652719
27574656
27446996
27238044
27127083
26958692
26825189
26609126
26588495
26248284
26197517
26043190
25888033
25802867
25601390
25354464
25194267
25122246
24831044
24703661
24523250
24350510
24220678
23976218
23831833
23734036
23403057
23212313
23009039
22848550
22602413
22469325
22163480
21981528
21792681
21642264
21372638
21185213
21018511
20704831
20583723
20433058
20144132
19970213
19727180
19559525
19218402
19084037
18797081
18579435
18397420
18251809
17990321
17823350
17568021
17324823
17040815
16919007
16758091
16435234
16251391
16010820
15785655
15583561
15304252
15159296
14993174
14737713
14546167
14346952
14079346
13851923
13677262
13478749
13289232
13032865
12823931
12613184
12465317
12096715
12026090
11862332
11537375
11413524
11170499
10989489
10870652
10666717
10434750
10292289
10085337
 9897821
 9710111
 9447572
 9429107
 9141114
 8998591
 8831933
 8626374
 8504487
 8283892
 8205499
 7966725
 7832368
 7701552
 7449719
 7317582
 7214414
 7015225
 6913474
 6760050
 6588060
 6448448
 6328795
 6105221
 6052518
 5868580
 5795089
 5671229
 5558348
 5402826
 5273768
 5122793
 5054145
 4873106
 4746231
 4670031
 4557465
 4467941
 4326405
 4200819
 4154489
 3998292
 3951302
 3805624
 3693650
 3592418
 3517220
 3405881
 3312649
 3204689
 3171143
 3095512
 2985761
 2914056
 2864062
 2748414
 2652695
 2596706
 2536438
 2461403
 2390108
 2318394
 2251263
 2215510
 2114845
 2054254
 1995351
 1943324
 1879396
 1860704
 1786316
 1758171
 1667417
 1623790
 1568941
 1519191
 1517217
 1432919
 1420370
 1352679
 1306457
 1297873
 1239628
 1197615
 1153020
 1131589
 1079826
 1056798
 1001370
  973344
  934418
  945511
  875996
  844802
  820250
  804955
  779362
  734856
  723078
  696480
  664770
  648393
  632381
  609608
  573831
  559918
  533079
  528736
  512531
  481562
  481098
  442388
  439647
  409055
  413752
  387593
  375617
  360837
  350255
  330049
  318584
  311856
  303313
  278512
  272852
  259985
  263342
  244918
  229446
  233586
  209302
  201191
  200158
  191868
  178284
  177792
  175076
  161259
  163295
  151349
  149202
  145789
  130547
  128657
  120073
  116465
  109993
  104229
   98609
   98513
  104134
   86658
   83488
   87270
   79622
   79968
   75469
   65966
   64160
   65115
   59958
   61905
   59497
   57278
   49919
   52324
   48306
   43312
   44744
   39552
   42727
   37589
   32726
   33186
   32265
   29037
   29234
   23857
   25930
   24038
   24657
   21479
   20745
   17169
   17704
   17584
   16961
   17582
   16560
   17106
   13610
   12019
   11313
   11392
   13286
    9651
   10680
    9043
    9874
    9924
   10505
   10511
    7150
    7783
    6904
    5936
    6821
    5316
    6745
    4721
    4738
    5020
    4790
    3330
    4403
    3551
    5165
    3309
    2211
    3131
    2524
    2921
    3849
    2702
    2911
    2506
    2092
    1423
    2613
    1696
    1339
    2044
    1826
    1505
    1672
     873
    1998
    1714
    1063
     873
    1188
    1146
    1912
     898
    1226
     803
     400
     394
     383
    1184
     729
     784
     198
      78
     351
     128
     344
     739
     178
     522
     657
     341
     892
     204
     308
     198
     228
     201
     216
      11
     257
      32
     446
     267
      98
     333
     477
     204
     128
       9
     200
     446
     120
     318
      99
       5
       8
     275
      56
       0
     216
      48
      15
     215
       0
       9
      14
       0
       0
       0
     229
       0
       0
       0
       0
       0
       0
       0
       0
       0
       0
       0
       0
       0
       0
       0
     162
     113
       0
       0
       0
       0
       0
       0
       0
       0
       0
       0
       0
       0
       0
       0
       0
       0
       0
       0
       0
       0
       0
       0
       0
       0
       0
       0
       0
       0
       0
       0
       0
       0
       0
       0
       0
       0
       0
       0
       0
       0
       0
       0
       0
       0
       0
       0
       0
       0
       0
       0
       0
       0
       0
       0
       0
       0
       0
       0
       0
       0
       0
       0
       0
       0
       0
       0
       0
       0
       0
       0
       0
       0
       0
       0
       0
       0
       0
       0
       0
       0
       0
       0
       0
       0
       0
       0
       0
       0
       0
       0
       0
       0
       0
       0
       0
       0
       0
       0
       0
       0
       0
       0
       0
       0
       0
       0
       0
       0
       0
       0
       0
       0
       0
       0
       0
       0
       0
       0
       0
       0
       0
       0
       0
       0
       0
       0
       0
       0
       0
       0
       0
       0
       0
       0
       0
       0
       0
       0
       0
       0
       0
       0
       0
       0
       0
       0
       0
       0
       0
       0
       0
       0
       0
       0
       0
       0
       0
       0
       0
       0
       0
       0
       0
       0
       0
       0
       0
       0
       0
       0
       0
       0
       0
       0
       0
       0
       0
       0
       0
       0
       0
       0
       0
       0
       0
       0
       0
       0
       0
       0
       0
       0
       0
       0
       0
       0
       0
       0
       0
       0
       0
       0
       0
       0
       0
       0
       0
       0
       0
       0
       0
       0
       0
       0
       0
       0
       0
       0
       0
       0
       0
       0
       0
       0
       0
       0
       0
       0
       0
       0
       0
       0
       0
       0
       0
       0
       0
       0
       0
       0
       0
       0
       0
       0
       0
       0
       0
       0
       0
       0
       0
       0
       0
       0
       0
       0
       0
       0
       0
       0
       0
       0
       0
       0
       0
       0
       0
       0
       0
       0
       0
       0
       0
       0
       0
       0
       0
       0
       0
       0
       0
       0
       0
       0
       0
       0
       0
       0
       0
       0
       0
       0
       0
       0
       0
       0
       0
       0
       0
       0
       0
       0
       0
       0
       0
       0
       0
       0
       0
       0
       0
       0
       0
       0
       0
       0
       0
       0
       0
       0
       0
       0
       0
       0
       0
       0
       0
       0
       0
       0
       0
       0
       0
       0
       0
       0
       0
       0
       0
       0
       0
       0
       0
       0
       0
       0
       0
       0
       0
       0
       0
       0
       0
       0
       0
       0
       0
       0
       0
       0
       0
       0
       0
       0
       0
       0
       0
       0
       0
       0
       0
       0
       0
       0
       0
       0
       0
       0
       0
       0
       0
       0
       0
       0
       0
       0
       0
       0
       0
       0
       0
       0
       0
       0
       0
       0
       0
       0
       0
       0
       0
       0
       0
       0
       0
       0
       0
       0
       0
       0
       0
       0
       0
       0
       0
       0
       0
       0
       0
       0
       0
       0
       0
       0
       0
       0
       0
       0
       0
       0
       0
       0
       0
       0
       0
       0
       0
       0
       0
       0
       0
       0
       0
       0
       0
       0
       0
       0
       0
       0
       0
       0
       0
       0
       0
       0
       0
       0
       0
       0
       0
       0
       0
       0
       0
       0
       0
       0
       0
       0
       0
       0
       0
       0
       0
       0
       0
       0
       0
       0
       0
       0
       0
       0
       0
       0
       0
       0
       0
       0
       0
       0
       0
       0
       0
       0
       0
       0
       0
       0
       0
       0
       0
       0
       0
       0
       0
       0
       0
       0
       0
       0
       0
       0
       0
       0
       0
       0
       0
       0
       0
       0
       0
       0
       0
       0
       0
       0
       0
       0
       0
       0
       0
       0
       0
       0
       0
       0
       0
       0
       0
       0
       0
       0
       0
       0
       0
       0
       0
       0
       0
       0
       0
       0
       0
       0
       0
       0
       0
       0
       0
       0
       0
       0
       0
       0
       0
       0
       0
       0
       0
       0
       0
       0
       0
       0
       0
       0
       0
       0
       0
       0
       0
       0
       0
       0
       0
       0
       0
       0
       0
       0
       0
       0
       0
       0
       0
       0
       0
       0
       0
       0
       0
       0
       0
       0
       0
       0
       0
       0
       0
       0
       0
       0
       0
       0
       0
       0
       0
       0
       0
       0
       0
       0
       0
       0
       0
       0
       0
       0
       0
       0
       0
       0
       0
       0
       0
       0
       0
       0
       0
       0
       0
       0
       0
       0
       0
       0
       0
       0
       0
       0
       0
       0
       0
       0
       0
       0
       0
       0
       0
       0
       0
       0
       0
       0
       0
       0
       0
       0
       0
       0
       0
       0
       0
       0
       0
       0
       0
       0
       0
       0
       0
       0
       0
       0
       0
       0
       0
       0
       0
       0
       0
       0
       0
       0
       0
       0
       0
       0
       0
       0
       0
       0
       0
       0
       0
       0
       0
       0
       0
       0
       0
       0
       0
       0
       0
       0
       0
       0
       0
       0
       0
       0
       0
       0
       0
       0
       0
       0
       0
       0
       0
       0
       0
       0
       0
       0
       0
       0
       0
       0
       0
       0
       0
       0
       0
       0
       0
       0
       0
       0
       0
       0
       0
       0
       0
       0
       0
       0
       0
       0
       0
       0
       0
       0
       0
       0
       0
       0
       0
       0
       0
       0
       0
       0
       0
       0
       0
       0
       0
       0
       0
       0
       0
       0
       0
       0
       0
       0
       0
       0
       0
       0
       0
       0
       0
       0
       0
       0
       0
       0
       0
       0
       0
       0
       0
       0
       0
       0
       0
       0
       0
       0
       0
       0
       0
       0
       0
       0
       0
       0
       0
       0
       0
       0
       0
       0
       0
       0
       0
       0
       0
       0
       0
       0
       0
       0
       0
       0
       0
       0
       0
       0
       0
       0
       0
       0
       0
       0
       0
       0
       0
       0
       0
       0
       0
       0
       0
       0
       0
       0
       0
       0
       0
       0
       0
       0
       0
       0
       0
       0
       0
       0
       0
       0
       0
       0
       0
       0
       0
       0
       0
       0
       0
       0
       0
       0
       0
       0
       0
       0
       0
       0
       0
       0
       0
       0
       0
       0
       0
       0
       0
       0
       0
       0
       0
       0
       0
       0
       0
       0
       0
       0
       0
       0
       0
       0
       0
       0
       0
       0
       0
       0
       0
       0
       0
       0
       0
       0
       0
       0
       0
       0
       0
       0
       0
       0
       0
       0
       0
       0
       0
       0
       0
       0
       0
       0
       0
       0
       0
       0
       0
       0
       0
       0
       0
       0
       0
       0
       0
       0
       0
       0
       0
       0
       0
       0
       0
       0
       0
       0
       0
       0
       0
       0
       0
       0
       0
       0
       0
       0
       0
       0
       0
       0
       0
       0
       0
       0
       0
       0
       0
       0
       0
       0
       0
       0
       0
       0
       0
       0
       0
       0
       0
       0
       0
       0
       0
       0
       0
       0
       0
       0
       0
       0
       0
       0
       0
       0
       0
       0
       0
       0
       0
       0
       0
       0
       0
       0
       0
       0
       0
       0
       0
       0
       0
       0
       0
       0
       0
       0
       0
       0
       0
       0
       0
       0
       0
       0
       0
       0
       0
       0
       0
       0
       0
       0
       0
       0
       0
       0
       0
       0
       0
       0
       0
       0
       0
       0
       0
       0
       0
       0
       0
       0
       0
       0
       0
       0
       0
       0
       0
       0
       0
       0
       0
       0
       0
       0
       0
       0
       0
       0
       0
       0
       0
       0
       0
       0
       0
       0
       0
       0
       0
       0
       0
       0
       0
       0
       0
       0
       0
       0
       0
       0
       0
       0
       0
       0
       0
       0
       0
       0
       0
       0
       0
       0
       0
       0
       0
       0
       0
       0
       0
       0
       0
       0
       0
       0
       0
       0
       0
       0
       0
       0
       0
       0
       0
       0
       0
       0
       0
       0
       0
       0
       0
       0
       0
       0
       0
       0
       0
       0
       0
       0
       0
       0
       0
       0
       0
       0
       0
       0
       0
       0
       0
       0
       0
       0
       0
       0
       0
       0
       0
       0
       0
       0
       0
       0
       0
       0
       0
       0
       0
       0
       0
       0
       0
       0
       0
       0
       0
       0
       0
       0
       0
       0
       0
       0
       0
       0
       0
       0
       0
       0
       0
       0
       0
       0
       0
       0
       0
       0
       0
       0
       0
       0
       0
       0
       0
       0
       0
       0
       0
       0
       0
       0
       0
       0
       0
       0
       0
       0
       0
       0
       0
       0
       0
       0
       0
       0
       0
       0
       0
       0
       0
       0
       0
       0
       0
       0
       0
       0
       0
       0
       0
       0
       0
       0
       0
       0
       0
       0
       0
       0
       0
       0
       0
       0
       0
       0
       0
       0
       0
       0
       0
       0
       0
       0
       0
       0
       0
       0
       0
       0
       0
       0
       0
       0
       0
       0
       0
       0
       0
       0
       0
       0
       0
       0
       0
       0
       0
       0
       0
       0
       0
       0
       0
       0
       0
       0
       0
       0
       0
       0
       0
       0
       0
       0
       0
       0
       0
       0
       0
       0
       0
       0
       0
       0
       0
       0
       0
       0
       0
       0
       0
       0
       0
       0
       0
       0
       0
       0
       0
       0
       0
       0
       0
       0
       0
       0
       0
       0
       0
       0
       0
       0
       0
       0
       0
       0
       0
       0
       0
       0
       0
       0
       0
       0
       0
       0
       0
       0
       0
       0
       0
       0
       0
       0
       0
       0
       0
       0
       0
       0
       0
       0
       0
       0
       0
       0
       0
       0
       0
       0
       0
       0
       0
       0
       0
       0
       0
       0
       0
       0
       0
       0
       0
       0
       0
       0
       0
       0
       0
       0
       0
       0
       0
       0
       0
       0
       0
       0
       0
       0
       0
       0
       0
       0
       0
       0
       0
       0
       0
       0
       0
       0
       0
       0
       0
       0
       0
       0
       0
       0
       0
       0
       0
       0
       0
       0
       0
       0
       0
       0
       0
       0
       0
       0
       0
       0
       0
       0
       0
       0
       0
       0
       0
       0
       0
       0
       0
       0
       0
       0
       0
       0
       0
       0
       0
       0
       0
       0
       0
       0
       0
       0
       0
       0
       0
       0
       0
       0
       0
       0
       0
       0
       0
       0
       0
       0
       0
       0
       0
       0
       0
       0
       0
       0
       0
       0
       0
       0
       0
       0
       0
       0
       0
       0
       0
       0
       0
       0
       0
       0
       0
       0
       0
       0
       0
       0
       0
       0
       0
       0
       0
       0
       0
       0
       0
       0
       0
       0
       0
       0
       0
       0
       0
       0
       0
       0
       0
       0
       0
       0
       0
       0
       0
       0
       0
       0
       0
       0
       0
       0
       0
       0
       0
       0
       0
       0
       0
       0
       0
       0
       0
       0
       0
       0
       0
       0
       0
       0
       0
       0
       0
       0
       0
       0
       0
       0
       0
       0
       0
       0
       0
       0
       0
       0
       0
       0
       0
       0
       0
       0
       0
       0
       0
       0
       0
       0
       0
       0
       0
       0
       0
       0
       0
       0
       0
       0
       0
       0
       0
       0
       0
       0
       0
       0
       0
       0
       0
       0
       0
       0
       0
       0
       0
       0
       0
       0
       0
       0
       0
       0
       0
       0
       0
       0
       0
       0
       0
       0
       0
       0
       0
       0
       0
       0
       0
       0
       0
       0
       0
       0
       0
       0
       0
       0
       0
       0
       0
       0
       0
       0
       0
       0
       0
       0
       0
       0
       0
       0
       0
       0
       0
       0
       0
       0
       0
       0
       0
       0
       0
       0
       0
       0
       0
       0
       0
       0
       0
       0
       0
       0
       0
       0
       0
       0
       0
       0
       0
       0
       0
       0
       0
       0
       0
       0
       0
       0
       0
       0
       0
       0
       0
       0
       0
       0
       0
       0
       0
       0
       0
       0
       0
       0
       0
       0
       0
       0
       0
       0
       0
       0
       0
       0
       0
       0
       0
       0
       0
       0
       0
       0
       0
       0
       0
       0
       0
       0
       0
       0
       0
       0
       0
       0
       0
       0
       0
       0
       0
       0
       0
       0
       0
       0
       0
       0
       0
       0
       0
       0
       0
       0
       0
       0
       0
       0
       0
       0
       0
       0
       0
       0
       0
       0
       0
       0
       0
       0
       0
       0
       0
       0
       0
       0
       0
       0
       0
       0
       0
       0
       0
       0
       0
       0
       0
       0
       0
       0
       0
       0
       0
       0
       0
       0
       0
       0
       0
       0
       0
       0
       0
       0
       0
       0
       0
       0
       0
       0
       0
       0
       0
       0
       0
       0
       0
       0
       0
       0
       0
       0
       0
       0
       0
       0
       0
       0
       0
       0
       0
       0
       0
       0
       0
       0
       0
       0
       0
       0
       0
       0
       0
       0
       0
       0
       0
       0
