21.8424
21.4713
21.3641
21.3025
21.5355
22.5729
23.5127
21.9477
22.096
21.7888
21.6366
21.3946
21.5428
21.976
21.5317
21.8404
21.9581
22.1211
22.5453
22.4706
22.0148
22.2246
21.9081
21.9963
22.067
22.4275
22.5984
22.388
22.4253
22.3623
22.0955
23.0336
22.5866
22.5941
22.4654
22.4146
22.8253
22.5517
22.4716
22.7275
22.5977
22.6327
22.6333
23.0046
22.3527
22.6387
22.5283
22.8182
23.1918
22.515
22.377
22.4855
22.639
22.7419
25.2406
23.5891
22.9751
23.6235
23.2393
23.6166
23.4002
23.3042
23.1728
23.2658
23.6679
23.8158
23.3776
23.3382
23.5571
23.5516
23.602
22.9602
22.8265
23.2203
26.4492
26.0579
23.2964
24.6517
24.4266
24.2302
23.5647
24.212
23.9738
23.9874
25.7147
69.0263
-125.421
