21.6328
21.6566
21.6599
21.631
21.5546
21.5292
21.5062
21.4843
21.4534
21.4226
21.3725
21.3522
21.2542
21.3179
21.2254
21.2508
21.2377
21.1699
21.0694
21.0817
21.1167
20.9765
20.9916
21.0503
20.9744
20.9731
20.9394
21.003
20.9259
20.9517
20.8996
20.8828
20.8734
20.8624
20.7841
20.8308
20.8497
20.7938
20.7286
20.8395
20.7618
20.7446
20.7191
20.7622
20.7276
20.6869
20.7986
20.7376
20.65
20.6713
20.7457
20.6759
20.6618
20.6402
20.6851
20.6304
20.7543
20.6102
20.5604
20.6521
20.5321
20.6151
20.6463
20.6565
20.6516
20.68
20.6205
20.5857
20.6078
20.5534
20.6084
20.5834
20.5696
20.5956
20.517
20.5296
20.5679
20.5487
20.6073
20.5947
20.514
20.6062
20.5807
20.529
20.5213
20.5632
20.5534
20.4964
20.5273
20.6222
20.4517
20.5041
20.5886
20.5076
20.5741
20.5791
20.5579
20.5544
20.5475
20.6257
20.5049
20.6206
20.548
20.4613
20.5823
20.5035
20.5698
20.5018
20.5425
20.5811
20.4744
20.5001
20.5537
20.5184
20.4932
20.5486
20.5359
20.5038
20.501
20.4739
20.5062
20.4818
20.5792
20.5744
20.5439
20.5306
20.5228
20.5163
20.4785
20.4744
20.5356
20.5655
20.5658
20.4914
20.5215
20.4409
20.5733
20.5189
20.5318
20.5271
20.5118
20.5256
20.5258
20.4896
20.5395
20.5158
20.4816
20.499
20.4738
20.4819
20.5073
20.5245
20.4815
20.4909
20.5274
20.5486
20.591
20.5227
20.5806
20.5343
20.5033
20.5043
20.4367
20.5592
20.4887
20.5293
20.5302
20.4666
20.521
20.4829
20.4987
20.5111
20.5125
20.4536
20.6702
20.4658
20.4409
20.4173
20.4985
20.4817
20.5464
20.4447
20.4469
20.5089
20.5455
20.539
20.4566
20.5192
20.5443
20.4676
20.4214
20.5149
20.4416
20.4582
20.537
20.5054
20.4819
20.5005
20.5208
20.4983
