          0
        177
       1313
       3511
       7133
      11302
      16858
      23787
      31496
      40748
      50236
      62148
      74325
      87072
     101511
     116354
     131696
     149545
     167334
     187440
     206830
     228525
     249741
     274514
     295616
     319784
     346241
     370788
     397886
     424446
     451960
     481589
     512278
     539325
     572269
     600507
     630066
     664392
     695180
     726571
     761975
     793009
     823888
     858627
     894067
     923748
     959387
     992040
1.02719e+06
1.05882e+06
1.09417e+06
1.12861e+06
1.16126e+06
1.19978e+06
1.23036e+06
1.26647e+06
1.29686e+06
1.33051e+06
1.36091e+06
1.39664e+06
 1.4307e+06
1.45938e+06
1.49296e+06
1.52006e+06
1.54913e+06
1.58104e+06
1.60602e+06
1.63962e+06
1.66699e+06
1.69408e+06
1.72315e+06
1.74793e+06
1.77795e+06
 1.7984e+06
1.82187e+06
1.84202e+06
1.86816e+06
 1.8855e+06
1.90492e+06
1.93374e+06
 1.9501e+06
1.96957e+06
1.98833e+06
2.00761e+06
2.02174e+06
2.03869e+06
2.05448e+06
2.06353e+06
2.07822e+06
2.09277e+06
2.10542e+06
2.11304e+06
2.12673e+06
2.13346e+06
2.14581e+06
2.15226e+06
   2.16e+06
2.16307e+06
2.16548e+06
2.16934e+06
2.17712e+06
2.17846e+06
2.17486e+06
 2.1764e+06
2.17146e+06
 2.1739e+06
2.17306e+06
2.17054e+06
2.16833e+06
2.16301e+06
2.15712e+06
2.14691e+06
2.14374e+06
2.13673e+06
2.12656e+06
2.11783e+06
2.11639e+06
 2.1038e+06
2.08707e+06
2.07662e+06
2.06962e+06
2.05582e+06
2.04281e+06
2.02697e+06
2.01024e+06
1.99627e+06
1.97719e+06
1.96703e+06
1.94951e+06
1.93502e+06
1.91358e+06
1.89931e+06
 1.8758e+06
1.85613e+06
1.83614e+06
1.81933e+06
1.79974e+06
1.78122e+06
1.76287e+06
1.74191e+06
1.71744e+06
1.69284e+06
1.67066e+06
1.65538e+06
 1.6315e+06
1.60262e+06
1.58631e+06
1.56776e+06
1.54132e+06
1.52041e+06
 1.4993e+06
1.47373e+06
1.45086e+06
1.43142e+06
1.40416e+06
1.38435e+06
 1.3625e+06
1.33636e+06
1.31782e+06
1.29393e+06
1.27127e+06
1.24746e+06
1.22868e+06
1.20138e+06
1.17922e+06
1.15756e+06
1.13398e+06
 1.1108e+06
1.08835e+06
1.06902e+06
1.05024e+06
 1.0209e+06
1.00279e+06
     986462
     961881
     943615
     919975
     900966
     878238
     860322
     842515
     820846
     802019
     784627
     762721
     746711
     728935
     710349
     692338
     675889
     659163
     641553
     623583
     609228
     593385
     578680
     559815
     548672
     532966
     516630
     504251
     488097
     476335
     461220
     447945
     433183
     423264
     412031
     397378
     386621
     375726
     364954
     353391
     342256
     332526
     321150
     311314
     301260
     290767
     283126
     272624
     262784
     256298
     248164
     239894
     232378
     222413
     217393
     208300
     201304
     194689
     186038
     180996
     173041
     167328
     160975
     156802
     149621
     146483
     139779
     134722
     128638
     124937
     120285
     116110
     112564
     106944
     103885
      98204
      94225
      90495
      87032
      84015
      80614
      77897
      73692
      70911
      68802
      65248
      62425
      59253
      57548
      55644
      52725
      50705
      48420
      46664
      44528
      42887
      40450
      39326
      37006
      35698
      34200
      32761
      30860
      29734
      29005
      27140
      25985
      24635
      23625
      22429
      21489
      20481
      19397
      18333
      17794
      16794
      15929
      15145
      14575
      13641
      12986
      12583
      12229
      11600
      10605
      10064
       9553
       9291
       8633
       8142
       7895
       7528
       6881
       6617
       6341
       5976
       5492
       5642
       4971
       4851
       4514
       4113
       4165
       3836
       3607
       3536
       3336
       3176
       2932
       2808
       2699
       2426
       2360
       2263
       2071
       2017
       1913
       1779
       1615
       1651
       1489
       1284
       1328
       1227
       1223
       1050
       1062
       1020
        997
        965
        771
        791
        733
        716
        675
        679
        613
        475
        505
        475
        431
        431
        410
        364
        391
        376
        319
        363
        299
        229
        243
        239
        171
        173
        165
        199
        162
        122
        176
        184
        154
        124
         92
        106
         79
         79
         42
         94
         69
         56
         61
         48
         50
         28
         47
         27
         32
         50
         40
         24
         29
         21
         31
         29
         16
         19
         16
         30
          9
         13
          5
          8
          2
         14
         11
         15
          6
         10
         12
         14
          1
         15
          8
          8
         11
         10
          4
          0
          4
          1
          9
          3
          7
          0
          3
          6
          8
          2
          0
          0
          0
          0
          0
          0
          0
          0
          1
          1
          0
          0
          0
          0
          1
          2
          0
          0
          6
          0
          0
          0
          0
          0
          0
          0
          0
          0
          0
          0
          0
          0
          0
          0
          0
          0
          0
          0
          0
          0
          0
          0
          0
          0
          0
          0
          0
          0
          0
          0
          0
          0
          0
          0
          0
          0
          0
          0
          0
          0
          0
          0
          0
          0
          0
          0
          0
          0
          0
