          0
      12697
      39614
      65485
      91480
     117901
     144361
     171283
     197846
     223454
     249179
     274398
     299823
     326142
     351163
     377015
     401766
     429094
     453175
     478030
     503486
     527633
     556916
     576851
     601195
     623767
     649376
     671810
     696640
     719024
     742717
     765108
     784442
     807312
     833346
     856823
     876257
     897669
     920707
     942279
     962983
     982316
1.00124e+06
1.02311e+06
1.04174e+06
1.05697e+06
1.07887e+06
1.09827e+06
1.11586e+06
1.13722e+06
1.15282e+06
1.16942e+06
1.19036e+06
1.20614e+06
 1.2195e+06
 1.2379e+06
1.25356e+06
1.27191e+06
1.28245e+06
1.29927e+06
1.31571e+06
1.32498e+06
1.33701e+06
1.35103e+06
1.36955e+06
1.38146e+06
1.39372e+06
1.40809e+06
1.41333e+06
1.42893e+06
1.44102e+06
1.45218e+06
1.46417e+06
1.47458e+06
 1.4788e+06
1.49106e+06
    1.5e+06
1.50718e+06
1.51963e+06
1.52493e+06
1.52943e+06
1.54166e+06
1.54547e+06
1.54955e+06
1.55943e+06
1.56456e+06
 1.5703e+06
1.57508e+06
1.58009e+06
 1.5892e+06
1.58655e+06
1.58967e+06
1.59731e+06
1.60038e+06
 1.5975e+06
1.60787e+06
1.60546e+06
1.60896e+06
1.61076e+06
1.61122e+06
1.60944e+06
1.61181e+06
 1.6086e+06
1.61118e+06
1.60837e+06
1.60852e+06
1.60822e+06
 1.6071e+06
1.60125e+06
1.60059e+06
1.59556e+06
1.59653e+06
1.59395e+06
1.59146e+06
1.58838e+06
1.58584e+06
1.58246e+06
1.57304e+06
1.57056e+06
1.56906e+06
1.56271e+06
1.55618e+06
1.55326e+06
1.54845e+06
1.53619e+06
1.53412e+06
1.52676e+06
1.52083e+06
1.51205e+06
1.50731e+06
1.49912e+06
1.48897e+06
1.48352e+06
1.47883e+06
1.46404e+06
1.46086e+06
1.45204e+06
1.44341e+06
1.43257e+06
1.41992e+06
1.41131e+06
1.40812e+06
1.39572e+06
1.38887e+06
1.37801e+06
1.36707e+06
1.35687e+06
1.34787e+06
1.33662e+06
1.32577e+06
1.31616e+06
1.30352e+06
1.29732e+06
1.28459e+06
  1.274e+06
1.26175e+06
1.25202e+06
1.24037e+06
1.23093e+06
1.21889e+06
1.21111e+06
1.19476e+06
1.18496e+06
1.17321e+06
 1.1629e+06
1.14666e+06
1.13841e+06
1.12633e+06
1.11659e+06
1.10374e+06
1.09241e+06
1.07951e+06
1.06777e+06
1.05849e+06
  1.047e+06
1.03222e+06
1.02578e+06
1.01056e+06
     996725
     988855
     977157
     963260
     952187
     940683
     923821
     914251
     905722
     893855
     882803
     873340
     858481
     846194
     837788
     824789
     811304
     804363
     790494
     779987
     768253
     758646
     747013
     735006
     725153
     713094
     702008
     692149
     681918
     673414
     661888
     653191
     641269
     633507
     624083
     609328
     601483
     591455
     583496
     572692
     563250
     553516
     545527
     537496
     528152
     517542
     508823
     501880
     492523
     485718
     476141
     466798
     459876
     448613
     441950
     433970
     425055
     418265
     409545
     402756
     395186
     387427
     380548
     374073
     364916
     357778
     352373
     345150
     337221
     330668
     325145
     317219
     311315
     305791
     300252
     293407
     288147
     279784
     275175
     270315
     263924
     258180
     253164
     247251
     240576
     237890
     232199
     225092
     220111
     215208
     211311
     206180
     202517
     197603
     194061
     188383
     185003
     179908
     176061
     171917
     168513
     164629
     160658
     156824
     152400
     148928
     144678
     141461
     138869
     135046
     132208
     128957
     125747
     123724
     119059
     116889
     114190
     111028
     108356
     105943
     103480
      99996
      97246
      94744
      92254
      90438
      87299
      85566
      83848
      80287
      78490
      77538
      75064
      73238
      70424
      68042
      66809
      64882
      63229
      63079
      60273
      58965
      56467
      54926
      53561
      51972
      50464
      49348
      48277
      46182
      44874
      44168
      42442
      41410
      39475
      38511
      37599
      36414
      35831
      34622
      33944
      32912
      31564
      31373
      29525
      29024
      27467
      27664
      26460
      25468
      24913
      23949
      22907
      23017
      21916
      21556
      20525
      19719
      19591
      18346
      17958
      17774
      16948
      16634
      16308
      15038
      15084
      14478
      14038
      13510
      13248
      12500
      11896
      11857
      11596
      11144
      10942
      10650
       9775
       9680
       9356
       9124
       8887
       8421
       7715
       7920
       7322
       6999
       7221
       6464
       6387
       6152
       6008
       5858
       5761
       5311
       5278
       5067
       4882
       4884
       4773
       4439
       4207
       4204
       4109
       3795
       3551
       3670
       3223
       3171
       3384
       2862
       2796
       2783
       2764
       2521
       2688
       2450
       2267
       2126
       1997
       2221
       1988
       1892
       1837
       1716
       1593
       1488
       1554
       1482
       1502
       1298
       1320
       1281
       1167
       1189
       1034
       1072
       1025
       1036
       1004
       1018
        921
        900
        822
        775
        769
        711
        797
        647
        653
        569
        679
        542
        531
        521
        465
        477
        413
        435
        388
        339
        350
        376
        402
        278
        263
        308
        282
        323
        288
        305
        245
        212
        268
        242
        198
        214
        138
        204
        214
        183
        182
        141
        140
        128
        165
        132
         90
        139
         84
        108
        131
        107
         88
         77
         91
         88
         66
         94
         69
         99
