    0
  345
  932
 1489
 2209
 2637
 3521
 4062
 4537
 5188
 5802
 6213
 6876
 7351
 8225
 8910
 9658
 9975
10395
11270
11488
12218
12742
14019
14248
14506
15181
15877
16577
17173
17918
18150
18640
19273
20204
19958
20930
21988
22401
23513
23217
24176
24814
24847
25398
25864
26525
26742
28191
28083
28622
29194
29164
29743
30195
31589
31490
32835
32901
32643
33837
34700
34408
35824
35687
36207
36690
36736
37396
38679
38154
39927
39404
39712
40497
41475
41409
41636
42091
42321
42189
43289
43997
43771
44948
44686
45558
45813
47055
46522
47003
47535
48199
48446
48856
48879
48474
49226
49132
50037
50216
50981
50281
51836
51836
51516
52002
53040
52486
53068
53431
53828
54041
54479
54621
55243
54901
54779
55586
56019
55988
56829
56786
56756
57016
57345
57258
57617
57853
58110
57878
58909
58225
58519
58993
58926
58330
59403
58718
59357
59552
58464
58853
59296
59867
59875
60676
60298
60048
61050
60625
60824
60559
61143
61028
60979
60792
61691
60773
61147
61519
61083
61085
61211
61532
60970
60367
61643
61972
61495
61706
61136
60989
60915
61635
61841
61219
61317
61032
61491
61326
61062
59732
61005
60431
59996
60329
60340
60456
59884
59577
60043
59168
59117
59660
59004
58994
58404
58458
59087
58947
58657
59281
59289
57969
59273
57681
57558
57683
57787
57490
56737
56469
57079
56603
56541
56152
56700
55795
55611
56123
56023
55172
56287
54486
54403
55140
54345
54977
53935
53355
54046
53028
52262
52352
52073
53116
52336
52184
51217
51911
51113
50821
51358
50203
50349
50528
50481
50657
49464
48695
48378
49838
48236
48084
47869
47498
47550
46839
46457
46505
46398
45358
45700
45041
45496
44710
44412
44378
44161
43634
43653
43117
43001
42673
42607
42521
42336
41716
41586
41057
40463
40688
41396
40038
39919
40339
39700
38854
39049
38371
38632
37827
38125
37694
37400
37102
36404
36360
36317
35706
35170
35787
35386
35388
34711
34528
34034
33468
33617
33151
32661
33096
32502
32318
32157
31161
31364
31576
30518
30520
30658
30255
30482
29172
28904
28831
28652
28346
28612
28035
28059
27164
27325
26332
26946
26871
26173
25819
25590
25428
25535
25022
24702
24560
24741
23760
23636
23974
23947
22982
23087
22480
22825
22707
22000
21666
21756
21274
21263
21356
20948
21010
20359
20104
19971
20478
19319
19700
19219
19232
18448
19041
18630
18256
18401
17835
17930
17813
17140
17497
16859
16384
16849
16526
16078
15794
15592
15601
15301
15333
14803
15119
14969
14356
14291
14066
14332
13775
13508
13498
13250
13211
13172
12957
12667
12454
12560
12249
12222
12075
11986
11689
11536
10936
10967
11183
11008
10995
10649
10604
10329
10522
10362
10016
 9926
 9937
 9680
 9439
 9301
 9146
 9229
 9196
 8916
 8701
 8481
 8778
 8412
 8092
 8294
 8225
 8139
 7866
 8012
 7652
 7460
 7693
 7413
 7437
 7059
 7266
 6996
 7286
 6682
 6516
 6671
 6344
 6462
 6423
 6144
 6143
 5953
 5921
 5820
 5570
 5713
 5441
 5557
 5145
 5379
 5018
 5427
 5102
 4854
 5147
 4920
 4721
 4834
 4724
 4494
 4548
 4565
 4452
 4490
 4066
 4304
 4224
 4072
 4016
 4088
 3987
 3795
 3727
 3727
 3677
 3536
 3618
 3475
 3367
 3288
 3361
 3239
 3127
 3335
 3163
 3159
 3126
 3118
 3049
 2839
 2772
 2793
 2674
 2617
 2813
 2603
 2448
 2584
 2347
 2373
 2365
 2426
 2341
 2224
 2288
 2155
 2101
 2043
 2034
 1972
 1914
 1951
 2041
 1898
 1876
 1766
 1789
 1904
 1768
 1590
 1636
 1597
 1522
 1613
 1517
 1640
 1530
 1488
 1344
 1381
 1452
 1348
 1280
 1398
 1353
 1303
 1246
 1248
 1218
 1154
 1206
 1167
 1221
 1098
 1165
 1207
 1019
 1029
 1031
 1011
 1002
  977
  963
  910
  862
  967
  903
  911
  848
  951
  909
  900
  856
  825
  734
  747
  710
  628
  674
  718
  652
  683
  696
  586
  617
  653
  593
  620
  611
  559
  550
  560
  515
  447
  514
  428
  434
  461
  457
  473
  389
  408
  438
  425
  397
  432
  411
  403
  359
  360
  361
  358
  340
  345
  336
  308
  331
  274
  277
  313
  299
  287
  322
  321
  257
  254
  280
  264
  248
  221
  220
  263
  202
  197
  230
  219
  198
  198
  204
  186
  176
  207
  174
  209
  191
  141
  182
  216
  163
  173
  147
  145
  129
  155
  124
  127
  129
  137
  115
  143
  136
  103
  119
  113
  102
  119
   98
   93
  120
   72
  105
  105
   97
  107
   86
   84
   80
   93
   75
   79
   63
   49
   71
   76
   71
   61
   58
   84
   87
   80
   60
   33
   51
   76
   57
   51
   71
   44
   68
   52
   61
   29
   46
   38
   34
   36
   39
   32
   48
   31
   59
   34
   58
   17
   50
   24
   23
   32
   20
   32
   34
   38
   10
   28
   29
   35
   33
   15
   28
   42
   22
   33
   34
   21
   23
   21
   18
   14
   38
   16
   18
   21
   23
   18
    9
   30
    5
   12
   32
    7
   14
    5
    8
   23
    6
   10
    5
    8
    8
    9
    2
   20
   15
    5
    8
    7
   18
    5
   17
   12
    7
    6
    6
    3
    8
    8
    7
    4
    2
    9
    4
    2
   11
    0
    7
    8
    1
    6
    5
    5
    2
    2
    8
    1
    2
    0
    1
   10
    3
    2
    5
    3
    4
    8
    7
   11
    4
   17
    9
    3
    6
    0
    1
    4
    3
    0
   10
    4
    4
    5
    1
    1
    0
    6
    5
    0
    0
    1
    4
    0
    0
    1
    4
    0
    6
    1
    0
    2
    3
    4
    0
    1
    0
    1
    1
    1
    0
    0
    0
    1
    1
    0
    0
    1
    0
    1
    0
    0
    0
    0
    0
    3
    0
    0
    0
    0
    0
    4
    0
    0
    2
    0
    0
    0
    0
    0
    0
    0
    2
    0
    0
    1
    0
    0
    0
    1
    1
    0
    0
    2
    0
    0
    0
    0
    0
    1
    5
    0
    0
    0
    0
    0
    0
    1
    0
    0
    0
    0
    0
    1
    0
    2
    0
    1
    0
    0
    0
    4
    0
    0
    0
    4
    0
    0
    1
    0
    0
    2
    3
    0
    0
    1
    2
    0
    2
    0
    0
    8
    0
    0
    0
    0
    0
    0
    0
    0
    0
    1
    0
    0
    0
    0
    0
    0
    0
    0
    0
    0
    0
    0
    0
    0
    0
    0
    0
    0
    0
    0
    0
    0
    0
    0
    0
    0
    0
    0
    0
    0
    0
    0
    0
    0
    0
    0
    0
    0
    0
    0
    0
    0
    0
    0
    0
    0
    0
    0
    0
    0
    0
    0
    0
    0
    0
    0
    0
    0
    0
    0
    0
    0
    0
    0
    0
    0
    0
    0
    0
    0
    0
    0
    0
    0
    0
    0
    0
    0
    0
    0
    0
    0
    0
    0
    0
    0
    0
    0
    0
    0
    0
    0
    0
    0
    0
    0
    0
    0
    0
    0
    0
    0
    0
    0
    0
    0
    0
    0
    0
    0
    0
    0
    0
    0
    0
    0
    0
    0
    0
    0
    0
    0
    0
    0
    0
    0
    0
    0
    0
    0
    0
    0
    0
    0
    0
    0
    0
    0
    0
    0
    0
    0
    0
    0
    0
    0
    0
    0
    0
    0
    0
    0
    0
    0
    0
    0
    0
    0
    0
    0
    0
    0
    0
    0
    0
    0
    0
    0
    0
    0
    0
    0
    0
    0
    0
    0
    0
    0
    0
    0
    0
    0
    0
    0
    0
    0
    0
    0
    0
    0
    0
    0
    0
    0
    0
    0
    0
    0
    0
    0
    0
    0
    0
    0
    0
    0
    0
    0
    0
    0
    0
    0
    0
    0
    0
    0
    0
    0
    0
    0
    0
    0
    0
    0
    0
    0
    0
    0
    0
    0
    0
    0
    0
    0
    0
    0
    0
    0
    0
    0
    0
    0
    0
    0
    0
    0
    0
    0
    0
    0
    0
    0
    0
    0
    0
    0
    0
    0
    0
    0
    0
    0
    0
    0
    0
    0
    0
    0
    0
    0
    0
    0
    0
    0
    0
    0
    0
    0
    0
    0
    0
    0
    0
    0
    0
    0
    0
    0
    0
    0
    0
    0
    0
    0
    0
    0
    0
    0
    0
    0
    0
    0
    0
    0
    0
    0
    0
    0
    0
    0
    0
    0
    0
    0
    0
    0
    0
    0
    0
    0
    0
    0
    0
    0
    0
    0
    0
    0
    0
    0
    0
    0
    0
    0
    0
    0
    0
    0
    0
    0
    0
    0
    0
    0
    0
    0
    0
    0
    0
    0
    0
    0
    0
    0
    0
    0
    0
    0
    0
    0
    0
    0
    0
    0
    0
    0
    0
    0
    0
    0
    0
    0
    0
    0
    0
    0
    0
    0
    0
    0
    0
    0
    0
    0
    0
    0
    0
    0
    0
    0
    0
    0
    0
    0
    0
    0
    0
    0
    0
    0
    0
    0
    0
    0
    0
    0
    0
    0
    0
    0
    0
    0
    0
    0
    0
    0
    0
    0
    0
    0
    0
    0
    0
    0
    0
    0
    0
    0
    0
    0
    0
    0
    0
    0
    0
    0
    0
    0
    0
    0
    0
    0
    0
    0
    0
    0
    0
    0
    0
    0
    0
    0
    0
    0
    0
    0
    0
    0
    0
    0
    0
    0
    0
    0
    0
    0
    0
    0
    0
    0
    0
    0
    0
    0
    0
    0
    0
    0
    0
    0
    0
    0
    0
    0
    0
    0
    0
    0
    0
    0
    0
    0
    0
    0
    0
    0
    0
    0
    0
    0
    0
    0
    0
    0
    0
    0
    0
    0
    0
    0
    0
    0
    0
    0
    0
    0
    0
    0
    0
    0
    0
    0
    0
    0
    0
    0
    0
    0
    0
    0
    0
    0
    0
    0
    0
    0
    0
    0
    0
    0
    0
    0
    0
    0
    0
    0
    0
    0
    0
    0
    0
    0
    0
    0
    0
    0
    0
    0
    0
    0
    0
    0
    0
    0
    0
    0
    0
    0
    0
    0
    0
    0
    0
    0
    0
    0
    0
    0
    0
    0
    0
    0
    0
    0
    0
    0
    0
    0
    0
    0
    0
    0
    0
    0
    0
    0
    0
    0
    0
    0
    0
    0
    0
    0
    0
    0
    0
    0
    0
    0
    0
    0
    0
    0
    0
    0
    0
    0
    0
    0
    0
    0
    0
    0
    0
    0
    0
    0
    0
    0
    0
    0
    0
    0
    0
    0
    0
    0
    0
    0
    0
    0
    0
    0
    0
    0
    0
    0
    0
    0
    0
    0
    0
    0
    0
    0
    0
    0
    0
    0
    0
    0
    0
    0
    0
    0
    0
    0
    0
    0
    0
    0
    0
    0
    0
    0
    0
    0
    0
    0
    0
    0
    0
    0
    0
    0
    0
    0
    0
    0
    0
    0
    0
    0
    0
    0
    0
    0
    0
    0
    0
    0
    0
    0
    0
    0
    0
    0
    0
    0
    0
    0
    0
    0
    0
    0
    0
    0
    0
    0
    0
    0
    0
    0
    0
    0
    0
    0
    0
    0
    0
    0
    0
    0
    0
    0
    0
    0
    0
    0
    0
    0
    0
    0
    0
    0
    0
    0
    0
    0
    0
    0
    0
    0
    0
    0
    0
    0
    0
    0
    0
    0
    0
    0
    0
    0
    0
    0
    0
    0
    0
    0
    0
    0
    0
    0
    0
    0
    0
    0
    0
    0
    0
    0
    0
    0
    0
    0
    0
    0
    0
    0
    0
    0
    0
    0
    0
    0
    0
    0
    0
    0
    0
    0
    0
    0
    0
    0
    0
    0
    0
    0
    0
    0
    0
    0
    0
    0
    0
    0
    0
    0
    0
    0
    0
    0
    0
    0
    0
    0
    0
    0
    0
    0
    0
    0
    0
    0
    0
    0
    0
    0
    0
    0
    0
    0
    0
    0
    0
    0
    0
    0
    0
    0
    0
    0
    0
    0
    0
    0
    0
    0
    0
    0
    0
    0
    0
    0
    0
    0
    0
    0
    0
    0
    0
    0
    0
    0
    0
    0
    0
    0
    0
    0
    0
    0
    0
    0
    0
    0
    0
    0
    0
    0
    0
    0
    0
    0
    0
    0
    0
    0
    0
    0
    0
    0
    0
    0
    0
    0
    0
    0
    0
    0
    0
    0
    0
    0
    0
    0
    0
    0
    0
    0
    0
    0
    0
    0
    0
    0
    0
    0
    0
    0
    0
    0
    0
    0
    0
    0
    0
    0
    0
    0
    0
    0
    0
    0
    0
    0
    0
    0
    0
    0
    0
    0
    0
    0
    0
    0
    0
    0
    0
    0
    0
    0
    0
    0
    0
    0
    0
    0
    0
    0
    0
    0
    0
    0
    0
    0
    0
    0
    0
    0
    0
    0
    0
    0
    0
    0
    0
    0
    0
    0
    0
    0
    0
    0
    0
    0
    0
    0
    0
    0
    0
    0
    0
    0
    0
    0
    0
    0
    0
    0
    0
    0
    0
    0
    0
    0
    0
    0
    0
    0
    0
    0
    0
    0
    0
    0
    0
    0
    0
    0
    0
    0
    0
    0
    0
    0
    0
    0
    0
    0
    0
    0
    0
    0
    0
    0
    0
    0
    0
    0
    0
    0
    0
    0
    0
    0
    0
    0
    0
    0
    0
    0
    0
    0
    0
    0
    0
    0
    0
    0
    0
    0
    0
    0
    0
    0
    0
    0
    0
    0
    0
    0
    0
    0
    0
    0
    0
    0
    0
    0
    0
    0
    0
    0
    0
    0
    0
    0
    0
    0
    0
    0
    0
    0
    0
    0
    0
    0
    0
    0
    0
    0
    0
    0
    0
    0
    0
    0
    0
    0
    0
    0
    0
    0
    0
    0
    0
    0
    0
    0
    0
    0
    0
    0
    0
    0
    0
    0
    0
    0
    0
    0
    0
    0
    0
    0
    0
    0
    0
    0
    0
    0
    0
    0
    0
    0
    0
    0
    0
    0
    0
    0
    0
    0
    0
    0
    0
    0
    0
    0
    0
    0
    0
    0
    0
    0
    0
    0
    0
    0
    0
    0
    0
    0
    0
    0
    0
    0
    0
    0
    0
    0
    0
    0
    0
    0
    0
    0
    0
    0
    0
    0
    0
    0
    0
    0
    0
    0
    0
    0
    0
    0
    0
    0
    0
    0
    0
    0
    0
    0
    0
    0
    0
    0
    0
    0
    0
    0
    0
    0
    0
    0
    0
    0
    0
    0
    0
    0
    0
    0
    0
    0
    0
    0
    0
    0
    0
    0
    0
    0
    0
    0
    0
    0
    0
    0
    0
    0
    0
    0
    0
    0
    0
    0
    0
    0
    0
    0
    0
    0
    0
    0
    0
    0
    0
    0
    0
    0
    0
    0
    0
    0
    0
    0
    0
    0
    0
    0
    0
    0
    0
    0
    0
    0
    0
    0
    0
    0
    0
    0
    0
    0
    0
    0
    0
    0
    0
    0
    0
    0
    0
    0
    0
    0
    0
    0
    0
    0
    0
    0
    0
    0
    0
    0
    0
    0
    0
    0
    0
    0
    0
    0
    0
    0
    0
    0
    0
    0
    0
    0
    0
    0
    0
    0
    0
    0
    0
    0
    0
    0
    0
    0
    0
    0
    0
    0
    0
    0
    0
    0
    0
    0
    0
    0
    0
    0
    0
    0
    0
    0
    0
    0
    0
    0
    0
    0
    0
    0
    0
    0
    0
    0
    0
    0
    0
    0
    0
    0
    0
    0
    0
    0
    0
    0
    0
    0
    0
    0
    0
    0
    0
    0
    0
    0
    0
    0
    0
    0
    0
    0
    0
    0
    0
    0
    0
    0
    0
    0
    0
    0
    0
    0
    0
    0
    0
    0
    0
    0
    0
    0
    0
    0
    0
    0
    0
    0
    0
    0
    0
    0
    0
    0
    0
    0
    0
    0
    0
    0
    0
    0
    0
    0
    0
    0
    0
    0
    0
    0
    0
    0
    0
    0
    0
    0
    0
    0
    0
    0
    0
    0
    0
    0
    0
    0
    0
    0
    0
    0
    0
    0
    0
    0
    0
    0
    0
    0
    0
    0
    0
    0
    0
    0
    0
    0
    0
    0
    0
    0
    0
    0
    0
    0
    0
    0
    0
    0
    0
    0
    0
    0
    0
    0
    0
    0
    0
    0
    0
    0
    0
    0
    0
    0
    0
    0
    0
    0
    0
    0
    0
    0
    0
    0
    0
    0
    0
    0
    0
    0
    0
    0
    0
    0
    0
    0
    0
    0
    0
    0
    0
    0
    0
    0
    0
    0
    0
    0
    0
    0
    0
    0
    0
    0
    0
    0
    0
    0
    0
    0
    0
    0
    0
    0
    0
    0
    0
    0
    0
    0
    0
    0
    0
    0
    0
    0
    0
    0
    0
    0
    0
    0
    0
    0
    0
    0
    0
    0
    0
    0
    0
    0
    0
    0
    0
    0
    0
    0
    0
    0
    0
    0
    0
    0
    0
    0
    0
    0
    0
    0
    0
    0
    0
    0
    0
    0
    0
    0
    0
    0
    0
    0
    0
    0
    0
    0
    0
    0
    0
    0
    0
    0
    0
    0
    0
    0
    0
    0
    0
    0
    0
    0
    0
    0
    0
    0
    0
    0
    0
    0
    0
    0
    0
    0
    0
    0
    0
    0
    0
    0
    0
    0
    0
    0
    0
    0
    0
    0
    0
    0
    0
    0
    0
    0
    0
    0
    0
    0
    0
    0
    0
    0
    0
    0
    0
    0
    0
    0
    0
    0
    0
    0
    0
    0
    0
    0
    0
    0
    0
    0
    0
    0
    0
    0
    0
    0
    0
    0
    0
    0
    0
    0
    0
    0
    0
    0
    0
    0
    0
    0
    0
    0
    0
    0
    0
    0
    0
    0
    0
    0
    0
    0
    0
    0
    0
    0
    0
    0
    0
    0
    0
    0
    0
    0
    0
    0
    0
    0
    0
    0
    0
    0
    0
    0
    0
    0
    0
    0
    0
    0
    0
    0
    0
    0
    0
    0
    0
    0
    0
    0
    0
    0
    0
    0
    0
    0
    0
    0
    0
    0
    0
    0
    0
    0
    0
    0
    0
    0
    0
    0
    0
    0
    0
    0
    0
    0
    0
    0
    0
    0
    0
    0
    0
    0
    0
    0
    0
    0
    0
    0
    0
    0
    0
    0
    0
    0
    0
    0
    0
    0
    0
    0
    0
    0
    0
    0
    0
    0
    0
    0
    0
    0
    0
    0
    0
    0
    0
    0
    0
    0
    0
    0
    0
    0
    0
    0
    0
    0
    0
    0
    0
    0
    0
    0
    0
    0
    0
    0
    0
    0
    0
    0
    0
    0
    0
    0
    0
    0
    0
    0
    0
    0
    0
    0
    0
    0
    0
    0
    0
    0
    0
    0
    0
    0
    0
    0
    0
    0
    0
    0
    0
    0
    0
    0
    0
    0
    0
    0
    0
    0
    0
    0
    0
    0
    0
    0
    0
    0
    0
    0
    0
    0
    0
    0
    0
    0
    0
    0
    0
    0
    0
    0
    0
    0
    0
    0
    0
    0
    0
    0
    0
    0
    0
    0
    0
    0
    0
    0
    0
    0
    0
    0
    0
    0
    0
    0
    0
    0
    0
    0
    0
    0
    0
    0
    0
    0
    0
    0
    0
    0
    0
    0
    0
    0
    0
    0
    0
    0
    0
    0
    0
    0
    0
    0
    0
    0
    0
    0
    0
    0
    0
    0
    0
    0
    0
    0
    0
    0
    0
    0
    0
    0
    0
    0
    0
    0
    0
    0
    0
    0
    0
    0
    0
    0
    0
    0
    0
    0
    0
    0
    0
    0
    0
    0
    0
    0
    0
    0
    0
    0
    0
    0
    0
    0
    0
    0
    0
    0
    0
    0
