147.684
147.553
147.352
147.359
147.118
147.01
146.736
146.6
146.488
146.326
146.036
145.932
145.958
145.801
145.74
145.57
145.511
145.321
145.295
145.113
145.068
144.996
144.791
144.642
144.61
144.489
144.479
144.261
144.213
144.336
144.1
144.036
143.971
143.89
143.845
143.798
143.728
143.73
143.659
143.558
143.655
143.522
143.462
143.84
143.457
143.483
143.672
143.51
143.483
143.519
143.55
143.538
143.591
143.494
143.466
143.51
143.492
143.471
143.491
143.442
143.467
143.446
143.424
143.448
143.446
143.406
143.453
143.371
143.431
143.339
143.337
143.341
143.332
143.322
143.312
143.246
143.414
143.228
143.247
143.251
143.228
143.262
143.237
143.195
143.198
143.155
143.164
143.145
143.138
143.104
143.093
143.136
143.124
143.115
143.069
143.064
143.078
143.068
143.069
143.058
143.076
143.036
143.047
143.026
143.038
143.031
143.04
143.031
143.171
143.021
143.031
143.031
143.034
143.007
142.996
143.006
143.012
143.018
143.009
143.024
143.016
143.029
143.02
143.025
142.997
143.013
142.998
143.01
143.011
143.009
142.988
143.006
143.021
143.02
143.008
143.036
143.001
143.003
143.034
143.031
143
143.011
143.016
143.006
143.012
143.01
143.012
143.035
143.059
142.999
143.036
143.004
143.03
143.006
143.005
143.014
143.004
143.008
143.074
143.014
143
143.01
143.001
143.024
143.013
143.002
143.015
143.008
143.007
143.035
143.016
143.001
143.022
143.02
143.001
143.004
143.009
143.021
143.038
143.034
143
143.17
143.088
142.991
143.011
143.002
143.023
143.003
142.983
142.994
143.002
142.998
142.966
143.05
143.031
142.998
142.988
143.005
142.982
142.989
142.993
142.982
142.999
142.99
143.055
142.997
142.986
142.979
142.969
142.989
142.995
142.971
142.981
142.977
142.976
142.988
142.992
142.975
143.002
142.996
142.988
142.981
143.009
142.997
143.008
142.987
142.989
142.988
142.985
142.996
142.975
142.983
142.998
143.007
142.991
142.994
142.995
142.988
142.99
143.006
143.002
143.001
143.054
142.986
143.001
142.993
142.983
142.981
142.984
143.011
142.993
142.994
143.003
142.99
142.991
142.978
142.993
142.991
142.979
142.999
142.999
143.07
142.99
143
142.986
142.996
142.971
142.975
142.998
142.982
142.958
142.976
142.985
142.979
142.987
142.993
142.971
142.982
142.973
142.993
142.969
142.991
142.968
142.982
142.979
142.993
142.983
142.973
142.986
142.979
142.984
142.988
142.998
142.979
143.001
142.992
142.99
142.986
142.986
142.992
142.996
142.988
142.989
142.982
142.997
142.972
142.973
142.999
143.001
143
142.988
143.001
142.994
142.981
142.99
143
142.989
142.99
142.996
142.99
142.984
142.974
142.975
142.974
142.98
142.977
142.981
142.981
142.985
142.979
142.973
143.035
143.076
142.979
142.974
142.987
142.957
142.97
142.962
142.991
142.966
142.95
146.668
142.973
143.03
143.061
143.062
143.152
143.155
143.266
143.258
143.329
143.324
143.305
143.373
143.418
143.365
143.408
143.353
143.333
143.391
143.346
143.318
143.302
143.257
143.254
143.276
143.211
143.174
143.159
143.135
143.08
143.081
143.117
143.067
143.053
143
143.007
143.01
142.986
142.947
142.954
142.949
142.937
142.953
142.952
142.948
142.931
142.943
142.948
142.95
142.944
142.946
142.958
142.94
142.982
142.961
142.963
142.975
142.969
142.985
142.969
142.962
142.972
142.999
142.977
142.99
142.979
142.986
142.986
142.957
142.98
142.977
142.98
142.961
142.966
142.961
142.96
142.984
142.944
142.958
142.958
142.969
142.954
142.957
142.972
142.956
142.949
142.966
142.957
142.956
142.97
142.975
142.946
142.962
142.966
142.943
142.953
142.949
142.951
142.947
142.978
142.967
142.955
142.934
142.941
142.945
142.959
142.978
142.975
142.96
142.951
142.954
142.953
142.954
142.963
142.97
142.959
142.948
142.974
142.958
142.97
142.962
142.95
142.964
142.978
142.97
142.949
142.955
142.963
142.938
142.959
142.958
142.955
142.953
142.958
142.966
142.968
142.959
142.944
142.957
142.96
142.946
142.934
142.951
142.941
142.946
142.95
142.956
142.944
142.949
142.94
142.949
142.957
142.957
142.976
142.973
142.962
142.95
142.951
142.975
142.945
142.946
142.949
142.965
142.978
142.953
142.94
142.954
142.946
142.934
142.955
142.969
142.969
142.943
142.946
142.964
142.96
142.955
142.955
142.959
142.945
142.956
142.969
142.937
142.95
142.953
142.972
142.957
142.95
142.962
142.967
142.96
142.967
142.952
142.971
142.956
142.966
142.939
142.952
142.946
142.972
142.961
142.959
142.946
142.945
142.945
142.952
142.96
142.961
142.939
142.957
142.95
142.95
142.96
142.959
142.944
142.956
142.958
142.971
142.96
142.968
142.946
142.953
142.931
142.967
142.951
142.943
142.947
142.965
142.953
142.962
142.961
142.964
142.936
142.95
142.961
142.948
142.963
142.965
142.941
142.974
142.943
142.949
142.952
142.969
142.972
142.943
142.965
142.978
142.956
142.971
142.97
142.982
142.95
142.955
142.941
142.969
142.962
142.988
142.958
142.952
142.947
142.966
142.975
142.929
142.957
142.967
142.957
142.969
142.946
142.963
142.961
142.959
142.956
142.96
142.955
142.954
142.962
142.948
142.959
142.955
142.957
142.953
142.952
142.956
142.973
142.969
142.964
142.949
142.969
142.968
142.976
142.949
142.973
142.972
142.957
142.94
142.955
142.96
142.962
142.948
142.963
142.953
142.954
142.955
142.972
142.947
142.961
142.962
142.963
142.947
142.955
142.966
142.949
142.954
142.946
142.943
142.963
142.969
142.963
142.953
142.969
142.95
142.973
142.961
142.944
142.963
142.944
142.963
142.951
142.945
142.961
142.955
142.97
142.953
142.952
142.968
142.96
142.954
142.934
142.954
142.939
142.946
142.96
142.953
142.947
142.954
142.953
142.965
142.961
142.955
142.966
142.946
142.963
142.973
142.948
142.942
142.957
142.951
142.952
142.942
142.946
142.959
142.952
142.946
142.95
142.945
142.941
142.947
142.956
142.965
142.965
142.94
142.943
142.964
142.937
142.952
142.941
142.955
142.96
142.933
142.951
142.952
142.945
142.961
142.96
142.935
142.954
142.952
142.955
142.947
142.954
142.965
142.955
142.961
142.94
142.938
142.967
142.953
142.966
142.958
142.975
142.962
142.967
142.939
142.964
142.972
142.978
142.967
142.958
142.956
142.957
142.973
142.968
142.961
142.956
142.961
142.95
142.961
142.97
142.937
142.946
142.942
142.949
142.942
142.935
142.95
142.949
142.977
142.952
142.949
142.981
142.95
142.955
142.967
142.976
142.971
142.949
142.95
142.966
142.965
142.953
142.971
142.96
142.972
142.942
142.941
142.954
142.945
142.948
142.961
142.939
142.96
142.956
142.961
142.954
142.954
142.948
142.963
142.959
142.938
142.96
142.971
142.976
142.959
142.953
142.965
142.937
142.982
142.936
142.945
142.938
142.933
142.959
142.945
142.942
142.968
142.949
142.951
142.963
142.96
142.958
142.992
142.944
142.968
142.973
142.965
142.954
142.976
142.945
142.957
142.966
142.963
142.956
142.962
142.961
142.956
142.975
142.944
142.951
142.96
142.966
142.958
142.945
142.956
142.937
142.944
142.956
142.963
142.943
142.962
142.955
142.955
142.962
142.951
142.947
142.958
142.957
142.957
142.945
142.975
142.961
142.963
142.947
142.968
142.956
142.945
142.935
142.961
142.954
142.959
142.957
142.955
142.954
142.966
142.961
142.952
142.975
142.953
142.976
142.961
142.976
142.937
142.954
142.945
142.959
142.954
142.968
142.952
142.948
142.964
142.97
142.946
142.948
142.945
142.96
142.958
142.958
142.951
142.935
142.95
142.951
142.939
142.955
142.965
142.965
142.955
142.949
142.959
142.936
142.952
142.96
142.968
142.946
142.967
142.958
142.964
142.948
142.96
142.948
142.945
142.967
142.959
142.95
142.966
142.946
142.973
142.961
142.959
142.95
142.943
142.954
142.966
142.963
142.969
142.968
142.953
142.963
142.952
142.945
142.978
142.946
142.964
142.953
142.958
142.958
142.949
142.963
142.961
142.944
142.966
142.972
142.958
142.949
142.949
142.972
142.966
142.959
142.968
142.964
142.958
142.958
142.96
142.952
142.964
142.946
142.95
142.961
142.954
142.973
142.964
142.951
142.961
142.954
142.964
142.961
142.949
142.943
142.972
142.964
142.955
142.969
142.969
142.954
142.959
142.941
142.954
142.944
142.955
142.957
142.959
142.944
142.983
142.947
142.97
142.948
142.961
142.955
142.948
142.959
142.946
142.943
142.941
142.964
142.945
142.959
142.949
142.952
142.949
142.955
142.943
142.943
142.947
142.961
142.942
142.956
142.97
142.973
142.965
142.941
142.972
142.967
142.957
142.958
142.947
142.952
142.957
142.971
142.978
142.943
142.963
142.954
142.948
142.966
142.964
142.95
142.94
142.98
142.941
142.96
142.956
142.959
142.965
142.951
142.951
142.965
142.962
142.942
142.966
142.966
142.968
142.963
142.955
142.95
142.965
142.969
142.975
142.971
142.951
142.952
142.953
142.96
142.956
142.963
142.959
142.954
142.955
142.968
142.955
142.953
142.938
142.972
142.963
142.947
142.953
142.953
142.966
142.966
142.949
142.967
142.936
142.956
142.959
142.957
142.939
142.965
142.964
142.969
142.946
142.945
142.971
142.968
142.966
142.944
142.952
142.971
142.959
142.936
142.96
142.985
142.962
142.943
142.949
142.968
142.972
142.944
142.958
142.948
142.946
142.948
142.953
142.956
142.977
142.959
142.979
142.956
142.951
142.943
142.961
142.953
142.955
142.955
142.951
142.969
142.95
142.948
142.951
142.956
142.953
142.945
142.947
142.965
142.941
142.952
142.964
142.962
142.962
142.956
142.949
142.947
142.947
142.946
142.974
142.964
142.946
142.965
142.952
142.969
142.946
142.965
142.969
142.96
142.963
142.958
142.964
142.942
142.963
142.965
142.97
142.959
142.957
142.964
142.954
142.962
142.966
142.952
142.976
142.951
142.964
142.947
142.945
142.965
142.971
142.953
142.961
142.978
142.948
142.949
142.942
142.972
142.977
142.958
142.951
142.949
142.95
142.963
142.949
142.944
142.963
142.958
142.959
142.967
142.966
142.938
142.961
142.945
142.969
142.97
142.962
142.96
142.957
142.941
142.956
142.948
142.953
142.956
142.97
142.951
142.957
142.961
142.944
142.977
142.96
142.935
142.963
142.953
142.961
142.956
142.973
142.957
142.942
142.962
142.954
142.944
142.952
142.953
142.964
142.953
142.95
142.957
142.963
142.966
142.955
142.975
142.987
142.958
142.97
142.971
142.954
142.953
142.945
142.962
142.952
142.954
142.966
142.941
142.963
142.944
142.961
142.951
142.961
142.951
142.935
142.962
142.952
142.959
142.938
142.956
142.958
142.956
142.961
142.956
142.948
142.949
142.95
142.965
142.963
142.948
142.955
142.957
142.976
142.949
142.953
142.957
142.932
142.961
142.951
142.96
142.946
142.957
142.954
142.968
142.938
142.961
142.945
142.945
142.944
142.931
142.953
142.955
142.968
142.954
142.956
142.944
142.94
142.971
142.964
142.97
142.956
142.941
142.96
142.959
142.958
142.964
142.955
142.951
142.938
142.97
142.954
142.962
142.962
142.96
142.955
142.953
142.961
142.952
142.938
142.964
142.944
142.944
142.951
142.953
142.944
142.958
142.966
142.952
142.955
142.945
142.968
142.952
142.965
142.953
142.944
142.946
142.951
142.968
142.955
142.965
142.962
142.945
142.958
142.973
142.95
142.951
142.94
142.965
142.946
142.93
142.975
142.956
142.957
142.953
142.941
142.956
142.947
142.938
142.959
142.969
142.946
142.951
142.979
142.968
142.941
142.959
142.968
142.966
142.976
142.931
142.958
142.96
142.972
142.968
142.975
142.964
142.986
142.972
142.98
142.948
142.936
142.947
142.948
142.957
142.956
142.953
142.963
142.951
142.966
142.951
142.968
142.954
142.948
142.975
142.985
142.954
142.973
142.97
142.955
142.97
142.948
142.95
142.984
142.953
142.968
142.941
142.968
142.959
142.961
142.965
142.942
142.937
142.948
142.97
142.95
142.952
142.948
142.946
142.981
142.958
142.954
142.94
142.979
142.953
142.948
142.963
142.957
142.953
142.961
142.975
142.962
142.956
142.964
142.973
142.954
142.946
142.951
142.945
142.952
142.96
142.954
142.959
142.954
142.963
142.953
142.948
142.949
142.965
142.951
142.954
142.967
142.963
142.947
142.957
142.958
142.959
142.944
142.972
142.961
142.941
142.956
142.959
142.953
142.958
142.933
142.982
142.952
142.979
142.96
142.975
142.971
142.95
142.975
142.981
142.949
142.966
142.957
142.955
142.97
142.956
142.953
142.94
142.939
142.964
142.972
142.948
142.98
142.957
142.953
142.968
142.96
142.971
142.957
142.962
142.946
142.95
142.982
142.939
142.961
142.96
142.962
142.962
142.959
142.969
142.968
142.978
142.957
142.95
142.958
142.974
142.952
142.957
142.963
142.966
142.963
142.956
142.943
142.938
142.951
142.958
142.966
142.96
142.966
142.967
142.981
142.942
142.967
142.95
142.957
142.946
142.95
142.953
142.946
142.939
142.944
142.985
142.943
142.974
142.962
142.957
142.965
142.966
142.946
142.957
142.97
142.953
142.958
142.947
142.956
142.944
142.954
142.95
142.962
142.954
142.954
142.973
142.957
142.931
142.946
142.962
142.951
142.954
142.969
142.959
142.951
142.944
142.963
142.952
142.968
142.956
142.951
142.961
142.958
142.952
142.971
142.954
142.953
142.981
142.97
142.958
142.962
142.953
142.966
142.967
142.947
142.963
142.965
142.956
142.953
142.951
142.951
142.927
142.982
142.956
142.959
142.973
142.958
142.942
142.959
142.964
142.982
142.965
142.951
142.982
142.96
142.97
142.964
142.951
142.956
142.941
142.956
142.956
142.962
142.957
142.936
142.956
142.962
142.959
142.949
142.978
142.941
142.952
142.972
142.955
142.969
142.967
142.958
142.974
142.968
142.953
142.942
142.95
142.965
142.947
142.959
142.94
142.955
142.962
142.945
142.944
142.982
142.971
142.95
142.955
142.966
142.962
142.957
142.964
142.964
142.965
142.981
142.961
142.955
142.943
142.957
142.975
142.967
142.934
142.966
142.949
142.971
142.968
142.961
142.993
142.974
142.957
142.959
142.954
142.959
142.944
142.954
142.963
142.959
142.965
142.961
142.936
142.959
142.964
142.974
142.95
142.961
142.963
142.945
142.951
142.938
142.949
142.975
142.961
142.964
142.967
142.968
142.972
142.957
142.964
142.971
142.958
142.963
142.945
142.949
142.962
142.971
142.949
142.955
142.966
142.941
142.965
142.934
142.957
142.964
142.961
142.985
142.969
142.961
142.977
142.937
142.963
142.972
142.952
142.967
142.973
142.953
142.981
142.96
142.951
142.957
142.972
142.961
142.968
142.95
142.946
142.97
142.966
142.97
142.956
142.953
142.961
142.956
142.948
142.958
142.963
142.968
142.952
142.949
142.962
142.955
142.95
142.977
142.945
142.953
142.954
142.966
142.953
142.951
142.959
142.955
142.95
142.942
142.96
142.966
142.951
142.943
142.983
142.943
142.958
142.967
142.975
142.955
142.952
142.975
142.963
142.958
142.949
142.968
142.949
142.964
142.961
142.945
142.963
142.954
142.936
142.948
142.955
142.953
142.949
142.958
142.949
142.957
142.961
142.963
142.947
142.947
142.977
142.956
142.947
142.954
142.985
142.941
142.954
142.96
142.949
142.947
142.962
142.96
142.964
142.939
142.937
142.949
142.95
142.957
142.954
142.962
142.965
142.967
142.962
142.962
142.983
142.945
142.975
142.938
142.961
142.95
142.959
142.949
142.953
142.954
142.981
142.952
142.963
142.969
142.955
142.965
142.963
142.97
142.956
142.963
142.941
142.956
142.963
142.94
142.932
142.948
142.952
142.973
142.954
142.946
142.967
142.949
142.968
142.953
142.958
142.945
142.974
142.969
142.95
142.954
142.95
142.966
142.974
142.952
142.952
142.943
142.942
142.966
142.949
142.957
142.963
142.95
142.964
142.96
142.968
142.948
142.955
142.967
142.957
142.955
142.95
142.944
142.955
142.946
142.944
142.946
142.959
142.946
142.968
142.947
142.952
142.942
142.959
142.945
142.958
142.968
142.949
142.958
142.948
142.968
142.933
142.961
142.965
142.977
142.962
142.941
142.949
142.949
142.962
142.952
142.944
142.955
142.941
142.946
142.969
142.95
142.955
142.991
142.955
142.956
142.954
142.951
142.946
142.954
142.954
142.944
142.965
142.966
142.953
142.971
142.952
142.937
142.978
142.954
142.951
142.954
142.96
142.96
142.949
142.966
142.971
142.962
142.959
142.962
142.951
142.957
142.96
142.955
142.956
142.944
142.96
142.947
142.946
142.963
142.961
142.958
142.951
142.948
142.944
142.944
142.948
142.971
142.937
142.964
142.949
142.944
142.946
142.971
142.974
142.958
142.941
142.956
142.964
142.961
142.946
142.961
142.947
142.941
142.954
142.97
142.952
142.957
142.946
142.941
142.964
142.952
142.965
142.939
142.948
142.949
142.965
142.952
142.957
142.949
142.962
142.958
142.961
142.948
142.949
142.973
142.961
142.961
142.975
142.961
142.96
142.951
142.957
142.946
142.951
142.961
142.963
142.943
142.961
142.953
142.969
142.958
142.963
142.966
142.942
142.942
142.951
142.941
142.971
142.949
142.949
142.968
142.954
142.947
142.958
142.967
142.951
142.947
142.952
142.954
142.956
142.962
142.958
142.968
142.958
142.956
142.968
142.963
142.949
142.982
142.943
142.963
142.935
142.967
142.94
142.966
142.958
142.956
142.954
142.941
142.938
142.946
142.953
142.948
142.951
142.944
142.964
142.938
142.945
142.961
142.962
142.938
142.965
142.946
142.943
142.958
142.942
142.954
142.957
142.973
142.964
142.957
142.952
142.983
142.956
142.968
142.962
142.946
142.951
142.949
142.951
142.958
142.948
142.965
142.956
142.964
142.959
142.957
142.94
142.96
142.948
142.97
142.978
142.95
142.97
142.967
142.953
142.969
142.942
142.951
142.97
142.987
142.947
142.955
142.943
142.961
142.945
142.957
142.967
142.955
142.959
142.954
142.951
142.951
142.961
142.947
142.97
142.946
142.937
142.962
142.956
142.981
142.952
142.968
142.945
142.97
142.962
142.958
142.963
142.972
142.943
142.94
142.964
142.98
142.938
142.958
142.948
142.938
142.976
142.967
142.952
142.965
142.97
142.949
142.964
142.963
142.962
142.958
142.949
142.943
142.955
142.976
142.952
142.969
142.947
142.949
142.96
142.936
142.972
142.956
142.948
142.935
142.947
142.96
142.959
142.961
142.959
142.958
142.962
142.938
142.954
142.949
142.951
142.972
142.949
142.96
142.971
142.941
142.97
142.954
142.961
142.968
142.957
142.949
142.939
142.965
142.939
142.952
142.944
142.952
142.951
142.963
142.959
142.97
142.958
142.963
142.946
142.966
142.959
142.972
142.933
142.949
142.974
142.957
142.936
142.971
142.963
142.947
142.941
142.953
142.949
142.941
142.951
142.928
142.971
142.948
142.979
142.942
142.957
142.954
142.946
142.932
142.937
142.956
142.959
142.979
142.937
142.954
142.96
142.966
142.964
142.954
142.961
142.951
142.967
142.96
142.941
142.966
142.958
142.964
142.954
142.954
142.95
142.961
142.968
142.957
142.962
142.951
142.969
142.953
142.965
142.967
142.958
142.979
142.972
142.978
142.974
142.951
142.95
142.957
142.997
142.976
142.971
142.943
142.973
142.97
142.962
142.962
142.966
142.966
142.961
142.961
142.956
142.946
142.941
142.965
142.97
142.951
142.944
142.966
142.962
142.941
142.938
142.931
142.952
142.961
142.961
142.959
142.939
142.959
142.963
142.938
142.952
142.954
142.986
142.955
142.96
142.955
142.97
142.965
142.969
142.967
142.96
142.964
142.972
142.949
142.961
142.965
142.957
142.965
142.95
142.946
142.955
142.968
142.947
142.941
142.964
142.971
142.961
142.962
142.953
142.955
142.962
142.971
142.961
142.952
142.943
142.973
142.97
142.96
142.961
142.945
142.949
142.955
142.958
142.939
142.944
142.943
142.938
142.946
142.991
142.94
142.954
142.968
142.945
142.973
142.952
142.963
142.967
142.966
142.96
142.957
142.962
142.964
142.967
142.951
142.943
142.946
142.957
142.952
142.96
142.965
142.953
142.967
142.949
142.973
142.96
142.934
142.961
142.944
142.962
142.969
142.965
142.944
142.956
142.969
142.971
142.953
142.95
142.965
142.959
142.949
142.944
142.957
142.951
142.956
142.952
142.937
142.957
142.958
142.952
142.954
142.949
142.962
142.977
142.966
142.959
142.97
142.951
142.941
142.961
142.953
142.955
142.959
142.956
142.947
142.95
142.941
142.971
142.954
142.95
142.953
142.963
142.966
142.961
142.952
142.975
142.972
142.951
142.97
142.952
142.968
142.984
142.969
142.96
142.947
142.959
142.965
142.942
142.956
142.96
142.959
142.945
142.954
142.95
142.951
142.963
142.933
142.961
142.953
142.959
142.974
142.944
142.945
142.954
142.959
142.948
142.96
142.954
142.966
142.956
142.939
142.964
142.96
142.957
142.96
142.956
142.96
142.959
142.949
142.951
142.937
142.946
142.937
142.948
142.943
142.944
142.942
142.956
142.949
142.982
142.955
142.955
142.955
142.982
142.951
142.977
142.962
142.964
142.973
142.969
142.972
142.955
142.946
142.961
142.956
142.977
142.964
142.979
142.959
142.952
142.958
142.965
142.971
142.947
142.962
142.963
142.955
142.968
142.957
142.942
142.962
142.96
142.974
142.946
142.955
142.942
142.958
142.966
142.964
142.973
142.942
142.968
142.965
142.949
142.963
142.972
142.963
142.965
142.944
142.958
142.925
142.958
142.953
142.957
142.967
142.949
142.946
142.966
142.949
142.957
142.951
142.964
142.948
142.958
142.953
142.959
142.968
142.981
142.968
142.943
142.966
142.949
142.955
142.956
142.954
142.977
142.97
142.956
142.959
142.964
142.947
142.968
142.959
142.957
142.945
142.937
142.947
142.958
142.946
142.958
142.949
142.951
142.953
142.943
142.942
142.967
142.964
142.983
142.97
142.969
142.976
142.97
142.962
142.974
142.957
142.957
142.955
142.965
142.96
142.954
142.934
142.951
142.942
142.956
142.958
142.962
142.938
142.937
142.954
142.954
142.958
142.963
142.942
142.953
142.956
142.96
142.969
142.965
142.966
142.957
142.951
142.968
142.958
142.95
142.957
142.942
142.958
142.946
142.925
142.963
142.938
142.954
142.955
142.961
142.958
142.952
142.974
142.949
142.953
142.944
142.951
142.956
142.971
142.951
142.967
142.971
142.952
142.957
142.94
142.945
142.965
142.967
142.97
142.935
142.965
142.961
142.955
142.963
142.95
142.961
142.952
142.942
142.958
142.938
142.947
142.956
142.961
142.943
142.962
142.971
142.953
142.944
142.969
142.96
142.961
142.951
142.962
142.952
142.964
142.954
142.971
142.969
142.953
142.957
142.956
142.946
142.968
142.954
142.946
142.962
142.957
142.946
142.936
142.976
142.948
142.951
142.935
142.985
142.965
142.951
142.953
142.961
142.954
142.954
142.954
142.958
142.971
142.957
142.96
142.955
142.96
142.959
142.947
142.948
142.953
142.951
142.939
142.949
142.958
142.932
142.94
142.955
142.951
142.957
142.952
142.98
142.964
142.956
142.964
142.954
142.974
142.956
142.958
142.963
142.969
142.948
142.954
142.955
142.971
142.976
142.954
142.975
142.959
142.975
142.936
142.962
142.973
142.95
142.973
142.943
142.959
142.975
142.971
142.955
142.964
142.949
142.949
142.955
142.958
142.964
142.959
142.962
142.951
142.946
142.972
142.954
142.957
142.948
142.952
142.956
142.949
142.966
142.957
142.969
142.956
142.959
142.958
142.95
142.956
142.945
142.96
142.953
142.962
142.963
142.948
142.951
142.959
142.962
142.945
142.953
142.964
142.941
142.952
142.96
142.936
142.954
142.966
142.961
142.975
142.952
142.952
142.96
142.944
142.954
142.953
142.963
142.958
142.947
142.955
142.959
142.981
142.961
142.951
142.945
142.957
142.962
142.939
142.952
142.944
142.949
142.965
142.957
142.966
142.946
142.955
142.964
142.941
142.965
142.958
142.961
142.96
142.944
142.936
142.944
142.952
142.963
142.949
142.955
142.955
142.945
142.958
142.967
142.957
142.951
142.957
142.946
142.93
142.946
142.956
142.968
142.958
142.956
142.948
142.956
142.94
142.956
142.964
142.961
142.954
142.959
142.958
142.962
142.939
142.94
142.945
142.963
142.962
142.949
142.951
142.952
142.952
142.953
142.946
142.946
142.943
142.95
142.931
142.939
142.959
142.971
142.946
142.952
142.949
142.95
142.974
142.951
142.989
142.971
142.96
142.952
142.963
142.977
142.949
142.958
142.967
142.941
142.962
142.949
142.944
142.941
142.94
142.972
142.958
142.949
142.971
142.964
142.952
142.957
142.958
142.945
142.957
142.944
142.965
142.959
142.97
142.964
142.958
142.953
142.964
142.971
142.948
142.97
142.965
142.967
142.936
142.979
142.953
142.973
142.937
142.972
142.951
142.965
142.954
142.929
142.962
142.964
142.966
142.975
142.974
142.968
142.968
142.963
142.957
142.942
142.938
142.938
142.956
142.962
142.956
142.944
142.951
142.959
142.974
142.949
142.973
142.968
142.948
142.953
142.943
142.957
142.969
142.967
142.965
142.953
142.96
142.961
142.962
142.945
142.964
142.972
142.965
142.955
142.955
142.973
142.955
142.964
142.959
142.963
142.961
142.945
142.974
142.959
142.957
142.945
142.958
142.953
142.948
142.954
142.935
142.954
142.946
142.951
142.963
142.951
142.969
142.956
142.954
142.958
142.956
142.969
142.952
142.956
142.961
142.964
142.962
142.955
142.965
142.94
142.947
142.963
142.953
142.953
142.952
142.951
142.96
142.955
142.954
142.953
142.956
142.954
142.956
