      0
    103
     27
    175
    204
    563
    721
    709
    947
   1260
   1538
   1814
   2330
   2850
   2916
   4367
   4275
   4005
   5492
   6647
   5985
   7510
   8068
   9291
   8928
   9982
   9877
  11844
  12153
  13014
  14528
  17216
  17343
  21200
  21588
  22904
  24159
  26072
  23329
  27833
  28362
  30282
  29877
  31068
  32962
  33936
  36412
  36194
  38978
  40656
  42081
  42063
  44254
  48586
  48160
  50030
  49909
  56927
  52888
  56322
  58070
  57302
  59718
  62000
  65749
  64245
  71571
  72648
  76003
  78410
  80293
  81055
  83650
  85005
  89075
  92891
  97959
  98630
 102708
 103463
 103121
 105021
 106987
 115074
 113415
 115811
 119769
 122291
 122811
 125119
 132304
 134508
 142540
 140271
 140595
 146613
 149767
 152234
 158731
 158104
 164575
 166577
 169739
 172768
 183070
 180161
 181237
 182634
 192949
 190126
 196944
 197170
 203164
 198632
 202701
 211034
 215187
 218549
 218230
 231944
 223563
 235269
 239126
 243795
 237912
 245966
 248497
 262020
 262123
 264715
 262973
 274947
 270898
 275362
 275174
 286362
 289354
 289655
 294984
 299711
 307367
 305337
 306066
 311566
 318826
 325271
 329905
 335635
 338120
 343573
 337022
 347410
 357659
 355254
 352765
 365784
 371316
 374440
 377379
 381347
 391265
 387277
 405756
 411828
 419007
 417902
 416233
 423930
 427925
 435504
 428544
 446881
 450052
 452782
 462595
 471953
 464414
 481953
 489092
 491979
 495996
 498903
 508468
 508404
 510481
 522479
 524583
 535967
 526705
 546859
 547377
 551678
 559895
 554720
 567300
 569983
 578710
 577064
 588810
 597083
 596432
 604296
 610432
 616911
 624180
 633970
 629183
 644764
 642052
 659499
 660254
 669181
 669252
 689591
 683252
 696746
 695947
 696112
 701180
 726820
 714004
 723036
 733042
 735198
 748735
 755605
 766279
 757901
 773328
 779065
 773985
 782091
 800931
 793571
 807655
 825485
 823877
 825488
 819466
 828285
 842148
 855833
 853571
 866303
 864978
 875724
 892618
 891066
 899475
 906532
 909436
 910159
 929323
 938715
 934601
 936709
 941732
 946174
 956404
 972811
 988219
 986046
 990457
 992144
 999365
1011765
1017347
1013908
1021941
1036264
1036114
1046584
1056348
1060360
1065632
1068592
1083109
1085446
1092781
1094665
1118278
1121598
1114499
1123040
1134829
1145197
1148387
1156002
1172109
1168999
1183157
1185106
1190977
1204377
1203832
1212346
1219855
1226247
1235719
1267630
1259773
1259412
1260710
1274171
1296147
1291147
1288261
1321354
1321499
1329052
1335419
1349042
1363742
1377914
1372897
1387099
1393068
1390624
1410406
1423021
1433011
1440110
1438406
1447438
1456926
1458381
1476881
1486663
1499548
1500450
1515595
1520826
1520640
1527349
1533979
1573472
1564039
1577339
1586953
1599926
1593842
1616529
1653141
1626400
1644501
1647814
1662662
1664677
1662091
1663642
1690235
1686972
1705503
1712108
1734203
1710862
1719125
1746183
1747118
1755742
1756072
1779851
1785721
1796540
1778496
1804867
1818319
1817906
1838468
1840593
1852686
1859436
1866102
1864932
1888137
1879800
1919449
1898362
1920703
1933305
1946624
1941449
1960680
1960026
1986679
1977389
1987830
1985047
2000622
2000966
2016400
2021211
2046023
2037522
2061011
2036462
2057478
2079987
2089532
2096055
2116012
2116266
2134480
2132751
2139636
2143101
2144752
2175097
2178607
2179716
2190839
2205254
2229784
2240568
2241197
2234681
2268874
2267369
2260091
2288473
2300988
2304775
2315787
2332241
2366460
2344338
2373836
2346278
2385837
2388525
2414467
2414294
2438775
2441982
2464235
2454154
2473376
2480539
2507012
2540674
2538104
2556357
2542234
2579897
2575357
2611703
2610847
2586552
2596217
2625189
2647165
2652250
2631794
2671443
2652287
2711317
2712097
2708986
2707595
2734426
2737531
2760598
2781303
2780183
2816229
2832931
2820659
2842104
2851133
2838890
2889566
2889969
2888065
2885257
2903148
2895677
2923218
2905264
2943600
2935022
2959072
2976121
2991454
2970522
2985595
3014055
3026809
3032141
3048829
3048800
3065957
3067453
3084504
3106527
3115542
3092562
3123492
3129255
3134821
3144798
3167463
3182064
3203810
3209080
3185895
3201914
3232931
3257866
3236671
3265855
3267665
3289914
3306617
3309514
3287406
3297415
3342772
3389145
3377930
3382589
3408349
3385745
3430990
3455883
3462213
3435625
3451270
3454328
3460901
3467010
3496285
3492892
3513357
3529918
3565535
3547389
3585694
3572836
3592249
3595471
3619053
3664699
3646126
3662789
3677246
3682970
3683433
3724421
3727306
3732958
3741131
3743924
3755979
3741810
3782536
3778303
3777804
3819903
3842524
3832414
3847620
3847996
3867516
3862883
3905086
3911624
3920415
3931720
3957409
3954126
3964886
3985064
3996861
4020909
4032625
4075606
4075922
4050883
4089081
4109666
4111100
4141569
4135308
4156230
4155794
4175908
4188110
4192207
4212691
4223188
4225778
4246108
4244181
4252411
4269077
4259772
4264895
4283390
4300598
4333873
4331657
4332569
4337411
4342963
4344574
4392743
4391433
4374390
4391139
4382189
4420247
4457718
4460976
4476416
4500043
4475025
4497177
4536154
4539480
4524455
4565888
4565939
4582592
4599290
4627356
4596550
4638858
4645773
4671187
4654750
4688151
4672800
4727301
4733549
4708964
4757933
4750684
4773241
4798235
4812943
4821594
4812053
4825244
4846585
4876427
4871389
4859344
4878750
4893746
4905131
4931013
4964061
4957215
4979275
4975738
4995469
4976075
5007916
5032907
5047993
5030623
5067131
5077850
5073142
5122009
5135336
5132032
5160212
5145691
5124225
5166489
5183445
5212195
5214689
5249758
5232025
5230534
5254340
5293372
5303253
5298231
5328220
5353230
5359083
5398509
5365640
5383074
5397062
5428143
5436854
5464391
5460215
5477879
5514983
5530377
5523401
5575303
5539356
5563829
5591170
5591115
5624630
5670520
5655031
5689411
5689988
5695840
5712775
5731212
5729200
5727251
5763264
5760579
5790810
5783257
5780272
5822060
5803344
5834275
5818507
5825529
5840925
5821903
5841912
5874613
5888020
5889678
5880316
5900271
5900596
5901255
5920559
5951033
5947083
5947507
5951353
5948971
5971421
5984360
5992115
5985616
6010058
5993051
6020248
6046848
6010176
6018847
6026753
6058185
6056975
6086055
6095635
6107498
6071539
6100423
6146671
6138514
6186263
6215275
6160793
6161116
6219108
6213930
6221671
6192517
6209570
6232119
6226359
6238506
6239027
6270348
6253222
6287093
6253781
6268833
6294978
6298623
6298900
6334770
6312319
6342110
6339499
6338838
6381850
6361330
6378860
6397283
6396437
6399780
6429594
6409656
6418792
6435297
6448216
6455436
6456688
6451213
6457713
6477845
6439957
6478379
6509887
6494383
6509307
6523964
6467557
6540170
6537570
6548308
6524764
6557391
6556697
6585419
6575057
6585209
6631376
6599437
6615169
6633293
6665228
6661075
6689757
6682197
6706310
6703260
6723924
6730906
6733030
6742345
6729600
6742967
6750868
6758714
6759827
6743709
6737893
6769546
6768392
6762325
6751096
6712204
6709022
6722980
6733056
6737015
6697364
6725757
6725915
6712829
6777335
6787819
6793070
6784465
6769080
6715222
6762012
6738434
6749217
6780451
6749243
6776338
6755177
6779634
6815628
6776132
6785585
6762519
6797060
6779704
6771587
6808434
6793242
6857863
6803233
6839002
6802669
6810061
6799327
6818044
6843825
6813696
6788400
6829068
6802229
6782095
6775862
6837443
6836689
6823621
6789266
6791635
6756502
6742553
6771988
6773738
6758480
6766149
6775659
6769082
6795904
6752793
6781736
6761702
6763761
6762480
6713240
6773133
6763970
6742651
6735816
6768714
6773147
6752238
6765243
6760075
6745382
6741846
6758982
6748028
6747389
6799278
6713009
6746706
6743425
6763562
6785652
6778223
6763830
6747419
6756837
6781874
6769371
6755057
6765218
6774777
6734096
6757882
6728865
6733854
6710534
6707970
6707393
6715429
6722540
6709854
6686921
6723618
6741723
6741914
6705562
6721471
6694468
6685466
6704381
6677782
6704374
6668157
6660956
6669615
6691964
6680331
6700199
6664627
6660622
6651570
6645767
6644941
6690651
6662388
6634314
6671334
6633685
6587487
6622342
6617044
6611957
6562819
6589307
6537637
6571725
6519960
6535800
6586570
6514350
6531491
6529889
6514336
6519859
6493552
6476183
6480240
6488114
6492704
6486642
6436874
6455321
6464205
6405756
6441862
6402588
6443496
6406358
6400404
6390474
6375741
6391223
6353359
6353574
6359040
6313727
6311532
6334860
6314391
6311828
6324482
6307848
6299283
6272378
6261851
6272359
6263926
6272471
6256332
6236520
6227477
6209824
6234300
6221260
6198122
6227970
6205146
6176467
6215097
6190175
6169533
6164472
6164640
6171860
6136433
6102450
6095959
6105231
6109067
6048122
6051893
6068697
6062157
6030566
6034438
6040250
5992203
6000149
6005149
5982388
5990786
5941640
5932040
5925276
5928489
5943328
5957437
5911632
5893525
5894961
5858785
5884523
5828863
5879223
5857225
5836321
5817923
5796314
5811356
5785043
5789652
5795839
5743297
5741057
5741101
5717468
5701440
5691297
5688604
5696841
5676735
5655831
5655211
5644369
5638460
5614611
5623661
5622441
5594987
5606511
5589119
5545814
5551403
5515703
5522525
5509587
5506508
5468894
5471566
5483220
5431838
5427323
5433081
5415322
5388580
5364309
5380906
5358394
5338781
5348021
5278082
5304280
5313542
5227272
5256804
5245074
5237828
5221074
5218994
5178544
5197053
5178818
5173504
5156312
5161844
5155185
5143549
5110390
5097095
5088523
5071821
5057790
5062879
5043496
5055965
5047116
5011088
5002821
5007394
5001203
4964192
4965970
4958629
4905832
4929434
4915990
4890579
4870548
4855340
4859798
4863508
4827700
4825189
4805103
4771365
4805071
4738659
4766689
4733391
4725330
4725582
4685713
4676059
4670706
4679094
4647403
4617485
4646734
4651331
4607477
4564284
4612935
4566659
4555844
4569670
4558351
4542047
4523739
4521113
4504988
4508797
4487053
4492548
4450348
4455360
4419052
4411316
4395617
4398050
4382374
4358398
4322178
4321865
4324979
4310675
4277334
4294501
4253019
4245837
4242484
4219806
4197967
4204013
4168283
4179212
4161045
4150215
4158049
4137635
4086151
4077966
4096139
4062451
4023032
4045927
4022578
4023323
4001854
3986675
3978425
3953898
3937414
3952092
3951803
3925526
3908390
3916816
3899636
3902808
3874707
3851453
3858214
3858324
3823004
3802426
3817354
3780467
3764970
3775480
3769423
3721757
3733544
3710883
3698951
3700926
3667900
3640791
3641399
3587611
3609884
3598624
3577560
3549989
3562417
3560214
3522702
3528416
3506210
3487849
3472840
3461689
3434332
3440792
3418436
3388886
3395478
3375491
3369368
3345196
3328390
3349066
3313497
3267955
3278617
3255990
3243053
3237838
3226779
3207405
3184390
3185750
3171072
3162598
3141107
3149251
3111126
3092314
3089079
3070214
3067887
3047888
3045575
3010145
3028094
3003542
2999427
2969073
2970634
2930581
2922272
2918448
2898846
2897933
2895045
2864930
2854870
2833708
2842873
2813083
2803042
2792098
2780973
2767072
2762893
2772331
2735798
2746568
2709535
2714104
2681896
2674245
2681657
2671997
2648932
2643413
2627492
2622721
2598124
2586881
2614794
2563988
2559679
2558720
2556483
2541672
2531028
2526380
2492813
2464768
2461088
2469033
2472819
2452623
2442598
2429255
2396485
2379861
2370957
2344620
2345474
2347899
2323504
2332937
2308937
2300070
2281400
2262100
2248520
2243198
2233766
2229079
2199892
2197794
2202375
2167911
2175164
2166844
2161993
2153252
2153816
2175314
2135846
2119026
2113600
2112999
2107468
2097592
2071046
2059043
2054652
2073278
2048995
2035843
2010923
2036639
1997634
2000349
1978707
1964980
1963043
1955451
1961521
1943805
1934430
1905902
1886631
1879138
1884860
1867468
1853889
1858059
1853702
1838371
1823375
1826257
1819125
1821727
1805316
1785601
1787343
1772927
1777737
1758425
1759163
1756649
1717030
1713791
1721619
1720900
1680687
1688185
1684219
1677731
1664176
1652094
1635373
1621871
1618544
1605343
1609415
1568841
1571298
1565350
1564448
1557840
1551403
1523658
1501362
1497987
1486876
1494183
1475261
1487676
1463661
1459137
1448408
1446584
1421903
1400726
1405957
1400161
1388355
1391099
1386848
1366461
1371757
1353330
1352267
1342743
1337964
1338525
1330496
1316030
1312714
1304338
1295275
1282694
1277287
1265726
1277202
1256808
1242782
1245168
1220058
1213533
1226362
1192524
1201205
1194613
1198788
1177567
1190338
1187475
1178656
1175914
1162785
1164185
1165073
1158325
1136594
1143925
1112588
1112853
1089452
1097253
1094170
1076200
1081651
1086066
1057332
1059297
1052407
1038758
1029468
1048497
1024991
1036248
1020208
1014110
1021535
1011388
 986894
 987550
 976110
 955180
 949461
 944889
 943621
 939874
 932851
 938717
 918502
 906354
 921805
 913241
 900468
 900107
 887487
 882984
 886003
 885142
 870889
 868013
 849414
 848388
 843289
 845098
 832480
 835841
 837323
 821178
 820870
 811774
 821059
 812904
 804803
 796823
 801260
 788082
 782492
 784923
 779029
 768793
 761940
 763196
 756165
 750670
 748943
 750019
 733218
 729802
 720881
 728733
 718240
 708043
 712167
 708103
 711505
 705728
 691308
 680259
 680422
 670663
 674188
 655788
 655621
 653397
 647371
 651256
 636941
 634762
 621532
 620257
 621965
 602062
 601049
 596306
 593690
 601443
 586315
 594099
 575825
 580569
 569219
 573395
 565418
 553637
 551013
 551258
 546422
 534967
 536202
 528836
 515530
 523082
 520793
 518771
 509339
 505083
 508533
 506751
 495451
 491498
 496597
 493554
 493803
 487259
 480289
 484048
 478028
 473752
 477053
 478453
 468798
 464965
 459814
 454845
 454222
 446234
 444590
 448355
 436794
 438050
 430656
 434850
 425965
 430046
 419539
 423433
 407806
 418489
 410338
 402136
 402702
 400735
 403088
 389257
 394119
 381693
 383175
 379574
 377886
 369672
 377966
 366582
 361067
 351801
 358456
 351230
 351740
 352177
 341515
 341486
 335801
 338901
 329663
 331639
 325832
 315494
 323420
 319581
 310057
 304096
 313995
 300648
 309726
 299651
 297708
 298758
 292696
 296526
 285051
 284187
 285177
 276592
 272544
 274898
 280008
 277481
 275885
 273239
 270491
 270305
 268963
 262417
 263860
 259544
 257602
 254972
 253238
 247569
 253672
 251589
 248889
 242601
 245878
 246286
 240102
 250809
 248257
 248197
 241572
 235132
 238077
 233652
 233845
 236100
 232004
 227728
 225517
 223099
 212495
 217005
 221457
 219432
 214725
 213224
 211457
 201606
 203816
 205068
 200354
 203385
 202038
 196976
 196940
 195822
 192706
 189734
 185756
 186100
 186985
 178666
 179745
 180307
 175822
 177359
 171138
 172310
 167095
 170007
 165206
 162657
 163846
 160825
 160605
 157111
 157435
 156324
 153884
 154244
 154475
 146941
 151537
 148393
 150905
 147272
 146327
 150990
 150286
 148481
 146274
 146246
 145187
 145940
 138291
 140091
 142523
 141858
 138206
 138640
 135481
 135434
 132997
 133104
 129402
 130093
 129562
 126609
 125684
 126813
 122428
 124949
 122418
 122593
 117412
 117139
 113599
 114075
 109456
 112554
 109008
 114114
 113555
 109802
 111527
 108939
 113490
 110951
 110873
 107056
 112054
 109303
 107334
 102737
 100750
 106948
 101477
 100405
 101115
  97835
  97618
  91813
  94687
  94853
  95248
  90528
  89182
  89189
  91560
  87529
  88897
  85943
  84829
  86012
  85882
  84577
  85130
  85897
  80353
  86689
  84682
  80081
  80425
  78427
  75839
  78047
  76749
  76238
  79587
  75611
  75124
  72459
  73758
  75660
  71698
  74191
  72144
  73294
  70824
  73872
  68939
  68709
  69708
  64829
  64401
  67882
  63907
  66653
  65075
  64508
  64424
  62208
  63521
  61731
  60920
  61312
  61095
  59016
  61269
  58365
  60596
  55585
  55583
  56983
  58103
  51987
  57920
  51527
  53631
  52281
  54752
  53490
  50065
  51395
  56129
  49803
  52089
  52227
  50531
  46564
  49181
  49331
  48963
  46046
  42908
  45243
  48222
  45388
  47304
  45031
  42960
  42937
  41210
  40060
  40500
  38529
  37173
  40617
  39477
  38096
  40111
  37969
  37641
  36924
  37075
  37410
  39493
  36599
  36286
  34627
  34412
  34808
  34983
  31899
  33653
  34090
  31699
  28896
  32115
  30211
  27898
  28632
  28738
  26443
  25830
  27356
  25309
  26005
  29245
  26290
  29708
  28307
  26491
  26184
  24673
  25848
  24674
  25632
  24150
  24403
  24828
  22685
  22504
  22378
  19723
  20113
  21146
  20741
  19917
  18565
  19012
  19862
  19818
  19567
  18595
  19000
  19682
  19419
  18533
  18325
  18388
  17338
  17930
  17078
  17757
  16431
  16845
  15600
  14948
  14867
  17304
  15738
  14675
  13798
  13547
  13571
  13205
  13411
  12988
  13553
  13727
  12796
  12714
  13658
  12889
  12919
  13329
  12844
  13644
  11429
  12692
  11794
  12217
  11273
  10911
  10043
  11919
  11168
   9571
   9755
   9054
   9463
   9556
  10922
   9505
   9155
   9904
  10826
  10083
   9901
   9803
   9926
   9548
  10104
   9890
   9319
   9272
   9628
   9064
   8914
   9395
   9053
   8693
   7399
   7690
   8554
   7879
   7391
   9057
   7801
   7618
   9532
   8389
   6742
   7007
   7743
   7811
   7889
   6937
   6637
   7601
   7675
   7301
   8386
   6525
   7409
   8195
   7087
   6399
   6104
   5988
   6227
   5865
   6556
   5492
   6729
   5954
   6627
   6381
   6094
   6236
   4511
   5839
   5960
   6176
   5177
   6093
   5584
   6258
   6119
   5812
   5077
   4169
   4420
   4536
   5354
   5092
   4732
   3915
   4462
   3994
   3668
   4655
   3968
   4155
   4115
   4602
   4443
   4311
   3884
   3573
   4345
   4817
   3267
   4038
   3664
   4073
   4632
   4090
   4014
   3461
   3812
   4004
   3653
   2979
   3371
   3466
   3342
   3039
   4612
   2668
   2999
   2361
   2390
   2845
   3472
   2977
   2298
   2923
   2262
   2300
   2379
   2477
   2239
   2544
   2590
   2261
   2343
   2225
   2690
   2013
   2325
   2072
   2181
   2371
   2227
   1842
   1840
   2313
   1702
   1025
   1798
   1534
   1586
   1515
   1432
    979
    811
   1181
   1335
   1072
    941
    644
   1280
    866
    913
    642
    959
    698
    875
    737
   1037
    868
    618
    954
    533
    892
    552
    596
    536
    561
    661
    853
    523
    451
    707
    510
    698
    487
    240
    559
    570
    810
    626
    452
    348
    557
    447
    490
    552
    906
    576
    678
    882
    671
    640
   1037
    376
    422
    408
    532
    364
    353
    298
    348
    402
    648
    422
    375
    462
    286
    317
    166
    410
    445
    399
    174
     79
    235
    211
     92
     22
     87
    227
    467
    187
    101
    441
    176
    112
    201
    355
    159
    160
      2
     74
    112
      0
      0
      0
      0
      3
      0
      0
     17
     17
     22
      0
      0
      0
      0
      0
      0
      0
      0
      0
      0
      0
      0
      0
      0
      0
      0
      0
      0
      0
      0
      0
      0
      0
      0
      0
      0
      0
      0
      0
      0
      0
      0
      0
      0
      0
      0
      0
      0
      0
      0
      0
      0
      0
      0
      0
      0
      0
      0
      0
      0
      0
      0
      0
      0
      0
      0
      0
      0
      0
      0
      0
      0
      0
      0
      0
      0
      0
      0
      0
      0
      0
      0
      0
      0
      0
      0
      0
      0
      0
      0
      0
      0
      0
      0
      0
      0
      0
      0
      0
      0
      0
      0
      0
      0
      0
      0
      0
      0
      0
      0
      0
      0
      0
      0
      0
      0
      0
      0
      0
      0
      0
      0
      0
      0
      0
      0
      0
      0
      0
      0
      0
      0
      0
      0
      0
      0
      0
      0
      0
      0
      0
      0
      0
      0
      0
      0
      0
      0
      0
      0
      0
      0
      0
      0
      0
      0
      0
      0
      0
      0
      0
      0
      0
      0
      0
      0
      0
      0
      0
      0
      0
      0
      0
      0
      0
      0
      0
      0
      0
      0
      0
      0
      0
      0
      0
      0
      0
      0
      0
      0
      0
      0
      0
      0
      0
      0
      0
      0
      0
      0
      0
      0
      0
      0
      0
      0
      0
      0
      0
      0
      0
      0
      0
      0
      0
      0
      0
      0
      0
      0
      0
      0
      0
      0
      0
      0
      0
      0
      0
      0
      0
      0
      0
      0
      0
      0
      0
      0
      0
      0
      0
      0
      0
      0
      0
      0
      0
      0
      0
      0
      0
      0
      0
      0
      0
      0
      0
      0
      0
      0
      0
      0
      0
      0
      0
      0
      0
      0
      0
      0
      0
      0
      0
      0
      0
      0
      0
      0
      0
      0
      0
      0
      0
      0
      0
      0
      0
      0
      0
      0
      0
      0
      0
      0
      0
      0
      0
      0
      0
      0
      0
      0
      0
      0
      0
      0
      0
      0
      0
      0
      0
      0
      0
      0
      0
      0
      0
      0
      0
      0
      0
      0
      0
      0
      0
      0
      0
      0
      0
      0
      0
      0
      0
      0
      0
      0
      0
      0
      0
      0
      0
      0
      0
      0
      0
      0
      0
      0
      0
      0
      0
      0
      0
      0
      0
      0
      0
      0
      0
      0
      0
      0
      0
      0
      0
      0
      0
      0
      0
      0
      0
      0
      0
      0
      0
      0
      0
      0
      0
      0
      0
      0
      0
      0
      0
      0
      0
      0
      0
      0
      0
      0
      0
      0
      0
      0
      0
      0
      0
      0
      0
      0
      0
      0
      0
      0
      0
      0
      0
      0
      0
      0
      0
      0
      0
      0
      0
      0
      0
      0
      0
      0
      0
      0
      0
      0
      0
      0
      0
      0
      0
      0
      0
      0
      0
      0
      0
      0
      0
      0
      0
      0
      0
      0
      0
      0
      0
      0
      0
      0
      0
      0
      0
      0
      0
      0
      0
      0
      0
      0
      0
      0
      0
      0
      0
      0
      0
      0
      0
      0
      0
      0
      0
      0
      0
      0
      0
      0
      0
      0
      0
      0
      0
      0
      0
      0
      0
      0
      0
      0
      0
      0
      0
      0
      0
      0
      0
      0
      0
      0
      0
      0
      0
      0
      0
      0
      0
      0
      0
      0
      0
      0
      0
      0
      0
      0
      0
      0
      0
      0
      0
      0
      0
      0
      0
      0
      0
      0
      0
      0
      0
      0
      0
      0
      0
      0
      0
      0
      0
      0
      0
      0
      0
      0
      0
      0
      0
      0
      0
      0
      0
      0
      0
      0
      0
      0
      0
      0
      0
      0
      0
      0
      0
      0
      0
      0
      0
      0
      0
      0
      0
      0
      0
      0
      0
      0
      0
      0
      0
      0
      0
      0
      0
      0
      0
      0
      0
      0
      0
      0
      0
      0
      0
      0
      0
      0
      0
      0
      0
      0
      0
      0
      0
      0
      0
      0
      0
      0
      0
      0
      0
      0
      0
      0
      0
      0
      0
      0
      0
      0
      0
      0
      0
      0
      0
      0
      0
      0
      0
      0
      0
      0
      0
      0
      0
      0
      0
      0
      0
      0
      0
      0
      0
      0
      0
      0
      0
      0
      0
      0
      0
      0
      0
      0
      0
      0
      0
      0
      0
      0
      0
      0
      0
      0
      0
      0
      0
      0
      0
      0
      0
      0
      0
      0
      0
      0
      0
      0
      0
      0
      0
      0
      0
      0
      0
      0
      0
      0
      0
      0
      0
      0
      0
      0
      0
      0
      0
      0
      0
      0
      0
      0
      0
      0
      0
      0
      0
      0
      0
      0
      0
      0
      0
      0
      0
      0
      0
      0
      0
      0
      0
      0
      0
      0
      0
      0
      0
      0
      0
      0
      0
      0
      0
      0
      0
      0
      0
      0
