357.123
355.786
355.727
355.724
355.482
355.701
355.697
355.728
355.649
355.309
355.288
354.992
355.186
355.096
355.077
355.082
354.783
354.976
354.728
354.777
354.839
354.596
354.601
354.559
354.595
354.455
354.418
354.385
354.444
354.301
353.971
354.229
354.352
353.845
353.951
353.483
353.703
353.612
353.684
353.529
353.43
353.515
353.423
353.321
353.249
352.92
353.044
353.331
353.723
353.379
353.552
352.881
352.807
353.127
353.009
352.508
352.715
352.568
352.761
352.233
352.707
352.391
352.705
352.129
352.202
352.283
352.07
352.283
352.316
351.849
352.116
352.011
351.972
351.841
352.14
351.77
351.999
351.479
351.48
351.409
351.535
351.16
351.133
351.022
351.194
351.206
351.167
351.357
350.728
351.097
351.006
351.118
350.665
350.798
350.64
350.723
351.008
351
350.79
350.683
350.81
350.823
351.001
350.778
350.8
350.554
350.926
350.405
351.202
350.475
350.718
350.411
350.674
350.623
350.177
350.397
350.382
350.64
350.379
350.351
350.639
350.199
350.118
350.078
350.374
350.204
350.253
350.305
350.414
349.955
350.343
350.217
349.98
350.241
349.935
349.994
349.82
349.938
349.815
349.933
349.712
349.671
349.917
349.933
349.502
349.736
349.592
349.687
349.632
349.491
349.593
349.472
349.571
349.201
349.196
349.321
349.219
349.002
349.292
349.359
349.221
349.142
349.355
349.028
348.862
348.849
349.034
349.05
349.334
349.075
349.063
349.283
349.307
349.254
348.977
349.298
349.008
349.159
349.056
348.874
349.216
349.058
349.109
349.096
348.621
349.04
349.072
348.732
348.93
348.89
348.956
348.719
348.627
348.742
348.612
348.56
348.582
348.388
348.436
348.354
348.342
348.239
348.14
348.4
348.496
348.013
348.17
348.202
348.122
347.842
347.911
348.19
348.181
347.784
347.679
347.809
348.103
347.697
348.039
347.867
347.796
347.577
347.621
347.644
347.922
347.644
347.631
347.595
347.719
347.627
347.272
347.379
347.313
347.172
347.428
347.221
347.137
347.23
347.319
347.445
347.102
346.587
347.004
346.916
346.886
347.128
346.817
346.718
346.845
346.968
346.775
346.835
346.969
346.946
346.521
346.665
346.636
346.748
346.276
346.544
346.326
346.482
346.499
346.171
346.144
346.361
346.138
345.979
345.79
346.163
346.234
346.033
346.119
346.217
346.132
345.807
346.008
345.723
345.777
345.891
345.855
345.875
345.594
345.723
345.571
345.418
345.435
345.62
345.599
345.304
345.57
345.233
345.526
345.317
345.322
345.358
345.132
345.268
345.261
345.271
345.381
345.216
345.145
344.981
345.286
344.854
345.151
344.612
345.155
344.947
344.838
344.667
344.811
344.833
344.843
344.813
344.515
344.476
344.482
344.444
344.674
344.417
344.456
344.363
344.484
344.412
344.236
344.482
344.635
344.162
344.598
344.292
343.927
344.35
344.365
344.142
343.949
343.702
344.189
344.036
344.085
343.64
343.944
343.878
343.662
344.038
343.789
343.536
343.445
343.702
343.608
343.894
343.811
343.687
343.329
343.514
343.668
343.393
343.658
343.326
343.356
343.47
343.248
343.11
343.435
343.521
343.121
343.204
343.11
343.272
343.048
343.097
343.137
343.181
342.769
342.73
342.796
342.863
342.916
342.78
342.538
343.081
342.907
342.518
342.757
342.414
342.83
342.475
342.353
342.506
342.667
342.469
342.295
342.404
342.195
342.091
342.542
342.333
342.323
342.482
341.773
342.05
342.157
342.187
342.132
342.034
342.127
341.876
342.165
341.979
341.891
341.779
341.848
341.834
341.908
342.177
341.894
341.74
341.614
341.753
341.679
341.705
341.615
341.688
341.855
341.527
341.827
341.641
341.794
341.884
341.594
341.566
341.842
341.66
341.728
341.401
341.799
341.567
341.511
341.437
341.556
341.276
341.465
341.258
341.558
341.232
341.269
341.085
340.965
341.135
341.31
341.396
341.016
341.241
340.967
341.099
341.204
341.077
341.026
340.822
341.165
341.255
341.05
340.837
340.936
341.021
340.892
340.787
340.931
340.638
340.916
340.948
340.76
340.768
340.898
340.669
340.699
340.67
340.377
340.676
340.651
340.408
340.436
340.535
340.612
340.372
340.329
340.402
340.096
340.259
340.427
340.332
340.325
340.587
340.347
340.402
340.377
340.356
340.274
340.403
340.495
340.474
340.174
340.258
340.254
340.005
340.151
340.075
339.922
340.373
340.055
340.096
340.161
340.138
339.959
339.721
339.853
339.993
339.957
340.012
339.868
339.735
340.033
339.903
339.809
339.719
339.582
339.777
339.672
339.715
339.39
339.638
339.59
339.597
339.418
339.628
339.544
339.515
339.525
339.288
339.317
339.538
339.499
339.224
339.213
339.212
339.352
339.013
339.264
339.165
339.303
339.126
339.203
338.824
339.587
339.023
338.92
339.25
339.2
339.049
339.085
339.133
338.791
338.848
339.239
339.168
339.015
339.011
339.096
338.957
339.084
339.046
338.894
339.006
339.081
338.855
338.807
338.896
338.821
338.711
338.766
338.66
338.823
338.775
338.692
338.741
338.568
338.748
338.556
338.673
338.769
338.672
338.541
338.377
338.367
338.448
338.395
338.534
338.472
338.47
338.4
338.402
338.2
338.267
338.366
338.315
338.262
338.101
338.356
338.159
338.393
338.077
338.058
338.135
337.861
338.027
338.053
338.059
337.826
337.734
337.917
337.814
337.722
337.667
337.698
337.622
337.606
337.699
337.714
337.652
337.682
337.689
337.617
337.572
337.508
337.566
337.665
337.664
337.251
337.465
337.56
337.466
337.518
337.458
337.441
337.546
337.407
337.36
337.54
337.266
337.145
337.475
337.304
337.278
337.421
337.303
337.248
337.143
337.062
337.202
336.939
337.079
337.037
337.015
336.894
337.009
336.917
336.951
337.095
336.7
336.995
336.915
336.902
336.818
336.812
336.849
336.819
336.811
336.794
336.838
336.638
336.726
336.808
336.549
336.691
336.738
336.552
336.643
336.738
336.554
336.467
336.462
336.333
336.528
336.482
336.509
336.465
336.372
336.349
336.365
336.387
336.3
336.456
336.31
336.159
336.408
336.353
336.231
336.167
336.212
336.222
336.174
335.941
336.121
336.023
336.087
335.961
336.059
335.775
335.906
335.977
335.805
335.971
335.83
335.871
335.881
336.007
335.749
335.834
335.799
335.851
335.787
335.771
335.699
335.578
335.867
335.717
335.699
335.808
335.669
335.683
335.404
335.692
335.657
335.521
335.527
335.482
335.504
335.674
335.487
335.373
335.259
335.401
335.549
335.408
335.536
335.337
335.395
335.307
335.414
335.399
335.451
335.403
335.249
335.356
335.149
336.732
335.336
335.232
335.412
335.334
335.326
335.365
335.365
335.211
335.396
335.382
335.443
335.49
335.262
335.263
335.282
335.474
335.338
335.287
335.328
335.269
335.298
335.272
335.314
335.39
335.171
335.112
335.333
335.267
335.137
335.226
335.21
335.204
334.998
335.126
335.111
335.074
335.028
334.988
335.036
335.059
335.169
335.056
334.924
335.07
334.963
335.043
334.935
334.906
334.964
334.838
334.868
334.786
334.84
334.841
334.861
334.763
334.746
334.69
334.677
334.822
334.721
334.669
334.619
334.791
334.773
334.673
334.64
334.542
334.582
334.584
334.427
334.667
334.539
334.568
334.483
334.473
334.46
334.529
334.359
334.443
334.466
334.426
334.44
334.341
334.177
334.311
334.328
334.313
334.461
334.285
334.224
334.096
334.178
334.289
334.27
334.249
334.281
334.247
334.083
334.181
334.102
334.136
334.171
334.109
334.115
334.041
334.001
334.062
333.997
333.988
333.955
334.104
333.909
333.877
333.91
333.983
333.858
333.853
333.83
333.795
333.97
333.792
333.771
333.926
333.75
333.88
333.817
333.685
333.692
333.771
333.858
333.645
333.791
333.796
333.774
333.771
333.666
333.685
333.657
333.646
333.584
333.571
333.717
333.545
333.646
333.481
333.522
333.452
333.5
333.571
333.588
333.545
333.44
333.457
333.322
333.435
333.361
333.473
333.411
333.361
333.404
333.364
333.265
333.311
333.32
333.398
333.34
333.338
333.405
333.229
333.079
333.18
333.3
333.258
333.126
333.172
333.391
333.157
333.113
333.265
333.155
333.124
333.259
333.091
333.101
333.162
333.196
333.036
333.027
333.185
333.158
333.136
333.167
333.112
333.135
333.089
332.977
333.032
333
332.972
332.987
333.103
332.95
332.872
332.932
332.941
332.867
332.912
332.894
332.881
332.795
332.881
332.823
332.832
332.881
332.884
332.772
332.696
332.801
332.811
332.664
332.621
332.856
332.885
332.775
332.759
332.723
332.809
332.745
332.768
332.715
332.702
332.641
332.626
332.681
332.694
332.727
332.696
332.662
332.597
332.651
332.634
332.614
332.497
332.573
332.574
332.494
332.635
332.39
332.446
332.602
332.418
332.439
332.44
332.52
332.462
332.432
332.527
332.541
332.417
332.432
332.381
332.44
332.403
332.424
332.401
332.481
332.345
332.425
332.427
332.362
332.329
332.384
332.313
332.436
332.382
332.274
332.21
332.176
332.334
332.261
332.285
332.255
332.275
332.181
332.203
332.201
332.102
332.205
332.145
332.141
332.236
332.23
332.093
332.153
332.107
332.197
332.115
332.165
332.124
332.054
331.957
331.981
332.094
332.051
332.062
332.084
332.023
332.025
332.054
332.046
332.016
331.977
332.1
331.982
331.916
331.933
332.051
331.951
331.931
331.98
331.938
331.938
331.925
331.997
331.945
331.891
331.87
331.925
331.938
331.915
331.87
331.862
331.872
331.925
331.853
331.911
331.854
331.921
331.845
331.831
331.791
331.852
331.901
331.845
331.789
331.776
331.791
331.786
331.825
331.821
331.802
331.824
331.749
331.812
331.713
331.722
331.719
331.744
331.675
331.8
331.746
331.669
331.749
331.708
331.756
331.737
331.693
331.665
331.744
331.68
331.747
331.739
331.65
331.7
331.701
331.679
331.646
331.657
331.598
331.621
331.613
331.576
331.629
331.625
331.638
331.65
331.643
331.644
331.598
331.514
331.603
331.657
331.59
331.635
331.642
331.649
331.658
331.603
331.629
331.56
331.596
331.568
331.572
331.575
331.539
331.577
331.637
331.561
331.581
331.47
331.515
331.455
331.559
331.505
331.556
331.499
331.528
331.606
331.506
331.502
331.48
331.484
331.504
331.584
331.508
331.463
331.492
331.469
331.448
331.521
331.47
331.462
331.404
331.486
331.444
331.463
331.452
331.484
331.506
331.485
331.47
331.456
331.445
331.505
331.431
331.416
331.414
331.426
331.48
331.401
331.479
331.495
331.433
331.421
331.466
331.423
331.47
331.448
331.368
331.359
331.449
331.387
331.427
331.434
331.442
331.411
331.44
331.458
331.44
331.49
331.465
331.436
331.41
331.455
331.421
331.384
331.361
331.333
331.426
331.425
331.348
331.36
331.301
331.383
331.36
331.454
331.351
331.35
331.294
331.36
331.402
331.289
331.369
331.424
331.347
331.33
331.333
331.367
331.366
331.356
331.442
331.413
331.372
331.408
331.391
331.407
331.406
331.323
331.296
331.296
331.306
331.356
331.319
331.342
331.357
331.418
331.218
331.297
331.387
331.376
331.333
331.396
331.348
331.364
331.345
331.345
331.35
331.3
331.369
331.245
331.247
331.302
331.301
331.333
331.258
331.338
331.298
331.318
331.354
331.277
331.351
331.344
331.319
331.268
331.283
331.229
331.292
331.272
331.29
331.28
331.273
331.388
331.302
331.274
331.273
331.279
331.296
331.294
331.355
331.333
331.335
331.368
331.279
331.286
331.276
331.273
331.236
331.284
331.256
331.24
331.262
331.262
331.273
331.297
331.228
331.287
331.207
331.309
331.255
331.321
331.268
331.245
331.264
331.324
331.296
331.206
331.29
331.231
331.26
331.277
331.212
331.279
331.22
331.235
331.184
331.275
331.243
331.284
331.312
331.243
331.257
331.236
331.259
331.281
331.329
331.311
331.312
331.251
331.239
331.164
331.266
331.262
331.259
331.179
331.191
331.264
331.247
331.214
331.262
331.264
331.26
331.248
331.231
331.27
331.243
331.248
331.245
331.248
331.201
331.225
331.204
331.299
331.27
331.278
331.207
331.314
331.233
331.24
331.208
331.191
331.261
331.296
331.291
331.233
331.231
331.27
331.222
331.235
331.26
331.203
331.33
331.224
331.228
331.33
331.246
331.241
331.228
331.27
331.24
331.234
331.225
331.222
331.246
331.186
331.267
331.187
331.193
331.288
331.234
331.239
331.261
331.175
331.211
331.282
331.248
331.279
331.233
331.187
331.154
331.228
331.233
331.206
331.284
331.204
331.211
331.25
331.317
331.279
331.227
331.241
331.259
331.262
331.172
331.211
331.247
331.248
331.186
331.231
331.291
331.245
331.179
347.562
331.356
331.302
331.285
331.292
331.292
331.86
331.305
331.273
331.306
331.235
331.347
331.417
331.371
331.371
331.299
331.384
331.402
331.332
331.333
331.41
331.414
331.394
331.411
331.323
331.398
331.42
331.358
331.378
331.446
331.384
331.368
331.445
331.393
331.457
331.344
331.382
331.42
331.353
331.332
331.403
331.384
331.365
331.443
331.43
331.335
331.322
331.311
331.375
331.381
331.479
331.384
331.375
331.359
331.33
331.364
331.38
331.373
331.407
331.417
331.437
331.417
331.478
331.392
331.4
331.413
331.381
331.3
331.396
331.385
331.409
331.291
331.45
331.289
331.385
331.348
331.365
331.332
331.37
331.376
331.357
331.369
331.353
331.348
331.336
331.4
331.352
331.346
331.379
331.382
331.303
331.3
331.296
331.294
331.339
331.278
331.3
331.283
331.339
331.339
331.37
331.38
331.356
331.233
331.322
331.35
331.32
331.329
331.263
331.305
331.368
331.355
331.352
331.3
331.361
331.248
331.315
331.338
331.288
331.344
331.319
331.326
331.345
331.329
331.339
331.383
331.374
331.314
331.374
331.429
331.314
331.315
331.35
331.335
331.346
331.372
331.256
331.358
331.354
331.294
331.365
331.34
331.359
331.423
331.394
331.336
331.388
331.27
331.297
331.334
331.298
331.311
331.389
331.319
331.291
331.328
331.34
331.322
331.357
331.295
331.342
331.365
331.358
331.337
331.361
331.305
331.382
331.379
331.245
331.316
331.366
331.326
331.333
331.27
331.243
331.26
331.258
331.347
331.357
331.266
331.242
331.303
331.383
331.297
331.306
331.332
331.318
331.26
331.335
331.325
331.32
331.268
331.263
331.289
331.268
331.269
331.299
331.312
331.35
331.303
331.298
331.31
331.266
331.286
331.2
331.325
331.383
331.309
331.281
331.342
331.227
331.381
331.294
331.286
331.338
331.308
331.286
331.323
331.34
331.296
331.294
331.353
331.304
331.316
331.303
331.273
331.304
331.265
331.363
331.292
331.27
331.301
331.331
331.289
331.294
331.28
331.265
331.23
331.245
331.348
331.399
331.262
331.368
331.286
331.26
331.282
331.333
331.328
331.24
331.365
331.255
331.291
331.26
331.387
331.227
331.334
331.343
331.393
331.338
331.227
331.319
331.31
331.371
331.301
331.332
331.266
331.277
331.28
331.29
331.252
331.352
331.299
331.337
331.3
331.264
331.306
331.334
331.31
331.355
331.288
331.287
331.282
331.28
331.298
331.242
331.24
331.238
331.31
331.307
331.292
331.236
331.271
331.281
331.281
331.273
331.369
331.242
331.271
331.275
331.244
331.279
331.303
331.274
331.311
331.219
331.308
331.294
331.403
331.327
331.272
331.292
331.265
331.257
331.329
331.262
331.291
331.308
331.31
331.291
331.217
331.263
331.296
331.339
331.29
331.229
331.284
331.231
331.277
331.279
331.256
331.236
331.338
331.282
331.319
331.246
331.256
331.235
331.274
331.254
331.237
331.315
331.288
331.264
331.26
331.265
331.326
331.272
331.325
331.822
331.328
331.296
331.253
331.309
331.229
331.239
331.335
331.252
331.252
331.391
331.283
331.317
331.281
331.313
331.309
331.354
331.322
331.237
331.192
331.247
331.292
331.346
331.27
331.285
331.237
331.239
331.295
331.292
331.239
331.387
331.278
331.274
331.292
331.234
331.342
331.254
331.292
331.273
331.294
331.266
331.249
331.256
331.336
331.283
331.306
331.291
331.28
331.284
331.231
331.254
331.273
331.356
331.33
331.223
331.295
331.204
331.295
331.317
331.24
331.197
331.241
331.233
331.241
331.214
331.201
331.245
331.292
331.311
331.204
331.116
331.256
331.218
331.289
331.298
331.349
331.335
331.303
331.345
331.323
331.339
331.219
331.269
331.289
331.231
331.328
331.202
331.261
331.325
331.247
331.249
331.291
331.292
331.186
331.212
331.243
331.369
331.267
331.254
331.216
331.279
331.356
331.351
331.258
331.244
331.211
331.272
331.277
331.335
331.272
331.26
331.303
331.287
331.275
331.259
331.239
331.292
331.237
331.251
331.298
331.218
331.252
331.312
331.236
331.259
331.316
331.325
331.272
331.195
331.253
331.245
331.214
331.251
331.276
331.208
331.244
331.213
331.273
331.324
331.271
331.252
331.291
331.315
331.314
331.3
331.225
331.261
331.284
331.29
331.233
331.262
331.251
331.248
331.315
331.283
331.247
331.262
331.235
331.296
331.354
331.302
331.301
331.245
331.245
331.254
331.269
331.276
331.271
331.291
331.283
331.275
331.245
331.259
331.292
331.323
331.278
331.312
331.303
331.794
331.291
331.244
331.282
331.248
331.269
331.21
331.251
331.271
331.218
331.231
331.315
331.265
331.288
331.266
331.325
331.245
331.32
331.33
331.288
331.335
331.292
331.303
331.28
331.249
331.279
331.344
331.282
331.217
331.27
331.246
331.257
331.222
331.222
331.228
331.231
331.258
331.275
331.319
331.273
331.287
331.245
331.232
331.228
331.21
331.318
331.305
331.278
331.243
331.215
331.279
331.293
331.271
331.278
331.301
331.304
331.306
331.237
331.298
331.214
331.255
331.126
331.213
331.242
331.269
331.252
331.245
331.254
331.206
331.309
331.384
331.325
331.357
331.286
331.245
331.572
331.262
331.255
331.305
331.251
331.338
331.276
331.268
331.275
331.284
331.305
331.2
331.298
331.226
331.315
331.289
331.279
331.278
331.298
331.234
331.275
331.213
331.277
331.256
331.268
331.34
331.291
331.312
331.247
331.265
331.295
331.294
333.32
331.277
331.216
331.3
331.282
331.244
331.209
331.232
331.274
331.24
331.447
331.283
331.283
331.249
331.276
331.308
331.254
331.266
331.304
331.322
331.236
331.279
331.232
331.266
331.285
331.266
331.26
331.233
331.228
331.307
331.22
331.205
331.318
331.246
331.337
331.274
331.296
331.325
331.311
331.57
331.327
331.267
331.212
331.222
331.251
331.292
331.263
331.316
331.252
331.323
331.285
331.23
331.271
331.265
331.25
331.263
331.306
331.321
331.26
331.326
331.354
331.218
331.271
331.283
331.323
331.238
331.204
331.294
331.232
331.253
331.245
331.312
331.257
331.275
331.278
331.261
331.268
331.174
331.275
331.282
331.205
331.259
331.272
331.263
331.252
331.225
331.237
331.28
331.26
331.202
331.25
331.304
331.285
331.182
331.252
331.311
331.269
331.252
331.241
331.358
331.195
331.267
331.258
331.249
331.292
331.285
331.25
331.273
331.253
331.217
331.241
331.249
331.283
331.299
331.164
331.243
331.231
331.294
331.247
331.291
331.283
331.32
331.282
331.299
331.248
331.229
331.229
331.224
331.239
331.296
331.256
331.296
331.282
331.273
331.296
331.294
331.273
331.235
331.23
331.261
331.268
331.337
331.246
331.314
331.339
331.296
331.29
331.283
331.261
331.223
331.216
331.225
331.302
331.275
331.298
331.215
331.221
331.252
331.19
331.361
331.269
331.272
331.236
331.232
331.249
331.231
331.254
331.251
331.279
331.297
331.356
331.253
331.242
331.331
331.288
331.271
331.319
331.291
331.238
331.245
331.211
331.238
331.239
331.237
331.275
331.247
331.26
331.235
331.249
331.253
331.274
331.228
331.237
331.249
331.284
331.238
331.239
331.303
331.249
331.243
331.271
331.25
331.285
331.243
331.313
331.241
331.26
331.282
331.215
331.265
331.226
331.277
331.279
331.303
331.264
331.203
331.148
331.306
331.198
331.269
331.294
331.322
331.273
331.255
331.235
331.23
331.32
331.255
331.274
331.276
331.25
331.205
331.219
331.312
331.274
331.277
331.282
331.297
331.263
331.288
331.315
331.214
331.292
331.272
331.258
331.265
331.24
331.256
331.243
331.258
331.437
331.23
331.243
331.231
331.276
331.288
331.336
331.243
331.323
331.299
331.271
331.229
331.254
331.36
331.268
331.221
331.316
331.269
331.269
331.199
331.302
331.233
331.316
331.307
331.357
331.278
331.306
331.289
331.281
331.272
331.284
331.294
331.281
331.273
331.225
331.294
331.251
331.191
331.315
331.284
331.281
331.186
331.342
331.264
331.199
331.312
331.259
331.236
331.259
331.23
331.238
331.209
331.358
331.294
331.26
331.27
331.217
331.313
331.259
331.223
331.233
331.342
331.256
331.243
331.319
331.303
331.25
331.213
331.244
331.227
331.238
331.348
331.31
331.213
331.259
331.197
331.202
331.243
331.203
331.221
331.246
331.283
331.298
331.284
331.343
331.291
331.286
332.038
331.264
331.321
331.253
331.242
331.368
331.25
331.277
331.315
331.258
331.287
331.289
331.322
331.286
331.219
331.265
331.272
331.26
331.247
331.266
331.239
331.27
331.23
331.298
331.302
331.286
331.192
331.215
331.258
331.273
331.262
331.325
331.257
331.307
331.251
331.252
331.324
331.276
331.296
331.252
331.241
331.228
331.273
331.232
331.32
331.287
331.279
331.29
331.218
331.341
331.251
331.298
331.194
331.27
331.306
331.265
331.277
331.259
331.213
331.279
331.287
331.291
331.276
331.269
331.272
331.331
331.313
331.276
331.249
331.255
331.37
331.315
331.285
331.3
331.252
331.276
331.248
331.205
331.261
331.229
331.272
331.233
331.273
331.258
331.249
331.274
331.311
331.27
331.307
331.249
331.256
331.247
331.26
331.25
331.253
331.252
331.266
331.306
331.278
331.266
331.39
331.22
331.285
331.267
331.193
331.287
331.3
331.308
331.262
331.294
331.232
331.277
331.264
331.26
331.254
331.251
331.314
331.333
331.292
331.245
331.181
331.161
331.268
331.247
331.237
331.253
331.248
331.27
331.248
331.213
331.247
331.235
331.317
331.235
331.3
331.299
331.311
331.219
331.335
331.317
331.215
331.228
331.285
331.247
331.309
331.244
331.27
331.231
331.252
331.239
331.257
331.3
331.32
331.273
331.31
331.141
331.238
331.225
331.242
331.26
331.227
331.268
331.303
331.284
331.219
331.241
331.258
331.238
331.274
331.307
331.203
331.263
331.298
331.325
331.257
331.253
331.266
331.292
331.309
331.366
331.266
331.293
331.186
331.222
331.228
331.306
331.362
331.238
331.252
331.291
331.216
331.275
331.257
331.27
331.219
331.345
331.324
331.307
331.265
331.22
331.268
331.252
331.292
331.332
331.216
331.246
331.298
331.244
331.26
331.321
331.298
331.269
331.293
331.316
331.198
331.234
331.26
331.249
331.214
331.259
331.236
331.222
331.23
331.256
331.265
331.301
331.184
331.318
331.282
331.286
331.266
331.254
331.324
331.279
331.244
331.304
331.252
331.28
331.279
331.299
331.293
331.252
331.309
331.293
331.292
331.267
331.271
331.288
331.246
331.279
331.283
331.276
331.211
331.251
331.187
331.263
331.349
331.321
331.286
331.266
331.229
331.274
331.212
331.224
331.282
331.31
331.236
331.232
331.242
331.229
331.255
331.296
331.207
331.235
331.276
331.245
331.346
331.324
331.284
331.333
331.271
331.289
331.271
331.285
331.363
331.298
331.272
331.259
331.262
331.217
331.281
331.27
331.329
331.215
331.254
331.228
331.236
331.311
331.209
331.269
331.2
331.213
331.179
331.322
331.231
331.273
331.239
331.286
331.294
331.219
331.211
331.278
331.246
331.204
331.359
331.275
331.282
331.267
331.228
331.293
331.311
331.262
331.246
331.259
331.284
331.191
331.213
331.308
331.24
331.2
331.241
331.247
331.227
331.277
331.233
331.281
331.306
331.198
331.25
331.227
331.306
331.248
331.304
331.235
331.274
331.299
331.268
331.254
331.231
331.249
331.236
331.262
331.266
331.235
331.2
331.15
331.266
331.25
331.196
331.197
331.211
331.244
331.228
331.255
331.344
331.34
331.313
331.381
331.34
331.278
331.284
331.246
331.284
331.248
331.319
331.31
331.274
331.296
331.249
331.274
331.31
331.219
331.188
331.205
331.336
331.23
331.222
331.237
331.351
331.239
331.271
331.194
331.306
331.309
331.284
331.281
331.293
331.248
331.332
331.279
331.293
331.289
331.236
331.173
331.199
331.255
331.232
331.231
331.281
331.307
331.277
331.27
331.226
331.244
331.246
331.206
331.276
331.278
331.289
331.251
331.308
331.243
331.292
331.304
331.158
331.266
331.204
331.391
331.31
331.289
331.27
331.27
331.214
331.289
331.284
331.25
331.216
331.225
331.275
331.196
331.217
331.28
331.255
331.247
331.303
331.225
331.232
331.21
331.278
331.273
331.287
331.283
331.284
331.302
331.215
331.28
331.283
331.26
331.386
331.303
331.291
331.274
331.159
331.257
331.299
331.255
331.254
331.202
331.257
331.287
331.311
331.262
331.281
331.254
331.235
331.212
331.183
331.272
331.339
331.262
331.258
331.275
331.265
331.213
331.304
331.327
331.335
331.242
331.274
331.295
331.251
331.307
331.266
331.288
331.256
331.306
331.226
331.281
331.304
331.287
331.27
331.301
331.215
331.249
331.209
331.233
331.271
331.264
331.325
331.277
331.262
331.252
331.277
331.352
331.269
331.266
331.253
331.258
331.263
331.321
331.341
331.329
331.289
331.221
331.269
331.224
331.29
331.29
331.259
331.305
331.307
331.31
331.248
331.264
331.212
331.233
331.367
331.222
331.299
331.297
331.308
331.311
331.299
331.215
331.268
331.263
331.25
331.192
331.253
331.209
331.244
331.3
331.26
331.273
331.318
331.266
331.252
331.28
331.248
331.27
331.262
331.318
331.341
331.201
331.313
331.297
331.327
331.319
331.295
331.237
331.204
331.216
331.206
331.365
331.352
331.214
331.275
331.324
331.285
331.219
331.232
331.283
331.23
331.243
331.267
331.294
331.224
331.3
331.259
331.25
331.246
331.24
331.164
331.255
331.319
331.236
331.309
331.173
331.197
331.241
331.281
331.22
331.209
331.324
331.286
331.234
331.265
331.307
331.319
331.35
331.262
331.326
331.342
331.289
331.321
331.289
331.245
331.292
331.37
331.239
331.288
331.358
331.23
331.209
331.277
331.264
331.223
331.194
331.273
331.294
331.305
331.259
331.21
331.28
331.266
331.248
331.266
331.285
331.267
331.222
331.198
331.244
331.321
331.297
331.324
331.18
331.234
331.278
331.312
331.26
331.234
331.258
331.293
331.294
331.241
331.292
331.282
331.217
331.184
331.228
331.327
331.225
331.397
331.257
331.213
331.269
331.327
331.287
331.23
331.281
331.316
331.268
331.362
331.292
331.208
331.277
331.269
331.211
331.207
331.333
331.274
331.248
331.242
331.347
331.274
331.22
331.225
331.314
331.268
331.268
331.311
331.295
331.252
331.267
331.309
331.284
331.267
331.336
331.273
331.27
331.277
331.292
332.903
331.375
331.277
331.263
331.223
331.229
331.16
331.246
331.256
331.314
331.305
331.236
331.22
331.2
331.249
331.196
331.22
331.217
331.243
331.266
331.247
331.249
331.288
331.295
331.203
331.28
331.261
331.236
331.265
331.324
331.316
331.331
331.261
331.253
331.268
331.194
331.163
331.263
331.318
331.286
331.312
331.311
331.229
331.278
331.28
331.282
331.274
331.263
331.25
331.252
331.198
331.317
331.275
331.241
331.301
331.246
331.241
331.273
331.254
331.215
331.216
331.202
331.358
331.241
331.212
331.222
331.27
331.272
331.317
331.229
331.252
331.21
331.257
331.261
331.229
331.254
331.305
331.306
331.268
331.234
331.291
331.271
331.324
331.29
331.261
331.237
331.262
331.32
331.28
331.268
331.269
331.199
331.336
331.286
331.271
331.31
331.251
331.202
331.292
331.239
331.239
331.246
331.303
331.324
331.325
331.309
331.337
331.203
331.261
331.296
331.222
331.264
331.281
331.266
331.253
331.226
331.3
331.329
331.226
331.297
331.286
331.343
331.284
331.266
331.351
331.232
331.182
331.262
331.295
331.253
331.235
331.284
331.267
331.329
331.231
331.261
331.279
331.263
331.301
331.281
331.282
331.221
331.316
331.307
331.228
331.258
331.298
331.276
331.251
331.22
331.237
331.275
331.344
331.284
331.255
331.27
331.168
331.264
331.263
331.27
331.243
331.19
331.286
331.227
331.272
331.345
331.34
331.271
331.24
331.292
331.3
331.268
331.254
331.282
331.313
331.288
331.28
331.295
331.519
331.319
331.273
331.269
331.25
331.293
331.284
331.307
331.322
331.293
331.276
331.254
331.229
331.258
331.27
331.291
331.276
331.235
331.215
331.257
331.237
331.258
331.29
331.325
331.323
331.229
331.332
331.373
331.298
331.284
331.267
331.227
331.253
331.229
331.286
331.223
331.228
331.303
331.272
331.267
331.239
331.299
331.227
331.274
331.251
331.352
331.226
331.318
331.289
331.33
331.241
331.224
331.282
331.274
331.286
331.285
331.283
331.298
331.282
331.21
331.268
331.296
331.254
331.264
331.284
331.234
331.223
331.213
331.271
331.241
331.309
331.238
331.255
331.281
331.287
331.333
331.349
331.281
331.294
331.234
331.226
331.251
331.293
331.252
331.335
331.268
331.262
331.268
331.277
331.272
331.283
331.268
331.268
331.245
331.263
331.262
331.214
331.259
331.216
331.224
331.274
331.314
331.226
331.251
331.3
331.261
331.251
331.319
331.194
331.277
331.315
331.227
331.284
331.292
331.234
331.305
331.228
331.259
331.3
331.281
331.365
331.28
331.299
331.264
331.254
331.312
331.308
331.233
331.199
331.284
331.28
331.247
331.329
331.326
331.305
331.264
331.26
331.216
331.282
331.282
331.186
331.192
331.263
331.251
331.227
331.246
331.245
331.299
331.222
331.246
331.279
331.195
331.35
331.276
331.267
331.28
331.331
331.311
331.241
331.247
331.228
331.315
331.323
331.234
331.189
331.35
331.312
331.25
331.242
331.212
331.256
331.254
331.229
331.252
331.255
331.274
331.356
331.241
331.349
331.242
331.323
331.231
331.286
331.238
331.265
331.292
331.267
331.241
331.252
331.248
331.259
331.33
331.271
331.288
331.257
331.271
331.297
331.28
331.323
331.209
331.267
331.257
331.343
331.269
331.258
331.372
331.271
331.297
331.319
331.318
331.337
331.264
331.312
331.321
331.285
331.287
331.268
331.263
331.273
331.248
331.225
331.292
331.257
331.233
331.251
331.247
331.308
331.349
331.227
331.246
331.315
331.243
331.193
331.274
331.27
331.293
331.266
331.219
331.245
331.319
331.271
331.291
331.192
331.294
331.307
331.298
331.289
331.226
331.247
331.191
331.301
331.304
331.292
331.298
331.278
331.247
331.286
331.313
331.233
331.306
331.237
331.262
331.302
331.312
331.268
331.226
331.292
331.247
331.283
331.23
331.258
331.232
331.251
331.179
331.29
331.359
331.311
331.289
331.22
331.257
331.33
331.174
331.239
331.263
331.263
331.251
331.332
331.257
331.226
331.268
331.278
331.234
331.338
331.247
331.313
331.333
331.271
331.287
331.265
331.306
331.266
331.289
331.19
331.226
331.333
331.235
331.203
331.299
331.269
331.276
331.207
331.235
331.295
331.261
331.205
331.232
331.191
331.32
331.246
331.281
331.272
331.318
331.329
331.271
331.252
331.246
331.258
331.272
331.279
331.287
331.234
331.257
331.24
331.267
331.261
331.259
331.26
331.31
331.247
331.27
331.303
331.269
331.232
331.139
331.179
331.231
331.257
331.244
331.298
331.363
331.342
331.353
331.278
331.353
331.268
331.231
331.241
331.232
331.26
331.155
331.312
331.267
331.284
331.271
331.322
331.355
331.293
331.266
331.281
331.298
331.232
331.217
331.194
331.105
331.21
331.239
331.25
331.275
331.279
331.303
331.333
331.338
331.343
331.363
331.288
331.357
331.322
331.269
331.223
331.273
331.214
331.268
331.265
331.23
331.184
331.271
331.291
331.311
331.289
331.229
331.302
331.246
331.285
331.359
331.23
331.317
331.223
331.24
331.275
331.28
331.335
331.292
331.243
331.294
331.301
331.188
331.218
331.293
331.289
331.3
331.339
331.373
331.445
331.232
331.24
331.292
331.266
331.223
331.332
331.238
331.248
331.287
331.272
331.295
331.29
331.278
331.262
331.272
331.292
331.276
331.266
331.288
331.314
331.244
331.272
331.275
331.328
331.215
331.187
331.241
331.226
331.274
331.291
331.265
331.277
331.261
331.481
331.301
331.254
331.316
331.228
331.279
331.461
331.214
331.339
331.337
331.268
331.323
331.269
331.242
331.222
331.299
331.32
331.263
331.293
331.177
331.234
331.29
331.235
331.278
331.556
331.301
331.325
331.272
331.245
331.183
331.282
331.174
331.27
331.248
331.35
331.283
331.274
331.298
331.231
331.195
331.206
331.26
331.253
331.244
331.291
331.268
331.314
331.313
331.254
331.298
331.326
331.246
331.343
331.193
331.28
331.213
331.277
331.277
331.232
331.209
331.333
331.258
331.217
331.25
331.248
331.308
331.436
331.297
331.313
331.244
331.193
331.202
331.287
331.282
331.295
331.36
331.328
331.252
331.189
331.233
331.313
331.261
331.346
331.209
331.258
331.275
331.312
331.284
331.243
331.314
331.285
331.284
331.338
331.3
331.201
331.275
331.292
331.178
331.234
331.198
331.217
331.306
331.248
331.191
331.289
331.241
331.265
331.268
331.244
331.284
331.277
331.277
331.214
331.275
331.243
331.235
331.317
331.205
331.243
331.34
331.249
331.3
331.247
331.307
331.274
331.33
331.255
331.298
331.327
331.302
331.265
331.283
331.233
331.28
331.216
331.329
331.301
331.227
331.244
331.224
331.304
331.247
331.221
331.325
331.312
331.309
331.392
331.307
331.235
331.301
331.277
331.256
331.283
331.281
331.256
331.359
331.343
331.273
331.229
331.357
331.27
331.235
331.296
331.237
331.31
331.334
331.258
331.167
331.288
331.263
331.241
331.206
331.309
331.294
331.312
331.215
331.285
331.328
331.272
331.209
331.305
331.263
331.274
331.23
331.28
331.246
331.256
331.273
331.315
331.177
331.249
331.196
331.238
331.249
331.3
331.362
331.261
331.206
331.279
331.284
331.266
331.228
331.319
331.306
331.259
331.213
331.311
331.282
331.223
331.258
331.242
331.346
331.325
331.297
331.308
331.308
331.236
331.235
331.279
331.211
331.243
331.318
331.361
331.377
331.284
331.292
331.36
331.288
331.301
331.329
331.284
331.302
331.263
331.237
331.233
331.234
331.299
331.236
331.272
331.245
331.196
331.228
331.283
331.236
331.197
331.205
331.295
331.302
331.246
331.31
331.247
331.254
331.223
331.325
331.353
331.205
331.285
331.242
331.241
331.248
331.344
331.27
331.301
331.26
331.304
331.369
331.237
331.222
331.238
331.257
331.295
331.296
331.293
331.253
331.312
331.346
331.265
331.267
331.326
331.255
331.226
331.225
331.252
331.238
331.189
331.37
331.29
331.297
331.238
331.285
331.241
331.281
331.635
331.204
331.213
331.282
331.337
331.236
331.247
331.288
331.284
331.343
331.269
331.27
331.302
331.342
331.186
331.292
331.233
331.231
331.266
331.27
331.237
331.262
331.299
331.343
331.276
331.293
331.344
331.298
331.297
331.202
331.259
331.191
331.298
331.207
331.225
331.261
331.318
331.307
331.302
331.243
331.341
331.302
331.255
331.302
331.301
331.183
331.348
331.285
331.352
331.294
331.346
331.235
331.281
331.29
331.244
331.257
331.214
331.265
331.236
331.317
331.273
331.289
331.247
331.281
331.332
331.339
331.314
331.315
331.307
331.216
331.233
331.3
331.296
331.285
331.274
331.248
331.541
331.304
331.238
331.24
331.281
331.217
331.227
331.322
331.235
331.271
331.205
331.263
331.19
331.248
331.238
331.275
331.235
331.301
331.355
331.237
331.3
331.292
331.321
331.295
331.281
331.314
331.247
331.232
331.209
331.228
331.281
331.218
331.279
331.324
331.32
331.26
331.27
331.231
331.268
331.232
331.239
331.238
331.309
331.315
331.287
331.242
331.267
331.315
331.359
331.234
331.458
331.247
331.185
331.216
331.237
331.313
331.306
331.257
331.356
331.286
331.23
331.283
331.248
331.205
331.214
331.284
331.279
331.351
331.313
331.251
331.286
331.383
331.251
331.242
331.304
331.238
331.192
331.302
331.26
331.294
331.283
331.288
331.268
331.296
331.302
331.31
331.265
331.266
331.359
331.256
331.291
331.195
331.22
331.258
331.244
331.298
331.258
331.229
331.235
331.149
331.22
331.287
331.319
331.289
331.318
331.225
331.258
331.267
331.279
331.308
331.306
331.372
331.255
331.26
331.35
331.317
331.286
331.246
331.303
331.352
331.249
331.272
331.295
331.311
331.315
331.262
331.364
331.244
331.325
331.298
331.279
331.284
331.213
331.225
331.24
331.228
331.309
331.271
331.265
331.213
331.272
331.332
331.285
331.358
331.266
331.715
331.252
331.187
331.198
331.174
331.307
331.274
331.231
331.298
331.253
331.274
331.309
331.254
331.239
331.254
331.333
331.281
331.244
331.21
331.216
331.299
331.186
331.27
331.232
331.165
331.274
331.311
331.286
331.298
331.209
331.297
331.266
331.271
331.338
331.31
331.271
331.369
331.255
331.227
331.283
331.201
331.281
331.229
331.237
331.337
331.23
331.233
331.26
331.327
331.321
331.214
331.244
331.227
331.291
331.25
331.268
331.293
331.19
331.243
331.228
331.277
331.301
331.246
331.242
331.26
331.341
331.275
331.243
331.281
331.275
331.245
331.258
331.237
331.216
331.289
331.242
331.265
331.236
331.27
331.3
331.287
331.191
331.301
331.282
331.273
331.229
331.319
331.317
331.296
331.26
331.257
331.317
331.294
331.171
331.236
331.279
331.268
331.261
331.251
331.265
331.213
331.303
331.259
331.238
331.15
331.206
331.259
331.336
331.526
331.381
331.319
331.283
331.233
331.227
331.209
331.213
331.226
331.258
331.261
331.272
331.292
331.299
331.32
331.287
331.271
331.198
331.276
331.297
331.297
331.299
331.311
331.237
331.294
331.249
331.284
331.325
331.285
331.305
331.264
331.245
331.222
331.272
331.288
331.341
331.283
331.349
331.239
331.32
331.257
331.231
331.24
331.341
331.431
331.266
331.254
331.221
331.249
331.27
331.244
331.29
331.289
331.206
331.292
331.243
331.339
331.263
331.354
331.28
331.298
331.305
331.307
331.275
331.355
331.302
331.282
331.242
331.288
331.319
331.263
331.268
331.26
331.207
331.232
331.385
331.301
331.406
331.229
331.258
331.668
331.218
331.234
331.221
331.296
331.316
331.303
331.245
331.318
331.259
331.253
331.262
331.246
331.306
331.287
331.207
331.465
331.299
331.325
331.209
331.328
331.224
331.262
331.283
331.281
331.304
331.268
331.279
331.217
331.25
331.227
331.312
331.334
331.299
331.324
331.245
331.27
331.295
331.246
331.18
331.33
331.268
331.255
331.295
331.19
331.33
331.245
331.248
331.386
331.319
331.26
331.285
331.329
331.245
331.259
331.253
331.213
331.339
331.385
331.363
331.364
331.326
331.273
331.268
331.267
331.36
331.353
331.293
331.257
331.239
331.234
331.227
331.294
331.289
331.227
331.28
331.295
331.272
331.23
331.258
331.253
331.357
331.292
331.232
331.247
331.3
331.296
331.265
331.246
331.241
331.3
331.258
331.275
331.242
331.243
331.29
331.283
331.283
331.255
331.264
331.289
331.256
331.295
331.249
331.283
331.256
331.282
331.257
331.219
331.226
331.308
331.211
331.329
331.288
331.313
331.303
331.294
331.274
331.246
331.235
331.265
331.192
331.174
331.174
331.286
331.236
331.235
331.248
331.303
331.318
331.24
331.215
331.212
331.217
331.276
331.295
331.308
331.219
331.268
331.258
331.242
331.264
331.317
331.291
331.279
331.265
331.315
331.319
331.249
331.315
331.334
331.26
331.272
331.33
331.391
331.274
331.289
331.234
331.236
331.231
331.368
331.345
331.284
331.321
331.296
331.236
331.245
331.289
331.287
331.258
331.235
331.287
331.282
331.235
331.223
331.263
331.282
331.273
331.312
331.29
331.245
331.309
331.339
331.315
331.317
331.271
331.257
331.281
331.236
331.265
331.261
331.259
331.288
331.289
331.268
331.313
331.287
331.275
331.288
331.265
331.241
331.235
331.24
331.318
331.268
331.259
331.261
331.249
331.37
331.287
331.275
331.3
331.226
331.274
331.234
331.28
331.303
331.298
331.295
331.262
331.326
331.356
331.305
331.26
331.303
331.219
331.281
331.269
331.275
331.263
331.309
331.269
331.284
331.282
331.32
331.333
331.262
331.278
331.26
331.226
331.263
331.238
331.305
331.339
331.321
331.248
331.175
331.269
331.273
331.242
331.257
331.267
331.306
331.383
333.222
331.271
332.283
331.29
331.291
331.307
331.298
331.289
331.316
331.227
331.265
331.206
331.316
331.318
331.319
331.282
331.252
331.271
331.299
331.223
331.636
331.308
331.294
331.259
331.255
331.264
331.274
331.361
331.311
331.275
331.666
331.278
331.307
331.351
331.299
331.298
331.242
331.324
331.369
331.285
331.315
331.296
331.27
331.297
331.229
331.206
331.227
331.264
331.32
331.311
331.233
331.267
331.311
331.228
331.255
331.334
331.788
331.297
331.208
331.234
331.318
331.317
331.29
331.28
331.259
331.35
331.234
331.295
331.304
331.298
331.263
331.258
331.216
331.257
331.22
331.283
331.305
331.251
331.301
331.207
331.272
331.258
331.272
331.274
331.251
331.229
331.244
331.275
331.288
331.275
331.22
331.209
331.241
331.218
331.315
331.343
331.223
331.287
331.296
331.283
331.288
331.275
331.201
331.297
331.289
331.276
331.331
331.32
331.295
331.285
331.321
331.277
331.297
331.29
331.332
331.297
331.319
331.261
331.257
331.243
331.253
331.218
331.233
331.236
331.236
331.298
331.284
331.311
331.263
331.284
331.278
331.289
331.266
331.341
331.279
331.234
331.249
331.253
331.238
331.362
331.341
331.355
331.324
331.301
331.282
331.361
331.243
331.304
331.251
331.258
331.248
331.272
331.348
331.376
331.321
331.263
331.23
331.282
331.303
331.284
331.258
331.271
331.238
331.338
331.272
331.311
331.223
331.34
331.197
331.254
331.321
331.292
331.299
331.353
331.277
331.221
331.282
331.344
331.317
331.313
331.356
331.358
331.298
331.314
331.299
331.319
331.252
331.255
331.32
331.226
331.207
331.258
331.225
331.233
331.314
331.266
331.211
331.318
331.201
331.296
331.185
331.306
331.343
331.345
331.242
331.308
331.294
331.239
331.264
331.26
331.333
331.263
331.274
331.251
331.345
331.225
331.319
331.233
331.316
331.3
331.252
331.205
331.259
331.177
331.236
331.264
331.284
331.306
331.275
331.276
331.288
331.301
331.245
331.271
331.304
331.252
331.332
331.317
331.332
331.312
331.254
331.281
331.252
331.23
331.261
331.236
331.299
331.267
331.278
331.227
331.298
331.227
331.26
331.24
331.283
331.285
331.279
331.31
331.275
331.341
331.264
331.286
331.264
331.295
331.27
331.262
331.261
331.284
331.289
331.276
