92.6721
92.7003
92.6504
92.6866
92.7233
92.1825
92.2094
91.846
91.6934
90.8788
90.639
90.6792
90.6323
90.695
90.3556
89.8397
89.5582
89.1608
89.1305
88.8633
88.5513
88.6166
88.5713
88.3065
88.1909
87.9592
87.8798
87.7594
87.5206
87.5261
87.6351
87.5993
87.6289
87.4977
87.3429
87.1404
86.7496
86.7879
86.7098
86.4964
86.364
86.3717
86.3884
86.2886
86.2659
86.3009
86.2475
86.2006
86.2076
86.1373
86.1451
86.1652
86.1332
86.1864
86.1667
86.1811
86.1366
86.1025
86.0418
86.0328
86.0092
86.0082
85.9995
85.9869
86.002
85.9794
85.9651
85.9692
85.973
85.968
85.9736
85.9695
85.9941
85.9831
85.9656
85.9969
85.9907
86.0451
85.9472
85.9573
85.9357
85.9606
85.9804
85.983
85.9684
85.9695
85.9543
85.956
85.9647
85.9564
85.9401
85.9665
85.9534
85.9477
85.9386
85.933
85.9517
85.9745
85.9386
85.9361
85.9522
85.9683
85.9655
85.967
85.9673
85.9363
85.9446
85.9478
85.9362
85.9341
85.9521
85.9643
85.9426
85.9321
85.9412
85.942
85.9324
85.9327
85.9414
85.924
85.9246
85.9313
85.9131
85.9205
85.9317
85.9106
85.9474
85.9249
85.9282
85.9328
85.9204
85.9161
85.92
85.9267
85.9339
85.9163
85.9184
85.9259
85.9114
85.9315
85.9246
85.9236
85.9244
85.9402
85.9138
85.9122
85.911
85.9061
85.9018
85.9002
85.9274
85.9181
85.9216
85.9198
85.9335
85.9315
85.9277
85.9123
85.9583
85.9362
85.9661
85.9589
85.9538
85.9604
85.9841
85.9918
85.9519
85.9595
85.9552
85.9578
85.9329
85.9376
85.9472
85.9372
85.9516
85.9709
85.9274
85.9363
85.9402
85.9275
85.9462
85.9239
85.9296
85.9217
85.9422
85.9463
85.9181
85.9227
85.931
85.9158
85.9271
85.9218
85.9196
85.9306
85.9335
85.9014
85.9119
85.9212
85.9204
85.9163
85.9186
85.9173
85.9269
85.9382
85.9248
85.9159
85.9101
85.9078
85.8951
85.9014
85.8983
85.9274
85.896
85.9011
85.8971
85.9096
85.8851
85.8875
85.8981
85.8792
85.893
85.9007
85.919
85.8885
85.8943
85.9042
85.9009
85.8855
85.8888
85.9065
85.882
85.8983
85.8915
85.8897
85.8904
85.9096
85.8959
85.8883
85.892
85.8933
85.9021
85.9196
85.9202
85.949
85.9568
85.9503
85.9659
85.9357
85.9298
85.9126
85.9033
85.9005
85.9025
85.9122
85.9452
85.9031
85.9211
85.9453
85.9528
85.9578
85.9565
85.9804
85.9662
85.9173
85.9399
85.9148
85.899
85.8973
85.9408
85.8963
85.9303
85.9132
85.9077
85.9196
85.9069
85.9273
85.9293
85.9085
85.9144
85.9005
85.9055
85.8834
85.8798
85.9
85.8848
85.9106
85.8863
85.8922
85.8995
85.906
85.8832
85.8929
85.904
85.8827
85.9362
85.8795
85.9031
85.8985
85.9095
85.9137
85.9034
85.9001
85.894
85.8928
85.8762
85.8917
85.8928
85.9007
85.8956
85.9055
85.9027
85.898
85.8934
85.9105
85.923
85.9103
85.8766
85.8967
85.8688
85.9023
85.889
85.8942
85.8786
85.882
85.8891
85.8817
85.8731
85.8864
85.8871
85.8835
85.8731
85.8912
85.8818
85.9164
85.9002
85.9154
85.8879
85.8975
85.8942
85.8869
85.8703
85.8776
85.878
85.8641
85.8706
85.8779
85.8836
85.9207
85.8799
85.886
85.858
85.8693
85.8768
85.8725
85.8866
85.8645
85.8723
85.8841
85.8817
85.864
85.8817
85.8675
85.881
85.8643
85.862
85.8713
85.8808
85.8622
85.8762
85.844
85.8546
85.8632
85.8695
85.8795
85.8798
85.8749
85.8681
85.8717
85.8609
85.8448
85.8428
85.8583
85.8523
85.9359
85.8601
85.8605
85.8856
85.8254
85.8504
85.8613
85.8692
85.8564
85.8522
85.8629
85.853
85.8442
85.8543
85.8351
85.8387
85.8451
85.8462
85.8417
85.8572
85.8428
85.8546
85.8525
85.8463
85.8426
85.837
85.8422
85.8475
85.8452
85.8479
85.8177
85.8418
85.8384
85.9549
86.11
86.0722
86.0392
86.1939
86.1875
86.1684
85.8759
85.8292
85.825
85.8204
85.8282
85.8366
85.8154
85.8071
85.8334
85.8128
85.8222
85.8234
85.8135
85.8192
85.8052
85.8175
85.8164
85.8176
85.8155
85.8197
85.826
85.8216
85.842
85.826
85.822
85.8161
85.8602
85.8221
85.8265
85.8303
85.8163
85.81
85.8141
85.8037
85.8122
85.8001
85.8006
85.8178
85.8115
85.8089
85.8262
85.813
85.8292
85.8245
85.8477
85.8338
85.8032
85.8122
85.812
85.812
85.8032
85.8036
85.8029
85.8055
85.8013
85.808
85.8087
85.7964
85.7899
85.8032
85.791
85.783
85.833
85.8245
85.8213
85.8081
85.8359
85.8295
85.8342
85.8246
85.7903
85.8093
85.7895
85.802
85.8374
85.8054
85.8138
85.8245
85.8371
85.8309
85.8581
85.819
85.7997
85.8205
85.8008
85.7991
85.8046
85.8101
85.8131
85.8156
85.8019
85.7983
85.7878
85.7943
85.7999
85.7946
85.7907
85.7935
85.7903
85.7935
85.8172
85.8071
85.7913
85.8157
85.8054
85.7899
85.7957
85.8017
85.8147
85.7938
85.8231
85.8386
85.8582
85.8757
85.8447
85.8978
85.9572
85.9426
85.9337
85.9398
85.9472
85.8886
85.9096
85.8696
85.8642
85.854
85.8368
85.8304
85.8233
85.8287
85.8117
85.823
85.8438
85.8365
85.8082
85.812
85.8082
85.8124
85.8095
85.7944
85.8173
85.8069
85.8022
85.8035
85.8162
85.8155
85.8239
85.8573
85.8312
85.8459
85.8512
85.9171
85.9147
85.8811
85.8376
85.8441
85.8212
85.8628
85.8661
85.8857
85.9191
85.7879
85.8033
85.8773
85.8992
85.877
85.8126
85.7927
85.7963
85.7959
85.7835
85.7817
85.7851
85.7792
85.8019
85.8129
85.8025
85.7832
85.7767
85.7957
85.7834
85.7859
85.7827
85.7947
85.7875
85.7767
85.7802
85.7903
85.7957
85.7734
85.7781
85.7744
85.7759
85.783
85.7695
85.7938
85.8032
85.7843
85.7978
85.7853
85.7898
85.7953
85.7789
85.8049
85.8011
85.7875
85.7822
85.8063
85.8095
85.7971
85.7897
85.7865
85.7879
85.7882
85.7701
85.7895
85.7795
85.7913
85.7933
85.8017
85.7985
85.8126
85.8112
85.8279
85.8427
85.8249
85.7772
85.7716
85.7708
85.7955
85.784
85.7832
85.8358
85.8112
85.7977
85.789
85.7786
85.7837
85.7741
85.7783
85.7669
85.7647
85.7711
85.781
85.7708
85.765
85.7825
85.8195
85.8168
85.8096
85.8196
85.8177
85.8206
85.8234
85.8208
85.8295
85.8568
85.8552
85.8477
85.8464
85.8514
85.9324
85.8268
85.8637
85.8303
85.8916
85.8448
85.8129
85.8123
85.8205
85.8312
85.8822
85.872
85.8009
85.8176
85.802
85.7876
85.7858
85.7807
85.7974
85.7858
85.7838
85.7835
85.7782
85.7762
85.7771
85.7783
85.7852
85.7694
85.781
85.7865
85.7935
85.794
85.7833
85.781
85.7808
85.776
85.7692
85.7779
85.7834
85.7784
85.7846
85.7756
85.78
85.781
85.7721
85.7919
85.7681
85.7699
85.7574
85.7705
85.77
85.7827
85.7811
85.7932
85.7953
85.8076
85.7728
85.7666
85.7838
85.7699
85.7883
85.7886
85.7899
85.7677
85.7705
85.7809
85.7873
85.7769
85.7867
85.7819
85.7725
85.772
85.7953
85.7792
85.7788
85.7688
85.7726
85.7772
85.7723
85.787
85.7863
85.7702
85.7738
85.77
85.7869
85.7714
85.7978
85.7909
85.8021
85.8035
85.8271
85.8297
85.8525
85.7947
85.7829
85.815
85.7728
85.7778
85.7837
85.7845
85.7921
85.7967
85.8385
85.8458
85.7769
85.7736
85.7695
85.7835
85.775
85.7807
85.7913
85.7746
85.7855
85.7856
85.7735
85.78
85.7785
85.781
85.7757
85.7821
85.7689
85.7797
85.7952
85.7756
85.7803
85.7736
85.7771
85.7851
85.7808
85.7801
85.8025
85.7878
85.8028
85.7962
85.7703
85.7743
85.7696
85.7671
85.7739
85.7825
85.7849
85.7684
85.7786
85.7821
85.7817
85.7725
85.7861
85.7738
85.7644
85.776
85.7769
85.7809
85.7787
85.7781
85.7727
85.7829
85.7656
85.7693
85.769
85.7722
85.7814
85.769
85.8002
85.7722
85.7786
85.7905
85.7936
85.8012
85.7822
85.8052
85.8096
85.8156
86.6162
86.6245
86.6449
86.3395
86.0858
86.0876
86.0789
86.1669
85.987
85.9003
85.8521
85.8501
85.8313
85.9115
85.8785
85.8831
85.8578
85.823
85.8231
85.8228
85.8282
85.8506
85.8185
85.7906
85.8035
85.7922
85.7996
85.7621
85.7558
85.7635
85.7782
85.7769
85.7932
85.7526
85.7565
85.7588
85.7578
85.7434
85.7537
85.757
85.7532
85.7537
85.7725
85.7738
85.7849
85.7721
85.7742
85.7548
85.7482
85.7391
85.7486
85.7602
85.753
85.7595
85.759
85.751
85.7552
85.7498
85.7564
85.7578
85.7529
85.7552
85.7622
85.7878
85.7794
85.778
85.773
85.7717
85.7689
85.7612
85.7596
85.7535
85.7578
85.76
85.7757
85.782
85.7727
85.7622
85.8456
85.7681
85.7629
85.7489
85.7502
85.7495
85.7901
85.7803
85.7879
85.8212
85.7802
85.729
85.7471
85.7466
85.7706
85.7615
85.7509
85.7617
85.7577
85.7406
85.7513
85.7439
85.7604
85.7664
85.7676
85.7938
85.7779
85.7618
85.7798
85.778
85.7954
85.7877
85.7529
85.7564
85.747
85.7399
85.7378
85.7451
85.7412
85.7403
85.7476
85.7469
85.7553
85.7506
85.7502
85.7384
85.7583
85.7415
85.7374
85.7497
85.7543
85.7497
85.7457
85.7388
85.7474
85.7457
85.7417
85.7413
85.749
85.7363
85.7499
85.7738
85.7552
85.7546
85.7604
85.7714
