3.2833
3.1374
3.08002
3.06173
3.04971
3.04841
3.04076
3.03974
3.03558
3.03615
3.03455
3.03481
3.03439
3.03162
3.02991
3.02976
3.02377
3.05781
3.03569
3.0126
3.00956
3.00695
2.99959
3.00173
3.00103
2.99977
3.00017
2.99668
2.99782
2.99524
2.99545
2.99756
2.99609
2.99773
2.99539
2.99506
2.99653
2.99788
2.99698
2.9981
2.99786
2.99885
2.99833
2.99415
2.9972
2.99786
2.99562
2.99555
2.99735
2.99364
2.99739
2.99562
2.99257
2.99593
2.99215
2.99544
2.99607
2.99596
2.99745
2.99714
2.99733
2.99981
2.99425
2.9961
2.9981
2.9965
2.9936
2.99281
2.99656
2.99679
2.99446
2.99491
2.99318
2.99638
2.99327
2.99516
2.99398
2.99489
2.99341
2.9939
2.99346
2.99368
2.99265
2.99311
2.99421
2.99676
2.9957
2.99583
2.99271
2.99391
2.99589
2.9963
2.99674
2.99303
2.99372
2.99527
2.99442
2.9951
2.99681
2.99342
