805.645
158.81
158.761
158.755
158.963
158.736
158.797
158.902
158.874
158.826
158.902
158.79
158.815
158.93
158.797
159.04
158.821
158.763
158.874
158.71
158.878
158.908
158.809
158.71
158.885
159.448
158.895
158.713
158.813
158.706
158.873
158.818
158.752
158.845
158.682
158.804
158.804
158.715
158.859
158.739
158.822
158.783
158.857
158.871
158.908
158.635
159.023
158.558
158.805
158.827
158.707
158.817
158.759
158.916
158.833
158.724
158.904
158.607
159.377
159.004
158.727
159.743
158.69
158.765
158.892
158.744
158.927
158.808
158.898
158.875
158.872
158.832
158.772
158.698
158.83
158.778
158.778
158.879
158.956
158.923
158.789
158.791
158.848
158.82
158.837
158.634
158.717
158.843
158.827
158.526
158.869
158.787
158.808
158.769
158.797
158.795
158.761
158.706
158.558
158.85
158.867
158.749
158.841
158.914
158.765
158.693
160.075
158.882
158.69
158.931
158.413
158.839
158.734
158.842
159.079
158.763
158.844
158.865
158.78
158.919
158.834
158.92
158.787
158.665
158.776
158.989
159.109
158.674
158.762
159.104
158.789
158.797
158.898
158.808
158.785
158.829
158.77
158.788
159.034
158.885
158.633
158.866
158.869
158.816
158.825
158.793
158.819
158.749
158.806
158.865
158.737
158.843
158.814
158.858
158.819
158.861
158.553
158.791
158.784
158.651
158.622
158.84
158.731
158.67
158.708
158.601
158.654
158.828
158.74
158.838
158.754
158.791
158.734
158.72
158.662
158.916
158.718
158.854
158.248
158.916
158.978
158.673
158.722
158.727
158.731
159.023
158.708
158.614
158.709
158.764
