300.485
261.791
257.947
255.923
254.636
253.833
253.935
253.393
252.431
252.544
252.771
252.351
251.614
251.61
252.179
251.905
251.862
251.781
251.609
251.05
251.097
251.68
251.776
251.027
251.142
251.143
251.301
250.831
251.225
250.917
250.504
250.923
250.627
250.62
250.505
250.47
250.494
250.45
251.014
250.691
250.374
250.027
250.203
250.558
250.176
250.071
249.838
249.934
250.379
250.118
250.035
250.173
250.382
250.223
249.782
249.705
249.639
249.666
249.405
249.24
249.329
249.154
248.957
249.395
249.091
249.208
248.626
248.666
248.806
248.709
248.569
248.648
248.039
248.324
247.743
248.466
248.27
248.196
248.28
247.8
247.731
247.886
248.403
247.849
247.896
247.918
247.791
247.835
248.006
248.127
247.501
246.975
247.764
247.232
247.06
247.738
247.286
246.818
247.26
246.475
246.661
247.106
246.99
246.784
246.616
246.488
246.438
246.295
246.69
246.935
247.035
246.346
246.141
246.503
246.099
246.351
245.721
245.976
245.939
245.842
245.978
245.594
245.846
245.46
245.725
245.257
245.511
245.593
245.664
245.442
245.667
245.094
245.067
245.299
245.301
245.135
245.283
244.728
244.973
245.073
244.607
244.13
244.454
244.187
244.122
244.052
244.403
244.234
243.983
243.842
244.168
244.192
244.072
244.288
244.111
244.455
243.872
244.396
243.861
243.34
243.581
243.421
243.498
243.755
242.977
243.612
243.32
243.145
243.124
243.189
243.141
242.986
242.578
242.524
242.699
242.754
242.682
243.325
243.109
242.784
243.09
242.95
242.864
242.443
242.252
242.088
241.94
242.027
241.89
242.513
241.836
241.762
242.112
242.063
241.943
241.813
241.388
241.679
241.198
241.628
241.153
241.489
241.195
241.829
241.922
241.3
241.328
241.081
240.771
240.518
240.751
241.109
240.745
241.351
241.098
240.352
240.693
240.663
240.882
240.69
240.562
240.23
240.33
240.239
240.667
240.15
240.03
239.787
239.796
239.638
240.226
239.538
239.679
239.73
239.596
240.12
239.725
239.852
239.496
239.769
240.001
239.351
239.475
239.133
239.021
239.316
239.015
239.208
239.686
239.04
239.199
238.902
239.638
239.224
238.628
238.625
238.586
239.116
239.03
238.677
238.841
238.645
238.506
238.538
238.472
238.551
238.424
238.459
238.322
237.982
238.532
237.782
237.32
238.075
238.119
237.928
238.205
237.77
237.757
237.493
237.451
237.544
237.561
237.786
237.672
237.809
237.27
236.74
237.274
237.145
237.102
237.225
237.186
237.145
237.232
237.101
237.045
236.95
237.022
237.228
237.04
237.013
236.441
236.812
236.562
236.42
236.581
236.412
236.256
236.381
236.392
236.293
236.362
235.796
236.314
236.636
236.272
236.541
235.987
236.051
236.026
235.686
236.156
235.843
235.715
236.054
235.496
235.614
235.422
235.925
235.51
235.537
235.342
235.72
235.711
235.588
235.327
235.429
235.325
235.612
235.445
235.209
235.078
235.341
234.933
235.489
235.244
235.102
235.357
235.033
235.209
235.263
234.957
234.837
234.535
234.779
234.825
234.703
234.287
234.38
234.891
234.584
234.337
234.67
234.792
234.361
234.471
234.419
234.391
233.731
234.37
233.977
234.167
234.035
234.112
234.023
234.052
234.184
234.083
233.973
233.941
233.827
233.911
234.034
233.624
233.949
233.717
233.56
233.663
233.613
233.764
233.765
233.414
233.739
233.546
233.104
233.36
233.513
233.221
233.321
233.353
233.258
233.467
232.971
233.135
233.146
232.785
232.73
233.293
233.109
233.164
233.115
232.991
232.964
233.001
233.033
232.91
232.591
232.475
232.628
232.736
232.939
232.517
232.623
232.743
232.622
233.089
232.53
232.767
232.229
232.214
232.777
232.177
232.45
232.423
232.189
232.293
232.096
232.049
232.337
232.217
232.029
231.872
232.199
232.373
231.89
232.031
232.167
232.136
232.083
231.833
232.149
231.989
231.71
231.611
231.649
231.918
231.669
231.758
231.831
231.77
231.547
231.518
231.634
231.414
231.512
231.459
231.576
232.14
231.586
231.02
231.126
231.392
231.468
231.432
231.155
231.234
231.046
231.167
231.132
231.122
230.987
230.889
231.003
231.193
230.95
231.345
231.253
231.161
231.208
231.106
230.999
231.034
231.047
231.179
231.015
230.775
230.95
230.868
230.899
230.71
230.596
230.685
230.837
230.992
230.738
230.799
230.662
230.443
230.508
230.726
230.588
230.422
230.435
230.662
230.51
230.74
230.27
230.37
230.624
230.287
230.277
230.225
230.261
230.139
230.152
230.1
230.561
230.115
230.162
230.38
230.521
230.249
230.078
230.06
230.133
230.276
229.807
229.974
229.716
229.706
229.947
230.033
230.127
230.029
229.825
229.924
229.725
229.759
229.64
229.721
229.848
229.612
230.082
229.566
229.968
229.654
229.911
229.779
229.667
229.653
229.322
229.315
229.449
229.568
229.255
229.626
229.414
229.121
229.383
228.971
229.611
229.416
229.67
229.866
229.222
229.409
229.543
229.233
229.001
229.424
229.512
229.356
229.123
229.24
229.422
229.236
229.07
228.995
229.077
228.947
228.84
229.172
229.116
229.153
229.024
229.121
229.12
228.977
228.92
228.923
228.894
229.239
229.189
229.129
229.047
228.864
228.893
228.912
228.926
228.783
228.846
228.445
228.693
228.788
228.737
228.484
228.545
228.459
228.736
228.578
228.971
228.525
228.552
228.619
228.611
228.629
228.766
228.35
228.621
228.506
228.556
228.776
228.492
228.39
228.712
228.421
228.414
228.259
228.187
228.557
228.605
228.283
228.428
228.321
228.302
228.1
228.288
228.193
228.369
228.174
228.094
228.422
228.177
228.155
227.914
228.139
228.091
228.35
228.199
228.012
227.861
228.009
227.865
228.264
228.034
227.99
228.288
228.053
228.264
227.902
228.095
228.07
227.818
227.901
227.782
228.118
228.126
228.121
228.089
227.861
228.668
227.822
228.084
227.742
227.941
228.077
228.066
227.772
228.001
227.986
227.642
227.636
227.658
227.993
227.972
228.181
227.754
227.609
227.734
227.506
227.871
227.543
227.691
227.958
227.48
227.853
227.557
227.79
227.56
227.583
227.588
227.633
227.487
227.406
227.451
227.617
227.478
227.427
227.405
227.499
227.422
227.242
227.478
227.466
227.672
227.428
227.44
227.204
227.334
227.491
227.473
227.51
227.284
227.32
227.327
227.595
227.418
227.342
227.53
227.3
227.372
227.28
227.317
227.23
227.368
227.359
227.338
227.292
227.237
227.378
227.228
226.945
227.275
227.216
227.375
227.447
227.277
227.104
227.171
227.271
227.082
226.856
226.942
227.038
227.228
227.189
227.131
227.038
227.024
227.331
226.933
227.25
227.148
227.175
226.919
227.003
226.924
227.058
226.863
227.131
227.2
226.91
226.99
226.906
227.07
227.091
226.99
227.025
226.978
226.9
226.869
226.724
226.843
227.041
226.968
227.01
226.901
226.825
226.927
226.911
226.886
227.034
226.932
226.807
226.999
227.069
226.683
226.933
226.677
226.772
226.804
226.89
226.739
226.634
226.712
226.717
226.637
226.869
226.64
226.52
226.682
226.761
226.725
226.508
226.777
226.609
226.814
226.518
226.456
226.583
226.781
226.783
226.529
226.696
226.884
226.701
226.533
226.687
226.509
226.448
226.558
226.545
226.499
226.601
226.549
226.376
226.611
226.562
226.392
226.376
226.626
226.573
226.558
226.414
226.54
226.728
226.439
226.241
226.257
226.322
226.439
226.624
226.559
226.335
226.706
226.409
226.391
226.543
226.432
226.375
226.475
226.262
226.145
226.34
226.404
226.172
226.215
226.43
226.334
226.214
226.35
226.221
226.26
226.487
226.007
226.074
226.242
226.291
226.305
226.411
226.172
226.395
226.328
225.953
226.113
226.172
226.076
226.204
226.255
226.103
226.135
226.238
226.2
226.259
226.203
226.166
226.014
226.197
226.269
226.068
226.164
225.996
226.037
226.362
226.083
226.067
226.294
225.991
226.092
225.935
225.964
225.951
225.845
225.974
225.923
226.174
226.024
226.08
226.105
225.948
226.072
225.88
226.128
226.055
225.868
225.978
226.038
225.985
225.85
225.828
225.724
226.106
225.678
225.944
225.826
225.826
225.845
225.887
225.696
225.999
225.899
225.922
225.9
225.814
226.155
226.036
225.849
225.894
225.627
225.811
225.977
226.044
225.631
226.066
225.803
225.927
225.819
225.803
225.814
225.743
225.527
225.8
225.864
225.962
225.547
225.585
225.684
225.868
225.7
226.103
225.684
225.794
225.808
225.793
225.808
225.74
225.707
225.862
225.816
225.707
225.903
225.632
225.681
225.583
225.969
225.753
225.759
225.728
225.761
225.553
225.735
225.493
225.603
225.734
225.775
225.615
225.604
225.655
225.782
225.563
225.847
225.498
225.514
225.763
225.537
225.815
225.575
225.654
225.68
225.636
225.578
225.691
225.694
225.704
225.62
225.588
225.564
225.828
225.625
225.526
225.569
225.463
225.563
225.5
225.53
225.563
225.587
225.677
225.455
225.519
225.692
225.462
225.476
225.576
225.446
225.397
225.677
225.669
225.599
225.56
225.433
225.623
225.484
225.567
225.676
225.505
225.488
225.555
225.404
225.545
225.532
225.546
225.61
225.666
225.389
225.394
225.507
225.312
225.849
225.549
225.578
225.314
225.528
225.36
225.526
225.5
225.359
225.629
225.525
225.381
225.421
225.369
225.529
225.692
225.287
225.351
225.485
225.31
225.399
225.48
225.289
225.291
225.583
225.313
225.424
225.312
225.606
225.385
225.394
225.478
225.236
225.212
225.381
225.388
225.421
225.317
225.457
225.071
225.392
225.619
225.231
225.582
225.401
225.354
225.427
225.318
225.295
225.339
225.622
225.54
225.28
225.433
225.351
225.269
225.102
225.291
225.172
225.357
225.339
225.505
225.445
225.315
225.278
225.208
225.2
225.53
225.495
225.539
225.247
225.357
225.378
225.19
225.275
225.323
225.259
225.48
225.322
225.422
225.386
225.525
225.302
225.478
225.254
225.272
225.294
225.148
225.221
225.233
224.984
225.221
225.209
225.137
225.208
225.278
225.329
225.349
225.155
225.219
225.337
225.182
225.291
225.276
225.113
225.233
225.301
225.208
225.162
225.267
225.227
225.144
225.197
225.194
225.174
225.175
225.034
225.273
225.33
225.01
225.307
225.436
225.19
225.318
225.191
225.181
225.139
225.071
225.138
225.284
225.158
225.157
224.988
225.186
225.241
225.073
225.302
225.266
225.074
225.114
225.14
225.091
225.039
225.333
225.286
225.317
225.302
225.042
225.199
225.285
225.119
225.209
225.251
225.231
225.147
225.053
225.066
225.169
225.123
225.234
225.188
225.06
225.047
224.963
225.027
225.156
225.106
225.142
225.167
225.029
225.134
225.155
225.123
225.029
225.19
225.041
225.109
225.106
225.166
225.209
225.204
225.031
225.159
225.297
225.035
225.101
225.196
225.03
224.965
225.134
225.342
225.208
225.12
225.077
224.985
225.108
224.999
224.994
225.07
225.268
225.199
224.945
225.062
225.092
225.02
225.036
225.247
225.143
224.979
224.929
225.086
225.106
225.078
225.233
225.199
225.184
224.989
224.948
225.034
224.903
225.067
224.907
225.211
225.106
225.019
225.177
224.992
225.005
225.065
225.198
225.134
225.021
224.944
224.876
225.215
224.972
225.116
224.993
224.947
225.149
224.979
224.948
224.771
224.855
224.95
225.099
224.841
224.892
225.078
224.992
225.218
225.089
225.222
225.012
225.016
224.951
224.872
224.967
224.899
224.913
225.074
224.974
224.861
224.905
225.079
224.844
224.933
224.941
225.244
225.155
225.025
224.979
225.001
224.972
224.712
224.872
224.877
224.963
224.854
224.896
224.879
224.927
224.818
225.101
224.907
225.075
224.867
225.005
224.881
224.981
224.901
224.984
224.78
224.863
225.016
224.688
225.083
225.226
224.935
225.069
224.947
225.175
225.072
225.039
224.704
224.811
224.8
225.001
224.988
225.021
225.001
224.998
224.992
224.767
224.917
224.912
225.007
225.038
224.942
224.854
224.941
224.877
224.993
224.97
224.995
224.881
225.041
225.048
224.844
224.902
224.969
225.198
224.923
224.754
225.239
225.101
225.007
224.948
224.948
224.881
225.012
224.889
224.88
224.886
224.892
224.871
224.809
224.846
224.823
224.932
224.704
224.794
225.001
224.904
224.691
224.712
224.911
224.854
225.091
224.846
224.739
224.985
224.903
224.88
224.933
224.72
224.84
224.87
224.953
224.984
224.73
224.782
224.92
224.723
225.08
224.919
224.868
224.84
224.783
224.728
224.858
224.959
224.794
224.705
224.873
224.932
224.817
224.985
224.843
224.934
224.932
224.905
224.638
224.779
224.816
224.838
224.754
224.802
224.832
224.887
224.787
224.98
224.819
224.863
224.918
224.844
224.658
224.891
224.736
224.844
224.911
224.866
224.762
224.742
224.719
224.726
224.774
224.797
224.863
224.761
224.761
224.71
224.837
225
224.762
224.823
224.854
224.937
224.794
224.737
224.773
224.957
224.86
225.018
224.927
224.87
224.577
224.896
224.654
224.816
224.819
224.658
224.756
224.787
224.767
224.705
224.467
224.676
224.684
224.767
224.825
224.85
224.72
224.829
224.847
224.771
224.684
224.784
224.672
224.683
224.72
224.962
224.656
224.653
224.648
224.872
224.751
224.707
224.768
224.88
224.933
224.661
224.944
224.741
224.75
224.823
224.756
224.773
224.751
224.786
224.856
224.785
225.013
224.764
224.766
224.942
224.747
224.705
224.784
224.749
224.931
224.892
224.861
224.844
224.781
224.649
224.667
224.772
224.85
224.804
224.699
224.806
224.722
224.828
224.72
224.988
224.582
224.797
224.924
224.703
224.58
224.593
224.698
224.739
224.57
224.68
224.643
224.708
224.623
224.702
224.743
224.701
224.659
224.691
224.786
224.768
224.739
224.891
224.776
224.902
224.747
224.756
224.681
224.794
224.651
224.796
224.545
224.6
224.801
224.8
224.574
224.782
224.765
224.86
224.513
224.771
224.677
224.775
224.698
224.733
224.895
224.756
224.688
224.789
224.676
224.693
224.815
224.842
224.63
224.709
224.786
224.729
224.772
224.835
224.701
224.626
224.916
224.525
224.758
224.815
224.879
224.59
224.569
224.548
224.584
224.746
224.738
224.773
224.899
224.69
224.862
224.626
224.803
224.766
224.842
224.862
224.778
224.753
224.814
224.652
224.725
224.726
224.666
224.543
224.875
224.741
224.628
224.587
224.857
224.783
224.834
224.706
224.93
224.69
224.727
224.744
224.763
224.654
224.565
224.817
224.543
224.806
224.596
224.667
224.808
224.744
224.573
224.753
224.655
224.531
224.528
224.526
224.614
224.514
224.677
224.671
224.531
224.418
224.675
224.723
224.564
224.701
224.699
224.64
224.731
224.637
224.529
224.675
224.573
224.66
224.755
225.021
224.608
224.718
224.691
224.837
224.674
224.636
224.667
224.608
224.61
224.768
224.624
224.557
224.9
224.713
224.571
224.674
224.628
224.748
224.609
224.785
224.703
224.838
224.645
224.642
224.718
224.507
224.786
224.709
224.57
224.746
224.647
224.492
224.805
224.801
224.881
224.578
224.729
224.713
224.828
224.756
224.845
224.68
224.867
224.557
224.71
224.627
224.766
224.717
224.573
224.83
224.661
224.8
224.753
224.617
224.796
224.676
224.699
224.721
224.604
224.57
224.605
224.568
224.75
224.675
224.827
224.678
224.753
224.684
224.524
224.697
224.639
224.637
224.812
224.451
224.615
224.74
224.67
224.702
224.638
224.542
224.713
224.637
224.833
224.742
224.663
224.547
224.581
224.615
224.589
224.524
224.744
224.647
224.808
224.643
224.745
224.779
224.751
224.684
224.682
224.737
224.591
224.674
224.699
224.475
224.591
224.668
224.478
224.549
224.548
224.507
224.821
224.717
224.71
224.714
224.606
224.649
224.812
224.667
224.503
224.69
224.646
224.535
224.677
224.695
224.606
224.675
224.658
224.776
224.493
224.598
224.787
224.553
224.707
224.678
224.678
224.7
224.601
224.941
224.829
224.785
224.675
224.766
224.622
224.63
224.488
224.563
224.614
224.539
224.514
224.447
224.447
224.565
224.498
224.509
224.498
224.605
224.778
224.694
224.553
224.791
224.733
224.418
224.915
224.782
224.58
224.608
224.73
224.472
224.569
224.663
224.653
224.561
224.673
224.644
224.55
224.661
224.544
224.657
224.657
224.514
224.531
224.539
224.66
224.575
224.747
224.529
224.697
224.569
224.44
224.552
224.652
224.53
224.425
224.568
224.673
224.479
224.576
224.689
224.652
224.658
224.794
224.601
224.654
224.589
224.729
224.785
224.656
224.574
224.652
224.57
224.386
224.536
224.774
224.535
224.506
224.721
224.566
224.67
224.616
224.623
224.776
224.537
224.566
224.482
224.447
224.641
224.524
224.498
224.745
224.762
224.862
224.651
224.481
224.448
224.538
224.647
224.71
224.611
224.619
224.53
224.385
224.786
224.52
224.715
224.578
224.483
224.493
224.544
224.585
224.595
224.484
224.637
224.658
224.706
224.603
224.647
224.632
224.587
224.486
224.713
224.551
224.682
224.607
224.493
224.466
224.689
224.67
224.629
224.607
224.492
224.62
224.444
224.415
224.668
224.649
224.568
224.573
224.594
224.729
224.606
224.636
224.777
224.313
224.523
224.648
224.619
224.585
224.547
224.605
224.638
224.811
224.633
224.645
224.463
224.619
224.549
224.549
224.571
224.675
224.655
224.756
224.704
224.539
224.626
224.6
224.536
224.641
224.651
224.671
224.592
224.592
224.476
224.455
224.783
224.612
224.524
224.485
224.645
224.626
224.62
224.671
224.617
224.46
224.442
224.6
224.566
224.629
224.539
224.355
224.658
224.666
224.592
224.661
224.627
224.612
224.533
224.673
224.578
224.608
224.665
224.567
224.438
224.48
224.428
224.894
224.633
224.746
224.611
224.866
224.692
224.565
224.557
224.542
224.589
224.606
224.448
224.61
224.634
224.605
224.5
224.699
224.559
224.777
224.502
224.586
224.471
224.684
224.571
224.728
224.484
224.646
224.652
224.602
224.594
224.66
224.815
224.533
224.578
224.643
224.708
224.519
224.598
224.655
224.725
224.878
224.596
224.519
224.673
224.669
224.708
224.551
224.449
224.754
224.518
224.562
224.742
224.504
224.691
224.621
224.615
224.677
224.646
224.589
224.608
224.571
224.737
224.758
224.6
224.55
224.589
224.463
224.535
224.506
224.638
224.561
224.491
224.514
224.391
224.57
224.567
224.511
224.548
224.632
224.726
224.571
224.935
224.64
224.565
224.569
224.577
224.778
224.699
224.724
224.482
224.525
224.589
224.54
224.397
224.707
224.612
224.541
224.573
224.523
224.39
224.715
224.533
224.586
224.385
224.603
224.433
224.62
224.547
224.512
224.559
224.496
224.578
224.583
224.596
224.548
224.498
224.471
224.659
224.474
224.579
224.585
224.622
224.439
224.581
224.613
224.519
224.463
224.533
224.541
224.59
224.532
224.432
224.472
224.693
224.559
224.561
224.557
224.541
224.487
224.559
224.587
224.624
224.59
224.627
224.518
224.498
224.405
224.511
224.414
224.52
224.626
224.503
224.533
224.585
224.621
224.612
224.608
224.68
224.505
224.394
224.511
224.644
224.459
224.584
224.574
224.542
224.528
224.54
224.806
224.53
224.535
224.474
224.684
224.714
224.605
224.455
224.597
224.645
224.678
224.648
224.6
224.589
224.642
224.701
224.599
224.442
224.595
224.477
224.498
224.653
224.535
224.469
224.455
224.543
224.427
224.617
224.521
224.63
224.724
224.717
224.466
224.506
224.535
224.606
224.661
224.573
224.596
224.598
224.533
224.558
224.536
224.563
224.674
224.623
224.659
224.467
224.436
224.732
224.569
224.517
224.519
224.424
224.694
224.569
224.555
224.585
224.487
224.425
224.468
224.597
224.499
224.626
224.574
224.55
224.554
224.593
224.641
224.579
224.613
224.753
224.625
224.814
224.562
224.557
224.475
224.676
224.549
224.381
224.729
224.493
224.638
224.622
224.527
224.557
224.414
224.591
224.539
224.543
224.514
224.347
224.654
224.699
224.719
224.744
224.509
224.52
224.478
224.678
224.647
224.538
224.672
224.605
224.47
224.46
224.666
224.564
224.656
224.688
224.558
224.534
224.583
224.596
224.698
224.535
224.565
224.545
224.538
224.516
224.645
224.51
224.649
224.569
224.603
224.597
224.625
224.459
224.618
224.683
224.596
224.686
224.626
224.494
224.65
224.672
224.807
224.544
224.406
224.509
224.594
224.777
224.663
224.499
224.569
224.755
224.443
224.599
224.716
224.726
224.723
224.687
224.663
224.422
224.579
224.606
224.556
224.707
224.598
224.664
224.477
224.458
224.544
224.462
224.612
224.578
224.526
224.542
224.63
224.574
224.748
224.9
224.55
224.449
224.483
224.364
224.635
224.426
224.451
224.557
224.468
224.516
224.428
224.615
224.436
224.701
224.619
224.577
224.51
224.633
224.619
224.541
224.602
224.535
224.655
224.571
224.621
224.653
224.636
224.525
224.528
224.533
224.445
224.621
224.559
224.502
224.572
224.301
224.54
224.396
224.523
224.665
224.631
224.639
224.37
224.314
224.68
224.803
224.494
224.57
224.591
224.711
224.534
224.43
224.573
224.731
224.525
224.669
224.336
224.252
224.48
224.71
224.52
224.564
224.522
224.516
224.355
224.409
224.431
224.328
224.385
224.563
224.69
224.567
224.503
224.566
224.473
224.507
224.512
224.39
224.458
224.546
224.518
224.718
224.428
224.473
224.637
224.663
224.592
224.463
224.514
224.429
224.38
224.409
224.573
224.578
224.569
224.405
224.285
224.567
224.591
224.649
224.553
224.623
224.606
224.507
224.596
224.592
224.413
224.399
224.475
224.566
224.469
224.581
224.396
224.419
224.397
224.499
224.455
224.754
224.54
224.542
224.517
224.517
224.548
224.609
224.56
224.564
224.577
224.697
224.445
224.382
224.568
224.585
224.737
224.561
224.346
224.65
224.621
224.639
224.576
224.457
224.494
224.453
224.364
224.436
224.468
224.427
224.343
224.443
224.47
224.281
224.584
224.542
224.346
224.507
224.229
224.521
224.541
224.45
224.331
224.635
224.356
224.463
224.42
224.576
224.539
224.395
224.586
224.412
224.459
224.424
224.422
224.53
224.462
224.568
224.367
224.411
224.357
224.579
224.566
224.413
224.588
224.527
224.495
224.362
224.511
224.474
224.488
224.477
224.686
224.429
224.479
224.605
224.416
224.289
224.498
224.397
224.502
224.415
224.384
224.454
224.61
224.671
224.611
224.638
224.417
224.542
224.56
224.465
224.651
224.728
224.544
224.454
224.461
224.608
224.402
224.505
224.521
224.459
224.414
224.458
224.514
224.341
224.613
224.487
224.559
224.666
224.462
224.609
224.616
224.313
224.511
224.539
224.879
224.387
224.648
224.45
224.534
224.502
224.519
224.598
224.559
224.522
224.42
224.728
224.592
224.631
224.676
224.387
224.42
224.747
224.519
224.455
224.462
224.538
224.502
224.455
224.537
224.448
224.473
224.428
224.482
224.63
224.494
224.583
224.502
224.698
224.367
224.396
224.407
224.663
224.458
224.546
224.424
224.614
224.512
224.397
224.383
224.54
224.304
224.525
224.548
224.447
224.566
224.55
224.492
224.524
224.582
224.473
224.636
224.496
224.528
224.652
224.723
224.53
224.56
224.566
224.617
224.582
224.463
224.489
224.346
224.553
224.695
224.563
224.497
224.52
224.609
224.581
224.549
224.528
224.747
224.715
224.691
224.792
224.651
224.581
224.692
224.494
224.547
224.521
224.752
224.459
224.619
224.427
224.494
224.72
224.542
224.481
224.622
224.434
224.54
224.431
224.512
224.435
224.665
224.643
224.524
224.276
224.555
224.402
224.591
224.577
224.603
224.482
224.461
224.457
224.813
224.481
224.356
224.394
224.41
224.322
224.377
224.645
224.396
224.484
224.471
224.527
224.518
224.554
224.457
224.597
224.548
224.508
224.574
224.392
224.444
224.634
224.453
224.638
224.448
224.382
224.622
224.428
224.406
224.603
224.277
224.464
224.492
224.496
224.614
224.531
224.404
224.471
224.622
224.41
224.606
224.639
224.452
224.532
224.595
224.622
224.584
224.616
224.44
224.562
224.437
224.485
224.535
224.498
224.468
224.606
224.429
224.503
224.604
224.56
224.527
224.509
224.476
224.716
224.382
224.632
224.444
224.535
224.489
224.564
224.489
224.27
224.461
224.372
224.416
224.587
224.35
224.694
224.554
224.513
224.482
224.561
224.492
224.432
224.506
224.557
224.563
224.648
224.474
224.618
224.464
224.436
224.64
224.578
224.526
224.605
224.458
224.736
224.566
224.478
224.699
224.43
224.729
224.443
224.513
224.5
224.307
224.583
224.628
224.466
224.561
224.559
224.415
224.429
224.361
224.37
224.369
224.623
224.567
224.635
224.582
224.626
224.557
224.435
224.484
224.573
224.454
224.506
224.375
224.57
224.478
224.468
224.537
224.44
224.545
224.615
224.362
224.379
224.497
224.504
224.57
224.813
224.567
224.562
224.493
224.523
224.57
224.455
224.558
224.387
224.528
224.403
224.523
224.488
224.618
224.537
224.562
224.662
224.359
224.238
224.516
224.43
224.689
224.487
224.38
224.309
224.363
224.437
224.355
224.413
224.655
224.384
224.41
224.493
224.677
224.488
224.418
224.578
224.414
224.354
224.591
224.42
224.407
224.6
224.46
224.341
224.37
224.579
224.4
224.469
224.517
224.455
224.432
224.475
224.469
224.614
224.506
224.588
224.541
224.498
224.656
224.437
224.565
224.545
224.628
224.483
224.44
224.557
224.364
224.546
224.49
224.439
224.414
224.567
224.632
224.358
224.594
224.521
224.553
224.447
224.45
224.698
224.384
224.422
224.556
224.527
224.479
224.452
224.485
224.635
224.439
224.556
224.296
224.288
224.361
224.38
224.266
224.374
224.606
224.482
224.413
224.313
224.467
224.46
224.372
224.495
224.312
224.424
224.454
224.49
224.601
224.355
224.279
224.594
224.474
224.319
224.39
224.355
224.426
224.55
224.435
224.302
224.577
224.475
224.446
224.444
224.383
224.461
224.322
224.419
224.57
224.404
224.434
224.658
224.454
224.355
224.505
224.446
224.407
224.408
224.399
224.395
224.285
224.481
224.567
224.577
224.716
224.51
224.387
224.576
224.43
224.412
224.572
224.259
224.416
224.365
224.305
224.42
224.478
224.233
224.311
224.501
224.352
224.373
224.367
224.33
224.309
224.195
224.55
224.433
224.271
224.304
224.347
224.289
224.583
224.341
224.505
224.438
224.55
224.463
224.532
224.622
224.372
224.393
224.49
224.376
224.661
224.398
224.386
224.551
224.456
224.406
224.641
224.537
224.385
224.494
224.456
224.513
224.586
224.529
224.422
224.541
224.598
224.513
224.372
224.457
224.427
224.427
224.535
224.305
224.319
224.565
224.546
224.464
224.348
224.476
224.406
224.425
224.463
224.412
224.318
224.482
224.489
224.409
224.373
224.396
224.498
224.471
224.447
224.423
224.344
224.417
224.329
224.659
224.447
224.289
224.482
224.457
224.206
224.502
224.561
224.805
224.164
224.358
224.369
224.306
224.386
224.424
224.405
224.499
224.532
224.413
224.347
224.542
224.362
224.235
224.345
224.353
224.407
224.419
224.489
224.393
224.314
224.499
224.493
224.217
224.146
224.369
224.423
224.343
224.399
224.406
224.31
224.205
224.276
224.359
224.458
224.377
224.268
224.444
224.353
224.261
224.337
224.396
224.459
224.378
224.286
224.466
224.332
224.198
224.421
224.385
224.381
224.254
224.241
224.438
224.494
224.494
224.324
224.322
224.369
224.416
224.554
224.366
224.334
224.359
224.26
224.413
224.395
224.384
224.568
224.313
224.375
224.378
224.192
224.404
224.445
224.476
224.357
224.551
224.324
224.482
224.265
224.255
224.198
224.235
224.459
224.351
224.353
224.408
224.422
224.362
224.32
224.298
224.262
224.47
224.501
224.376
224.44
224.398
224.527
224.347
224.286
224.372
224.364
224.355
224.416
224.172
224.239
224.476
224.393
224.396
224.293
224.376
224.375
224.394
224.503
224.461
224.177
224.353
224.438
224.363
224.414
224.529
224.366
224.316
224.373
224.526
224.355
224.448
224.384
224.363
224.34
224.301
224.387
224.158
224.25
224.383
224.378
224.437
224.38
224.356
224.348
224.236
224.292
224.339
224.337
224.422
224.444
224.255
224.298
224.338
224.3
224.373
224.369
224.221
224.383
224.382
224.387
224.451
224.441
224.468
224.364
224.315
224.423
224.402
224.378
224.33
224.443
224.475
224.326
224.463
224.464
224.557
224.139
224.414
224.237
224.373
224.186
224.324
224.38
224.321
224.328
224.336
224.53
224.426
224.481
224.561
224.475
224.393
224.18
224.371
224.347
224.478
224.434
224.386
224.424
224.34
224.331
224.254
224.35
224.394
224.48
224.543
224.431
224.352
224.589
224.369
224.351
224.285
224.33
224.331
224.29
224.428
224.289
224.328
224.392
224.339
224.367
224.46
224.408
224.363
224.402
224.298
224.379
224.315
224.262
224.525
224.375
224.479
224.377
224.42
224.463
224.36
224.382
224.361
224.381
224.253
224.344
224.326
224.337
224.345
224.508
224.531
224.517
224.381
224.337
224.318
224.322
224.326
224.257
224.546
224.446
224.233
224.295
224.385
224.309
224.351
224.447
224.393
224.44
224.182
224.282
224.467
224.533
224.473
224.331
224.371
224.35
224.456
224.171
224.359
224.371
224.38
224.296
224.426
224.491
224.48
224.343
224.446
224.567
224.514
224.543
224.439
224.615
224.304
224.372
224.7
224.33
224.592
224.27
224.297
224.493
224.481
224.426
224.38
224.203
224.258
224.421
224.424
224.449
224.179
224.618
224.369
224.382
224.291
224.487
224.32
224.311
224.519
224.53
224.459
224.25
224.406
224.489
224.179
224.398
224.31
224.221
224.305
224.316
224.26
224.345
224.33
224.351
224.201
224.191
224.341
224.238
224.435
224.297
224.239
224.338
224.289
224.545
224.286
224.16
224.324
224.313
224.371
224.229
224.292
224.406
224.463
224.471
224.358
224.504
224.467
224.3
224.344
224.34
224.228
224.184
224.401
224.329
224.453
224.247
224.457
224.38
224.629
224.286
224.235
224.323
224.487
224.413
224.468
224.348
224.235
224.258
224.57
224.409
224.49
224.397
224.373
224.439
224.436
224.168
224.394
224.219
224.324
224.452
224.372
224.305
224.282
224.323
224.42
224.305
224.264
224.386
224.341
224.31
224.369
224.267
224.38
224.302
224.378
224.345
224.393
224.396
224.201
224.313
224.285
224.444
224.418
224.398
224.456
224.324
224.406
224.303
224.483
224.445
224.32
224.31
224.289
224.396
224.419
224.307
224.306
224.475
224.473
224.417
224.17
224.385
224.481
224.486
224.456
224.295
224.262
224.251
224.34
224.241
224.318
224.4
224.436
224.383
224.286
224.395
224.401
224.388
224.357
224.507
224.305
224.251
224.403
224.449
224.483
224.248
224.199
224.301
224.51
224.432
224.295
224.18
224.341
224.526
224.355
224.273
224.401
224.297
224.299
224.233
224.545
224.474
224.34
224.45
224.368
224.596
224.419
224.376
224.157
224.325
224.371
224.184
224.277
224.369
224.257
224.575
224.233
224.313
224.419
224.446
224.431
224.253
224.522
224.418
224.253
224.37
224.315
224.426
224.47
224.416
224.315
224.41
224.353
224.209
224.362
224.274
224.266
224.293
224.236
224.296
224.282
224.322
224.499
224.351
224.386
224.456
224.483
224.285
224.411
224.432
224.276
224.264
224.288
224.385
224.286
224.361
224.34
224.397
224.51
224.312
224.167
224.31
224.485
224.291
224.534
224.385
224.426
224.369
224.367
224.393
224.592
224.358
224.491
224.158
224.428
224.558
224.431
224.557
224.314
224.385
224.295
224.441
224.461
224.368
224.423
224.507
224.319
224.315
224.423
224.511
224.379
224.352
224.231
224.441
224.33
224.463
224.369
224.598
224.361
224.476
224.297
224.278
224.27
224.421
224.577
224.285
224.416
224.12
224.558
224.295
224.337
224.412
224.418
224.379
224.398
224.425
224.368
224.354
224.293
224.345
224.391
224.339
224.329
224.415
224.362
224.533
224.484
224.243
224.286
224.332
224.314
224.257
224.29
224.296
224.223
224.401
224.171
224.011
224.305
224.388
224.317
224.25
224.314
224.357
224.102
224.239
224.276
224.295
224.347
224.151
224.346
224.383
224.128
224.151
224.161
224.261
224.413
224.228
224.337
224.159
224.362
224.213
224.205
224.314
224.234
224.306
224.258
224.155
224.298
224.162
224.3
224.34
224.324
224.323
224.282
224.273
224.209
224.4
224.36
223.988
224.104
224.247
224.158
224.295
224.182
224.18
224.134
224.23
224.19
224.242
224.377
224.349
224.179
224.2
224.116
224.233
224.275
224.154
224.232
224.344
224.188
224.221
224.221
224.081
224.159
224.266
224.279
224.374
224.191
224.224
224.302
224.194
224.251
224.314
224.092
224.242
224.173
224.119
224.204
224.286
224.216
224.191
224.377
224.138
224.105
224.234
224.226
224.303
224.252
224.275
224.322
224.385
224.319
224.322
224.18
224.321
224.21
224.312
224.367
224.235
224.284
224.287
224.158
224.202
224.321
224.26
224.273
224.287
224.119
224.197
224.32
224.442
224.383
224.213
224.155
224.175
224.207
224.3
224.28
224.314
224.355
224.234
224.342
224.34
224.113
224.194
224.126
224.274
224.059
224.223
224.354
224.16
224.342
224.206
224.203
224.146
224.424
224.213
224.288
224.158
224.338
224.222
224.287
224.233
224.295
224.055
224.203
224.198
224.19
224.207
224.353
224.741
224.474
224.211
224.146
224.242
224.372
224.31
224.452
224.352
224.156
224.355
224.141
224.137
224.27
224.121
224.196
224.319
224.324
224.144
224.349
224.189
224.353
224.249
224.357
224.168
224.358
224.436
224.255
224.416
224.238
224.433
224.398
224.194
224.223
224.207
224.155
224.187
224.397
224.274
224.315
224.441
224.249
224.131
224.292
224.412
224.26
224.366
224.221
224.332
224.3
224.137
224.058
224.213
224.299
224.285
224.299
224.303
224.224
224.283
224.305
224.408
224.309
224.35
224.307
224.33
224.609
224.285
224.373
224.405
224.51
224.344
224.314
224.321
224.451
224.366
224.323
224.319
224.394
224.199
224.278
224.358
224.408
224.312
224.395
224.35
224.209
224.222
224.241
224.366
224.26
224.351
224.279
224.301
224.243
224.46
224.348
224.393
224.388
224.376
224.283
224.3
224.304
224.223
224.288
224.368
224.404
224.171
224.358
224.242
224.399
224.403
224.366
224.401
224.341
224.187
224.272
224.225
224.538
224.347
224.362
224.464
224.31
224.57
224.347
224.185
224.277
224.378
224.194
224.417
224.283
224.419
224.351
224.308
224.252
224.377
224.245
224.294
224.132
224.241
224.363
224.41
224.325
224.499
224.472
224.286
224.264
224.267
224.191
224.3
224.383
224.355
224.223
224.378
224.218
224.484
224.317
224.298
224.338
224.315
224.313
224.239
224.262
224.425
224.495
224.345
224.38
224.301
224.39
224.277
224.372
224.242
224.26
224.467
224.31
224.167
224.17
224.04
224.198
224.243
224.211
224.321
224.249
224.253
224.355
224.376
224.274
224.3
224.452
224.432
224.249
224.272
224.448
224.365
224.224
224.397
224.129
224.267
224.381
224.512
224.309
224.276
224.255
224.256
224.263
224.255
224.339
224.37
224.176
224.389
224.233
224.252
224.241
224.416
224.204
224.279
224.298
224.374
224.403
224.376
224.228
224.255
224.126
224.236
224.205
224.391
224.606
224.143
224.334
224.298
224.345
224.267
224.36
224.296
224.252
224.165
224.315
224.314
224.35
224.253
224.345
224.36
224.312
224.496
224.168
224.176
224.266
224.199
224.195
224.171
224.32
224.227
224.296
224.319
224.269
224.204
224.252
224.229
224.298
224.371
224.354
224.303
224.497
224.279
224.196
224.363
224.34
224.394
224.288
224.439
224.164
224.173
224.335
224.358
224.182
224.28
224.276
224.327
224.27
224.135
224.366
224.379
224.321
224.225
224.226
224.26
224.445
224.275
224.256
224.403
224.43
224.181
224.334
224.362
224.243
224.362
224.27
224.351
224.271
224.313
224.207
224.235
224.345
224.217
224.378
224.285
224.183
224.049
224.155
224.252
224.17
224.311
224.354
224.274
224.329
224.196
224.351
224.212
224.187
224.161
224.213
224.21
224.37
224.433
224.054
224.226
224.258
224.184
224.366
224.124
224.22
224.365
224.248
224.452
224.178
224.165
224.238
224.223
224.187
224.254
224.27
224.349
224.296
224.354
224.182
224.214
224.232
224.203
224.12
224.238
224.158
224.035
224.152
224.337
224.183
224.404
224.248
224.379
224.306
224.12
224.243
224.221
224.438
224.233
224.166
224.304
224.347
224.354
224.289
224.241
224.219
224.205
224.247
224.247
224.22
224.217
224.208
224.089
224.012
224.106
224.214
224.324
224.605
224.149
224.243
224.111
224.15
224.203
224.295
224.283
224.271
224.271
224.282
224.245
224.259
224.134
224.213
224.222
224.079
224.187
224.122
224.048
224.117
224.151
224.325
224.283
224.27
224.276
224.411
224.305
224.253
224.23
224.321
224.258
224.371
224.34
224.299
224.21
224.282
224.213
224.424
224.243
224.109
224.273
224.286
224.098
224.274
224.237
224.161
224.214
224.208
224.346
224.267
224.285
224.226
224.314
224.32
224.333
224.267
224.145
224.169
224.298
224.265
224.245
224.351
224.099
224.266
224.226
224.322
224.128
224.379
224.184
224.306
224.178
224.013
224.214
224.365
224.45
224.328
224.261
224.365
224.441
224.189
224.231
224.411
224.281
224.42
224.149
224.167
224.165
224.284
224.253
224.144
224.279
224.295
224.168
224.35
224.335
224.358
224.116
224.17
224.355
224.065
224.241
224.409
224.377
224.302
224.278
224.386
224.153
224.228
224.137
224.365
224.245
224.451
224.294
224.427
224.273
224.291
224.264
224.337
224.119
224.201
224.25
224.193
224.25
224.177
224.05
224.181
224.342
224.185
224.256
224.294
224.173
224.389
224.065
224.187
224.204
224.27
224.041
224.269
224.387
224.096
224.176
224.262
224.297
224.068
224.327
224.171
224.165
224.258
224.14
224.395
224.15
224.373
224.269
224.205
224.293
224.244
224.084
224.28
224.233
224.235
224.108
224.258
224.469
224.358
224.125
224.197
224.171
224.14
224.179
224.2
224.176
224.312
224.242
224.002
224.268
224.176
224.386
224.286
224.144
224.139
224.051
224.078
224.15
224.219
224.351
224.228
224.276
224.037
224.193
224.026
224.339
224.333
224.268
224.091
224.175
224.301
224.17
224.171
224.22
224.15
224.277
224.061
224.057
224.047
224.132
224.155
224.12
223.93
224.009
224.188
224.131
224.228
224.091
224.14
224.278
224.205
224.178
224.186
223.931
224.119
224.035
224.183
224.113
224.288
224.087
224.172
224.142
224.04
223.994
224.062
224.223
224.274
224.375
224.343
224.335
224.203
224.222
224.229
224.277
224.265
224.145
224.172
224.131
224.203
223.982
224.055
224.125
224.18
224.365
224.243
224.199
224.037
224.195
224.27
224.062
224.214
224.098
224.067
224.106
224.141
224.077
224.13
224.237
224.206
224.174
224.346
224.404
224.18
224.081
224.211
224.218
224.065
224.285
224.186
224.128
224.114
224.104
224.206
224.233
224.242
224.192
224.19
224.216
224.091
224.207
224.196
224.154
224.1
224.186
224.116
224.118
224.098
224.084
224.217
224.074
224.115
224.114
224.265
224.056
224.144
224.041
224.033
224.131
224.331
224.348
224.151
224.089
224.225
224.195
224.19
224.141
224.166
224.187
224.006
224.195
224.162
224.068
224.102
223.91
224.133
224.198
224.307
224.195
224.172
224.11
224.105
224.236
224.177
224.334
224.234
224.417
224.092
224.185
224.32
224.336
224.284
224.278
224.225
224.15
224.2
224.17
224.389
224.27
223.949
224.032
224.248
224.106
224.103
224.12
224.189
223.984
224.004
224.222
224.181
224.187
224.254
224.163
224.094
224.365
224.122
224.353
224.072
224.047
224.133
224.206
224.02
224.209
224.211
224.142
224.4
224.154
223.997
224.141
230.364
223.927
224.195
224.036
224.129
224.272
224.092
224.139
224.192
224.206
224.026
223.932
224.124
224.114
224.228
224.189
224.22
224.215
224.19
224.395
224.227
224.201
224.141
224.151
223.999
224.067
224.164
224.174
223.997
224.163
224.139
224.294
224.189
224.368
224.327
224.212
224.185
224.136
224.129
224.076
224.081
224.197
224.269
224.144
224.124
224.28
224.003
224.028
224.138
224.339
224.319
224.288
224.292
224.258
224.443
224.306
224.04
224.195
224.165
224.037
224.184
224.151
224.092
224.29
224.213
224.138
224.132
224.296
224.127
224.167
224.027
224.276
224.123
224.115
223.98
224.167
224.161
224.095
224.447
224.21
224.272
224.084
224.335
224.214
224.041
224.178
224.11
224.161
224.334
224.216
224.252
224.212
224.285
224.26
224.174
224.249
224.365
224.029
224.201
224.367
224.271
224.303
224.223
224.238
224.131
224.229
224.092
224.161
224.05
224.261
224.152
224.172
224.181
224.041
224.36
224.295
224.053
224.08
224.063
224.098
224.062
224.072
224.2
223.887
224.04
224.186
224.223
224.275
224.244
224.283
224.267
224.143
224.111
224.21
224.239
224.019
224.328
224.129
224.149
224.175
224.22
224.152
224.333
224.109
224.286
224.088
224.174
224.204
224.183
224.136
224.14
224.116
224.035
224.134
224.055
223.922
224.187
224.208
224.228
224.262
224.207
224.059
224.243
224.018
224.12
224.096
224.12
224.202
224.22
224.105
224.142
224.17
224.406
224.107
224.335
224.134
224.144
224.183
224.135
224.323
224.05
224.27
224.136
224.211
224.007
224.16
224.247
224.157
224.151
224.261
224.027
224.218
224.395
224.224
224.225
224.126
224.325
224.138
224.138
224.045
224.219
224.076
224.245
224.132
224.14
224.004
224.153
223.943
224.123
224.154
224.096
224.233
224.095
224.083
223.999
224.07
224.129
224.023
224.32
224.294
224.212
223.979
224.222
224.222
224.214
224.128
224.026
223.967
224.103
224.091
224.153
224.089
224.065
224.215
224.084
224.121
224.114
224.184
224.154
224.191
224.148
224.206
224.186
224.096
223.948
224.069
224.249
224.066
224.275
224.039
224.142
224.005
224.186
224.145
224.033
224.132
224.157
224.205
224.107
224.125
224.11
224.153
224.136
224.101
224.081
224.151
224.301
224.168
224.08
224.331
224.437
224.287
224.111
224.187
224.277
224.15
224.082
224.381
224.258
224.277
224.214
224.268
224.342
224.2
224.2
224.073
224.244
224.134
224.085
224.251
224.082
224.258
224.227
224.114
224.093
224.116
224.198
224.164
224.076
224.044
224.189
224.171
224.114
224.192
224.183
224.239
224.142
224.273
224.05
224.27
224.256
224.072
224.239
224.299
224.215
224.257
224.163
224.154
224.112
224.106
224.178
224.08
224.215
224.202
224.262
224.199
224.172
224.355
224.103
224.217
224.132
224.061
224.118
224.326
224.183
224.31
224.31
224.112
224.094
224.313
223.994
224.174
224.02
224.176
224.224
224.095
224.122
224.184
224.152
224.228
224.172
224.154
224.11
224.236
224.12
224.288
224.128
224.219
224.098
224.208
224.182
224.222
224.194
224.173
224.204
224.173
224.208
224.167
224.17
224.239
224.123
224.184
