     0
   644
  1837
  3598
  5388
  6027
  7336
  9011
 11091
 11676
 13354
 15330
 16065
 19061
 18564
 20958
 22196
 23871
 24560
 26856
 27506
 28633
 31716
 31513
 34564
 33096
 36053
 37447
 38347
 40338
 42116
 43055
 45529
 45572
 48312
 48139
 50774
 52471
 51306
 53205
 54923
 57757
 58965
 61277
 63760
 63554
 63951
 66736
 67676
 67955
 70915
 72938
 73582
 75390
 79766
 75359
 78852
 81080
 79134
 80030
 80421
 86855
 84001
 86491
 90749
 92527
 89878
 92128
 94982
 94557
 95444
 98201
 98617
100665
 98743
103616
103789
106530
106099
110156
110181
109031
111312
110556
113046
116319
115026
119700
119973
119957
124853
123404
125740
125198
126173
129653
124926
129657
134581
130980
136048
137657
134341
139247
143161
140834
139579
143471
139445
141983
147402
144738
153260
146572
150386
150242
150237
152960
155744
152456
155354
157857
155921
157647
160705
159790
162800
162590
164677
163126
166915
170926
166314
167530
170230
170998
169058
174123
176149
177510
175647
179187
179981
176954
179572
178516
182035
181611
185396
183639
186414
186863
187257
189514
190917
190713
190587
194617
194966
191923
194982
196074
201610
194570
200411
199016
197830
200895
203478
206207
205402
208919
206204
205401
203679
205112
209673
212693
212768
210019
215917
217102
217461
218434
222991
218249
219185
219403
217273
223913
219952
225652
224958
229746
227837
230082
229370
230308
232539
231974
232336
235020
236799
233383
230842
235595
238721
241836
238703
239287
240635
244016
242314
246592
247714
245622
250885
249771
249330
249728
247084
252205
252306
257289
254589
256446
257311
256732
260900
260749
259324
264111
263082
265239
268614
267697
270688
268438
274585
270016
274487
273172
275449
278585
277970
277192
276587
279885
282485
282303
287912
287054
287478
287492
287046
285357
290417
293195
294635
290293
290948
294300
292917
294565
299096
300445
296127
306102
302352
305903
306023
308725
308664
305701
310242
316194
312209
316550
315658
316046
321499
319310
318156
326438
323896
317828
326110
328012
327298
333017
330591
334884
338102
330523
336037
340081
343775
337010
343504
339044
340839
346508
341878
348476
349007
349373
351666
351144
356987
350007
358410
357844
362284
359089
361918
360972
367974
368242
369712
369054
363128
376007
369100
374510
375941
373390
378384
380316
378135
382939
381172
385468
387596
387393
386021
393353
383707
391473
389885
396072
394409
391302
397980
396064
400546
401798
398347
401548
404378
404467
408160
406172
405579
406534
412969
411118
419651
414312
423209
422291
419016
421672
419877
420967
420895
426233
426744
421477
425250
428404
428633
431937
432355
430495
440138
435283
435993
438429
443703
436669
442905
435935
446770
442520
438586
445367
449867
447610
450152
443719
450222
449528
451464
456169
452118
451265
453624
453822
458791
451878
456714
452914
459235
459105
455221
457993
459771
462536
457557
459650
458673
464394
462196
465064
472792
465420
462349
463278
465654
469442
469960
467683
468540
469811
472722
467351
468413
471276
467990
474362
470169
472535
474038
474195
470697
478877
477295
472628
476957
468316
472623
482796
475172
472046
472602
480868
473301
483263
474257
473504
478226
476549
477155
484232
470317
475954
473394
474969
468016
469498
469572
473717
476506
472758
473400
474208
472360
467332
470307
475366
471365
476639
473835
471457
468620
471375
468146
466292
473940
469536
467104
462700
456472
465358
456641
461662
463502
461305
454575
461004
455725
460503
456562
457232
455183
453532
451295
447685
447084
449499
452199
447778
448477
445621
441148
449757
444046
445255
431958
436098
438343
440874
439841
434050
427796
429715
434432
427737
423942
422930
427688
429800
420784
417639
418211
420627
411565
410713
419575
411102
408380
406345
409162
407004
405260
397941
395494
397223
398007
395818
390383
393182
389938
387586
386523
386376
385396
379148
376511
378193
371766
376703
370222
366316
368664
364743
368143
366153
364715
358572
360268
355452
349856
348479
347398
344492
339003
342278
343007
338412
334750
336766
333550
331348
330901
323780
324618
325233
324077
320599
318595
314749
309430
308645
310446
308019
305373
301678
295455
300213
294376
293801
286463
284102
287463
282406
280734
279625
279215
273887
274183
266028
270740
265665
267750
261400
261934
253101
254916
256620
256436
248634
248682
244700
241237
239959
234949
236455
234602
232936
228526
224123
226164
224567
221743
220502
220316
222627
215065
206923
213189
208518
203740
206290
205814
199106
198124
196702
193981
197879
192715
187544
186285
187593
183496
182141
179563
176413
176523
174125
172374
170734
168118
168689
165317
166908
161559
160539
159922
156299
155203
151420
149408
149814
150923
145039
144514
146759
137950
140523
140935
136942
133663
134955
132907
129335
129418
128678
124205
122946
122101
117493
120311
114374
117923
109906
110687
112858
111627
108889
106517
103761
106466
104455
103750
102385
 98248
 96999
 93499
 93805
 97130
 93827
 92509
 87705
 91173
 89889
 86703
 84492
 83310
 81437
 80591
 80379
 80618
 76714
 77162
 74071
 76022
 74128
 70360
 70565
 69397
 70421
 67896
 66154
 62849
 62258
 63964
 61774
 63498
 62556
 60581
 59423
 59435
 57002
 55185
 55219
 53050
 55821
 53793
 51638
 51355
 51015
 50022
 48435
 49935
 47444
 45586
 44917
 44688
 44294
 43369
 42272
 40560
 41590
 40516
 40970
 38758
 38337
 37352
 36999
 35965
 36325
 36415
 34753
 33440
 35555
 32214
 32320
 31541
 31037
 30445
 28501
 29219
 28316
 26804
 26648
 26012
 26531
 25610
 26354
 25520
 24655
 24435
 23823
 23918
 22200
 23183
 23573
 21078
 20926
 20596
 19505
 20827
 20047
 20061
 20141
 19361
 18751
 17983
 18302
 18279
 16389
 16157
 16030
 16422
 15225
 14725
 14317
 13846
 14327
 13715
 14098
 13368
 13043
 13578
 12998
 12550
 12050
 11838
 12471
 10659
 11847
 11056
 10050
 10219
 10008
 10082
  9991
  9689
 10003
  9558
  9670
  7955
  8563
  8641
  8670
  7612
  7359
  7865
  7453
  7007
  7496
  6833
  6942
  6555
  6697
  6455
  6082
  5985
  5930
  5996
  6275
  5885
  5072
  5351
  5217
  5287
  5099
  4922
  4552
  4429
  4213
  4833
  4075
  3508
  4289
  4004
  3522
  4346
  4008
  3812
  3085
  3559
  3628
  3094
  3263
  3481
  2880
  3377
  3388
  2784
  2956
  2489
  2774
  2818
  2873
  2343
  2278
  2584
  2855
  2292
  2467
  2161
  2021
  2599
  1838
  1886
  2007
  2327
  1870
  1411
  1708
  1836
  1199
  1751
  1019
  1217
  1531
  1411
  1246
  1341
  1333
  1036
  1116
  1114
   873
   990
   926
  1544
   938
   998
  1040
  1052
   818
  1009
   756
  1031
   672
   759
   919
   975
   934
  1169
   750
   887
   691
   758
   618
   609
   575
   636
   412
   443
   589
   638
   401
   360
   387
   317
   424
   501
   408
   448
   429
   288
   319
   297
   596
   442
   391
   303
   479
   494
   344
   273
   403
   289
   344
   220
   306
   190
   201
   114
   154
   186
   164
   206
   160
   176
   193
   244
   137
   193
   283
   115
    97
   146
   136
    92
   155
   157
    42
   163
   199
   119
   155
    79
   196
    98
   118
   128
    83
   159
   124
    68
    66
   126
    32
    57
    32
    73
    58
    30
    84
    52
    11
    39
    72
    37
    45
    49
    44
     0
     8
    18
    36
     9
    40
    59
    48
    44
    14
    35
    37
     9
    21
    23
    16
    23
    37
    66
     0
    19
    26
    44
    32
    73
    61
    39
     0
    44
     8
     5
    15
     0
     6
     9
    23
    13
     3
    21
    27
    56
    44
    14
     0
    59
     0
     6
    21
     9
    12
     1
    40
    29
     8
     3
     9
     5
     0
     5
     0
     1
     0
     3
    32
     2
     6
     4
     0
     5
    24
     0
     2
     0
     0
    22
     2
     0
    13
     0
    21
     0
     4
     0
    15
     4
     5
     5
     8
     2
     0
     0
     0
    16
     0
    14
     0
     0
     0
     0
     0
     0
    16
     0
     0
     0
     0
     0
     0
     0
     3
     0
     0
     0
     0
    25
     0
     0
     7
     0
     3
     3
     0
     0
     0
     0
     0
    11
     0
     0
     0
     0
     0
     0
     0
     1
     0
    40
     0
     2
     0
     0
     2
     0
     0
     0
     0
     0
     0
     0
     0
     0
    16
     0
     0
     0
     0
     0
     0
     0
     0
     0
     0
     0
     0
     0
     0
     0
     0
     0
     0
     0
     0
     0
     0
     0
     0
     0
     0
     2
     0
     0
     0
     0
     0
    26
     0
     0
     0
     0
     0
    24
     0
     0
     0
     2
     0
     0
    64
     0
     0
     0
     0
     0
     0
     0
     0
     0
     0
     0
     0
     0
     0
     0
     0
     0
    32
     0
     0
     2
     0
     0
     0
     0
     0
     0
     0
     0
     0
     0
     0
     0
     0
     0
     0
     0
     0
     0
     0
     0
     0
     0
     0
     0
     0
     0
     0
     0
     0
     0
     0
     0
     0
     0
     0
    16
     0
     0
     0
     0
     0
     0
     0
     0
     0
     0
     0
     0
     0
     0
     0
     0
     0
     0
     0
     0
     0
     0
     0
     0
     0
     0
     0
     0
     0
     0
     0
     0
     0
     0
     0
     0
     0
     0
     0
     0
     0
     0
     0
     0
     0
     0
     0
     0
     0
     0
     0
     0
     0
     0
     0
     0
     0
     0
     0
     9
     0
     0
     0
     0
     0
    26
     0
     0
     0
     0
     0
     0
     0
     0
     0
     0
     0
     0
     0
     0
     0
     0
     0
     0
     0
     0
     0
     0
     0
     0
     0
     0
     0
     0
     0
     0
     0
     0
     0
     0
     0
     0
     0
     0
     0
     0
     2
     0
     0
     0
     0
     0
     0
     0
     0
     0
     0
     0
     0
     0
     0
     0
     0
     0
     0
     0
     0
     0
     0
     0
     0
     0
     0
     0
     0
     0
     0
     0
     0
     0
     0
     0
     0
     0
     0
     0
     0
     0
     0
     0
     0
     0
     0
     0
     0
     0
     0
     0
     0
     0
     0
     0
     0
     0
     0
     0
     0
     0
     0
     0
     0
     0
     0
     0
     0
     0
     0
     0
     0
     0
     0
     0
     0
     0
     0
     0
     0
     0
     0
     0
     0
    13
     0
     0
     0
     0
     0
     0
     0
     0
     0
     0
     0
     0
     0
     0
     0
     0
     0
     0
     0
     0
     0
     0
     0
     0
     0
     0
     0
     0
     0
     0
     0
     0
     0
     0
     0
     0
     0
     0
     0
     0
     0
     0
     0
     0
     0
     0
     0
     0
     0
     0
     0
     0
     0
     0
     0
    28
     0
     0
     0
     0
     0
     0
     0
     0
     0
     0
     0
     0
     0
     0
     0
     0
     0
     0
     0
     0
     0
     0
     0
     0
     0
     0
     0
     0
     0
     0
     0
     0
     0
     0
     0
     0
     0
     0
     0
     0
     0
     0
     0
     0
     0
     0
     0
     0
     0
     0
     0
     0
     0
     0
     0
     0
     0
     0
     0
     0
     0
     0
     0
     0
     0
     0
     0
     0
     0
     0
     0
     0
     0
     0
     0
     0
     0
     0
     0
     0
     0
     0
     0
     0
     0
     0
     0
     0
     0
     0
     0
     0
     0
     0
     0
     0
     0
     0
     0
     0
     0
     0
     0
     0
     0
     0
     0
     0
     0
     0
     0
     0
     0
     0
     0
     0
     0
     0
     0
     0
     0
     0
     0
     0
     0
     0
     0
     0
     0
     0
     0
     0
     0
     0
     0
     0
     0
     0
     0
     0
     0
     0
     0
     0
     0
     0
     0
     0
     0
     0
     0
     0
     0
     0
     0
     0
     0
     0
     0
     0
     0
     0
     0
     0
     0
     0
     0
     0
     0
     0
     0
     0
     0
     0
     0
     0
     0
     0
     0
     0
     0
     0
     0
     0
     0
     0
     0
     0
     0
     0
     0
     0
     0
     0
     0
     0
     0
     0
     0
     0
     0
     0
     0
     0
     0
     0
     0
     0
     0
     0
     0
     0
     0
     0
     0
     0
     0
     0
     0
     0
     0
     0
     0
     0
     0
     0
     0
     0
     0
     0
     0
     0
     0
     0
     0
     0
     0
     0
     0
     0
     0
     0
     0
     0
     0
     0
     0
     0
     0
     0
     0
     0
     0
     0
     0
     0
     0
     0
     0
     0
     0
     0
     0
     0
     0
     0
     0
     0
     0
     0
     0
     0
     0
     0
     0
     0
     0
     0
     0
     0
     0
     0
     0
     0
     0
     0
     0
     0
     0
     0
     0
     0
     0
     0
     0
     0
     0
     0
     0
     0
     0
     0
     0
     0
     0
     0
     0
     0
     0
     0
     0
     0
     0
     0
     0
     0
     0
     0
     0
     0
     0
     0
     0
     0
     0
     0
     0
     0
     0
     0
     0
     0
     0
     0
     0
     0
     0
     0
     0
     0
     0
     0
     0
     0
     0
     0
     0
     0
     0
     0
     0
     0
     0
     0
     0
     0
     0
     0
     0
     0
     0
     0
     0
     0
     0
     0
     0
     0
     0
     0
     0
     0
     0
     0
     0
     0
     0
     0
     0
     0
     0
     0
     0
     0
     0
     0
     0
     0
     0
     0
     0
     0
     0
     0
     0
     0
     0
     0
     0
     0
     0
     0
     0
     0
     0
     0
     0
     0
     0
     0
     0
     0
     0
     0
     0
     0
     0
     0
     0
     0
     0
     0
     0
     0
     0
     0
     0
     0
     0
     0
     0
     0
     0
     0
     0
     0
     0
     0
     0
     0
     0
     0
     0
     0
     0
     0
     0
     0
     0
     0
     0
     0
     0
     0
     0
     0
     0
     0
     0
     0
     0
     0
     0
     0
     0
     0
     0
     0
     0
     0
     0
     0
     0
     0
     0
     0
     0
     0
     0
     0
     0
     0
     0
     0
     0
     0
     0
     0
     0
     0
     0
     0
     0
     0
     0
     0
     0
     0
     0
     0
     0
     0
     0
     0
     0
     0
     0
     0
     0
     0
     0
     0
     0
     0
     0
     0
     0
     0
     0
     0
     0
     0
     0
     0
     0
     0
     0
     0
     0
     0
     0
     0
     0
     0
     0
     0
     0
     0
     0
     0
     0
     0
     0
     0
     0
     0
     0
     0
     0
     0
     0
     0
     0
     0
     0
     0
     0
     0
     0
     0
     0
     0
     0
     0
     0
     0
     0
     0
     0
     0
     0
     0
     0
     0
     0
     0
     0
     0
     0
     0
     0
     0
     0
     0
     0
     0
     0
     0
     0
     0
     0
     0
     0
     0
     0
     0
     0
     0
     0
     0
     0
     0
     0
     0
     0
     0
     0
     0
     0
     0
     0
     0
     0
     0
     0
     0
     0
     0
     0
     0
     0
     0
     0
     0
     0
     0
     0
     0
     0
     0
     0
     0
     0
     0
     0
     0
     0
     0
     0
     0
     0
     0
     0
     0
     0
     0
     0
     0
     0
     0
     0
     0
     0
     0
     0
     0
     0
     0
     0
     0
     0
     0
     0
     0
     0
     0
     0
     0
     0
     0
     0
     0
     0
     0
     0
     0
     0
     0
     0
     0
     0
     0
     0
     0
     0
     0
     0
     0
     0
     0
     0
     0
     0
     0
     0
     0
     0
     0
     0
     0
     0
     0
     0
     0
     0
     0
     0
     0
     0
     0
     0
     0
     0
     0
     0
     0
     0
     0
     0
     0
     0
     0
     0
     0
     0
     0
     0
     0
     0
     0
     0
     0
     0
     0
     0
     0
     0
     0
     0
     0
     0
     0
     0
     0
     0
     0
     0
     0
     0
     0
     0
     0
     0
     0
     0
     0
     0
     0
     0
     0
     0
     0
     0
     0
     0
     0
     0
     0
     0
     0
     0
     0
     0
     0
     0
     0
     0
     0
     0
     0
     0
     0
     0
     0
     0
     0
     0
     0
     0
     0
     0
     0
     0
     0
     0
     0
     0
     0
     0
     0
     0
     0
     0
     0
     0
     0
     0
     0
     0
     0
     0
     0
     0
     0
     0
     0
     0
     0
     0
     0
     0
     0
     0
     0
     0
     0
     0
     0
     0
     0
     0
     0
     0
     0
     0
     0
     0
     0
     0
     0
     0
     0
     0
     0
     0
     0
     0
     0
     0
     0
     0
     0
     0
     0
     0
     0
     0
     0
     0
     0
     0
     0
     0
     0
     0
     0
     0
     0
     0
     0
     0
     0
     0
     0
     0
     0
     0
     0
     0
     0
     0
     0
     0
     0
     0
     0
     0
     0
     0
     0
     0
     0
     0
     0
     0
     0
     0
     0
     0
     0
     0
     0
     0
     0
     0
     0
     0
     0
     0
     0
     0
     0
     0
     0
     0
     0
     0
     0
     0
     0
     0
     0
     0
     0
     0
     0
     0
     0
     0
     0
     0
     0
     0
     0
     0
     0
     0
     0
     0
     0
     0
     0
     0
     0
     0
     0
     0
     0
     0
     0
     0
     0
     0
     0
     0
     0
     0
     0
     0
     0
     0
     0
     0
     0
     0
     0
     0
     0
     0
     0
     0
     0
     0
     0
     0
     0
     0
     0
     0
     0
     0
     0
     0
     0
     0
     0
     0
     0
     0
     0
     0
     0
     0
     0
     0
     0
     0
     0
     0
     0
     0
     0
     0
     0
     0
     0
     0
     0
     0
     0
     0
     0
     0
     0
     0
     0
     0
     0
     0
     0
     0
     0
     0
     0
     0
     0
     0
     0
     0
     0
     0
     0
     0
     0
     0
     0
     0
     0
     0
     0
     0
     0
     0
     0
     0
     0
     0
     0
     0
     0
     0
     0
     0
     0
     0
     0
     0
     0
     0
     0
     0
     0
     0
     0
     0
     0
     0
     0
     0
     0
     0
     0
     0
     0
     0
     0
     0
     0
     0
     0
     0
     0
     0
     0
     0
     0
     0
     0
     0
     0
     0
     0
     0
     0
     0
     0
     0
     0
     0
     0
     0
     0
     0
     0
     0
     0
     0
     0
     0
     0
     0
     0
     0
     0
     0
     0
     0
     0
     0
     0
     0
     0
     0
     0
     0
     0
     0
     0
     0
     0
     0
     0
     0
     0
     0
     0
     0
     0
     0
     0
     0
     0
     0
     0
     0
     0
     0
     0
     0
     0
     0
     0
     0
     0
     0
     0
     0
     0
     0
     0
     0
     0
     0
     0
     0
     0
     0
     0
     0
     0
     0
     0
     0
     0
     0
     0
     0
     0
     0
     0
     0
     0
     0
     0
     0
     0
     0
     0
     0
     0
     0
     0
     0
     0
     0
     0
     0
     0
     0
     0
     0
     0
     0
     0
     0
     0
     0
     0
     0
     0
     0
     0
     0
     0
     0
     0
     0
     0
     0
     0
     0
     0
     0
     0
     0
     0
     0
     0
     0
     0
     0
     0
     0
     0
     0
     0
     0
     0
     0
     0
     0
     0
     0
     0
     0
     0
     0
     0
     0
     0
     0
     0
     0
     0
     0
     0
     0
     0
     0
     0
     0
     0
     0
     0
     0
     0
     0
     0
     0
     0
     0
     0
     0
     0
     0
     0
     0
     0
     0
     0
     0
     0
     0
     0
     0
     0
     0
     0
     0
     0
     0
     0
     0
     0
     0
     0
     0
     0
     0
     0
     0
     0
     0
     0
     0
     0
     0
     0
     0
     0
     0
     0
     0
     0
     0
     0
     0
     0
     0
     0
     0
     0
     0
     0
     0
     0
     0
     0
     0
     0
     0
     0
     0
     0
     0
     0
     0
     0
     0
     0
     0
     0
     0
     0
     0
     0
     0
     0
     0
     0
     0
     0
     0
     0
     0
     0
     0
     0
     0
     0
     0
     0
     0
     0
     0
     0
     0
     0
     0
     0
     0
     0
     0
     0
     0
     0
     0
     0
     0
     0
     0
     0
     0
     0
     0
     0
     0
     0
     0
     0
     0
     0
     0
     0
     0
     0
     0
     0
     0
     0
     0
     0
     0
     0
     0
     0
     0
     0
     0
     0
     0
     0
     0
     0
     0
     0
     0
     0
     0
     0
     0
     0
     0
     0
     0
     0
     0
     0
     0
     0
     0
     0
     0
     0
     0
     0
     0
     0
     0
     0
     0
     0
     0
     0
     0
     0
     0
     0
     0
     0
     0
     0
     0
     0
     0
     0
     0
     0
     0
     0
     0
     0
     0
     0
     0
     0
     0
     0
     0
     0
     0
     0
     0
     0
     0
     0
     0
     0
     0
     0
     0
     0
     0
     0
     0
     0
     0
     0
     0
     0
     0
     0
     0
     0
     0
     0
     0
     0
     0
     0
     0
     0
     0
     0
     0
     0
     0
     0
     0
     0
     0
     0
     0
     0
     0
     0
     0
     0
     0
     0
     0
     0
     0
     0
     0
     0
     0
     0
     0
     0
     0
     0
     0
     0
     0
     0
     0
     0
     0
     0
     0
     0
     0
     0
     0
     0
     0
     0
     0
     0
     0
     0
     0
     0
     0
     0
     0
     0
     0
     0
     0
     0
     0
     0
     0
     0
     0
     0
     0
     0
     0
     0
     0
     0
     0
     0
     0
     0
     0
     0
     0
     0
     0
     0
     0
     0
     0
     0
     0
     0
     0
     0
     0
     0
     0
     0
     0
     0
     0
     0
     0
     0
     0
     0
     0
     0
     0
     0
     0
     0
     0
     0
     0
     0
     0
     0
     0
     0
     0
     0
     0
     0
     0
     0
     0
     0
     0
     0
     0
     0
     0
     0
     0
     0
     0
     0
     0
     0
     0
     0
     0
     0
     0
     0
     0
     0
     0
     0
     0
     0
     0
     0
     0
     0
     0
     0
     0
     0
     0
     0
     0
     0
     0
     0
     0
     0
     0
     0
     0
     0
     0
     0
     0
     0
     0
     0
     0
     0
     0
     0
     0
     0
     0
     0
     0
     0
     0
     0
     0
     0
     0
     0
     0
     0
     0
     0
     0
     0
     0
     0
     0
     0
     0
     0
     0
     0
     0
     0
     0
     0
     0
     0
     0
     0
     0
     0
     0
     0
     0
     0
     0
     0
     0
     0
     0
     0
     0
     0
     0
     0
     0
     0
     0
     0
     0
     0
     0
     0
     0
     0
     0
     0
     0
     0
     0
     0
     0
     0
     0
     0
     0
     0
     0
     0
     0
     0
     0
     0
     0
     0
     0
     0
     0
     0
     0
     0
     0
     0
     0
     0
     0
     0
     0
     0
     0
     0
     0
     0
     0
     0
     0
     0
     0
     0
     0
     0
     0
     0
     0
     0
     0
     0
     0
     0
     0
     0
     0
     0
     0
     0
     0
     0
     0
     0
     0
     0
     0
     0
     0
     0
     0
     0
     0
     0
     0
     0
     0
     0
     0
     0
     0
     0
     0
     0
     0
     0
     0
     0
     0
     0
     0
     0
     0
     0
     0
     0
     0
     0
     0
     0
     0
     0
     0
     0
     0
     0
     0
     0
     0
     0
     0
     0
     0
     0
     0
     0
     0
     0
     0
     0
     0
     0
     0
     0
     0
     0
     0
     0
     0
     0
     0
     0
     0
     0
     0
     0
     0
     0
     0
     0
     0
     0
     0
     0
     0
     0
     0
     0
     0
     0
     0
     0
     0
     0
     0
     0
     0
     0
     0
     0
     0
     0
     0
     0
     0
     0
     0
     0
     0
     0
     0
     0
     0
     0
     0
     0
     0
     0
     0
     0
     0
     0
     0
     0
     0
     0
     0
     0
     0
     0
     0
     0
     0
     0
     0
     0
     0
     0
     0
     0
     0
     0
     0
     0
     0
     0
     0
     0
     0
     0
     0
     0
     0
     0
     0
     0
     0
     0
     0
     0
     0
     0
     0
     0
     0
     0
     0
     0
     0
     0
     0
     0
     0
     0
     0
