0.571584
0.493502
0.583
0.550606
0.501767
0.501832
0.515546
0.583416
0.62278
0.612173
0.563104
0.513864
0.502045
0.521058
0.511469
0.526441
0.515716
0.520505
0.535124
0.536191
0.53488
0.520411
0.524868
0.510935
0.523565
0.509452
0.51419
0.508832
0.505707
0.500577
0.505211
0.51758
0.511212
0.506064
0.506574
0.497033
0.487364
0.495937
0.503242
0.504214
0.501849
0.494776
0.486595
0.484952
0.488431
0.489756
0.484583
0.485957
0.483919
0.486969
0.486852
0.48438
0.4914
0.485791
0.472858
0.48402
0.482738
0.477302
0.482338
0.477705
0.481474
0.485859
0.474792
0.486756
0.488238
0.493198
0.479589
0.479699
0.484379
0.481139
0.476274
0.487259
0.47987
0.482405
0.474966
0.47908
0.475599
0.475904
0.484427
0.477734
0.473376
0.48096
0.491332
0.48045
0.492202
0.4825
0.473363
0.476357
0.47724
0.470447
0.492017
0.477538
0.487959
0.479222
0.472345
0.478758
0.480881
0.479888
0.478864
0.476094
0.481439
0.472564
0.480457
0.479293
0.476756
0.477657
0.476608
0.479714
0.475803
0.480245
0.4717
0.485441
0.476298
0.479609
0.478362
0.477052
0.474829
0.48222
0.476415
0.483177
0.476232
0.471711
0.483989
0.47569
