64.2657
63.6846
63.8958
63.6968
63.2375
61.9642
60.7325
59.7067
58.9351
58.8095
58.9684
59.7726
60.7783
62.0247
63.6409
65.0867
66.2902
68.0136
68.946
69.4229
69.6121
69.2295
68.8307
67.5969
66.4985
65.5553
64.5035
63.7311
62.5856
61.9714
61.2903
60.7927
60.6638
60.2249
60.0407
59.8195
59.711
59.7476
59.6891
59.6105
59.6869
59.6373
59.5796
59.4613
59.354
59.2081
59.1093
58.9769
58.7847
58.78
58.6321
58.4807
58.4694
58.3929
58.4143
58.3866
58.4246
58.3929
58.4814
58.4286
58.4992
58.5889
58.4197
58.3253
58.3062
58.2574
58.2094
58.1887
58.1301
58.1005
58.0747
58.0928
58.0902
58.0609
58.1072
58.0753
58.089
58.0635
58.0785
58.0235
57.9604
57.9268
57.9404
57.8984
57.8798
57.8941
57.909
57.8528
57.8151
57.8474
57.9013
57.8448
57.8383
57.822
57.8098
57.8452
57.7792
57.8323
57.8605
57.8699
57.7818
57.7767
57.8501
57.7447
57.8545
57.8133
57.7561
57.8431
57.8349
57.7974
57.7962
57.8163
57.7769
57.7113
57.8242
57.7871
57.789
57.7616
57.694
57.7521
57.7009
57.7849
57.7648
57.7508
57.7843
57.7114
57.8201
57.7292
57.743
57.8159
57.7447
57.7198
57.7668
57.7073
57.7647
57.6988
57.6793
57.7033
57.7367
57.7456
57.6905
57.6905
57.7353
57.7269
57.6994
57.6652
57.6765
57.687
57.7051
57.7364
57.6986
57.75
57.7851
57.7648
57.7783
57.7906
57.719
57.7097
57.7664
57.7239
57.6025
57.6884
57.7014
57.7125
57.6596
57.6464
57.7133
57.6675
57.6494
57.6976
57.6294
57.6934
57.6738
57.7086
57.6927
57.7396
57.705
57.6412
57.6577
57.6414
57.626
57.6366
57.6769
57.6483
57.6319
57.6338
57.6934
57.7131
57.726
57.7237
57.7236
57.7477
57.6545
57.6849
57.6677
57.6471
57.6386
57.6847
57.6588
57.6674
57.6458
57.6967
57.6531
57.6734
57.6655
57.667
57.6208
57.6658
57.6533
57.7068
57.6578
57.6479
57.6251
57.6298
57.6512
57.5695
57.6527
57.5678
57.5743
57.5815
57.6787
57.6795
57.5984
57.6165
57.5938
57.6482
57.6899
57.6717
57.6387
57.6341
57.6709
57.698
57.6639
57.6894
57.6531
57.5795
57.6274
57.643
57.5969
57.6461
57.6452
57.5603
57.683
57.6418
57.6276
57.6062
57.636
57.5712
57.6516
57.6511
57.6446
57.6622
57.7407
57.6946
57.6698
57.6548
57.659
57.6554
57.6745
57.6311
57.6291
57.6141
57.632
57.7082
57.6119
57.6341
57.5972
57.6345
57.684
57.6071
57.6324
57.6114
57.611
57.6841
57.684
57.6824
57.628
57.6828
57.6281
57.5873
57.6346
57.6141
57.5723
57.6535
57.6653
57.6098
57.6456
57.5649
57.5766
57.6316
57.5518
57.5966
57.6486
57.5883
57.6242
57.6494
57.6718
57.6306
57.6623
57.6326
57.6449
57.5935
57.5795
57.5985
57.578
57.5402
57.5897
57.5923
57.6616
57.5968
57.5873
57.6113
57.6647
57.6152
57.6367
57.6233
57.665
57.5954
57.6649
57.6238
57.7079
57.6394
57.6736
57.6026
57.5825
57.5835
57.5178
57.6041
57.5561
57.6594
57.6502
57.6551
57.66
57.6003
57.5616
57.5879
57.6366
57.6396
57.5544
57.5458
57.6302
57.5731
57.5672
57.6086
57.616
57.6277
57.5537
57.6175
57.6079
57.5511
57.5627
57.611
57.5776
57.5481
57.5506
57.5693
57.572
57.4794
57.5731
57.5681
57.5858
57.5817
57.5886
57.6588
57.6511
57.6009
57.6439
57.6566
57.6752
57.6356
57.5954
57.5464
57.5463
57.5446
57.5323
57.6086
57.5277
57.5285
57.5331
57.5594
57.5263
57.5862
57.5907
57.554
57.5041
57.5646
57.5701
57.5432
57.5695
57.5656
57.6104
57.6754
57.6769
57.6678
57.7023
57.7412
57.6266
57.659
57.5469
57.5637
57.5816
57.6096
57.582
57.6166
57.6468
57.6257
57.6062
57.5076
57.5687
57.5803
57.525
57.62
57.6928
57.6838
57.6845
57.598
57.638
57.6488
57.7098
57.6899
57.6275
57.6855
57.5849
57.5653
57.5588
57.5488
57.5328
57.5764
57.635
57.6276
57.6892
57.7123
57.6085
57.6759
57.5807
57.4648
57.5824
57.6423
57.7613
57.8188
57.8317
57.7972
57.7841
57.7989
57.7051
57.6245
57.5761
57.5236
57.5581
57.5909
57.5964
57.6354
57.5834
57.5959
57.5102
57.5643
57.6278
57.5859
57.5831
57.5793
57.6108
57.5767
57.6018
57.6085
57.5738
57.5809
57.5918
57.5869
57.5706
57.5873
57.5507
57.581
57.5448
57.5484
57.603
57.5933
57.5726
57.5416
57.5299
57.5577
57.5249
57.5251
57.5658
57.5546
57.5463
57.5383
57.5561
57.5794
57.5878
57.501
57.5313
57.5129
57.5156
57.5067
57.5413
57.4904
57.5032
57.5138
57.5579
57.5903
57.5418
57.5419
57.6051
57.6071
57.5973
57.6291
57.611
57.6108
57.5278
57.5147
57.4801
57.4737
57.5772
57.5221
57.5336
57.5285
57.5424
57.5165
57.4997
57.5077
57.5246
57.4765
57.4557
57.4702
57.445
57.484
57.4949
57.4492
57.5035
57.4954
57.5775
57.5359
57.5538
57.6053
57.6308
57.5404
57.5732
57.5123
57.5134
57.5306
57.4885
57.5126
57.5341
57.4587
57.4738
57.5473
57.4907
57.508
57.4848
57.5215
57.4738
57.4849
57.4251
57.4595
57.5598
57.5248
57.5849
57.5392
57.5406
57.5146
57.5608
57.5533
57.5237
57.5898
57.525
57.4683
57.5207
57.5177
57.5082
57.4648
57.5106
57.4996
57.4757
57.476
57.504
57.4983
57.5268
57.4969
57.5349
57.5159
57.4915
57.5243
57.4837
57.4155
57.4686
57.4251
57.4703
57.4625
57.5092
57.5837
57.6118
57.6378
57.6367
57.6397
57.5405
57.577
57.4772
57.4889
57.5443
57.4802
57.4194
57.4487
57.4863
57.5056
57.4736
57.4743
57.5575
57.6995
57.6379
57.6504
57.5704
57.5392
57.504
57.4606
57.4727
57.5494
57.472
57.4483
57.5076
57.5006
57.52
57.4921
57.4236
57.4565
57.4713
57.4132
57.3906
57.4735
57.4918
57.3752
57.4463
57.4308
57.4392
57.4392
57.484
57.5045
57.5049
57.5308
57.605
57.5661
57.5804
57.5915
57.5202
57.4703
57.4681
57.4409
57.4797
57.4805
57.4243
57.5086
57.4683
57.4671
57.4598
57.4919
57.4495
57.4519
57.4143
57.4305
57.455
57.4904
57.4833
57.5653
57.5615
57.5057
57.521
57.532
57.4569
57.4634
57.3534
57.4774
57.4616
57.4715
57.4422
57.4188
57.4311
57.4221
57.4471
57.4372
57.4657
57.4118
57.4307
57.4442
57.4099
57.4604
57.3933
57.3461
57.3938
57.414
57.4529
57.3908
57.4307
57.3495
57.4094
57.4101
57.4047
57.3521
57.383
57.3993
57.3844
57.3192
57.3267
57.3134
57.3508
57.2864
57.3218
57.3026
57.3331
57.2896
57.3278
57.3605
57.2476
57.2777
57.3154
57.2971
57.2594
57.2947
57.2478
57.209
57.2555
57.2659
57.2439
57.2346
57.191
57.2067
57.2104
57.2391
57.2087
57.2312
57.2677
57.2664
57.2212
57.2521
57.2137
57.2692
57.2681
57.2105
57.2417
57.2457
57.1903
57.2121
57.2613
57.2151
57.2758
57.2261
57.2017
57.1751
57.1852
57.1902
57.1934
57.1836
57.1978
57.1962
57.2073
57.2115
57.1343
57.1535
57.1754
57.158
57.1687
57.1409
57.1177
57.1053
57.144
57.1388
57.1837
57.1435
57.1363
57.0696
57.1011
57.1317
57.1375
57.1359
57.0872
57.101
57.1268
57.107
57.1102
57.1411
57.084
57.0736
57.1362
57.0894
57.1307
57.0817
57.1032
57.1156
57.1101
57.1384
57.0835
57.1235
57.1628
57.096
57.0934
57.0838
57.0352
57.141
57.1044
57.1275
57.077
57.0745
57.0706
57.1403
57.1487
57.0548
57.0864
57.0822
57.0655
57.0513
57.025
57.035
57.0503
57.0408
57.0164
57.0341
57.0046
57.0346
57.0573
57.0676
57.0216
57.0572
57.0368
57.1058
57.0431
57.025
56.9994
57.0226
57.0341
57.0473
57.0315
57.0003
57.0406
57.0019
57.019
56.9903
57.0175
57.0121
57.0267
57.0497
56.9766
57.0076
56.9597
57.0216
56.9738
57.0024
56.939
56.9315
56.9938
56.9459
57.0234
57.0006
56.9395
56.9657
56.989
56.971
56.9928
57.0029
56.9181
56.926
56.9489
56.9214
56.944
56.9549
56.8918
56.9853
56.9498
56.9817
57.0011
56.9556
56.8875
56.9033
56.9159
56.9842
56.977
56.9028
56.9317
56.9239
56.9259
56.9756
56.886
56.8631
56.8993
56.9215
56.9287
56.9532
56.9524
56.9261
56.8692
56.8901
56.8861
56.884
56.8514
56.9183
56.8708
56.9053
56.8655
56.8588
56.8385
56.9062
56.8555
56.8539
56.8819
56.8503
56.844
56.8746
56.8614
56.8314
56.8468
56.8754
56.8941
56.8512
56.8687
56.8123
56.8207
56.8542
56.8638
56.8246
56.8465
56.8912
56.8658
56.8472
56.8447
56.8588
56.8759
56.8449
56.8387
56.8667
56.8421
56.8411
56.8244
56.8284
56.8059
56.7943
56.8207
56.849
56.8178
56.8416
56.758
56.785
56.8115
56.8164
56.812
56.7736
56.7879
56.822
56.785
56.7537
56.7729
56.7633
56.7668
56.7591
56.7953
56.7923
56.7622
56.8083
56.7407
56.7642
56.7892
56.73
56.7187
56.7266
56.7375
56.7693
56.7765
56.7499
56.7998
56.7376
56.7496
56.7862
56.7704
56.7505
56.7886
56.7377
56.7336
56.7291
56.7289
56.7429
56.7265
56.7591
56.764
56.7782
56.7627
56.758
56.7739
56.7831
56.7541
56.7847
56.7258
56.7414
56.7762
56.7445
56.7653
56.7345
56.765
56.7673
56.7354
56.7295
56.7123
56.7385
56.7381
56.7229
56.673
56.7026
56.7182
56.7447
56.6994
56.7348
56.6831
56.6909
56.6812
56.7024
56.6883
56.6959
56.6867
56.6963
56.7213
56.7148
56.7114
56.7089
56.6959
56.6934
56.683
56.6673
56.6706
56.6592
56.7322
56.7203
56.7416
56.6903
56.6737
56.6916
56.6824
56.7085
56.7281
56.7034
56.7088
56.685
56.7044
56.7132
56.7002
56.6808
56.6741
56.7323
56.6747
56.7106
56.7297
56.7045
56.7225
56.6385
56.7194
56.6618
56.6678
56.6777
56.7
56.7015
56.6463
56.6999
56.6967
56.6888
56.7031
56.695
56.6542
56.6634
56.6832
56.6644
56.6656
56.6599
56.6978
56.6723
56.6921
56.6773
56.6687
56.6839
56.7007
56.6973
56.6612
56.6806
56.6216
56.6511
56.6639
56.6882
56.707
56.6421
56.6753
56.668
56.6663
56.6568
56.6652
56.6303
56.6699
56.6844
56.6808
56.693
56.7157
56.6862
56.7084
56.714
56.6947
56.6533
56.7164
56.677
56.71
56.6916
56.6746
56.6437
56.7045
56.6931
56.712
56.669
56.7186
56.704
56.6748
56.6857
56.7196
56.6855
56.7142
56.686
56.7021
56.6932
56.6633
56.7022
56.6483
56.6536
56.7138
56.6465
56.6472
56.6691
56.6737
56.6732
56.7031
56.6901
56.6607
56.6888
56.6883
56.6737
56.6588
56.6419
56.6718
56.6636
56.6492
56.6546
56.6296
56.68
56.6926
56.6601
56.6585
56.6886
56.6379
56.6901
56.6698
56.7014
56.673
56.6632
56.703
56.662
56.6811
56.6743
56.6505
56.6962
56.6847
56.696
56.6483
56.6887
56.6893
56.679
56.6376
56.7158
56.6465
56.704
56.6613
56.6643
56.6645
56.6682
56.6739
56.6524
56.7004
56.6349
56.6816
56.6667
56.6445
56.6943
56.6747
56.6787
56.6775
56.7398
56.7248
56.6575
56.6452
56.6925
56.7058
56.6689
56.7625
56.6789
56.7272
56.7311
56.6733
56.7274
56.6974
56.66
56.6995
56.6949
56.7041
56.6863
56.682
56.6679
56.6789
56.705
56.6983
56.6684
56.7054
56.6954
56.695
56.6779
56.6781
56.7222
56.6623
56.6863
56.718
56.7134
56.7123
56.6622
56.6236
56.6437
56.6735
56.6977
56.6582
56.6309
56.6433
56.6463
56.6525
56.704
56.6683
56.6452
56.6435
56.6474
56.6496
56.6334
56.685
56.6318
56.6481
56.6754
56.6684
56.6738
56.6896
56.6358
56.6549
56.6746
56.6291
56.6367
56.6304
56.6358
56.6261
56.6765
56.6593
56.6382
56.6504
56.6481
56.651
56.6535
56.6674
56.6277
56.6433
56.6801
56.6447
56.6385
56.6501
56.6569
56.6927
56.6871
56.6862
56.682
56.6733
56.6516
56.6748
56.6835
56.6713
56.6488
56.6868
56.6544
56.6479
56.6323
56.6452
56.6782
56.6691
56.6712
56.6593
56.6609
56.6543
56.6756
56.6497
56.653
56.6666
56.6651
56.6402
56.6665
56.654
56.6852
56.6277
56.6946
56.6941
56.6528
56.6717
56.6879
56.6347
56.6808
56.6494
56.6824
56.6624
56.6691
56.6494
56.6183
56.6534
56.6724
56.6797
56.6735
56.6564
56.6966
56.6644
56.6724
56.6503
56.6305
56.665
56.6222
56.652
56.633
56.6488
56.6941
56.6265
56.6501
56.6916
56.6468
56.6071
56.6725
56.627
56.6707
56.6164
56.6572
56.661
56.648
56.661
56.656
56.6873
56.6496
56.634
56.672
56.6321
56.6585
56.6849
56.6515
56.7246
56.6737
56.6562
56.654
56.6398
56.6109
56.6401
56.6632
56.674
56.6454
56.662
56.6519
56.6397
56.6297
56.6557
56.651
56.6617
56.6303
56.6357
56.6576
56.6512
56.6712
56.6999
56.6729
56.7073
56.6502
56.6499
56.6582
56.6284
56.6234
56.6218
56.6407
56.6363
56.6228
56.6162
56.6295
56.6545
56.6692
56.6024
56.6463
56.6355
56.6278
56.6602
56.6808
56.6906
56.6466
56.6994
56.6678
56.6534
56.6696
56.6583
56.618
56.6799
56.6632
56.6546
56.6502
56.6232
56.6489
56.6694
56.6844
56.6722
56.6795
56.698
56.6786
56.6668
56.6983
56.6544
56.6907
56.6648
56.6506
56.6555
56.6767
56.6513
56.6258
56.6226
56.643
56.621
56.6097
56.6445
56.6349
56.6567
56.6655
56.6473
56.6454
56.7172
56.6614
56.6711
56.6856
56.6269
56.6527
56.6746
56.6507
56.623
56.6556
56.6477
56.6662
56.6547
56.6049
56.6407
56.6275
56.6658
56.6777
56.6397
56.6478
56.7116
56.6583
56.6759
56.6899
56.6645
56.6736
56.6733
56.6428
56.6355
56.6206
56.6623
56.6351
56.6537
56.639
56.6435
56.647
56.662
56.6953
56.6614
56.6569
56.6879
56.7076
56.649
56.6722
56.6564
56.6669
56.6488
56.6647
56.6743
56.6691
56.6448
56.6606
56.6743
56.6661
56.7029
56.6689
56.6438
56.6914
56.6807
56.675
56.6643
56.6906
56.6613
56.6679
56.6535
56.6554
56.6122
56.6533
56.6741
56.6661
56.6637
56.6794
56.5953
56.6534
56.6561
56.6126
56.6653
56.6798
56.6567
56.6593
56.6185
56.6634
56.6548
56.6637
56.6534
56.6625
56.6374
56.6699
56.639
56.6446
56.6557
56.6434
56.6533
56.6753
56.6527
56.6163
56.6407
56.6436
56.6633
56.6502
56.6834
56.6374
56.654
56.6673
56.64
56.6196
56.6597
56.6439
56.6719
56.616
56.6564
56.6394
56.6785
56.6736
56.6709
56.6432
56.6787
56.6813
56.6352
56.7077
56.6772
56.6477
56.6731
56.7
56.6691
56.6377
56.6536
56.6673
56.6538
56.6784
56.6449
56.6553
56.6143
56.6306
56.6578
56.6382
56.676
56.668
56.6664
56.604
56.6646
56.6198
56.6519
56.6556
56.6884
56.6645
56.6608
56.6188
56.6512
56.6348
56.6643
56.6378
56.6445
56.635
56.6658
56.5773
56.6947
56.6762
56.6879
56.7169
56.6563
56.6939
56.6445
56.6635
56.6485
56.6719
56.6658
56.6461
56.6395
56.7203
56.6695
56.6639
56.6599
56.6675
56.7243
56.6901
56.6922
56.6768
56.6291
56.6346
56.6808
56.6398
56.6538
56.651
56.6589
56.6915
56.6688
56.6461
56.6729
56.665
56.6246
56.6886
56.6789
56.6308
56.6314
56.6828
56.6378
56.661
56.7173
56.6317
56.6795
56.6446
56.6352
56.6381
56.6915
56.6937
56.6308
56.6655
56.6774
56.6627
56.6384
56.6287
56.6245
56.6444
56.6463
56.6467
56.6218
56.6595
56.6485
56.5996
56.6754
56.6597
56.6613
56.654
56.6542
56.6432
56.6415
56.622
56.6371
56.6359
56.6394
56.6505
56.6266
56.6229
56.6587
56.6744
56.6997
56.5883
56.6351
56.6698
56.6434
56.6482
56.6566
56.6394
56.6213
56.6545
56.6513
56.6483
56.6031
56.6628
56.6788
56.6142
56.6191
56.6212
56.6363
56.6446
56.6643
56.6576
56.6804
56.6234
56.644
56.6399
56.6248
56.6314
56.6211
56.6283
56.6568
56.6412
56.6579
56.6784
56.6317
56.6765
56.7025
56.634
56.6604
56.63
56.6779
56.6743
56.636
56.6103
56.603
56.5675
56.6386
56.6174
56.6623
56.6356
56.6808
56.6425
56.6749
56.6269
56.701
56.653
56.6609
56.6065
56.6689
56.6311
56.6353
56.643
56.679
56.6387
56.6357
56.6399
56.6541
56.6618
56.6159
56.661
56.6543
56.6396
56.6553
56.6487
56.6345
56.6551
56.622
56.6555
56.6271
56.6688
56.6305
56.6193
56.6421
56.6355
56.6139
56.6148
56.6625
56.6366
56.6335
56.6661
56.6457
56.6131
56.6485
56.6387
56.6546
56.6425
56.6574
56.683
56.6407
56.6115
56.6405
56.6551
56.5775
56.6307
56.6666
56.6304
56.6258
56.6546
56.6278
56.6223
56.6366
56.6363
56.6423
56.6523
56.6209
56.6627
56.6506
56.6462
56.6555
56.6274
56.6608
56.6559
56.6222
56.6662
56.6535
56.692
56.6686
56.6683
56.6635
56.6557
56.696
56.675
56.6599
56.7083
56.646
56.6861
56.6604
56.6726
56.6191
56.6559
56.6562
56.6891
56.6402
56.7021
56.69
56.7192
56.7144
56.7033
56.6723
56.6877
56.6728
56.6395
56.6654
56.6682
56.6114
56.642
56.6659
56.6304
56.6773
56.6339
56.6992
56.647
56.6073
56.6571
56.6676
56.6456
56.6126
56.6261
56.6244
56.6657
56.6095
56.6279
56.6266
56.6474
56.6485
56.633
56.6305
56.6098
56.6541
56.6248
56.6502
56.6396
56.6433
56.6411
56.6705
56.643
56.6493
56.6481
56.668
56.628
56.6185
56.6607
56.6798
56.6438
56.6416
56.6402
56.6848
56.6598
56.6379
56.6475
56.632
56.6825
56.6794
56.6677
56.6584
56.7039
56.6247
56.6784
56.6685
56.6406
56.6969
56.6192
56.6819
56.6469
56.6407
56.6374
56.7037
56.6503
56.6252
56.6095
56.6762
56.6479
56.6883
56.6546
56.6603
56.6601
56.6159
56.6557
56.6904
56.6302
56.6564
56.6599
56.6818
56.6374
56.6867
56.6386
56.6445
56.6209
56.6713
56.648
56.6464
56.6968
56.6398
56.6545
56.6906
56.6522
56.665
56.6437
56.6799
56.6599
56.5967
56.6497
56.6733
56.6336
56.6632
56.6391
56.6646
56.6743
56.6741
56.6044
56.6261
56.6528
56.6628
56.689
56.6353
56.6857
56.6542
56.6291
56.6223
56.6672
56.6585
56.6551
56.6459
56.6691
56.6629
56.6796
56.6086
56.6577
56.6176
56.6684
56.6515
56.6282
56.6583
56.6722
56.6677
56.6504
56.7195
56.663
56.6587
56.6434
56.6578
56.6224
56.6306
56.6312
56.6296
56.6463
56.6312
56.6263
56.6525
56.6103
56.671
56.6797
56.6371
56.6463
56.6876
56.6019
56.6603
56.6707
56.6465
56.6363
56.6701
56.662
56.6346
56.6437
56.6457
56.6143
56.638
56.6542
56.5952
56.6497
56.648
56.6008
56.6329
56.6648
56.6518
56.6719
56.6982
56.6503
56.6866
56.6402
56.6757
56.6555
56.6927
56.6439
56.6542
56.6419
56.6976
56.6368
56.6802
56.6504
56.6728
56.6471
56.6701
56.6651
56.682
56.697
56.6229
56.6349
56.6337
56.6114
56.6429
56.6297
56.6253
56.6686
56.6301
56.6535
56.6503
56.6509
56.7119
56.6338
56.6464
56.6726
56.638
56.6259
56.659
56.6646
56.6719
56.6498
56.6633
56.6833
56.643
56.6711
56.6584
56.6355
56.6695
56.6262
56.6416
56.6355
56.6701
56.6551
56.6792
56.6664
56.6579
56.6778
56.6718
56.6546
56.6974
56.6488
56.6388
56.6524
56.6477
56.6468
56.6701
56.6875
56.6775
56.6609
56.6492
56.6409
56.6422
56.6113
56.6107
56.6324
56.6492
56.6466
56.6505
56.6414
56.6363
56.6558
56.6314
56.6063
56.6491
56.5964
56.6491
56.6521
56.6467
56.644
56.656
56.6435
56.6384
56.6546
56.6502
56.6469
56.6851
56.6472
56.6881
56.682
56.6574
56.6982
56.6775
56.6612
56.6397
56.6257
56.6591
56.6513
56.6542
56.6681
56.6419
56.675
56.661
56.6845
56.6372
56.6279
56.6477
56.6605
56.6845
56.6724
56.6809
56.6553
56.6747
56.6653
56.6572
56.6425
56.6571
56.6857
56.7172
56.6866
56.6721
56.6651
56.6885
56.6491
56.6677
56.633
56.6339
56.6867
56.6933
56.6342
56.6848
56.664
56.6528
56.6842
56.633
56.648
56.6548
56.624
56.6624
56.6664
56.67
56.6789
56.6621
56.6963
56.6688
56.6715
56.6502
56.6389
56.6797
56.6591
56.6148
56.6142
56.652
56.6458
56.6285
56.6267
56.654
56.6744
56.6735
56.6614
56.6499
56.6853
56.6708
56.6378
56.6582
56.6274
56.6396
56.6211
56.6406
56.606
56.6099
56.6285
56.6119
56.6105
56.6158
56.6207
56.6187
56.6313
56.64
56.6277
56.6599
56.6301
56.5928
56.6331
56.6248
56.63
56.6534
56.6024
56.6437
56.637
56.6621
56.6407
56.6654
56.6118
56.6536
56.6347
56.6974
56.6477
56.6346
56.6351
56.6452
56.6394
56.6414
56.6546
56.6915
56.6638
56.6444
56.6288
56.6234
56.6393
56.6629
56.6366
56.5989
56.6251
56.6476
56.6528
56.663
56.6425
56.6727
56.6454
56.6608
56.627
56.6825
56.656
56.6615
56.6272
56.665
56.6473
56.6718
56.6674
56.6384
56.6582
56.6469
56.6461
56.6246
56.6327
56.6632
56.6511
56.6715
56.6708
56.6331
56.6546
56.706
56.6818
56.6703
56.6909
56.6806
56.6917
56.6795
56.7059
56.653
56.6346
56.6345
56.6812
56.6708
56.6733
56.6423
56.6373
56.6795
56.6864
56.6468
56.6731
56.6505
56.6633
56.6763
56.6887
56.6424
56.6677
56.6887
56.6641
56.6696
56.6479
56.674
56.6223
56.6295
56.672
56.6457
56.6007
56.6342
56.667
56.6447
56.6368
56.6795
56.6696
56.6971
56.6459
56.6421
56.7305
56.644
56.6611
56.6913
56.7356
56.655
56.6509
56.6438
56.6835
56.6497
56.6227
56.6555
56.6419
56.6239
56.6624
56.6599
56.6184
56.6176
56.6432
56.6507
56.6686
56.6485
56.6378
56.6521
56.6837
56.7004
56.6853
56.6206
56.6449
56.6902
56.6557
56.6573
56.6643
56.6545
56.63
56.6073
56.6135
56.6299
56.6436
56.6567
56.6652
56.6659
56.6295
56.6661
56.6579
56.7095
56.6641
56.644
56.6549
56.6584
56.6385
56.6219
56.6548
56.6716
56.6437
56.6779
56.6346
56.6792
56.6485
56.7028
56.6601
56.6774
56.654
56.6622
56.6411
56.6802
56.6499
56.6355
56.6254
56.6542
56.6557
56.6505
56.6267
56.6396
56.6654
56.6559
56.6904
56.6577
56.6605
56.6303
56.6275
56.672
56.6545
56.6355
56.649
56.6732
56.6631
56.6693
56.6181
56.6797
56.6312
56.6081
56.6989
56.6625
56.5988
56.6374
56.6485
56.6639
56.669
56.6735
56.6605
56.6764
56.6417
56.6785
56.6547
56.6687
56.6902
56.7164
56.6789
56.6391
56.6396
56.6768
56.6719
56.6841
56.6865
56.6576
56.628
56.6691
56.6801
56.6478
56.6643
56.6541
56.6687
56.6713
56.6685
56.6366
56.6387
56.6222
56.6207
56.6096
56.6319
56.6622
56.6377
56.6727
56.6408
56.6264
56.6468
56.6563
56.6683
56.6394
56.6542
56.6403
56.6313
56.6706
56.64
56.6412
56.6313
56.6517
56.6685
56.6643
56.6394
56.6391
56.6915
56.6673
56.68
56.6386
56.6274
56.6591
56.6959
56.682
56.6946
56.6456
56.6533
56.6421
56.6008
56.646
56.6069
56.601
56.6225
56.6327
56.6283
56.6577
56.6518
56.6192
56.6254
56.6251
56.6686
56.6657
56.6607
56.6948
56.6742
56.6664
56.6658
56.6667
56.645
56.6831
56.6436
56.6407
56.6987
56.6281
56.6706
56.6322
56.6942
56.6617
56.6776
56.6786
56.7109
56.6829
56.66
56.6782
56.6241
56.6675
56.6294
56.6675
56.6324
56.6846
56.631
56.639
56.6571
56.7199
56.6628
56.6721
56.6281
56.6372
56.6537
56.6615
56.6601
56.6631
56.689
56.6204
56.651
56.6706
56.6746
56.6668
56.6646
56.6191
56.6447
56.6729
56.6296
56.6068
56.6313
56.6953
56.6579
56.6365
56.6721
56.6429
56.6524
56.6963
56.6191
56.6318
56.6559
56.6385
56.6296
56.6559
56.6619
56.6828
56.6308
56.6515
56.6348
56.6289
56.6835
56.587
56.6516
56.6225
56.6351
56.6619
56.641
56.6192
56.6333
56.6612
56.6364
56.6618
56.6255
56.6251
56.6224
56.645
56.6729
56.6709
56.643
56.6528
56.6427
56.6399
56.6562
56.6456
56.6447
56.6431
56.6931
56.6691
56.6736
56.6775
56.6585
56.6798
56.627
56.636
56.6633
56.6323
56.6356
56.6503
56.6277
56.6795
56.6282
56.6627
56.6274
56.6477
56.6448
56.6584
56.6604
56.6504
56.6748
56.6205
56.6389
56.6528
56.6234
56.6637
56.6421
56.6548
56.6402
56.6088
56.6942
56.6145
56.6631
56.6421
56.6796
56.6144
56.6155
56.6764
56.635
56.6674
56.6546
56.6549
56.6708
56.6395
56.6655
56.6314
56.6117
56.6352
56.6146
56.6306
56.6118
56.6356
56.6307
56.6059
56.6156
56.6509
56.6265
56.6338
56.6611
56.6363
56.6509
56.613
56.6525
56.6328
56.6412
56.6178
56.6622
56.6238
56.593
56.6424
56.6545
56.6054
56.6094
56.6086
56.6212
56.6205
56.6633
56.6633
56.717
56.6419
56.6622
56.6784
56.6642
56.6636
56.6427
56.6309
56.6387
56.6513
56.5964
56.6253
56.6493
56.6119
56.6526
56.6331
56.6151
56.6592
56.6052
56.6309
56.5928
56.6336
56.6321
56.626
56.6499
56.6525
56.6307
56.6663
56.6277
56.6608
56.6359
56.6294
56.6143
56.6115
56.6136
56.6002
56.6053
56.6004
56.6719
56.6013
56.6402
56.6595
56.6377
56.6571
56.6464
56.6294
56.6348
56.6425
56.6553
56.638
56.6338
56.6437
56.6484
56.6484
56.6324
56.6542
56.6339
56.5971
56.6291
56.619
56.6178
56.6159
56.6357
56.6159
56.6422
56.6133
56.6329
56.6386
56.6513
56.6273
56.6202
56.679
56.6311
56.6053
56.6735
56.6209
56.6439
56.6701
56.6603
56.6519
56.6397
56.6138
56.6056
56.604
56.6577
56.6577
56.6318
56.6225
56.6289
56.628
56.6589
56.6809
56.6455
56.6461
56.6262
56.6748
56.5999
56.6632
56.6531
56.6356
56.6468
56.6781
56.6486
56.6197
56.634
56.6635
56.661
56.6227
56.6449
56.6501
56.662
56.657
56.649
56.658
56.6592
56.6052
56.6746
56.6665
56.6657
56.6314
56.6314
56.6309
56.6205
56.6678
56.6451
56.6674
56.6282
56.6201
56.6887
56.5999
56.6223
56.6191
56.6486
56.6392
56.6534
56.5949
56.6783
56.6702
56.5985
56.6281
56.6515
56.6224
56.6021
56.6236
56.6431
56.662
56.6445
56.6358
56.6388
56.6287
56.6198
56.6306
56.6747
56.6777
56.6817
56.6594
56.6413
56.6559
56.6357
56.6404
56.6396
56.6702
56.6586
56.676
56.6819
56.6554
56.6507
56.6374
56.6471
56.6559
56.6303
56.6591
56.643
56.6193
56.6803
56.6749
56.6961
56.6274
56.687
56.6302
56.6331
56.6566
56.6474
56.7019
56.6449
56.6511
56.6707
56.6418
56.673
56.6432
56.6292
56.6168
56.666
56.6699
56.6481
56.5871
56.6193
56.6748
56.6273
56.6447
56.6448
56.6553
56.6111
56.6417
56.6724
56.6762
56.621
56.6236
56.622
56.6368
56.6844
56.6702
56.6203
56.6907
56.6552
56.65
56.6324
56.6716
56.6282
56.6588
56.6595
56.6523
56.6449
56.6146
56.6361
56.6132
56.6746
56.6238
56.6228
56.6758
56.6298
56.7129
56.6849
56.6677
56.6681
56.6195
56.6596
56.6742
56.6505
56.6544
56.6452
56.6567
56.6499
56.6536
56.6688
56.6547
56.6674
56.6614
56.645
56.6459
56.6538
56.6671
56.6593
56.6899
56.6551
56.6861
56.668
56.6271
56.6932
56.6016
56.6123
56.6231
56.7074
56.6283
56.6437
56.6336
56.6327
56.632
56.6312
56.6419
56.6734
56.6336
56.6016
56.6725
56.6989
56.6397
56.6106
56.6407
56.5983
56.6379
56.5813
56.597
56.6412
56.6458
56.6695
56.6233
56.6607
56.6595
56.6387
56.6195
56.6144
56.6356
56.6186
56.6576
56.6305
56.6374
56.6344
56.6719
56.6275
56.6509
56.6718
56.6185
56.6518
56.6475
56.6351
56.6921
56.6549
56.6116
56.6161
56.6503
56.6195
56.6477
56.6482
56.6033
56.6813
56.6073
56.622
56.6373
56.6186
56.5994
56.6155
56.614
56.6169
56.6294
56.6187
56.6222
56.6476
56.6428
56.6432
56.6245
56.7026
56.6405
56.6032
56.6344
56.6244
56.6433
56.6651
56.6316
56.6286
56.6022
56.6006
56.665
56.6028
56.6204
56.6697
56.6474
56.6455
56.5832
56.646
56.6792
56.6192
56.6132
56.679
56.6125
56.6458
56.6129
56.5962
56.639
56.6678
56.6462
56.6157
56.6116
56.6094
56.6356
56.6356
56.6082
56.5999
56.6104
56.6393
56.58
56.6218
56.624
56.6558
56.616
56.5913
56.6682
56.6514
56.6644
56.6507
56.6602
56.6703
56.6422
56.6535
56.6313
56.601
56.651
56.6498
56.6069
56.6069
56.6283
56.6704
56.628
56.6374
56.6857
56.6314
56.701
56.6509
56.6323
56.6398
56.6432
56.6527
56.6008
56.6685
56.632
56.6371
56.6351
56.6605
56.648
56.6205
56.6616
56.657
56.6067
56.5995
56.6399
56.6476
56.6389
56.6139
56.5772
56.6353
56.6328
56.637
56.6457
56.599
56.6194
56.6387
56.6249
56.6214
56.6238
56.6601
56.6336
56.65
56.6847
56.6245
56.5893
56.6126
56.644
56.6404
56.6381
56.5985
56.6267
56.6053
56.6643
56.6836
56.638
56.6061
56.6313
56.622
56.6539
56.6269
56.6479
56.6426
56.6056
56.6358
56.6109
56.6313
56.621
56.6739
56.6598
56.6078
56.6334
56.6468
56.644
56.6615
56.6493
56.6246
56.6209
56.6097
56.6423
56.6169
56.6564
56.6351
56.6476
56.6604
56.6369
56.6021
56.6559
56.6093
56.6348
56.6692
56.6346
56.6118
56.6594
56.6304
56.6682
56.66
56.6258
56.6419
56.6211
56.6533
56.654
56.6464
56.6262
56.6479
56.6538
56.6424
56.6369
56.6204
56.6387
56.6232
56.6318
56.5818
56.6409
56.617
56.6304
56.6503
56.6203
56.6544
56.6723
56.6321
56.7314
56.5922
56.6593
56.6743
56.6745
56.637
56.6242
56.6361
56.6618
56.6335
56.6778
56.6733
56.598
56.6393
56.644
56.6498
56.6175
56.6613
56.614
56.6375
56.6164
56.6068
56.6184
56.6336
56.6298
56.639
56.6318
56.6466
56.6416
56.6308
56.6241
56.6061
56.6276
56.5933
56.6174
56.6354
56.616
56.6019
56.6575
56.6318
56.6123
56.608
56.5971
56.6271
56.6163
56.6117
56.6238
56.622
56.5787
56.6404
56.6482
56.6403
56.6646
56.6369
56.6595
56.6314
56.6332
56.6889
56.6311
56.6509
56.6594
56.6686
56.6505
56.6678
56.6345
56.6064
56.6732
56.644
56.6207
56.6852
56.6597
56.648
56.6285
56.6765
56.6752
56.6527
56.6324
56.641
56.6421
56.6388
56.6109
56.6258
56.6419
56.621
56.6411
56.5807
56.6529
56.6342
56.6589
56.6619
56.6082
56.637
56.6573
56.6463
56.6112
56.6407
56.6507
56.6744
56.6667
56.6419
56.6426
56.6182
56.6472
56.6536
56.6347
56.6524
56.6258
56.6271
56.6158
56.638
56.6252
56.6855
56.6291
56.6632
56.6653
56.6484
56.6592
56.6644
56.6492
56.6723
56.6481
56.6207
56.6388
56.6739
56.6679
56.6237
56.6132
56.6228
56.6035
56.6544
56.6295
56.6673
56.614
56.6057
56.631
56.6092
56.6403
56.611
56.6268
56.6253
56.6499
56.6526
56.6845
56.6353
56.6393
56.6292
56.6573
56.6587
56.6157
56.6397
56.6615
56.6289
56.6292
56.6098
56.6703
56.6019
56.616
56.6737
56.6323
56.7067
56.6184
56.6636
56.6726
56.6719
56.6645
56.6284
56.633
56.6147
56.6594
56.6524
56.6317
56.6688
56.6455
56.6458
56.6651
56.6148
56.6313
56.6434
56.6172
56.6382
56.6539
56.6224
56.6469
56.6627
56.6501
56.6108
56.6471
56.6384
56.6176
56.6102
56.6448
56.6805
56.605
56.631
56.6488
56.6472
56.6393
56.6411
56.6825
56.6404
56.6139
56.6152
56.6394
56.636
56.6607
56.6337
56.6145
56.625
56.6102
56.6115
56.6354
56.6142
56.6319
56.6384
56.6419
56.613
56.6687
56.6618
56.615
56.6182
56.6869
56.6197
56.6232
56.6435
56.6525
56.6291
56.6281
56.619
56.6336
56.6029
56.6173
56.6352
56.6473
56.6453
56.6296
56.6278
56.6768
56.5926
56.6541
56.6652
56.6216
56.6448
56.6158
56.6319
56.6239
56.6425
56.5748
56.6103
56.6324
56.6142
56.6599
56.6085
56.6341
56.625
56.6392
56.63
56.6318
56.6079
56.6036
56.6654
56.6647
56.6433
56.6144
56.668
56.6472
56.6037
56.6588
56.6393
56.6376
56.6193
56.619
56.6338
56.6067
56.6106
56.6322
56.627
56.628
56.6049
56.6459
56.6094
56.6857
56.6153
56.6199
56.6211
56.6222
56.6282
56.6213
56.5944
56.6528
56.6379
56.6578
56.6142
56.6333
56.6452
56.6053
56.6511
56.6617
56.6271
56.6554
56.6308
56.6406
56.6424
56.628
56.666
56.6733
56.6192
56.6365
56.5998
56.6367
56.6279
56.5981
56.6241
56.6063
56.6374
56.6245
56.6267
56.6436
56.6653
56.6308
56.6299
56.6323
56.6447
56.5987
56.6449
56.6611
56.5881
56.61
56.6002
56.6601
56.6325
56.6629
56.6157
56.6109
56.6515
56.6339
56.6446
56.6271
56.6617
56.6135
56.671
56.6522
56.6513
56.6268
56.6513
56.6407
56.6511
56.6344
56.6423
56.585
56.955
56.7042
56.7755
56.9976
57.2548
57.2897
57.1842
57.1512
57.2238
57.3163
57.2649
57.2884
57.3765
57.3867
57.3336
57.2645
57.2651
57.3032
57.299
57.2934
57.3262
57.2611
57.2876
57.277
57.2779
57.2927
57.225
57.2444
57.2683
57.2383
57.1983
57.1364
57.1939
57.2248
57.2642
57.2599
57.1931
57.2562
57.2612
57.1874
57.2145
57.1806
57.1821
57.1653
57.1602
57.2008
57.1536
57.1743
57.1623
57.069
57.1346
57.092
57.1413
57.1032
57.1138
57.0961
57.1187
57.1378
57.1746
57.0709
57.032
57.1215
57.0689
57.1416
57.1125
57.0529
56.9953
57.0035
57.0615
56.9915
56.9988
57.0126
56.99
56.8948
56.9466
56.924
56.9552
56.9661
56.9578
56.9611
56.9362
57
57.0068
56.9874
56.948
56.9571
56.981
56.9441
56.9471
56.962
56.9244
56.9644
56.9639
56.9456
56.9869
56.9585
56.9858
56.9475
56.9471
56.9683
56.9206
56.9225
56.9034
56.9096
56.8588
56.9588
56.941
56.9474
56.9201
56.9858
56.9647
56.9704
56.9398
56.9329
56.9026
56.9221
56.9088
56.9205
56.9122
56.9127
56.9226
56.8981
56.9512
56.9468
56.8853
56.9567
56.8702
56.8962
56.8934
56.8896
56.8592
56.8947
56.9258
56.8746
56.9134
56.8933
56.8556
56.856
56.8271
56.8989
56.8992
56.8778
56.8599
56.9106
56.8792
56.8631
56.8659
56.9097
56.8127
56.8385
56.8793
56.8889
56.8808
56.8398
56.848
56.824
56.873
56.8548
56.8058
56.8637
56.8997
56.9337
56.8724
56.8125
56.8628
56.9091
56.8901
56.8889
56.853
56.8698
56.8714
56.8738
56.8272
56.8102
56.8753
56.8109
56.8925
56.829
56.8702
56.8814
56.8424
56.914
56.8601
56.8995
56.9088
56.8044
56.8282
56.8542
56.8604
56.8511
56.8799
56.7925
56.8723
56.8499
56.8275
56.812
56.7825
56.8289
56.8821
56.8488
56.797
56.8734
56.7941
56.8424
56.8129
56.8202
56.8777
56.8193
56.8102
56.8292
56.8399
56.7622
56.8183
56.8034
56.7999
56.7755
56.8026
56.8016
56.7868
56.8624
56.7902
56.8097
56.7805
56.8189
56.7965
56.7675
56.8106
56.8148
56.8068
56.8604
56.7735
56.807
56.8406
56.838
56.8229
56.8609
56.8522
56.8047
56.8372
56.7927
56.7505
56.7548
56.7659
56.7991
56.8039
56.782
56.7572
56.7899
56.8121
56.7787
56.7983
56.8034
56.7517
56.8144
56.7632
56.7653
56.7842
56.8041
56.7989
56.7644
56.774
56.7697
56.8109
56.738
56.7214
56.7783
56.7509
56.7897
56.803
56.757
56.7951
56.7495
56.7737
56.767
56.729
56.7042
56.7601
56.7778
56.7593
56.7892
56.7209
56.6965
56.7392
56.7284
56.739
56.7256
56.7183
56.7443
56.7373
56.744
56.7709
56.7508
56.7352
56.759
56.733
56.7382
56.7074
56.7285
56.7139
56.7339
56.6878
56.7109
56.7146
56.7059
56.6919
56.6872
56.6659
56.6898
56.74
56.7077
56.6835
56.7144
56.7243
56.6881
56.6995
56.7194
56.7696
56.7092
56.7385
56.7262
56.7507
56.722
56.7187
56.7362
56.7646
56.6793
56.717
56.6657
56.6987
56.7131
56.7157
56.7157
56.7545
56.7021
56.7026
56.7012
56.6367
56.6579
56.668
56.7219
56.7168
56.7094
56.6797
56.677
56.6888
56.7169
56.6986
56.707
56.7197
56.694
56.7069
56.7096
56.7226
56.6693
56.7237
56.7179
56.6882
56.6802
56.6804
56.6747
56.6564
56.6763
56.7206
56.6637
56.7317
56.6687
56.7449
56.7156
56.7055
56.7342
56.6686
56.7303
56.6924
56.7009
56.6836
56.7217
56.6437
56.7087
56.7274
56.7087
56.7409
56.6718
56.6808
56.6722
56.6996
56.6812
56.637
56.6912
56.6673
56.6882
56.6738
56.6653
56.7007
56.703
56.6857
56.6876
56.7444
56.6901
56.7009
56.6809
56.6828
56.6626
56.6987
56.6582
56.6858
56.6741
56.6882
56.7017
56.6588
56.7163
56.6936
56.6682
56.685
56.6516
56.7107
56.6749
56.6615
56.6868
56.6942
56.674
56.6721
56.6417
56.7111
56.6694
56.6473
56.7214
56.6682
56.6985
56.6609
56.6918
56.6877
56.6844
56.7058
56.6824
56.7186
56.6788
56.6903
56.6932
56.6893
56.6666
56.6981
56.659
56.636
56.6618
56.6839
56.649
56.6404
56.6663
56.6884
56.6617
56.6965
56.6532
56.7035
56.6661
56.667
56.6653
56.6692
56.6598
56.6909
56.7031
56.6643
56.7045
56.6722
56.6653
56.6818
56.6714
56.646
56.6656
56.6486
56.6313
56.6833
56.7106
56.6465
56.6958
56.6798
56.6672
56.6714
56.6498
56.6367
56.6547
56.6329
56.634
56.6481
56.6657
56.6667
56.6409
56.6275
56.6544
56.7083
56.6393
56.6442
56.6406
56.6562
56.6389
56.6535
56.663
56.6451
56.6621
56.6338
56.6415
56.6048
56.6721
56.6424
56.6687
56.6487
56.6625
56.6248
56.7009
56.6491
56.6729
56.6785
56.6861
56.6431
56.6708
56.6683
56.6329
56.6357
56.6801
56.6866
56.6801
56.7107
56.6508
56.6601
56.6245
56.6329
56.6342
56.634
56.6511
56.6508
56.643
56.6045
56.6492
56.6365
56.6152
56.6711
56.6653
56.6716
56.6655
56.663
56.6278
56.6402
56.6558
56.68
56.6983
56.666
56.6446
56.6831
56.6746
56.6722
56.6838
56.6479
56.6146
56.6648
56.6516
56.6237
56.6697
56.6543
56.6539
56.65
56.6297
56.6232
56.6388
56.6508
56.6398
56.6434
56.6062
56.6605
56.6567
56.649
56.6693
56.6571
56.677
56.6447
56.6483
56.6346
56.6345
56.6753
56.6252
56.6682
56.6501
56.6688
56.6701
56.6822
56.6619
56.6413
56.6408
56.6628
56.6353
56.6455
56.6508
56.6509
56.6476
56.626
56.663
56.6134
56.6279
56.6541
56.6587
56.651
56.6285
56.6194
56.6475
56.6661
56.6408
56.664
56.6073
56.6414
56.6715
56.6937
56.6264
56.6499
56.6449
56.6886
56.6262
56.6614
56.6252
56.6371
56.6338
56.5942
56.6446
56.6333
56.6524
56.6441
56.6289
56.6364
56.6362
56.6591
56.6491
56.746
56.6278
56.6576
56.6599
56.6467
56.6197
56.6616
56.6448
56.6684
56.6421
56.639
56.6713
56.6381
56.6427
56.6578
56.6383
56.652
56.6545
56.6342
56.6347
56.6288
56.6373
56.6719
56.6468
56.6538
56.6471
56.6015
56.6578
56.6642
56.6686
56.6417
56.6311
56.605
56.6272
56.6242
56.6253
56.6175
56.6277
56.6611
56.6725
56.6739
56.6571
56.6215
56.6467
56.6688
56.665
56.6908
56.6332
56.6627
56.6467
56.6297
56.6363
56.6578
56.6586
56.6443
56.6346
56.6603
56.6514
56.6229
56.6236
56.6627
56.6561
56.6337
56.6551
56.6648
56.621
56.5911
56.6368
56.6334
56.6543
56.642
56.6598
56.619
56.6056
56.6294
56.6175
56.6313
56.6361
56.6433
56.6229
56.6306
56.6606
56.6614
56.67
56.6466
56.6285
56.6653
56.6192
56.6204
56.6197
56.6307
56.61
56.6045
56.673
56.6374
56.6191
56.5984
56.6633
56.6126
56.6426
56.634
56.6619
56.5877
56.6346
56.6593
56.6322
56.6556
56.6529
56.6533
56.6443
56.6363
56.685
56.638
56.6615
56.6252
56.6014
56.6064
56.631
56.623
56.6237
56.651
56.6379
56.6278
56.6279
56.5936
56.6373
56.6436
56.6396
56.6495
56.6088
56.6585
56.6501
56.6351
56.6537
56.6003
56.6305
56.6534
56.6217
56.6221
56.6211
56.6172
56.6161
56.6209
56.628
56.6613
56.5939
56.6573
56.65
56.6498
56.6116
56.6136
56.5843
56.6501
56.6195
56.6377
56.6189
56.6547
56.6146
56.6068
56.641
56.654
56.6096
56.6192
56.6145
56.6387
56.6234
56.6279
56.6383
56.6217
56.6489
56.6513
56.6507
56.6295
56.5915
56.6498
56.6149
56.6631
56.6097
56.6341
56.6512
56.6582
56.6606
56.6149
56.6592
56.605
56.616
56.6492
56.6368
56.6708
56.6415
56.6686
56.6679
56.6432
56.6373
56.6076
56.6217
56.631
56.6696
56.6154
56.6331
56.6016
56.6289
56.619
56.6557
56.6506
56.606
56.6488
56.6249
56.6471
56.6345
56.6451
56.607
56.6254
56.6141
56.6221
56.6218
56.5936
56.658
56.6603
56.6513
56.6343
56.6561
56.6395
56.6319
56.6352
56.6385
56.6264
56.6398
56.6347
56.6253
56.6617
56.6105
56.6162
56.6234
56.6287
56.6099
56.6502
56.6586
56.6213
56.6251
56.6733
56.6126
56.5949
56.6541
56.6484
56.6048
56.6055
56.6555
56.6382
56.5849
56.6393
56.6552
56.6374
56.5976
56.6246
56.6664
56.6238
56.6965
56.6157
56.639
56.6413
56.6546
56.6249
56.643
56.6499
56.6052
56.6294
56.6445
56.6511
56.6472
56.6376
56.6432
56.6023
56.6073
56.5944
56.6017
56.6113
56.6461
56.6406
56.611
56.6403
56.6107
56.6286
56.6161
56.6398
56.6313
56.64
56.6276
56.6341
56.653
56.6295
56.6468
56.6366
56.6387
56.6403
56.6474
56.6064
56.6271
56.6115
56.6
56.621
56.6254
56.6189
56.6475
56.6352
56.6553
56.6424
56.6483
56.632
56.6464
56.5976
56.6086
56.6211
56.6165
56.5998
56.6172
56.634
56.6421
56.6515
56.6233
56.5947
56.6448
56.6117
56.6087
56.6509
56.6529
56.6452
56.6549
56.6373
56.6005
56.6063
56.6289
56.6449
56.6384
56.6333
56.6073
56.652
56.6398
56.6193
56.6483
56.6291
56.6574
56.6133
56.6406
56.6364
56.6389
56.616
56.6136
56.6427
56.6299
56.6413
56.6611
56.6653
56.6273
56.6409
56.6326
56.5901
56.6216
56.6248
56.6335
56.6137
56.619
56.626
56.6227
56.5805
56.6698
56.6212
56.6145
56.6192
56.6061
56.59
56.6447
56.5792
56.6306
56.6106
56.6339
56.6304
56.6419
56.6538
56.6444
56.5925
56.6244
56.621
56.6279
56.659
56.6228
56.6345
56.6399
56.6418
56.6208
56.6429
56.6122
56.6155
56.6434
56.626
56.6233
56.5996
56.6205
56.6286
56.627
56.6535
56.6339
56.6545
56.6229
56.6103
56.6128
56.6106
56.6189
56.5823
56.6167
56.6544
56.6185
56.5959
56.6277
56.6422
56.5971
56.6225
56.6413
56.6193
56.6234
56.6295
56.6336
56.6071
56.6418
56.648
56.6267
56.6122
56.5935
56.6259
56.6649
56.6348
56.6166
56.6539
56.6334
56.655
56.6373
56.6313
56.6351
56.6567
56.6681
56.6001
56.6244
56.6269
56.5797
56.6511
56.6431
56.5864
56.631
56.6086
56.6299
56.6502
56.6021
56.6546
56.6008
56.6271
56.6377
56.6283
56.6318
56.6305
56.6014
56.6252
56.5954
56.6071
56.6336
56.6124
56.6255
56.6116
56.5977
56.648
56.6055
56.6471
56.6025
56.6135
56.6071
56.6135
56.5925
56.6246
56.584
56.6067
56.6389
56.6731
56.6058
56.6094
56.6024
56.6428
56.6464
56.6004
56.6211
56.6446
56.6295
56.6486
56.6338
56.6673
56.6612
56.6123
56.6371
56.6176
56.6239
56.622
56.6195
56.6328
56.6194
56.5996
56.5904
56.6038
56.5811
56.5986
56.6352
56.6117
56.6296
56.6002
56.6241
56.6106
56.6429
56.6387
56.6473
56.6323
56.6004
56.6471
56.6497
56.6305
56.6331
56.6443
56.6208
56.6125
56.6046
56.5891
56.6381
56.6016
56.6339
56.6242
56.6221
56.5981
56.6243
56.64
56.6397
56.6529
56.6171
56.6309
56.6098
56.6234
56.6431
56.6145
56.6401
56.6234
56.639
56.582
56.6218
56.6349
56.6299
56.6131
56.6336
56.6488
56.6255
56.6468
56.6478
56.6145
56.6577
56.6129
56.6253
56.6559
56.6203
56.5997
56.659
56.5765
56.6203
56.606
56.6572
56.6445
56.6197
56.6029
56.6338
56.6127
56.6706
56.5881
56.5957
56.6018
56.6058
56.6006
56.6299
56.636
56.6244
56.6063
56.6189
56.6287
56.6556
56.6687
56.6475
56.6408
56.6317
56.6169
56.6177
56.6684
56.6302
56.6222
56.6447
56.6391
56.6229
56.5999
56.6196
56.6311
56.6511
56.6309
56.6386
56.6161
56.5985
56.5545
56.6069
56.6136
56.5994
56.6333
56.629
56.6274
56.6264
56.6323
56.6578
56.5696
56.6214
56.5852
56.6375
56.6132
56.6007
56.6122
56.6023
56.5923
56.6449
56.6333
56.6488
56.6113
56.6294
56.6252
56.6416
56.6417
56.6405
56.6262
56.6454
56.6168
56.6195
56.6217
56.6104
56.6414
56.6124
56.6014
56.5876
56.6257
56.6532
56.6557
56.6426
56.5779
56.6559
56.6129
56.6185
56.6614
56.6306
56.6253
56.6383
56.6318
56.665
56.6433
56.6252
56.6141
56.6435
56.6431
56.6477
56.628
56.6246
56.6192
56.6367
56.6197
56.6492
56.6029
56.6026
56.6714
56.6193
56.6103
56.5933
56.6046
56.6073
56.653
56.6371
56.6345
56.6112
56.605
56.645
56.6334
56.6297
56.6304
56.6315
56.6178
56.6331
56.6057
56.6052
56.6142
56.5839
56.6036
56.6518
56.629
56.6341
56.6531
56.6464
56.6059
56.6756
56.5613
56.6325
56.646
56.6079
56.6425
56.5857
56.6278
56.64
56.5901
56.6428
56.6316
56.614
56.597
56.6384
56.6305
56.5956
56.6291
56.5979
56.6195
56.6494
56.6021
56.6048
56.6013
56.5985
56.5999
56.6185
56.6378
56.6297
56.6326
56.6285
56.5961
56.5975
56.6735
56.6434
56.6511
56.6566
56.5946
56.5999
56.6439
56.6231
56.5913
56.6108
56.6131
56.6096
56.6367
56.633
56.6304
56.6311
56.6102
56.6037
56.5667
56.6017
56.6354
56.5988
56.5859
56.6314
56.6622
56.6116
56.6005
56.6126
56.618
56.6108
56.642
56.6167
56.6327
56.6038
56.6158
56.6158
56.6213
56.6411
56.607
56.638
56.6178
56.6371
56.6709
56.6185
56.6175
56.6399
56.6047
56.6294
56.5879
56.6307
56.6286
56.6448
56.6338
56.6199
56.6203
56.5562
56.5939
56.6331
56.6273
56.6486
56.6548
56.6135
56.6147
56.6371
56.5795
56.6261
56.6155
56.6076
56.5851
56.6363
56.6318
56.6693
56.6222
56.6288
56.6404
56.617
56.6151
56.6158
56.6353
56.6014
56.6156
56.6377
56.6382
56.6475
56.6338
56.6347
56.6528
56.6138
56.6193
56.6056
56.6185
56.5876
56.6208
56.5535
56.6665
56.6402
56.602
56.6226
56.6389
56.6271
56.6004
56.6005
56.5959
56.6045
56.6208
56.6169
56.6231
56.6061
56.6122
56.667
56.6334
56.6437
56.6041
56.5969
56.636
56.6188
56.6077
56.6023
56.6334
56.6485
56.5818
56.5899
56.6308
56.6148
56.5622
56.5975
56.6034
56.6356
56.6001
56.5807
56.6334
56.5914
56.6329
56.5843
56.6057
56.6163
56.6212
56.5963
56.615
56.606
56.6341
56.6191
56.6132
56.5815
56.5683
56.6035
56.5819
56.6376
56.6114
56.6093
56.622
56.6022
56.6005
56.6161
56.6259
56.5951
56.6015
56.5972
56.6284
56.5923
56.6016
56.5999
56.6047
56.5951
56.618
56.6213
56.5746
56.6434
56.6416
56.6003
56.62
56.633
56.6389
56.6432
56.6182
56.614
56.643
56.5994
56.6022
56.5927
56.6005
56.5903
56.6286
56.6346
56.5655
56.6298
56.5959
56.6441
56.6108
56.627
56.6075
56.5999
56.638
56.6141
56.6167
56.6139
56.6291
56.6237
56.6513
56.599
56.6046
56.6305
56.612
56.6377
56.6337
56.6521
56.6037
56.6091
56.626
56.6372
56.5845
56.6162
56.6188
56.6418
56.6234
56.6266
56.6427
56.6233
56.5996
56.6048
56.6303
56.6008
56.6465
56.6207
56.6558
56.6371
56.6124
56.608
56.6449
56.608
56.6353
56.6074
56.6433
56.6244
56.6277
56.5961
56.616
56.6157
56.6054
56.6354
56.6164
56.5951
56.6227
56.6373
56.6245
56.6314
56.5864
56.6043
56.6101
56.6144
56.6012
56.6334
56.6197
56.6198
56.6109
56.6313
56.6271
56.5766
56.5898
56.6032
56.6172
56.5967
56.6263
56.6267
56.614
56.6462
56.5828
56.5788
56.5984
56.6189
56.6042
56.6357
56.632
56.6209
56.623
56.6074
56.5921
56.6079
56.6101
56.649
56.6138
56.5944
56.5933
56.6189
56.6433
56.5775
56.6242
56.6217
56.6166
56.5917
56.6492
56.6223
56.627
56.6004
56.6233
56.6219
56.5986
56.6027
56.5748
56.6219
56.632
56.6113
56.6368
56.6117
56.617
56.6217
56.6263
56.6092
56.6394
56.6102
56.6147
56.6225
56.6081
56.6132
56.6075
56.5825
56.5988
56.5778
56.5907
56.6413
56.5848
56.6388
56.6207
56.6078
56.6197
56.6412
56.6107
56.6253
56.5921
56.628
56.5976
56.6035
56.6653
56.6013
56.6491
56.6424
56.5809
56.637
56.5907
56.6152
56.6208
56.6584
56.5823
56.6074
56.6125
56.6336
56.6515
56.6377
56.6193
56.6079
56.6534
56.6358
56.6255
56.5981
56.6134
56.6375
56.6584
56.5955
56.6144
56.5666
56.6577
56.6178
56.5937
56.6168
56.5934
56.5895
56.6314
56.6174
56.602
56.5878
56.6281
56.6178
56.6312
56.5826
56.5814
56.6344
56.5709
56.6097
56.6477
56.6484
56.6254
56.6134
56.6333
56.6009
56.5484
56.6165
56.6119
56.5798
56.5958
56.6055
56.5774
56.5992
56.5928
56.631
56.64
56.5754
56.5666
56.6033
56.6327
56.609
56.6492
56.58
56.6101
56.6165
56.6012
56.5964
56.6541
56.5975
56.6422
56.627
56.5948
56.5946
56.5993
56.6533
56.6002
56.6138
56.5908
56.6262
56.6002
56.6251
56.5964
56.609
56.5844
56.6014
56.5954
56.608
56.5857
56.6088
56.6036
56.6482
56.5664
56.6463
56.6322
56.6325
56.6523
56.6361
56.5827
56.6071
56.636
56.6649
56.6171
56.6701
56.7001
56.6915
56.6806
56.6789
56.6996
56.6342
56.6312
56.6959
56.655
56.6524
56.6487
56.6132
56.6107
56.5711
56.6193
56.6109
56.6293
56.618
56.6362
56.5873
56.6273
56.6218
56.6545
56.6383
56.6461
56.6171
56.6253
56.6247
56.6646
56.6253
56.6376
56.6341
56.6932
56.6923
56.732
56.6984
56.6995
56.6943
56.7124
56.7407
56.6882
56.7167
56.6831
56.6779
56.6794
56.654
56.6864
56.6258
56.6471
56.6592
56.5911
56.6393
56.6319
56.6481
56.6205
56.6152
56.6275
56.6393
56.603
56.6179
56.6456
56.5988
56.6205
56.6298
56.5721
56.5817
56.6058
56.6132
56.6077
56.6034
56.6266
56.6079
56.6236
56.6358
56.5766
56.5969
56.5992
56.6053
56.6157
56.6325
56.607
56.6261
56.6084
56.6073
56.6107
56.646
56.6551
56.6654
56.6059
56.6424
56.6517
56.6163
56.6266
56.6407
56.5898
56.6396
56.6677
56.6439
56.632
56.6362
56.6624
56.6004
56.567
56.6392
56.653
56.6091
56.624
56.6105
56.6646
56.5876
56.5836
56.6125
56.5992
56.6422
56.6132
56.5969
56.6023
56.6213
56.6255
56.6528
56.5846
56.5943
56.6148
56.6082
56.6218
56.6328
56.6197
56.6204
56.6189
56.5811
56.6211
56.6353
56.6309
56.5871
56.5968
56.6061
56.6142
56.5884
56.638
56.6141
56.6184
56.6473
56.6081
56.6339
56.6179
56.6474
56.6109
56.6639
56.647
56.6264
56.6186
56.6408
56.6278
56.6224
56.6202
56.5953
56.5971
56.6318
56.6057
56.6067
56.6358
56.6106
56.6131
56.5483
56.6093
56.5901
56.5971
56.6174
56.5848
56.5904
56.5876
56.5748
56.5934
56.6014
56.5993
56.6259
56.6315
56.5839
56.6399
56.6384
56.6233
56.6321
56.612
56.6417
56.5757
56.6479
56.5904
56.6389
56.6145
56.6031
56.6149
56.6306
56.5957
56.6201
56.6074
56.637
56.6358
56.6108
56.6145
56.6062
56.634
56.609
56.6137
56.5827
56.6027
56.6286
56.6687
56.6141
56.5963
56.6227
56.6204
56.628
56.6445
56.6138
56.6358
56.6231
56.6049
56.5976
56.6106
56.6192
56.612
56.5841
56.6018
56.6415
56.5906
56.5775
56.5864
56.6002
56.5886
56.6136
56.5877
56.5974
56.5904
56.6109
56.621
56.6144
56.6054
56.578
56.5852
56.6666
56.6193
56.6236
56.6177
56.5987
56.6234
56.6116
56.6064
56.6161
56.5825
56.6215
56.6158
56.591
56.6149
56.6188
56.6049
56.6155
56.5996
56.604
56.5981
56.6325
56.6128
56.6094
56.5835
56.5584
56.5485
56.6006
56.5828
56.6201
56.6003
56.6217
56.5944
56.5872
56.6439
56.6215
56.6045
56.6343
56.5879
56.5838
56.6126
56.5912
56.5961
56.6468
56.6386
56.549
56.6073
56.5794
56.6267
56.5933
56.6241
56.6724
56.6202
56.5947
56.6503
56.6364
56.5876
56.6061
56.6114
56.5796
56.6024
56.5844
56.6312
56.6442
56.5882
56.6093
56.6225
56.6059
56.5937
56.6142
56.6319
56.6039
56.6173
56.6179
56.6048
56.5934
56.5922
56.5909
56.6021
56.6318
56.6177
56.6133
56.6382
56.6278
56.623
56.6007
56.5924
56.6246
56.6171
56.627
56.6121
56.6275
56.6311
56.6914
56.6058
56.5961
56.5969
56.6038
56.6245
56.6161
56.6377
56.6076
56.603
56.565
56.6202
56.6336
56.6224
56.586
56.5972
56.613
56.6091
56.6435
56.6124
56.6052
56.6277
56.6084
56.6431
56.6427
56.6264
56.5428
56.6016
56.6104
56.613
56.6006
56.6125
56.6547
56.6038
56.5647
56.6206
56.6325
56.6328
56.619
56.6291
56.589
56.6342
56.6657
56.6109
56.6037
56.646
56.5931
56.6041
56.6328
56.5957
56.573
56.627
56.5922
56.6244
56.6032
56.5881
56.6031
56.6244
56.6576
56.6446
56.7019
56.6247
56.5908
56.6261
56.6231
56.5797
56.6196
56.6159
56.6171
56.6285
56.5819
56.6516
56.6215
56.6201
56.6574
56.6314
56.6526
56.5998
56.6563
56.6038
56.6129
56.6062
56.6076
56.6045
56.6
56.6287
56.6356
56.5951
56.6337
56.6331
56.5889
56.6229
56.6031
56.6152
56.6156
56.6341
56.6054
56.5725
56.6169
56.6135
56.5911
56.6003
56.5986
56.594
56.5975
56.607
56.627
56.632
56.6211
56.5984
56.6314
56.6251
56.5937
56.5929
56.6116
56.5903
56.6031
56.6249
56.6132
56.6299
56.6
56.6173
56.6192
56.615
56.6199
56.6333
56.6095
56.6227
56.5875
56.5706
56.6225
56.6233
56.6418
56.5989
56.6403
56.6065
56.6237
56.6347
56.6043
56.5916
56.6123
56.62
56.6323
56.6396
56.6072
56.6168
56.5896
56.6199
56.6109
56.6057
56.6131
56.6207
56.6417
56.6073
56.6191
56.6135
56.5815
56.6295
56.5944
56.6092
56.6089
56.6127
56.6247
56.6093
56.6238
56.6217
56.5804
56.6059
56.5966
56.599
56.5826
56.6393
56.6091
56.6072
56.5961
56.6022
56.62
56.6039
56.5765
56.6006
56.6049
56.5556
56.6202
56.6154
56.5907
56.5868
56.5944
56.6048
56.5965
56.6011
56.6189
56.6524
56.6277
56.6125
56.6314
56.6115
56.617
56.6237
56.6328
56.5854
56.6314
56.6166
56.6138
56.605
56.6232
56.6084
56.6284
56.603
56.5894
56.5871
56.5968
56.607
56.6368
56.6108
56.6257
56.6355
56.6156
56.6032
56.6307
56.5858
56.6348
56.644
56.6473
56.6043
56.6252
56.582
56.6497
56.6257
56.581
56.6271
56.6346
56.6078
56.597
56.6159
56.6277
56.6121
56.5992
56.6275
56.6257
56.5831
56.5998
56.612
56.635
56.6054
56.6408
56.5718
56.5719
56.6221
56.5967
56.5852
56.6283
56.6354
56.6185
56.6155
56.6031
56.6184
56.6217
56.6372
56.6184
56.6052
56.599
56.6032
56.6095
56.5916
56.6026
56.6119
56.6259
56.5952
56.5772
56.6206
56.5909
56.6173
56.6098
56.6411
56.5801
56.6081
56.6342
56.6142
56.6246
56.6402
56.5765
56.5985
56.6035
56.6537
56.6148
56.5855
56.6133
56.6436
56.6257
56.6282
56.5899
56.6313
56.6294
56.591
56.5992
56.5887
56.5986
56.6034
56.5998
56.6339
56.5856
56.5947
56.6027
56.642
56.6029
56.6417
56.6034
56.6086
56.5843
56.6096
56.5962
56.6528
56.6204
56.6454
56.618
56.5815
56.5606
56.6109
56.6032
56.6036
56.6463
56.5845
56.6011
56.6249
56.5958
56.6101
56.6057
56.6018
56.6264
56.5779
56.6405
56.6272
56.6076
56.6173
56.6166
56.5931
56.6156
56.6228
56.5923
56.6156
56.6413
56.6199
56.6106
56.6205
56.5995
56.6092
56.5989
56.6279
56.5908
56.5919
56.59
56.5799
56.582
56.6441
56.6079
56.5938
56.5875
56.614
56.6462
56.6249
56.5924
56.6126
56.5822
56.621
56.6228
56.592
56.615
56.6185
56.6387
56.5986
56.5838
56.6208
56.6224
56.6138
56.6121
56.5962
56.6418
56.5902
56.6166
56.5699
56.6268
56.6168
56.5743
56.6173
56.6057
56.6189
56.5993
56.6423
56.5958
56.5928
56.5879
56.6054
56.6269
56.5979
56.6154
56.581
56.5914
56.6184
56.6266
56.6928
56.6476
56.5933
56.6499
56.6214
56.6457
56.618
56.6182
56.5566
56.6359
56.5761
56.6051
56.6062
56.6094
56.6551
56.6279
56.6257
56.6493
56.6281
56.6085
56.6473
56.5703
56.6419
56.5903
56.6351
56.6093
56.6184
56.6129
56.6172
56.6261
56.5956
56.595
56.5819
56.589
56.5938
56.6599
56.598
56.5969
56.6305
56.566
56.5944
56.5851
56.6037
56.6638
56.5993
56.5752
56.6034
56.5707
56.6127
56.6288
56.5975
56.5797
56.5927
56.591
56.6197
56.5943
56.6367
56.6225
56.6391
56.6103
56.6276
56.6094
56.6447
56.6043
56.6199
56.605
56.6053
56.613
56.637
56.597
56.5977
56.589
56.6282
56.5993
56.6174
56.5818
56.6189
56.6275
56.592
56.6127
56.6117
56.6039
56.596
56.5913
56.62
56.62
56.5907
56.5993
56.6036
56.5995
56.6247
56.6219
56.6101
56.5991
56.5678
56.5973
56.6094
56.5956
56.5644
56.6534
56.5897
56.5899
56.584
56.6158
56.6062
56.6087
56.6263
56.6362
56.6058
56.5964
56.617
56.5965
56.59
56.5843
56.6211
56.6
56.6265
56.5955
56.6077
56.6068
56.6277
56.6137
56.5897
56.5995
56.6173
56.6031
56.6145
56.5868
56.6614
56.5793
56.6043
56.6157
56.5893
56.5729
56.6032
56.623
56.6031
56.6435
56.5882
56.5995
56.6266
56.6279
56.6258
56.621
56.6607
56.5981
56.613
56.6029
56.6003
56.6636
56.6443
56.6174
56.644
56.6273
56.5946
56.6288
56.6118
56.6277
56.5946
56.5809
56.6277
56.6194
56.5847
56.6387
56.5889
56.6282
56.5883
56.5822
56.6455
56.5996
56.6249
56.5907
56.5934
56.6461
56.5899
56.5873
56.5903
56.6356
56.6177
56.5864
56.6228
56.6232
56.5929
56.6228
56.6231
56.6427
56.6204
56.6177
56.5888
56.5786
56.6791
56.5938
56.6137
56.606
56.5971
56.5919
56.5791
56.583
56.6027
56.6046
56.5836
56.5983
56.6275
56.605
56.5974
56.5887
56.584
56.5928
56.6076
56.63
56.6189
56.6327
56.6129
56.6562
56.6123
56.5871
56.6282
56.6144
56.6345
56.6251
56.6315
56.6282
56.6456
56.6385
56.6334
56.6292
56.5953
56.5832
56.5841
56.5863
56.5754
56.6132
56.6264
56.582
56.6117
56.6251
56.5888
56.6083
56.5956
56.6224
56.6216
56.6268
56.5843
56.6151
56.6242
56.629
56.6308
56.6254
56.6144
56.6321
56.6142
56.5898
56.6081
56.6469
56.632
56.5928
56.5887
56.6106
56.5843
56.5991
56.5884
56.606
56.5781
56.6096
56.597
56.6285
56.6088
56.5909
56.5972
56.5925
56.6262
56.6
56.6097
56.5982
56.6112
56.6501
56.6158
56.5807
56.5916
56.5885
56.6191
56.6379
56.6166
56.6138
56.6067
56.6081
56.5927
56.5777
56.6163
56.5913
56.6121
56.5745
56.6183
56.6143
56.6448
56.6076
56.6216
56.6267
56.6199
56.6318
56.6185
56.5712
56.6196
56.6291
56.5941
56.5907
56.5754
56.6028
56.6388
56.5546
56.6067
56.6049
56.6057
56.5811
56.6106
56.5856
56.6059
56.5995
56.6017
56.5994
56.5868
56.6071
56.6029
56.6087
56.6068
56.6033
56.5828
56.6066
56.5731
56.5872
56.5975
56.5731
56.6277
56.6004
56.6216
56.6188
56.5964
56.639
56.6215
56.6339
56.6425
56.6114
56.6
56.5793
56.6319
56.5854
56.6389
56.6321
56.6209
56.6075
56.6181
56.6006
56.599
56.6098
56.6114
56.618
56.6064
56.6394
56.6755
56.5672
56.6157
56.5895
56.6479
56.6234
56.5916
56.6147
56.6064
56.6389
56.6062
56.6008
56.5841
56.6026
56.5844
56.5702
56.6096
56.6112
56.5984
56.582
56.5882
56.6174
56.6287
56.5791
56.6351
56.5897
56.6076
56.6101
56.6213
56.6122
56.6134
56.6006
56.5899
56.5913
56.5957
56.6044
56.5644
56.6314
56.6068
56.6417
56.6243
56.5949
56.5922
56.6169
56.5819
56.605
56.6209
56.6198
56.6196
56.6044
56.6108
56.5805
56.6071
56.6144
56.5607
56.6065
56.6121
56.6002
56.5728
56.6015
56.6556
56.5716
56.6218
56.5852
56.597
56.5905
56.6455
56.5972
56.6067
56.569
56.587
56.6026
56.6405
56.6273
56.6252
56.6153
56.5915
56.6185
56.6522
56.5972
56.5591
56.5732
56.6206
56.5829
56.6213
56.5829
56.625
56.6054
56.6049
56.6122
56.585
56.5786
56.6232
56.5945
56.6566
56.6412
56.6573
56.6368
56.6397
56.6005
56.658
56.6043
56.6257
56.6236
56.5864
56.6117
56.5689
56.5809
56.6189
56.6177
56.5996
56.6213
56.5762
56.6096
56.6362
56.626
56.6039
56.6014
56.6173
56.6083
56.5837
56.629
56.5998
56.6212
56.612
56.6063
56.605
56.621
56.6324
56.6022
56.599
56.5859
56.5854
56.5792
56.6466
56.6063
56.5876
56.6185
56.6338
56.602
56.5625
56.6358
56.6822
56.58
56.5983
56.6476
56.5557
56.6368
56.6033
56.6057
56.593
56.5979
56.6045
56.5872
56.6243
56.6172
56.6358
56.5654
56.6243
56.6259
56.6238
56.6223
56.6442
56.5774
56.6239
56.6226
56.6146
56.6167
56.6101
56.603
56.611
56.6171
56.622
56.6359
56.631
56.6403
56.5849
56.6251
56.6331
56.5863
56.6392
56.6349
56.6228
56.6067
56.5636
56.6363
56.633
56.5911
56.6566
56.6116
56.6184
56.5983
56.5945
56.5904
56.6124
56.614
56.6283
56.6047
56.5784
56.6141
56.5883
56.5783
56.6384
56.6314
56.6072
56.6057
56.5836
56.5941
56.6045
56.6358
56.6297
56.5999
56.593
56.6126
56.6447
56.6239
56.6232
56.5941
56.6436
56.5802
56.5834
56.6164
56.5862
56.6061
56.5864
56.604
56.6183
56.5972
56.5987
56.627
56.6169
56.5706
56.5912
56.6093
56.5826
56.6017
56.6085
56.6142
56.6052
56.5733
56.6047
56.6404
56.6819
56.6011
56.6371
56.5802
56.6318
56.6135
56.6077
56.6217
56.5939
56.6021
56.6278
56.612
56.6559
56.6208
56.621
56.6307
56.6251
56.596
56.5972
56.5912
56.5867
56.6248
56.6204
56.5813
56.6062
56.5877
56.5749
56.6062
56.6336
56.6173
56.634
56.6503
56.6139
56.6256
56.5768
56.5984
56.6103
56.643
56.6225
56.5787
56.5879
56.6205
56.6186
56.6202
56.5715
56.6101
56.621
56.6414
56.6378
56.6172
56.6009
56.6093
56.627
56.593
56.6189
56.6084
56.6031
56.6321
56.6502
56.5991
56.6752
56.6367
56.6037
56.6205
56.5875
56.6029
56.6277
56.5746
56.5823
56.6369
56.6168
56.5826
56.5816
56.5843
56.6249
56.6314
56.6009
56.6077
56.6021
56.6362
56.5995
56.5979
56.6223
56.5744
56.611
56.6566
56.6278
56.6112
56.6053
56.642
56.6041
56.6298
56.6046
56.656
56.6054
56.6013
56.593
56.5794
56.6582
56.5985
56.6094
56.5703
56.6059
56.6119
56.618
56.6291
56.6192
56.6137
56.6316
56.6081
56.5906
56.5971
56.5959
56.618
56.6332
56.5922
56.5558
56.6076
56.6213
56.5841
56.5908
56.6337
56.6316
56.6057
56.6094
56.6131
56.5946
56.6182
56.6019
56.6254
56.5948
56.6192
56.6122
56.6352
56.5839
56.6413
56.609
56.6147
56.5699
56.6273
56.6097
56.6149
56.543
56.6005
56.6048
56.6337
56.5912
56.5898
56.61
56.6265
56.6339
56.6101
56.6318
56.6415
56.6174
56.6298
56.5916
56.6081
56.6368
56.5866
56.6032
56.6162
56.6129
56.6366
56.6021
56.6318
56.5877
56.6059
56.5654
56.6158
56.6171
56.6062
56.6204
56.6283
56.598
56.6161
56.6871
56.6094
56.5774
56.6141
56.6327
56.6052
56.5923
56.6229
56.6273
56.6057
56.6303
56.5917
56.6002
56.611
56.5902
56.6222
56.602
56.6103
56.6079
56.6038
56.6418
56.6068
56.6044
56.626
56.6041
56.6327
56.6275
56.6093
56.5971
56.5984
56.6026
56.6231
56.6405
56.6062
56.599
56.6405
56.6235
56.5931
56.5842
56.65
56.5845
56.5785
56.6484
56.5796
56.5997
56.6163
56.5844
56.5888
56.6326
56.5856
56.5831
56.6266
56.6177
56.5853
56.6239
56.6132
56.6228
56.5957
56.6044
56.6109
56.5849
56.6456
56.5832
56.6229
56.6211
56.598
56.6148
56.6369
56.6121
56.6073
56.6456
56.5966
56.5971
56.6037
56.6136
56.6157
56.5825
56.619
56.6115
56.6233
56.6223
56.5854
56.5898
56.6158
56.6258
56.6186
56.617
56.5981
56.6244
56.5953
56.591
56.6051
56.5963
56.6121
56.6281
56.6005
56.621
56.6005
56.5858
56.6187
56.6176
56.6211
56.5949
56.6318
56.6154
56.6031
56.6072
56.6275
56.6
56.6176
56.6114
56.6154
56.6054
56.5957
56.664
56.6015
56.5704
56.607
56.6033
56.5752
56.5865
56.578
56.6178
56.5953
56.5982
56.6432
56.614
56.6342
56.6091
56.6141
56.6347
56.6238
56.6158
56.5832
56.6116
56.5429
56.5986
56.6132
56.5863
56.5878
56.6297
56.6258
56.5823
56.6099
56.6182
56.6333
56.6143
56.579
56.6367
56.6064
56.5954
56.601
56.6355
56.603
56.6036
56.6342
56.6228
56.5888
56.6122
56.6028
56.6286
56.61
56.5741
56.6414
56.6222
56.604
56.6411
56.5858
56.5876
56.5672
56.6151
56.6367
56.5728
56.6081
56.6302
56.6027
56.5786
56.5867
56.5955
56.6114
56.6338
56.6242
56.6405
56.6326
56.5822
56.5746
56.5894
56.6403
56.6075
56.588
56.6094
56.6246
56.6199
56.6053
56.624
56.6037
56.6099
56.6015
56.6173
56.605
56.6152
56.596
56.584
56.6257
56.6238
56.6208
56.5956
56.5867
56.5875
56.6032
56.6025
56.6038
56.6156
56.6009
56.6117
56.6329
56.6046
56.6074
56.6448
56.6343
56.6401
56.5691
56.6143
56.6084
56.6117
56.5732
56.6284
56.6202
56.6286
56.5774
56.6091
56.6069
56.6315
56.6079
56.6106
56.6119
56.6138
56.6387
56.6007
56.6077
56.6208
56.6248
56.6028
56.6405
56.618
56.6285
56.6167
56.6355
56.5997
56.5864
56.596
56.5844
56.6131
56.6235
56.5989
56.6295
56.5804
56.6172
56.6636
56.6122
56.6192
56.5671
56.609
56.568
56.6214
56.6223
56.6399
56.611
56.6348
56.5903
56.6156
56.6255
56.6066
56.5642
56.6286
56.595
56.6147
56.6186
56.6015
56.5849
56.6214
56.6295
56.6
56.5671
56.6612
56.6015
56.6108
56.635
56.6151
56.6041
56.604
56.5856
56.607
56.6065
56.5999
56.5982
56.6105
56.5839
56.6095
56.6099
56.6227
56.605
56.5675
56.6165
56.6436
56.6374
56.6063
56.5813
56.5991
56.6386
56.5902
56.6141
56.5996
56.6015
56.5933
56.6182
56.572
56.6457
56.6097
56.6381
56.6214
56.5882
56.5942
56.5882
56.613
56.6251
56.5631
56.6158
56.5979
56.5842
56.6053
56.6459
56.6299
56.5961
56.6361
56.5958
56.5909
56.609
56.6357
56.5978
56.5972
56.6145
56.6411
56.6434
56.5808
56.6313
56.5952
56.6207
56.5636
56.6481
56.616
56.6183
56.5994
56.578
56.5874
56.6046
56.6032
56.5965
56.5869
56.5993
56.6106
56.6088
56.5928
56.5987
56.6204
56.6202
56.5986
56.6274
56.6122
56.5823
56.6355
56.6318
56.5926
56.6052
56.6251
56.6001
56.6604
56.5928
56.608
56.5637
56.5914
56.5932
56.6054
56.6176
56.6101
56.6413
56.644
56.6129
56.6371
56.6012
56.6383
56.6236
56.5996
56.5931
56.5785
56.6436
56.6058
56.6242
56.6178
56.5792
56.6209
56.6096
56.6036
56.5808
56.5936
56.6255
56.5967
56.6097
56.6097
56.6075
56.6098
56.6115
56.5815
56.6243
56.6003
56.5912
56.5987
56.5997
56.6194
56.6106
56.5841
56.65
56.5764
56.6159
56.6304
56.5955
56.6057
56.598
56.6206
56.5839
56.6097
56.6178
56.587
56.5896
56.611
56.6081
56.5982
56.5823
56.5987
56.6207
56.6195
56.6245
56.6211
56.6585
56.6089
56.5741
56.6082
56.6142
56.5902
56.6142
56.5945
56.6029
56.5972
56.587
56.6155
56.5984
56.6352
56.5981
56.6299
56.6354
56.7187
56.6871
56.6758
56.7402
56.7152
56.7357
56.7658
56.7678
56.73
56.737
56.7162
56.6982
56.7201
56.7227
56.6706
56.6818
56.6964
56.702
56.6214
56.6123
56.6169
56.6211
56.6007
56.6424
56.6303
56.6136
56.6482
56.6554
56.6203
56.6129
56.6626
56.6033
56.6476
56.6178
56.655
56.6185
56.6328
56.6365
56.6189
56.6237
56.6009
56.5922
56.593
56.6177
56.6371
56.6484
56.603
56.6175
56.6008
56.62
56.626
56.6412
56.6194
56.6109
56.6205
56.6103
56.5961
56.6019
56.6012
56.5771
56.6368
56.595
56.6118
56.5987
56.6346
56.5948
56.644
56.589
56.6406
56.6291
56.6176
56.6192
56.6518
56.5849
56.582
56.5894
56.5838
56.5938
56.6126
56.5964
56.6213
56.6103
56.5989
56.5806
56.5902
56.6022
56.6346
56.6008
56.6333
56.6459
56.5727
56.6312
56.5968
56.6308
56.5914
56.6068
56.6288
56.6111
56.5873
56.59
56.6268
56.624
56.6323
56.6069
56.621
56.6292
56.6344
56.6154
56.5898
56.6641
56.6312
56.64
56.6482
56.6296
56.6054
56.6457
56.6269
56.5961
56.6105
56.6157
56.632
56.5942
56.5835
56.6077
56.6083
56.6263
56.6064
56.6425
56.6457
56.5964
56.5983
56.574
56.5945
56.5962
56.5911
56.6077
56.5931
56.6436
56.6113
56.6178
56.5723
56.6227
56.6383
56.6282
56.5839
56.6131
56.6284
56.6125
56.5933
56.5858
56.5817
56.5965
56.6077
56.6411
56.5789
56.644
56.597
56.5997
56.622
56.639
56.6235
56.5703
56.5924
56.5971
56.6032
56.5893
56.5913
56.5865
56.595
56.6057
56.614
56.5707
56.5887
56.6363
56.6431
56.6125
56.6428
56.5915
56.6106
56.6208
56.6016
56.5908
56.5952
56.6067
56.5624
56.6211
56.6267
56.6309
56.6392
56.5973
56.5821
56.6466
56.6122
56.5988
56.6078
56.6106
56.6577
56.5985
56.6041
56.5799
56.5762
56.5919
56.6148
56.5877
56.6441
56.6257
56.6302
56.5977
56.6176
56.6037
56.6173
56.607
56.5821
56.6406
56.5881
56.5812
56.6221
56.5835
56.6203
56.6066
56.5862
56.6012
56.6346
56.601
56.6197
56.6056
56.6474
56.6044
56.6291
56.5944
56.613
56.6313
56.5949
56.6039
56.605
56.5843
56.6015
56.6031
56.6341
56.5948
56.6016
56.5701
56.6659
56.6212
56.589
56.5847
56.5998
56.6053
56.6303
56.5806
56.5979
56.5766
56.6137
56.5972
56.632
56.6074
56.5903
56.6403
56.6026
56.5925
56.6005
56.5905
56.6089
56.6019
56.624
56.6144
56.6116
56.5907
56.6246
56.6
56.6503
56.6212
56.6244
56.6431
56.6349
56.6342
56.5954
56.6103
56.65
56.6284
56.6133
56.5939
56.576
56.6104
56.6292
56.5857
56.6004
56.6128
56.5926
56.5967
56.6277
56.6227
56.558
56.5997
56.6075
56.6134
56.6171
56.5968
56.6297
56.5835
56.5986
56.6031
56.6253
56.6076
56.5986
56.6213
56.5983
56.6408
56.6086
56.6329
56.5977
56.6079
56.5835
56.6142
56.6092
56.6124
56.5917
56.5677
56.5858
56.5753
56.6037
56.6134
56.5911
56.5857
56.6303
56.6546
56.6106
56.615
56.5749
56.6446
56.6327
56.596
56.631
56.6235
56.6403
56.6385
56.6193
56.5943
56.5581
56.6219
56.6228
56.5886
56.6206
56.6043
56.6087
56.6371
56.6097
56.588
56.6197
56.5975
56.602
56.6071
56.5893
56.5909
56.616
56.586
56.6181
56.6009
56.6028
56.5945
56.6219
56.5983
56.5931
56.5939
56.6071
56.6234
56.5881
56.5967
56.6112
56.6362
56.6191
56.5881
56.6159
56.614
56.6129
56.589
56.6216
56.6044
56.5978
56.5944
56.5867
56.6172
56.5991
56.599
56.6003
56.5813
56.6007
56.5972
56.6164
56.561
56.5802
56.6111
56.6107
56.6267
56.6014
56.5999
56.5726
56.6228
56.5806
56.5944
56.5961
56.62
56.6233
56.5863
56.6081
56.6385
56.606
56.6013
56.5713
56.606
56.5975
56.6008
56.6272
56.5831
56.5796
56.6034
56.6027
56.591
56.6092
56.6108
56.5989
56.584
56.6214
56.6084
56.5828
56.5968
56.6226
56.597
56.6009
56.6174
56.5962
56.6203
56.6103
56.6085
56.6266
56.6086
56.6198
56.5735
56.6077
56.6096
56.6184
56.6334
56.6013
56.6202
56.6101
56.5909
56.5881
56.6201
56.6022
56.6227
56.6216
56.619
56.6026
56.6292
56.6158
56.6182
56.6086
56.6006
56.6299
56.6228
56.603
56.6088
56.5979
56.6264
56.6068
56.5828
56.6289
56.6181
56.582
56.639
56.636
56.5956
56.6115
56.6046
56.5913
56.632
56.6467
56.6007
56.624
56.5917
56.6021
56.569
56.6466
56.6088
56.605
56.5656
56.5832
56.6305
56.5981
56.6133
56.6236
56.5811
56.6241
56.5725
56.6012
56.5731
56.6106
56.5798
56.5903
56.6259
56.603
56.6108
56.609
56.6082
56.5967
56.6284
56.5673
56.6202
56.6246
56.5968
56.5999
56.5986
56.603
56.6128
56.599
56.6326
56.5795
56.6117
56.6225
56.5944
56.6332
56.6198
56.6064
56.6122
56.5857
56.5947
56.5882
56.6029
56.5846
56.6223
56.5933
56.5793
56.5861
56.5993
56.606
56.6048
56.5596
56.598
56.596
56.6331
56.6261
56.5821
56.6281
56.6182
56.6125
56.583
56.6159
56.5892
56.5763
56.5651
56.5925
56.619
56.5929
56.5864
56.6178
56.5964
56.6248
56.6036
56.6068
56.6053
56.6078
56.5964
56.6079
56.6066
56.579
56.6176
56.5754
56.6114
56.591
56.5496
56.6168
56.608
56.6513
56.6037
56.598
56.6289
56.6016
56.5761
56.5927
56.5748
56.6624
56.5997
56.6001
56.6097
56.6136
56.6003
56.6259
56.6335
56.5881
56.6086
56.6448
56.5946
56.6081
56.6301
56.6208
56.6368
56.6177
56.5756
56.6322
56.5848
56.6145
56.6274
56.6052
56.6139
56.6048
56.6095
56.6279
56.5679
56.6099
56.5732
56.5978
56.6241
56.6062
56.6229
56.6044
56.6047
56.6041
56.6303
56.5987
56.6098
56.665
56.652
56.6023
56.6182
56.5675
56.6
56.5894
56.6366
56.637
56.6134
56.6201
56.5803
56.5851
56.6193
56.5773
56.6328
56.6128
56.6299
56.6287
56.6211
56.5791
56.5849
56.6028
56.5878
56.6148
56.5954
56.5943
56.5927
56.5657
56.585
56.5855
56.6442
56.6252
56.5852
56.5992
56.6089
56.6332
56.6135
56.5846
56.5961
56.5722
56.6186
56.5908
56.6083
56.6149
56.5909
56.5803
56.6269
56.6105
56.5955
56.5998
56.6055
56.5944
56.6268
56.5973
56.5854
56.6209
56.6196
56.6085
56.6235
56.5775
56.5781
56.5906
56.651
56.6233
56.6088
56.6276
56.5956
56.5967
56.6024
56.5953
56.5918
56.6059
56.6089
56.6053
56.6348
56.6351
56.5815
56.6242
56.5923
56.6378
56.6196
56.6369
56.6148
56.5827
56.6019
56.5835
56.5723
56.6221
56.6286
56.5998
56.6097
56.5631
56.5841
56.5971
56.6265
56.6052
56.6029
56.6338
56.6075
56.6088
56.5807
56.6106
56.6122
56.5948
56.6298
56.6215
56.5981
56.6381
56.5699
56.6294
56.6153
56.6085
56.5989
56.6252
56.6391
56.6375
56.5594
56.553
56.6186
56.6142
56.6372
56.6046
56.6119
56.6086
56.6124
56.6075
56.6103
56.6249
56.6388
56.573
56.5907
56.61
56.6076
56.6194
56.6129
56.5816
56.6122
56.5414
56.6334
56.5955
56.6059
56.622
56.6036
56.5825
56.6199
56.6411
56.6358
56.601
56.6215
56.6113
56.5868
56.6216
56.6068
56.6052
56.6048
56.6039
56.6127
56.5753
56.602
56.6153
56.6309
56.6142
56.6116
56.6431
56.597
56.6068
56.5965
56.6169
56.6357
56.6429
56.5987
56.5807
56.5857
56.5932
56.6121
56.5824
56.6331
56.5974
56.6297
56.5954
56.6001
56.629
56.6026
56.5847
56.5903
56.6123
56.593
56.6054
56.6
56.5993
56.5911
56.6039
56.5995
56.6399
56.6309
56.6191
56.628
56.5962
56.6395
56.6071
56.6132
56.6274
56.6244
56.5843
56.6383
56.577
56.6428
56.6058
56.574
56.6222
56.5671
56.6267
56.5901
56.5887
56.6161
56.6124
56.6617
56.5945
56.6071
56.6097
56.5983
56.6515
56.6177
56.5766
56.5996
56.6143
56.6075
56.6024
56.6169
56.6082
56.5988
56.6031
56.6145
56.5982
56.5984
56.5989
56.5891
56.6244
56.6409
56.5974
56.5991
56.5987
56.619
56.5908
56.5816
56.6107
56.6112
56.6126
56.5975
56.6038
56.5779
56.5901
56.6083
56.6284
56.5922
56.6078
56.6516
56.6382
56.6055
56.6392
56.6338
56.6412
56.6149
56.6351
56.6096
56.6104
56.6216
56.5964
56.6372
56.6055
56.5713
56.5971
56.6193
56.6085
56.6183
56.6119
56.5785
56.6061
56.5953
56.6083
56.6009
56.5751
56.5715
56.6009
56.615
56.555
56.6511
56.5902
56.6169
56.5911
56.6304
56.5887
56.6057
56.5929
56.6032
56.6092
56.6382
56.6351
56.5911
56.6368
56.6028
56.6188
56.605
56.6195
56.6104
56.5815
56.5698
56.5924
56.5948
56.6113
56.6009
56.5997
56.5871
56.5877
56.5664
56.6442
56.6041
56.6118
56.5697
56.5998
56.5913
56.5735
56.6353
56.6217
56.634
56.5686
56.5898
56.6059
56.5962
56.5985
56.6225
56.6099
56.6265
56.5995
56.6179
56.6409
56.6295
56.6159
56.581
56.5939
56.6256
56.6025
56.6147
56.6402
56.6036
56.5863
56.65
56.644
56.5861
56.6409
56.6212
56.598
56.6511
56.615
56.6341
56.6242
56.5809
56.604
56.6107
56.615
56.5606
56.6366
56.5977
56.628
56.5797
56.6063
56.5886
56.5754
56.6193
56.568
56.6325
56.6287
56.5958
56.6216
56.6027
56.6317
56.6182
56.6087
56.6233
56.6355
56.6313
56.5794
56.6201
56.6101
56.6149
56.6327
56.6183
56.6153
56.6093
56.5764
56.6004
56.6261
56.6427
56.5944
56.6079
56.5871
56.6042
56.5994
56.6321
56.6228
56.6148
56.6246
56.6321
56.5836
56.5974
56.5908
56.589
56.6046
56.5915
56.5849
56.601
56.6652
56.5635
56.5972
56.5884
56.6127
56.6145
56.5774
56.6071
56.5581
56.6091
56.6001
56.6033
56.5995
56.6128
56.6449
56.6111
56.6124
56.5867
56.5805
56.6135
56.6041
56.6246
56.5951
56.593
56.6208
56.5801
56.6232
56.571
56.6203
56.6005
56.5985
56.6148
56.6161
56.5937
56.6167
56.6124
56.6416
56.5962
56.6176
56.5894
56.6296
56.6081
56.6004
56.5895
56.6226
56.6171
56.5936
56.6059
56.6034
56.6334
56.6083
56.6046
56.6165
56.6023
56.6081
56.5796
56.5842
56.618
56.6254
56.6385
56.6047
56.6134
56.6247
56.6404
56.6405
56.6201
56.6224
56.5639
56.5914
56.5939
56.6404
56.6226
56.6197
56.6011
56.6141
56.6301
56.603
56.5882
56.6388
56.6317
56.5972
56.6489
56.6149
56.6161
56.5694
56.6035
56.6141
56.6285
56.6016
56.5715
56.5844
56.5829
56.6093
56.5889
56.6128
56.6015
56.6027
56.5987
56.5984
56.6054
56.6298
56.5715
56.6295
56.6151
56.6312
56.5853
56.601
56.6004
56.6048
56.5938
56.6362
56.5743
56.5977
56.606
56.6463
56.6541
56.6055
56.5989
56.6022
56.5912
56.6016
56.6074
56.647
56.6033
56.6405
56.6414
56.6069
56.5911
56.6117
56.5697
56.6224
56.6219
56.6178
56.5933
56.6072
56.6148
56.6132
56.625
56.6181
56.6243
56.6488
56.6358
56.6335
56.5961
56.6194
56.5859
56.5842
56.6259
56.6146
56.5648
56.6252
56.6082
56.6366
56.6772
56.6339
56.6265
56.6264
56.5989
56.6154
56.583
56.613
56.5968
56.6239
56.6158
56.6537
56.5899
56.6159
56.5957
56.6238
56.6103
56.5856
56.6019
56.6299
56.6221
56.6176
56.5951
56.6424
56.6027
56.6104
56.5951
56.5871
56.6126
56.636
56.5908
56.6015
56.6366
56.6213
56.5907
56.6033
56.6248
56.6161
56.6219
56.5854
56.6124
56.6037
56.5968
56.6139
56.6488
56.5853
56.6037
56.5828
56.6088
56.5904
56.6039
56.5857
56.5592
56.6106
56.6575
56.5757
56.6401
56.6191
56.6152
56.6249
56.61
56.6151
56.6274
56.6391
56.5986
56.5777
56.6241
56.5694
56.6175
56.6203
56.6086
56.6444
56.6736
56.5907
56.5771
56.6437
56.5874
56.6512
56.6348
56.5957
56.6136
56.6157
56.6319
56.5886
56.6034
56.6383
56.5879
56.6476
56.6216
56.6194
56.6189
56.6133
56.6314
56.6079
56.6169
56.6007
56.6144
56.5785
56.6147
56.6063
56.5928
56.6167
56.62
56.6059
56.6246
56.5946
56.5378
56.5839
56.6359
56.591
56.6278
56.6161
56.5862
56.6362
56.6039
56.6229
56.5816
56.5793
56.5969
56.6158
56.5815
56.5774
56.6179
56.5969
56.6109
56.6145
56.6037
56.5905
56.5945
56.606
56.641
56.5824
56.6154
56.5905
56.5614
56.5831
56.6065
56.6293
56.6121
56.6056
56.5932
56.6117
56.5891
56.5956
56.5699
56.6276
56.6012
56.6173
56.6453
56.591
56.5807
56.6236
56.6211
56.6175
56.5944
56.6033
56.5864
56.6164
56.6095
56.5711
56.5786
56.5922
56.562
56.5794
56.5929
56.6265
56.6218
56.6035
56.6043
56.6244
56.5995
56.6042
56.6342
56.6055
56.6009
56.606
56.5805
56.621
56.6027
56.5791
56.5942
56.6062
56.6338
56.6032
56.608
56.6225
56.6072
56.5854
56.6256
56.5744
56.5971
56.6123
56.5694
56.6424
56.5757
56.6247
56.5968
56.6154
56.5995
56.5861
56.5952
56.6062
56.612
56.6265
56.5968
56.6278
56.6041
56.5696
56.602
56.6361
56.5964
56.5995
56.6233
56.6208
56.6222
56.6323
56.6141
56.5885
56.5842
56.6072
56.6224
56.5982
56.6133
56.5934
56.6452
56.6252
56.6141
56.6414
56.5917
56.6234
56.5435
56.587
56.6118
56.6099
56.591
56.6022
56.6379
56.6286
56.6201
56.5993
56.6464
56.6056
56.6117
56.6188
56.6255
56.6172
56.6188
56.6238
56.6318
56.6286
56.6284
56.6608
56.6374
56.6192
56.593
56.6111
56.5872
56.6324
56.6328
56.6083
56.6407
56.614
56.6208
56.6007
56.6423
56.5739
56.6237
56.6138
56.5863
56.5823
56.5931
56.6387
56.6068
56.6363
56.6312
56.5902
56.6287
56.6047
56.622
56.5898
56.621
56.6518
56.6336
56.6127
56.6316
56.6015
56.626
56.5874
56.612
56.6125
56.6315
56.5934
56.621
56.6321
56.642
56.6264
56.6019
56.6212
56.5977
56.6461
56.6355
56.6583
56.6357
56.6111
56.6058
56.5925
56.6433
56.5883
56.608
56.6395
56.5783
56.6001
56.6311
56.5809
56.5612
56.5774
56.5933
56.6446
56.5871
56.6446
56.6403
56.5936
56.5912
56.6177
56.649
56.5981
56.6278
56.6056
56.6154
56.5771
56.5968
56.5993
56.6483
56.6259
56.6248
56.608
56.6092
56.5967
56.5935
56.6011
56.6116
56.5855
56.62
56.5937
56.5782
56.6398
56.5972
56.6464
56.6332
56.612
56.6295
56.6122
56.6342
56.596
56.6637
56.6095
56.6051
56.6046
56.6164
56.6224
56.637
56.6324
56.5943
56.61
56.5827
56.6262
56.5788
56.5765
56.6118
56.5994
56.5754
56.6444
56.612
56.5973
56.6343
56.6338
56.5678
56.6521
56.5979
56.593
56.586
56.591
56.5657
56.5597
56.5985
56.5778
56.6045
56.5924
56.6126
56.587
56.5882
56.6553
56.6105
56.5692
56.6243
56.6169
56.6438
56.5685
56.5979
56.6535
56.5977
56.6388
56.6128
56.6056
56.62
56.6317
56.6344
56.586
56.6059
56.5892
56.6654
56.6155
56.5719
56.6358
56.6164
56.6066
56.6334
56.6526
56.5971
56.6088
56.5714
56.6457
56.604
56.636
56.6076
56.6387
56.5832
56.5775
56.6028
56.611
56.6328
56.5925
56.6007
56.6453
56.5791
56.6034
56.6209
56.5645
56.6209
56.6301
56.61
56.5722
56.609
56.6143
56.6298
56.6193
56.5755
56.6253
56.6118
56.6025
56.6235
56.6077
56.6153
56.5896
56.6158
56.6104
56.5809
56.6051
56.5829
56.5893
56.6406
56.6555
56.6195
56.592
56.56
56.5931
56.6266
56.6271
56.5967
56.6242
56.6133
56.6049
56.6442
56.6389
56.6186
56.6505
56.5969
56.5843
56.6197
56.6037
56.5738
56.6365
56.6364
56.6183
56.6602
56.6263
56.6114
56.6025
56.6278
56.6043
56.5934
56.6158
56.6616
56.6344
56.5904
56.6191
56.5786
56.5853
56.6316
56.6047
56.6088
56.6251
56.6309
56.6131
56.6039
56.5888
56.6033
56.6055
56.5796
56.6216
56.6048
56.6017
56.5902
56.5681
56.5898
56.6081
56.6293
56.609
56.5651
56.6425
56.6259
56.6185
56.6189
56.6388
56.618
56.6126
56.6018
56.5703
56.6216
56.6016
56.5731
56.6066
56.6081
56.6392
56.6115
56.6362
56.6174
56.55
56.5839
56.6405
56.626
56.6304
56.6376
56.5799
56.569
56.5975
56.6127
56.6074
56.6023
56.6075
56.5962
56.6215
56.5878
56.6088
56.6158
56.5872
56.5963
56.6366
56.5851
56.5644
56.6098
56.6245
56.6434
56.6142
56.5999
56.5747
56.6225
56.5918
56.6296
56.5937
56.5818
56.6223
56.6179
56.614
56.5924
56.609
56.6141
56.5998
56.6436
56.617
56.6237
56.5843
56.5991
56.5679
56.6303
56.6249
56.5786
56.5633
56.6057
56.5974
56.6134
56.6294
56.6308
56.632
56.5834
56.6056
56.6095
56.5529
56.6348
56.6218
56.5885
56.6059
56.6125
56.6164
56.5996
56.5881
56.6221
56.6163
56.5903
56.5837
56.6011
56.5971
56.6136
56.6152
56.606
56.5763
56.6145
56.5955
56.6354
56.5953
56.6012
56.6246
56.6231
56.6179
56.6053
56.6265
56.6225
56.613
56.5888
56.6078
56.6029
56.5889
56.564
56.5632
56.6154
56.6057
56.5972
56.5891
56.6157
56.6171
56.5748
56.6099
56.6223
56.6184
56.6427
56.6135
56.5885
56.605
56.6064
56.6169
56.6024
56.6071
56.5935
56.5892
56.6197
56.5581
56.5986
56.5993
56.586
56.5896
56.6144
56.6133
56.6022
56.5661
56.6083
56.5971
56.5913
56.6151
56.6112
56.6004
56.5788
56.603
56.6006
56.5976
56.5974
56.6341
56.611
56.6071
56.6051
56.5835
56.5936
56.5707
56.5942
56.5846
56.5745
56.6026
56.6444
56.5865
56.6122
56.5565
56.6184
56.6227
56.6025
56.5995
56.5989
56.5896
56.6021
56.6115
56.5894
56.5929
56.5768
56.5984
56.5969
56.6136
56.5969
56.6503
56.5997
56.5987
56.6063
56.5982
56.5639
56.62
56.6174
56.6105
56.6205
56.582
56.6274
56.6175
56.644
56.61
56.6
56.5804
56.5982
56.6449
56.608
56.5884
56.6254
56.6063
56.5913
56.6221
56.6031
56.6109
56.5999
56.5872
56.5968
56.6143
56.626
56.5951
56.5755
56.6026
56.6267
56.6288
56.6257
56.6334
56.6162
56.63
56.5837
56.6335
56.6272
56.6106
56.6071
56.637
56.6275
56.6094
56.621
56.5801
56.6287
56.5858
56.6176
56.58
56.5736
56.643
56.5917
56.626
56.6323
56.5837
56.6176
56.6102
56.5909
56.5769
56.573
56.5931
56.6107
56.5791
56.6086
56.5719
56.5904
56.5748
56.5915
56.6209
56.5962
56.6004
56.6286
56.6093
56.5899
56.5872
56.5879
56.6121
56.6014
56.6025
56.5984
56.5755
56.5947
56.6113
56.6184
56.6118
56.6292
56.6263
56.6289
56.6178
56.6257
56.5973
56.6122
56.608
56.6722
56.592
56.5823
56.6059
56.629
56.5963
56.5973
56.622
56.6239
56.6216
56.6042
56.6145
56.6025
56.6033
56.5842
56.5885
56.5984
56.6001
56.6062
56.6046
56.5998
56.606
56.5929
56.6046
56.6022
56.6111
56.5834
56.5942
56.591
56.5765
56.6062
56.5923
56.5838
56.6162
56.6064
56.565
56.6326
56.6352
56.6143
56.5912
56.6281
56.643
56.5773
56.5852
56.6339
56.6163
56.6172
56.6466
56.5706
56.624
56.5855
56.6338
56.6213
56.6203
56.6072
56.5788
56.6401
56.6233
56.598
56.5842
56.624
56.5937
56.5961
56.6085
56.6143
56.6182
56.6171
56.6041
56.6111
56.6367
56.5917
56.5638
56.5594
56.5967
56.606
56.6192
56.5569
56.6083
56.6114
56.6406
56.5955
56.5856
56.5719
56.6257
56.5685
56.5936
56.5597
56.6383
56.6062
56.6349
56.5922
56.5968
56.5994
56.5623
56.5921
56.6106
56.608
56.6073
56.6055
56.6292
56.6062
56.601
56.5977
56.6044
56.5937
56.5986
56.5837
56.6317
56.6301
56.6158
56.6008
56.6007
56.6208
56.5887
56.596
56.6104
56.6014
56.611
56.5992
56.6028
56.6176
56.6341
56.6365
56.6333
56.6026
56.6356
56.6086
56.6217
56.6262
56.6043
56.6293
56.6168
56.5991
56.589
56.5617
56.6311
56.6044
56.626
56.6333
56.5964
56.6311
56.5899
56.6162
56.6285
56.5771
56.6256
56.5831
56.6347
56.594
56.5964
56.5882
56.6725
56.685
56.6885
56.6443
56.6447
56.673
56.6531
56.6638
56.5994
56.6196
56.6503
56.6332
56.6251
56.5848
56.6263
56.6103
56.6121
56.6736
56.6057
56.5993
56.6022
56.6313
56.6298
56.6014
56.5958
56.5965
56.6248
56.6565
56.5665
56.6145
56.6032
56.6264
56.6163
56.6057
56.6199
56.5692
56.685
56.6359
56.5978
56.5819
56.5997
56.5984
56.6118
56.6296
56.6035
56.584
56.5906
56.6312
56.6145
56.6151
56.625
56.6128
56.6261
56.5934
56.6154
56.6094
56.6155
56.6497
56.5772
56.6314
56.6152
56.6281
56.6275
56.6067
56.5908
56.595
56.6243
56.6285
56.5998
56.6185
56.6175
56.5942
56.582
56.6342
56.5703
56.6247
56.6564
56.5777
56.5733
56.6068
56.599
56.5906
56.6275
56.5661
56.5888
56.6139
56.6065
56.5638
56.6061
56.6336
56.6045
56.6445
56.5519
56.6191
56.5999
56.6276
56.6463
56.5785
56.5908
56.5921
56.6384
56.6101
56.6227
56.6234
56.5997
56.6018
56.6385
56.6031
56.5831
56.6216
56.5985
56.6033
56.5623
56.6106
56.6403
56.6074
56.5929
56.5978
56.6575
56.603
56.5937
56.6124
56.6055
56.5842
56.5971
56.6288
56.6474
56.5833
56.631
56.5788
56.6295
56.6357
56.6037
56.6044
56.598
56.5983
56.5853
56.6143
56.581
56.6109
56.5786
56.611
56.6222
56.5857
56.6217
56.5944
56.6152
56.5894
56.583
56.6321
56.6038
56.5968
56.6298
56.6224
56.5865
56.6125
56.6075
56.611
56.6112
56.6066
56.5954
56.6219
56.6065
56.6345
56.6007
56.6147
56.6225
56.6329
56.5838
56.6408
56.6047
56.6083
56.5966
56.6027
56.6117
56.6101
56.5896
56.583
56.5812
56.5948
56.6354
56.6123
56.5852
56.5786
56.5874
56.5719
56.5942
56.6141
56.6104
56.6242
56.6091
56.5874
56.6083
56.6072
56.5941
56.6603
56.6462
56.6111
56.6217
56.5577
56.6373
56.5871
56.5563
56.6267
56.6046
56.6054
56.5759
56.6187
56.6379
56.6019
56.6173
56.566
56.5832
56.6221
56.644
56.6135
56.571
56.5917
56.5996
56.6134
56.5739
56.6276
56.5776
56.6429
56.5958
56.6117
56.6389
56.6042
56.6081
56.6167
56.6056
56.6172
56.5712
56.604
56.6127
56.5509
56.6104
56.5966
56.5953
56.6117
56.5997
56.5992
56.6301
56.639
56.6338
56.5954
56.6454
56.6081
56.6523
56.6002
56.6036
56.5961
56.6246
56.6016
56.6064
56.6416
56.641
56.6145
56.5998
56.6114
56.6149
56.6053
56.596
56.6246
56.5792
56.6281
56.592
56.5994
56.6364
56.5876
56.6218
56.5832
56.5847
56.6113
56.5571
56.5983
56.5907
56.6476
56.6269
56.6017
56.6131
56.6188
56.594
56.5924
56.6
56.5939
56.6216
56.6097
56.6109
56.611
56.5601
56.6114
56.5996
56.5999
56.6058
56.6168
56.6007
56.5899
56.5771
56.6266
56.5916
56.5673
56.5897
56.6173
56.5841
56.5864
56.624
56.6134
56.5959
56.5823
56.612
56.6233
56.5728
56.5999
56.6011
56.5975
56.6205
56.6048
56.6183
56.6
56.5807
56.5979
56.613
56.5772
56.6199
56.6153
56.6255
56.6266
56.5904
56.6031
56.6529
56.5892
56.5921
56.5893
56.6157
56.6084
56.6111
56.6082
56.5781
56.6196
56.5551
56.6101
56.6222
56.5673
56.5918
56.6116
56.6079
56.6141
56.5866
56.6008
56.6028
56.6464
56.613
56.6155
56.6059
56.6188
56.6034
56.6231
56.5907
56.6184
56.6224
56.5921
56.6096
56.6604
56.6183
56.5905
56.6366
56.6234
56.5889
56.5964
56.6139
56.6181
56.6092
56.6232
56.6104
56.6016
56.6053
56.6121
56.6587
56.6028
56.6152
56.6134
56.5903
56.6112
56.6269
56.5859
56.6258
56.6362
56.621
56.6175
56.6452
56.5936
56.5939
56.6239
56.6269
56.5831
56.6103
56.6086
56.5721
56.6564
56.6383
56.6002
56.6469
56.6228
56.6303
56.6154
56.5813
56.585
56.6103
56.6264
56.6028
56.6362
56.6094
56.6383
56.6068
56.6093
56.6333
56.6008
56.6029
56.621
56.5857
56.6219
56.6019
56.604
56.6045
56.6342
56.6384
56.6152
56.5913
56.6107
56.6241
56.5791
56.6197
56.6014
56.5922
56.6105
56.5882
56.618
56.5998
56.6158
56.5836
56.6054
56.6235
56.5637
56.5661
56.6004
56.6583
56.5923
56.6237
56.5914
56.6131
56.5856
56.6383
56.5999
56.6005
56.5841
56.6115
56.6496
56.6033
56.6125
56.6146
56.5795
56.5549
56.5688
56.5947
56.6062
56.6117
56.5947
56.5986
56.6002
56.6112
56.6442
56.6138
56.5743
56.5673
56.6053
56.6175
56.5528
56.638
56.6084
56.6279
56.6044
56.584
56.5948
56.6019
56.6445
56.6139
56.6348
56.5664
56.5895
56.5813
56.5945
56.5899
56.6168
56.5919
56.5785
56.6572
56.5799
56.6464
56.5917
56.6053
56.6675
56.6022
56.6084
56.6091
56.6324
56.6318
56.5773
56.5869
56.6184
56.5992
56.6303
56.6119
56.599
56.6202
56.5766
56.6341
56.6098
56.6283
56.6316
56.6778
56.6109
56.6305
56.5946
56.6235
56.5946
56.6282
56.6184
56.6416
56.6242
56.6054
56.6222
56.6157
56.6401
56.6321
56.6305
56.6232
56.5684
56.6135
56.6263
56.6072
56.5898
56.5928
56.627
56.5755
56.6021
56.6015
56.595
56.5806
56.6294
56.6089
56.6631
56.6442
56.6311
56.6245
56.6106
56.5945
56.6378
56.6054
56.5915
56.5786
56.5618
56.596
56.6103
56.6246
56.6252
56.609
56.6322
56.5993
56.6003
56.5866
56.6094
56.6087
56.6426
56.6075
56.6123
56.6081
56.6155
56.6039
56.6231
56.6101
56.6128
56.5984
56.6013
56.5996
