      0
  14567
  46874
  74566
 103936
 136577
 170698
 198400
 227195
 264649
 293858
 323673
 351145
 378236
 409438
 444530
 474666
 504910
 528359
 559261
 594440
 623665
 649709
 690008
 711351
 742548
 776888
 804432
 834727
 860073
 898797
 922977
 945771
 979217
1014647
1037372
1061922
1102700
1131009
1160157
1188932
1216491
1243297
1262085
1299301
1329132
1369794
1386450
1423283
1438736
1470955
1499410
1537116
1557986
1578919
1608843
1652647
1670219
1690133
1726323
1757079
1778338
1807834
1835837
1873403
1884170
1926623
1942051
1966544
1998840
2027536
2055787
2071578
2088933
2131137
2159262
2179021
2207993
2232676
2247885
2289428
2315767
2334817
2360630
2390852
2405585
2433817
2463995
2475897
2507452
2538507
2563933
2584237
2610868
2631587
2659869
2693497
2692153
2722442
2745373
2769769
2806292
2826354
2847997
2868794
2888365
2894410
2935170
2955093
2985353
3021385
3025335
3048651
3062309
3099279
3112554
3133569
3146822
3190450
3207213
3236551
3272291
3252128
3294409
3314768
3340064
3355094
3383469
3402216
3430699
3446411
3465219
3483030
3524414
3519820
3567605
3569523
3617011
3606545
3633583
3659093
3677019
3717310
3733136
3764427
3781649
3797787
3819119
3815295
3856532
3891515
3905817
3920473
3946159
3952825
3974750
3999336
4020219
4047737
4083658
4096690
4106047
4131637
4159057
4173800
4195132
4219676
4241592
4255030
4302245
4306086
4320825
4358043
4351987
4393359
4395197
4456938
4462223
4481745
4504496
4518290
4530608
4553410
4588795
4603908
4613925
4627303
4680223
4686085
4715780
4732551
4755298
4784159
4800294
4828156
4847479
4879807
4905835
4922368
4944854
4972508
4997001
5017013
5034471
5050523
5073376
5102040
5139777
5170232
5193379
5201717
5235658
5269355
5279634
5306002
5323655
5349910
5376362
5399181
5421206
5441261
5468790
5496395
5537448
5548866
5572584
5588553
5643193
5647082
5672757
5716426
5732909
5762139
5762264
5815125
5835266
5855618
5880276
5909277
5920505
5962683
5977771
6043714
6040474
6065898
6109660
6123994
6153105
6186855
6199052
6237992
6261590
6269814
6300672
6357280
6349562
6395781
6398847
6460973
6471109
6509579
6523657
6545191
6572506
6594083
6609873
6639841
6686126
6718019
6744234
6753571
6830112
6834539
6859063
6882326
6894117
6943200
6980142
6983929
7038785
7028613
7067375
7073024
7130791
7142251
7193406
7217765
7226260
7263699
7286821
7345642
7342694
7373064
7397024
7419095
7443091
7477044
7464204
7500781
7562958
7575237
7611439
7587766
7650692
7669880
7683215
7715645
7753272
7760457
7807114
7824046
7849256
7863164
7879405
7913862
7931030
7931546
7970291
8010169
8006310
8035395
8052814
8055879
8108526
8104524
8129422
8153196
8172432
8161774
8203768
8239274
8244671
8288292
8289970
8298071
8324620
8347620
8353068
8381244
8409049
8369841
8412490
8421326
8429871
8468838
8469763
8510516
8497246
8556389
8540923
8547173
8561161
8568121
8590152
8607151
8607842
8598162
8643520
8658767
8650381
8633586
8663051
8676228
8659328
8675003
8697391
8683133
8684419
8714657
8694388
8710570
8704000
8726035
8705677
8725786
8733647
8713831
8726585
8729080
8717083
8742642
8708318
8730195
8719628
8740438
8719226
8700005
8728349
8727121
8731323
8679711
8696087
8700587
8674604
8661937
8698521
8658414
8652158
8638514
8642276
8627094
8627472
8625900
8628354
8585835
8585075
8573849
8543357
8543187
8522204
8506012
8521872
8496837
8466959
8445803
8443354
8433005
8415450
8392031
8390707
8350372
8340258
8308336
8296265
8270091
8252068
8199184
8222832
8214903
8160482
8159448
8138328
8097521
8048788
8048128
8035903
7989311
7959766
7952282
7887787
7892634
7865540
7841006
7806650
7781818
7761166
7718859
7725019
7671985
7634200
7621948
7572854
7550322
7495981
7477023
7462447
7433635
7358739
7344758
7304240
7289821
7232889
7208556
7151561
7151096
7093433
7039984
7038953
7008894
6931832
6920513
6882330
6840488
6824763
6772974
6725349
6696718
6672324
6603098
6609161
6544042
6488706
6463894
6434243
6386089
6332207
6315314
6245406
6239272
6179506
6121272
6088744
6052295
6017684
5971077
5929655
5897751
5845637
5807480
5778987
5722495
5670673
5647239
5599802
5538469
5495488
5476514
5403620
5391433
5347096
5303401
5248768
5198167
5168993
5127414
5069703
5061484
5002647
4957037
4910986
4875176
4841774
4783539
4742860
4704583
4672089
4619534
4580479
4522941
4473016
4445552
4390474
4367929
4318764
4280790
4227197
4196889
4144658
4104706
4077053
4026472
3990200
3969040
3910105
3869515
3850632
3803550
3746083
3715568
3690656
3641845
3582290
3561149
3527358
3472494
3434786
3403930
3369105
3346591
3294016
3265023
3211028
3168015
3157261
3103651
3050712
3046526
3004121
2966234
2943524
2905860
2851159
2826812
2800589
2761628
2720670
2681220
2663891
2618212
2592952
2550959
2519897
2476922
2450404
2414544
2394156
2357059
2305717
2301422
2259163
2240929
2198538
2175784
2132875
2108369
2086451
2062363
2023679
1998682
1971974
1937152
1909052
1891503
1865572
1832999
1803726
1782460
1749629
1725495
1710704
1688457
1660818
1627681
1604231
1576982
1564018
1521939
1506919
1499635
1459818
1437130
1412704
1396887
1373629
1353890
1316642
1304975
1275629
1262765
1239237
1235791
1203030
1173687
1175171
1140288
1118823
1112560
1099074
1061843
1049003
1031985
1020875
 996938
 984430
 972805
 946379
 928864
 916394
 906197
 878500
 867997
 856066
 841893
 823668
 814028
 797100
 776765
 761199
 748559
 739204
 727007
 707798
 693729
 685367
 670657
 655577
 646401
 632847
 621774
 610929
 601745
 584178
 577690
 559798
 553478
 546583
 528947
 520779
 513213
 497276
 498192
 482531
 469856
 461646
 452053
 445437
 433556
 427551
 410336
 406778
 402918
 393848
 378587
 375365
 367346
 357185
 353482
 346189
 346107
 332944
 326510
 315598
 312524
 306658
 297134
 287065
 288996
 277788
 270242
 268470
 261350
 251373
 248304
 243359
 242193
 233203
 232665
 223141
 220440
 214540
 207818
 207302
 200377
 189428
 191439
 186626
 181854
 175155
 172668
 169883
 162139
 159708
 154924
 154854
 145482
 141935
 142091
 139649
 136433
 130858
 130021
 129886
 123003
 119097
 118880
 116429
 114413
 109195
 106545
 104311
 103025
  96568
  94810
  92298
  89886
  89868
  89160
  83333
  81777
  83454
  79695
  77437
  73987
  70997
  68997
  69421
  67585
  66251
  63705
  62284
  60432
  59320
  58956
  56378
  53469
  54447
  51515
  50315
  52089
  49151
  46361
  45407
  44634
  44651
  43045
  39440
  38633
  37195
  35892
  39878
  35006
  33191
  32992
  33299
  31467
  30133
  30305
  29807
  28431
  29181
  27208
  27173
  25738
  25355
  25136
  23939
  22911
  22314
  21286
  20862
  19851
  19256
  17874
  18872
  18146
  16632
  16714
  15390
  16806
  16002
  15114
  13782
  13982
  13941
  13716
  12545
  12236
  13115
  12028
  10970
  10799
  10360
  10482
   9820
   9110
   9350
   8456
   8191
   8079
   8944
   8150
   7594
   7534
   7715
   7996
   7437
   6207
   6404
   6945
   5584
   5872
   5176
   5406
   5392
   5213
   5015
   4696
   5023
   4507
   4081
   4072
   4507
   3604
   3672
   3575
   3373
   3078
   3049
   3586
   2995
   2881
   2938
   2429
   2433
   2992
   2908
   2619
   2621
   2540
   2320
   2074
   2110
   1915
   2373
   2132
   1834
   1698
   1711
   1710
   1429
   1726
   1493
   1621
   1318
   1611
   1695
   1600
   1416
   1069
   1114
   1311
   1045
   1119
   1213
   1266
   1040
    801
    793
    818
    875
    780
    715
    766
   1036
    900
    912
    709
    609
    788
    559
    680
    477
    618
    858
    567
    573
    547
    511
    624
    402
    297
    517
    412
    497
    340
    478
    325
    458
    265
    435
    240
    255
    247
    329
    293
    299
    315
    422
    192
    346
    267
    196
    185
    234
    351
    140
    162
    200
    322
    304
    169
    199
    240
    168
    164
    164
    151
    223
    105
     69
    154
    178
    139
    157
    125
    114
     60
     94
     83
    109
     94
    167
     46
     19
    148
     87
     93
    100
    118
    135
     74
     60
     39
    194
    177
    109
     88
     27
     53
     39
     68
    193
     91
     85
     43
     80
    110
     33
     65
     38
     67
     27
     33
    100
     79
     14
     44
     40
    144
     65
     56
     31
     43
     21
     83
     58
     16
     43
     57
     49
     42
     35
     23
     48
     38
     43
     55
     41
    105
    147
      5
     81
     69
     49
     32
     27
     13
     18
    100
     73
     27
     11
      1
      0
     21
     78
    104
     63
     85
     60
     25
     34
     22
     38
      1
     52
     67
     82
     65
     24
     52
     96
     19
     38
     26
     48
      9
      9
      0
     77
      0
      0
      3
    141
     29
     34
     44
     13
     56
     66
     65
     69
    107
     98
     25
     67
     13
     58
      0
    116
     71
     38
     14
     21
     26
     10
     55
     60
     28
     32
     20
     36
     63
     32
     26
     35
     23
     36
     91
      1
     28
     15
     40
     44
      9
     25
      8
     36
      7
     21
     11
     34
     17
     55
     42
     75
     25
      7
     71
     29
     22
     10
      0
     28
     16
     38
     20
      9
     53
     37
     31
      1
     50
     15
     10
     25
     26
     57
     42
     89
     38
     57
      9
     25
     57
      0
     84
     23
     90
     29
     51
     88
     11
     14
      3
      5
     11
     26
     61
     18
     18
     13
    106
      9
     30
     66
      1
     71
     14
      0
     17
    100
     28
      7
     77
      0
      0
      6
      7
      0
      0
     19
     19
      0
      0
     43
     78
      1
     12
     10
      0
     46
     14
     58
     18
      2
     15
     24
     87
     47
     21
     22
     26
     19
      0
     52
      0
      1
      0
      0
      0
      0
      2
      0
      0
      3
      0
      0
      0
      0
     11
     75
     74
      0
      0
      0
      1
      7
      0
     13
     32
     31
      0
      0
      0
      6
     31
     26
     29
     14
      3
     12
      0
      0
     24
     25
     48
     23
      8
      0
      0
      0
      1
      0
     14
      7
      0
     61
     21
      0
     31
      0
     18
     26
     46
      7
     22
     73
     84
     34
     20
      0
     23
     13
     57
     24
      7
     33
      0
     23
     16
      0
      7
      0
      3
      3
      6
      0
     33
     56
     31
     33
      0
     46
     11
     16
      0
     48
     17
      0
     12
      0
      8
      4
      9
      8
      0
     58
     46
      0
      4
     24
     43
      0
     14
     27
      1
     15
      0
      2
      0
     12
     13
      0
     15
     10
     22
      0
     23
      0
      5
     20
     27
      4
     19
      0
     14
      0
      0
      0
      0
     86
      4
      0
      0
      0
      0
     30
     21
     37
      0
      0
     10
     30
      5
      6
      2
      0
     17
     15
     17
     10
      1
      0
      4
      0
     23
      0
      4
     13
     39
     22
      0
     49
      4
      0
      9
     27
      0
      0
      0
      8
     31
      0
      0
      0
      0
      0
     44
      0
     56
     29
     61
      0
      7
      5
      0
      0
      0
      2
      8
      7
     18
      0
     30
      8
     17
      9
     10
     21
      0
      0
      0
      8
     11
     33
      6
     34
     36
      4
      9
     24
     37
      0
      0
      0
      2
      0
     44
     23
      0
      0
     41
      0
      2
     27
      0
     16
      0
     40
     18
     14
      5
     75
     51
     80
      6
     15
      2
      0
      3
      0
      0
      0
      0
     18
      7
      0
      0
      7
     31
     15
     14
     46
      5
      0
      0
     11
     50
     25
     17
     14
     39
      0
      0
     15
      0
     14
      0
     11
     13
      0
      0
      0
      0
      0
      0
      0
      6
     67
     28
      5
      3
      2
      0
      0
      0
     10
      0
      3
      1
      0
      3
     26
     73
      0
      0
      0
      0
      0
      0
      0
      0
      0
      0
     17
      0
     34
      4
     25
     12
      2
     43
     68
      6
     58
     16
      0
      0
      0
      0
      0
      0
      0
      0
      0
     51
      0
      0
      0
      0
     11
     42
      4
      0
      0
     19
     33
      6
      0
      0
      0
      0
      0
      0
      6
      0
      0
      3
      2
     30
      0
     79
      0
      3
      0
     14
      0
      0
      0
     23
     64
      0
      0
      4
     74
      0
      0
      0
      0
      0
      0
      0
      0
      0
      0
      0
     15
      0
      0
      0
      0
     18
      0
     51
      5
      0
      0
      0
      0
      0
      0
      0
      0
      0
      0
      0
     14
      0
      0
      0
      0
      0
      0
      0
      0
      0
     14
     43
      3
     25
     14
      0
      0
     14
      0
      0
      0
      0
      0
      0
      0
     20
      0
     33
      0
      0
      0
      8
     22
     41
      0
      0
      5
      6
      0
     19
     74
      0
      3
      0
     10
      0
      0
      4
      0
      0
      0
      0
      0
      4
     10
      0
      9
      0
      5
      2
      0
      0
      0
      6
     22
      1
      0
      0
      0
     37
      0
      0
      0
      5
      0
     16
      5
      0
     34
      0
      3
      0
      0
      0
      6
      0
      1
     13
      0
      0
      5
      6
      0
      4
      0
      0
      0
      0
      9
      0
      0
      0
      0
     53
     20
      0
      0
      0
     15
      0
      0
      0
      0
      5
      0
      0
      0
      0
      6
      0
     21
      0
      5
      0
      0
      0
      0
      0
     29
      0
      0
      0
      0
      0
      0
      0
      0
      0
      0
      0
      0
      0
      0
      0
      0
      0
      6
      0
     25
      0
      0
      0
      0
     14
      0
      0
     25
      0
      0
      0
      0
     64
      3
     18
      7
      0
     12
      0
      0
      0
      0
      0
      0
      0
      0
      0
      0
      0
      0
      0
      1
      0
      0
      0
      0
      0
      0
      0
      0
     38
     46
      0
      7
      0
      0
      4
      4
     13
     35
      0
      5
      0
      0
      0
      0
      0
      0
      0
      0
      0
      0
      0
      0
      0
      0
      0
      0
     26
     19
      0
      0
      0
     66
      1
      0
     28
      0
      0
      0
      0
      0
      0
      0
      0
      0
      0
      0
      0
      0
      0
      0
      8
      0
      0
      0
      0
      0
      0
      8
      3
      0
      0
      9
      0
      0
      0
      0
      0
      3
      0
      0
      0
      0
      0
     15
     57
     10
      0
      5
     20
     12
      0
     33
      0
      0
      0
      0
      0
      0
      0
      0
      0
      0
      0
      0
      0
      0
      0
      0
      0
      0
      0
      0
      0
      0
      0
      0
      0
      0
      0
      0
      0
      0
      0
      0
      0
      3
      0
      0
      0
      0
      0
      0
      0
      0
      0
      0
      0
      7
      0
      4
      0
      0
      8
      0
     42
      0
     32
      0
      0
      0
      0
      9
      0
     15
      0
      0
      0
      0
      0
      2
      0
      0
      0
      0
      0
      0
      0
      0
      0
      0
      0
      0
      0
      0
      0
      0
      0
      0
      4
      0
      0
      0
      0
      0
      0
     84
     20
      1
      0
      0
      0
      0
      0
      0
      0
      4
      0
      0
      0
      0
      0
      0
      0
      0
      0
      0
      0
      0
      0
      0
      0
      0
      0
      0
      0
      0
      0
      0
      0
      0
      0
      0
      0
      0
      0
      0
      0
      0
      0
      0
      0
      0
      0
      0
      0
      0
      0
      0
      0
      0
      0
      0
      0
      0
      0
      0
      0
      0
      0
      0
      0
      0
      0
      0
      0
      0
      0
      0
      0
      0
      0
      0
      1
      1
      0
      0
      0
     49
      0
      0
      0
      0
      0
      0
      0
      0
      0
     27
      0
      3
      0
      0
      0
      0
      0
      0
      0
      0
      0
      0
      0
      0
      0
      0
      0
      0
      0
      0
      0
      0
      0
      0
      0
      0
      0
      0
      0
      0
      0
      0
      0
      0
      0
      0
      0
     37
     30
      0
     45
      0
      0
      0
      0
      0
      0
      0
      0
      0
      0
      0
      0
      0
      0
      0
      0
      0
      0
      0
      0
      0
      0
      0
      0
      0
      0
      0
      0
      0
      0
      0
      0
      0
      0
      0
      0
      0
     24
      0
      0
      0
      0
      0
      0
      0
      0
      0
      0
      0
      0
      0
      0
      0
      0
      0
      0
      0
      0
      0
      0
      0
      0
      0
      0
      0
      0
      0
      0
      0
      0
      0
      0
      0
      0
      0
      0
      0
      0
      0
      0
      0
      0
      0
      0
      0
      0
      0
      0
      0
      0
      0
      0
      0
      0
      0
      0
      0
      0
      0
      0
      0
      0
      0
      0
      0
      0
      0
      0
      0
      0
      0
      0
      0
      0
      0
      0
      0
      0
      0
      0
      0
      0
      0
     28
     12
      0
      0
      0
      0
      0
      0
      0
      0
      0
      0
      0
      0
      0
      0
      0
      0
      0
      0
      0
      0
      0
      0
      0
      0
      0
      0
      0
      0
      0
      0
      0
      0
      0
      0
      0
      0
      0
      0
      0
      0
      0
      0
      0
      0
      0
      0
      0
      0
      0
      0
      0
      0
      0
      0
      0
      0
      0
      0
      0
      0
      0
      0
      0
      0
      0
      0
      0
      0
      0
      0
      0
      0
      0
      0
      0
      0
      0
      0
      0
      0
      0
      0
      0
      0
      0
      0
      0
      0
      0
      0
      0
      0
      0
      0
      0
      0
      0
      0
      0
      0
      0
      0
      0
      0
      0
      0
      0
      0
      0
      0
      0
      0
     43
      0
      0
      0
      0
      0
      0
      0
      0
      0
      0
      0
      0
      0
      0
      0
      0
      0
      0
      0
      0
      0
      0
      0
      0
      0
      0
      0
      0
      0
      0
      0
      0
      0
      0
      0
      0
      0
      0
      0
      0
      0
      0
      0
      0
      0
      0
      0
      0
      0
      0
      0
      0
      0
      0
      0
      0
      0
      0
      0
      0
      0
      0
      0
      0
      0
      0
      0
      0
      0
      0
      0
      0
      0
      0
      0
      0
      0
      0
      0
      0
      0
      0
      0
      0
      0
      0
      0
      0
      0
      0
      0
      0
      0
      0
      0
      0
      0
      0
      0
      0
      0
      0
      0
      0
      0
      0
      0
      0
      0
      0
      0
      0
      0
      0
      0
      0
      0
      0
      0
      0
      0
      0
      0
      0
      0
      0
      0
      0
      0
      0
      0
      0
      0
      0
      0
      0
      0
      0
      0
      0
      0
      0
      0
      0
      0
     23
      0
      0
      0
      0
      0
      0
      0
      0
      0
      0
      0
      0
      0
      0
      0
      0
      0
      0
      0
      0
      0
      0
      0
      0
      0
      0
      0
      0
      0
      0
      0
      0
      0
      0
      0
      0
      0
      0
      0
      0
      0
      0
      0
      0
      0
      0
      0
      0
      0
      0
      0
      0
      0
      0
      0
      0
      0
      0
      0
      0
      0
      0
      0
      0
      0
      0
      0
      0
      0
      0
      0
      0
      0
      0
      0
      0
      0
      0
      0
      0
      0
      0
      0
      0
      0
      0
      0
      0
      0
      0
      0
      0
      0
      0
      0
      0
      0
      0
      0
      0
      0
      0
      0
      0
      0
      0
      0
      0
      0
      0
      0
      0
      0
      0
      0
      0
      0
      0
      0
      0
      0
      0
      0
      0
      0
      0
      0
      0
      0
      0
      0
      0
      0
      1
      0
      0
      0
      0
      0
      0
      0
      0
      0
      0
      0
      0
      0
      0
      0
      0
      0
      0
      0
      0
      0
      0
      0
      0
      0
      0
      0
      0
      0
      0
      0
      0
      0
      0
      0
      0
      0
      0
      0
      0
      0
      0
      0
      0
      0
      0
      0
      0
      0
      0
      0
      0
      0
      0
      0
      0
      0
      0
      0
      0
      0
      0
      0
      0
      0
      0
      0
      0
      0
      0
      0
      0
      0
      0
      0
      0
      0
      0
      0
      0
      0
      0
      0
      0
      0
      0
      0
      0
      0
      0
      0
      0
      0
      0
      0
      0
      0
      0
      0
      0
      0
      0
      0
      0
      0
      0
      0
      0
      0
      0
      0
      0
      0
      0
      0
      0
      0
      0
      0
      0
      0
      0
      0
      0
      0
      0
      0
      0
      0
      0
      0
      0
      0
      0
      0
      0
      0
      0
      0
      0
      0
      0
      0
      0
      0
      0
      0
      0
      0
      0
      0
      0
      0
      0
      0
      0
      0
      0
      0
      0
      0
      0
      0
      0
      0
      0
      0
      0
      0
      0
      0
      0
      0
      0
      0
      0
      0
      0
      0
      0
      0
      0
      0
      0
      0
      0
      0
      0
      0
      0
      0
      0
      0
      0
     11
      0
     12
      0
      0
      0
      0
      0
      0
      0
      0
      0
      0
      0
      0
      0
      0
      0
      0
      0
      0
      0
      0
      0
      0
      0
      0
      0
      0
      0
      0
      0
      0
      0
      0
      0
      0
      0
      0
      0
      0
      0
      0
      0
      0
      0
      0
      0
      0
      0
      0
      0
      0
      0
      0
      0
      0
      0
      0
      0
      0
      0
      0
      0
      0
      0
      0
      0
      0
      0
      0
      0
      0
      0
      0
      0
      0
      0
      0
      0
      0
      0
      0
      0
      0
      0
      0
      0
      0
      0
      0
      0
      0
      0
      0
      0
      0
      0
      0
      0
      0
      0
      0
      3
      0
     10
      0
      0
      0
      0
      0
      0
      0
      0
      0
      0
      0
      0
      0
      0
      0
      0
      0
      0
      0
      0
      0
      0
      0
      0
      0
      0
      0
      0
      0
      0
      0
      0
      0
      0
      0
      0
      0
      0
      0
      0
      0
      0
      0
      0
      0
      0
      0
      0
      0
      0
      0
      0
      0
      0
      0
