       0
       3
     157
     265
     480
     982
    2042
    2050
    3735
    4407
    4496
    5568
    6874
    8999
    8880
   11316
   12929
   13813
   15383
   17096
   19017
   20903
   22145
   22534
   26813
   28196
   30677
   33017
   34563
   39773
   41460
   43191
   47497
   49773
   54749
   56395
   58361
   65841
   62491
   69759
   73753
   78160
   82337
   83111
   83711
   89171
   95924
  101287
  104074
  108072
  113444
  117805
  122115
  118967
  130114
  135094
  139725
  140247
  144681
  155516
  155709
  163383
  168267
  168888
  174369
  184715
  193187
  196814
  204050
  204112
  213408
  219581
  227529
  232463
  239758
  243551
  251986
  259137
  265755
  270330
  285691
  290478
  295796
  297235
  311726
  318713
  316900
  330978
  332573
  345024
  352293
  363047
  371652
  372672
  386329
  397015
  404738
  412432
  415950
  424074
  434410
  448970
  458013
  460351
  468071
  482248
  489215
  505281
  504495
  518264
  524112
  538012
  550626
  552574
  560352
  583779
  583790
  601643
  602839
  611179
  619252
  631210
  647914
  655687
  664382
  669218
  688757
  692101
  704064
  710908
  723572
  733663
  741888
  754975
  761455
  777952
  792788
  803065
  812803
  824075
  830633
  846673
  848603
  865821
  887221
  884911
  901852
  906096
  918840
  927165
  941616
  949162
  971620
  977274
  986907
 1003425
 1015303
 1034546
 1033390
 1046917
 1064434
 1076632
 1092509
 1103935
 1110915
 1128997
 1132238
 1145026
 1155814
 1164108
 1191127
 1194403
 1209425
 1221671
 1234212
 1248256
 1247256
 1276787
 1284078
 1301537
 1297743
 1340565
 1350251
 1373582
 1374576
 1394947
 1399525
 1420685
 1442027
 1441604
 1453402
 1467665
 1486380
 1513415
 1514612
 1538933
 1532287
 1558114
 1574109
 1590739
 1596876
 1619968
 1626737
 1656174
 1660205
 1652196
 1673073
 1691143
 1706047
 1713353
 1746054
 1755487
 1771155
 1777532
 1799116
 1819066
 1828462
 1844383
 1855263
 1871046
 1902632
 1905726
 1914287
 1926343
 1937899
 1963005
 1958268
 1999197
 2004328
 2021199
 2046699
 2054376
 2074742
 2083166
 2094433
 2119583
 2128566
 2150885
 2179638
 2172391
 2202112
 2202514
 2218687
 2227802
 2263859
 2266464
 2274466
 2318688
 2321954
 2316104
 2347706
 2387130
 2388794
 2403337
 2434078
 2454352
 2459108
 2464000
 2490232
 2494580
 2513709
 2526900
 2550658
 2568500
 2614355
 2607848
 2627319
 2654205
 2666447
 2689973
 2715795
 2749239
 2768531
 2762660
 2797783
 2816358
 2829500
 2855122
 2889717
 2904008
 2898822
 2951264
 2958779
 2992877
 2996179
 3036638
 3049971
 3035274
 3071173
 3056947
 3115985
 3148117
 3144693
 3174784
 3190385
 3205542
 3235552
 3280286
 3286413
 3311619
 3320854
 3337950
 3367530
 3380135
 3399639
 3421112
 3417464
 3475086
 3496326
 3522813
 3528559
 3570896
 3579341
 3606457
 3621308
 3634532
 3677819
 3705906
 3726561
 3745073
 3754447
 3820565
 3810879
 3813963
 3867564
 3876674
 3892100
 3932683
 3976734
 3987194
 4035668
 4048471
 4088687
 4084286
 4134575
 4164967
 4165909
 4215209
 4240318
 4252433
 4276095
 4311965
 4352815
 4355732
 4397157
 4413076
 4473721
 4469605
 4481957
 4511340
 4560269
 4590426
 4618262
 4645703
 4666183
 4701692
 4722227
 4762026
 4799603
 4827287
 4852488
 4848736
 4877679
 4937662
 4936043
 4983157
 5003963
 5024531
 5076780
 5094911
 5099469
 5140239
 5172769
 5216726
 5238244
 5314227
 5299394
 5342823
 5362646
 5420159
 5432276
 5467863
 5510812
 5545553
 5546781
 5608703
 5624239
 5682494
 5695090
 5757180
 5785281
 5818873
 5852834
 5895716
 5900584
 5963045
 5967716
 6010087
 6049524
 6104946
 6133615
 6163084
 6196507
 6241486
 6271403
 6307206
 6370536
 6382160
 6411593
 6439335
 6458259
 6505747
 6568056
 6594713
 6617331
 6633554
 6696528
 6720565
 6750239
 6780506
 6841515
 6872345
 6887362
 6943521
 6991782
 7025384
 7051845
 7075187
 7155552
 7145471
 7175155
 7241863
 7302349
 7312380
 7339275
 7412590
 7416483
 7503741
 7514979
 7550946
 7557565
 7633419
 7662313
 7719475
 7718176
 7762572
 7819745
 7890073
 7891924
 7936095
 7988632
 8046784
 8071221
 8107569
 8155575
 8174424
 8208964
 8249006
 8310394
 8344185
 8413583
 8444257
 8489177
 8482231
 8509925
 8550093
 8605999
 8644948
 8695883
 8700654
 8759721
 8817936
 8882084
 8877173
 8960694
 8992105
 9021929
 9077522
 9084756
 9123808
 9187084
 9257188
 9300732
 9302503
 9366657
 9349959
 9425920
 9448928
 9473232
 9531178
 9606426
 9615899
 9677736
 9724072
 9763932
 9802471
 9818445
 9876903
 9914897
10000729
 9982794
10002592
10060270
10108198
10161360
10182234
10255572
10265987
10359716
10351644
10398589
10405683
10444311
10490998
10541222
10596637
10646516
10648958
10708068
10718461
10783304
10823121
10846638
10911246
10927340
10981850
11008608
11035023
11033520
11094573
11102977
11155278
11212294
11233079
11248489
11262554
11311040
11356078
11380060
11417390
11411720
11460077
11531366
11532285
11600054
11629846
11614801
11677756
11696606
11680659
11766519
11789474
11816107
11876814
11899013
11887769
11952007
11936807
12049932
12071681
12080186
12066653
12079085
12115211
12121998
12149416
12205500
12212327
12268341
12239170
12274611
12321365
12334166
12325401
12388268
12412065
12396760
12429090
12436486
12440811
12431296
12509555
12495993
12521697
12538577
12553012
12570595
12587100
12599575
12611272
12591356
12691093
12653293
12670810
12675703
12674314
12675853
12674559
12741299
12734177
12755099
12754399
12748290
12801377
12813743
12760272
12817708
12833252
12809533
12808766
12863945
12809941
12848572
12869555
12814027
12849521
12866948
12883694
12820061
12881087
12881345
12919586
12873646
12861839
12875503
12891039
12880073
12846017
12827353
12853613
12827501
12807401
12818084
12830067
12837670
12815724
12816360
12784863
12784508
12768268
12792102
12762347
12732921
12739546
12699994
12716800
12682176
12697393
12640840
12629308
12648118
12619382
12533054
12552227
12546121
12514860
12468297
12450143
12463853
12435154
12421887
12389057
12389356
12264660
12331082
12322703
12307845
12201956
12222072
12208964
12168213
12165369
12132928
12105888
12075710
12050475
12018827
11921406
11925606
11918962
11873824
11875879
11756669
11792882
11753459
11703561
11670495
11637200
11589482
11571799
11523784
11469140
11437645
11396520
11367652
11332775
11264399
11278170
11181476
11115544
11110043
11101763
11046794
11021690
10995883
10913167
10853837
10828915
10804386
10771762
10717156
10651976
10612988
10630822
10546130
10479668
10493083
10459297
10360526
10289326
10257138
10205763
10138256
10085976
10057450
 9975878
 9936703
 9905077
 9832946
 9787313
 9749880
 9667607
 9621898
 9552383
 9547296
 9475907
 9437643
 9407578
 9304341
 9267462
 9244694
 9182997
 9148492
 9037636
 8975098
 8957597
 8904557
 8855293
 8822000
 8748259
 8711987
 8609887
 8585497
 8531997
 8469877
 8419233
 8385215
 8332855
 8258023
 8226199
 8173846
 8066603
 8045651
 7984753
 7951176
 7900056
 7830938
 7792694
 7719020
 7656125
 7601546
 7571509
 7509401
 7482327
 7404435
 7326540
 7253522
 7231953
 7172514
 7104868
 7047602
 7030382
 6969476
 6925418
 6889355
 6805602
 6745942
 6709162
 6657395
 6586081
 6537208
 6468279
 6440771
 6389989
 6317569
 6278994
 6201679
 6156061
 6116319
 6042121
 5987890
 5921459
 5913124
 5856098
 5776268
 5768397
 5700198
 5622558
 5600636
 5544013
 5495993
 5441355
 5383418
 5276983
 5299363
 5231283
 5188409
 5139364
 5079601
 5021151
 5000919
 4959102
 4877190
 4827240
 4795761
 4763717
 4724127
 4655790
 4646375
 4560520
 4513687
 4459713
 4411541
 4378093
 4340076
 4299673
 4273331
 4194102
 4162618
 4101755
 4079237
 4037037
 3985855
 3957437
 3878018
 3854833
 3825874
 3784805
 3719165
 3685461
 3617273
 3581245
 3535654
 3492827
 3460735
 3427215
 3366722
 3340404
 3305956
 3291201
 3222792
 3213036
 3159719
 3133556
 3083691
 3046376
 3015098
 2972267
 2930493
 2894246
 2851554
 2834236
 2790731
 2759754
 2701432
 2714128
 2651792
 2641975
 2602021
 2562532
 2518683
 2500732
 2470103
 2445440
 2412972
 2381940
 2340664
 2295181
 2276072
 2230768
 2211669
 2172798
 2172489
 2124060
 2090936
 2057577
 2037094
 2004172
 2000921
 1937464
 1936244
 1885792
 1866815
 1841170
 1806298
 1793424
 1777944
 1726474
 1732271
 1682787
 1673016
 1627960
 1625521
 1596923
 1576463
 1559337
 1519212
 1499297
 1475889
 1460218
 1430884
 1424432
 1392312
 1370906
 1336940
 1338760
 1320589
 1295701
 1273981
 1251971
 1229729
 1216284
 1195103
 1181526
 1161696
 1125298
 1119147
 1109564
 1076156
 1066845
 1042958
 1029759
 1020960
  993565
  972120
  964843
  953323
  934778
  929782
  896545
  890512
  866376
  865712
  844756
  825916
  818898
  803792
  794455
  780338
  762294
  761172
  743498
  729613
  717691
  702020
  684704
  679787
  657215
  655733
  636109
  641007
  618605
  605442
  594062
  585441
  571109
  550662
  556255
  549463
  545573
  524706
  516493
  517710
  500988
  496500
  482287
  468153
  464457
  450759
  441891
  435530
  425397
  423529
  411215
  407039
  390384
  389536
  377391
  371434
  368294
  359765
  348255
  348476
  342181
  330423
  330375
  321748
  308059
  305445
  297996
  292408
  290891
  281301
  270957
  266278
  271075
  261980
  254583
  247669
  243171
  243143
  240437
  224498
  226959
  217266
  220761
  208272
  203985
  204367
  203831
  195580
  184395
  189228
  178492
  173604
  168717
  168773
  162241
  159600
  161984
  151466
  148984
  147573
  147269
  139788
  137642
  135511
  130521
  124749
  124210
  122904
  121181
  120008
  113415
  111765
  113366
  105163
  105738
  103534
  100998
   98014
   93215
   93113
   94197
   88210
   89319
   86965
   84974
   81384
   80854
   78801
   77393
   79053
   72862
   69443
   71426
   70371
   66438
   66820
   66093
   61182
   59845
   60052
   61475
   55039
   60370
   52544
   50359
   55774
   51380
   50052
   49745
   50737
   43569
   47814
   44379
   43987
   38905
   40044
   40278
   40569
   37088
   38068
   36829
   37103
   36288
   32257
   31064
   33410
   31122
   32047
   28093
   27962
   27926
   26143
   25140
   25302
   25302
   26256
   23676
   21774
   22043
   21652
   20648
   19930
   20654
   18232
   19265
   19056
   18338
   17101
   17473
   17286
   17096
   15958
   14515
   14673
   14452
   13411
   13707
   14638
   14592
   13982
   13570
   12388
   12814
   12775
   12888
   11402
   10217
   11920
    9445
   10571
   10043
    8901
    8792
    8892
    9106
    9458
    8528
    7270
    7889
    7145
    8192
    6417
    6910
    7112
    6905
    6200
    6083
    5314
    5257
    5576
    6028
    4768
    5264
    4318
    4796
    3634
    5138
    4281
    4224
    3838
    3640
    4001
    3202
    4176
    3425
    3753
    4241
    4066
    4179
    2993
    2956
    3711
    3199
    3292
    3379
    2974
    2690
    2412
    2546
    2900
    2202
    2820
    2681
    2503
    1977
    2160
    3015
    1955
    2333
    2548
    2175
    2314
    1587
    1294
    1847
    1618
    1989
    2096
    1659
    1444
    1163
    1635
    1752
    1702
    1740
    1285
    1574
    1263
    1196
    1383
    1410
    1331
    1298
    1318
    1394
    1032
    1004
    1299
    1160
    1372
    1140
     824
     586
     410
     670
     642
     420
     788
     638
     754
     886
     572
     277
     801
     679
    1139
     787
     395
     808
     550
     367
     274
     404
     357
     444
     540
     354
     523
     480
     369
     371
     257
     199
     515
     223
     292
     477
     154
     110
     120
     206
     109
     244
     197
     237
     124
     344
     606
      56
     194
      82
     274
     180
     124
     117
      49
      14
      16
      69
      40
     156
      27
      63
      36
     174
       0
     123
       7
       2
       0
      45
       0
     108
      20
       0
      79
       0
      16
       0
      11
       9
      12
       2
      12
      12
      42
       0
       0
       0
       0
       0
       0
       0
       0
       0
       0
       0
       0
       0
       0
       0
       0
       0
       0
       0
       0
       0
       0
       0
       0
       0
       0
       0
       0
       0
       0
       0
       0
       0
       0
       0
       0
       0
       0
       0
       0
       0
       0
       0
       0
       0
       0
       0
       0
       0
       0
       0
       0
       0
       0
       0
       0
       0
       0
       0
       0
       0
       0
       0
       0
       0
       0
       0
       0
       0
       0
       0
       0
       0
       0
       0
       0
       0
       0
       0
       0
       0
       0
       0
       0
       0
       0
       0
       0
       0
       0
       0
       0
       0
       0
       0
       0
       0
       0
       0
       0
       0
       0
       0
       0
       0
       0
       0
       0
       0
       0
       0
       0
       0
       0
       0
       0
       0
       0
       0
       0
       0
       0
       0
       0
       0
       0
       0
       0
       0
       0
       0
       0
       0
       0
       0
       0
       0
       0
       0
       0
       0
       0
       0
       0
       0
       0
       0
       0
       0
       0
       0
       0
       0
       0
       0
       0
       0
       0
       0
       0
       0
       0
       0
       0
       0
       0
       0
       0
       0
       0
       0
       0
       0
       0
       0
       0
       0
       0
       0
       0
       0
       0
       0
       0
       0
       0
       0
       0
       0
       0
       0
       0
       0
       0
       0
       0
       0
       0
       0
       0
       0
       0
       0
       0
       0
       0
       0
       0
       0
       0
       0
       0
       0
       0
       0
       0
       0
       0
       0
       0
       0
       0
       0
       0
       0
       0
       0
       0
       0
       0
       0
       0
       0
       0
       0
       0
       0
       0
       0
       0
       0
       0
       0
       0
       0
       0
       0
       0
       0
       0
       0
       0
       0
       0
       0
       0
       0
       0
       0
       0
       0
       0
       0
       0
       0
       0
       0
       0
       0
       0
       0
       0
       0
       0
       0
       0
       0
       0
       0
       0
       0
       0
       0
       0
       0
       0
       0
       0
       0
       0
       0
       0
       0
       0
       0
       0
       0
       0
       0
       0
       0
       0
       0
       0
       0
       0
       0
       0
       0
       0
       0
       0
       0
       0
       0
       0
       0
       0
       0
       0
       0
       0
       0
       0
       0
       0
       0
       0
       0
       0
       0
       0
       0
       0
       0
       0
       0
       0
       0
       0
       0
       0
       0
       0
       0
       0
       0
       0
       0
       0
       0
       0
       0
       0
       0
       0
       0
       0
       0
       0
       0
       0
       0
       0
       0
       0
       0
       0
       0
       0
       0
       0
       0
       0
       0
       0
       0
       0
       0
       0
       0
       0
       0
       0
       0
       0
       0
       0
       0
       0
       0
       0
       0
       0
       0
       0
       0
       0
       0
       0
       0
       0
       0
       0
       0
       0
       0
       0
       0
       0
       0
       0
       0
       0
       0
       0
       0
       0
       0
       0
       0
       0
       0
       0
       0
       0
       0
       0
       0
       0
       0
       0
       0
       0
       0
       0
       0
       0
       0
       0
       0
       0
       0
       0
       0
       0
       0
       0
       0
       0
       0
       0
       0
       0
       0
       0
       0
       0
       0
       0
       0
       0
       0
       0
       0
       0
       0
       0
       0
       0
       0
       0
       0
       0
       0
       0
       0
       0
       0
       0
       0
       0
       0
       0
       0
       0
       0
       0
       0
       0
       0
       0
       0
       0
       0
       0
       0
       0
       0
       0
       0
       0
       0
       0
       0
       0
       0
       0
       0
       0
       0
       0
       0
       0
       0
       0
       0
       0
       0
       0
       0
       0
       0
       0
       0
       0
       0
       0
       0
       0
       0
       0
       0
       0
       0
       0
       0
       0
       0
       0
       0
       0
       0
       0
       0
       0
       0
       0
       0
       0
       0
       0
       0
       0
       0
       0
       0
       0
       0
       0
       0
       0
       0
       0
       0
       0
       0
       0
       0
       0
       0
       0
       0
       0
       0
       0
       0
       0
       0
       0
       0
       0
       0
       0
       0
       0
       0
       0
       0
       0
       0
       0
       0
       0
       0
       0
       0
       0
       0
       0
       0
       0
       0
       0
       0
       0
       0
       0
       0
       0
       0
       0
       0
       0
       0
       0
       0
       0
       0
       0
       0
       0
       0
       0
       0
       0
       0
       0
       0
       0
       0
       0
       0
       0
       0
       0
       0
       0
       0
       0
       0
       0
       0
       0
       0
       0
       0
       0
       0
       0
       0
       0
       0
       0
       0
       0
       0
       0
       0
       0
       0
       0
       0
       0
       0
       0
       0
       0
       0
       0
       0
       0
       0
       0
       0
       0
       0
       0
       0
       0
       0
       0
       0
       0
       0
       0
       0
       0
       0
       0
       0
       0
       0
       0
       0
       0
       0
       0
       0
       0
       0
       0
       0
       0
       0
       0
       0
       0
       0
       0
       0
       0
       0
       0
       0
       0
       0
       0
       0
       0
       0
       0
       0
       0
       0
       0
       0
       0
       0
       0
       0
       0
       0
       0
       0
       0
       0
       0
       0
       0
       0
       0
       0
       0
       0
       0
       0
       0
       0
       0
       0
       0
       0
       0
       0
       0
       0
       0
       0
       0
       0
       0
       0
       0
       0
       0
       0
       0
       0
       0
       0
       0
       0
       0
       0
       0
       0
       0
       0
       0
       0
       0
       0
       0
       0
       0
       0
       0
       0
       0
       0
       0
       0
       0
       0
       0
       0
       0
       0
       0
       0
       0
       0
       0
       0
       0
       0
       0
       0
       0
       0
       0
       0
       0
       0
       0
       0
       0
       0
       0
       0
       0
       0
       0
       0
       0
       0
       0
       0
       0
       0
       0
       0
       0
       0
       0
       0
       0
       0
       0
       0
       0
       0
       0
       0
       0
       0
       0
       0
       0
       0
       0
       0
       0
       0
       0
       0
       0
       0
       0
       0
       0
       0
       0
       0
       0
       0
       0
       0
       0
       0
       0
       0
       0
       0
       0
       0
       0
       0
       0
       0
       0
       0
       0
       0
       0
       0
       0
       0
       0
       0
       0
       0
       0
       0
       0
       0
       0
       0
       0
       0
       0
       0
       0
       0
       0
       0
       0
       0
       0
       0
       0
       0
       0
       0
       0
       0
       0
       0
       0
       0
       0
       0
       0
       0
       0
       0
       0
       0
       0
       0
       0
       0
       0
       0
       0
       0
       0
       0
       0
       0
       0
       0
       0
       0
       0
       0
       0
       0
       0
       0
       0
       0
       0
       0
       0
       0
       0
       0
       0
       0
       0
       0
       0
       0
       0
       0
       0
       0
       0
       0
       0
       0
       0
       0
       0
       0
       0
       0
       0
       0
       0
       0
       0
       0
       0
       0
       0
       0
       0
       0
       0
       0
       0
       0
       0
       0
       0
       0
       0
       0
       0
       0
       0
       0
       0
       0
       0
       0
       0
       0
       0
       0
       0
       0
       0
       0
       0
       0
       0
       0
       0
       0
       0
       0
       0
       0
       0
       0
       0
       0
       0
       0
       0
       0
       0
       0
       0
       0
       0
       0
       0
       0
       0
       0
       0
       0
       0
       0
       0
       0
       0
       0
       0
       0
       0
       0
       0
       0
       0
       0
       0
       0
       0
       0
       0
       0
       0
       0
       0
       0
       0
       0
       0
       0
       0
       0
       0
       0
       0
       0
       0
       0
       0
       0
       0
       0
       0
       0
       0
       0
       0
       0
       0
       0
       0
       0
       0
       0
       0
       0
       0
       0
       0
       0
       0
       0
       0
       0
       0
       0
       0
       0
       0
       0
       0
       0
       0
       0
       0
       0
       0
       0
       0
       0
       0
       0
       0
       0
       0
       0
       0
       0
       0
       0
       0
       0
       0
       0
       0
       0
       0
       0
       0
       0
       0
       0
       0
       0
       0
       0
       0
       0
       0
       0
       0
       0
       0
       0
       0
       0
       0
       0
       0
       0
       0
       0
       0
       0
       0
       0
       0
       0
       0
       0
       0
       0
       0
       0
       0
       0
       0
       0
       0
       0
       0
       0
       0
       0
       0
       0
       0
       0
       0
       0
       0
       0
       0
       0
       0
       0
       0
       0
       0
       0
       0
       0
       0
       0
       0
       0
       0
       0
       0
       0
       0
       0
       0
       0
       0
       0
       0
       0
       0
       0
       0
       0
       0
       0
       0
       0
       0
       0
       0
       0
       0
       0
       0
       0
       0
       0
       0
       0
       0
       0
       0
       0
       0
       0
       0
       0
       0
       0
       0
       0
       0
       0
       0
       0
       0
       0
       0
       0
       0
       0
       0
       0
       0
       0
       0
       0
       0
       0
       0
       0
       0
       0
       0
       0
       0
       0
       0
       0
       0
       0
       0
       0
       0
       0
       0
       0
       0
       0
       0
       0
       0
       0
       0
       0
       0
       0
       0
       0
       0
       0
       0
       0
       0
       0
       0
       0
       0
       0
       0
       0
       0
       0
       0
       0
       0
       0
       0
       0
       0
       0
       0
       0
       0
       0
       0
       0
       0
       0
       0
       0
       0
       0
       0
       0
       0
       0
       0
       0
       0
       0
       0
       0
       0
       0
       0
       0
       0
       0
       0
       0
       0
       0
       0
       0
       0
       0
       0
       0
       0
       0
       0
       0
       0
       0
       0
       0
       0
       0
       0
       0
       0
       0
       0
       0
       0
       0
       0
       0
       0
       0
       0
       0
       0
       0
       0
       0
       0
       0
       0
       0
       0
       0
       0
       0
       0
       0
       0
       0
       0
       0
       0
       0
       0
       0
       0
       0
       0
       0
       0
       0
       0
       0
       0
       0
       0
       0
       0
       0
       0
       0
       0
       0
       0
       0
       0
       0
       0
       0
       0
       0
       0
       0
       0
       0
       0
       0
       0
       0
       0
       0
       0
       0
       0
       0
       0
       0
       0
       0
       0
       0
       0
       0
       0
       0
       0
       0
       0
       0
       0
       0
       0
       0
       0
       0
       0
       0
       0
       0
       0
       0
       0
       0
       0
       0
       0
       0
       0
       0
       0
       0
       0
       0
       0
       0
       0
       0
       0
       0
       0
       0
       0
       0
       0
       0
       0
       0
       0
       0
       0
       0
       0
       0
       0
       0
       0
       0
       0
       0
       0
       0
       0
       0
       0
       0
       0
       0
       0
       0
       0
       0
       0
       0
       0
       0
       0
       0
       0
       0
       0
       0
       0
       0
       0
       0
       0
       0
       0
       0
       0
       0
       0
       0
       0
       0
       0
       0
       0
       0
       0
       0
       0
       0
       0
       0
       0
       0
       0
       0
       0
       0
       0
       0
       0
       0
       0
       0
       0
       0
       0
       0
       0
       0
       0
       0
       0
       0
       0
       0
       0
       0
       0
       0
       0
       0
       0
       0
       0
       0
       0
       0
       0
       0
       0
       0
       0
       0
       0
       0
       0
       0
       0
       0
       0
       0
       0
       0
       0
       0
       0
       0
       0
       0
       0
       0
       0
       0
       0
       0
       0
       0
       0
       0
       0
       0
       0
       0
       0
       0
       0
       0
       0
       0
       0
       0
       0
       0
       0
       0
       0
       0
       0
       0
       0
       0
       0
       0
       0
       0
       0
       0
       0
       0
       0
       0
       0
       0
       0
       0
       0
       0
       0
       0
       0
       0
       0
       0
