95.2692
97.3677
97.0809
96.8897
96.6227
96.5326
96.0012
96.0342
95.5958
95.344
95.0473
94.7097
94.4208
93.9819
93.9921
93.5232
93.148
92.9866
92.6433
92.0761
91.9183
91.7196
91.646
91.1198
91.0507
90.762
90.4701
90.332
89.8793
89.8139
89.6007
89.4394
89.3182
89.0919
89.1135
88.7885
88.8018
88.6254
88.5018
88.4188
88.336
88.3658
88.1955
88.199
88.1629
88.0999
87.9927
88.0237
87.9668
87.9969
87.909
87.9455
87.9572
87.9154
87.9269
87.9394
87.8822
87.8174
87.7372
87.7775
87.7028
87.7395
87.7035
87.5768
87.6046
87.5977
87.5865
87.4935
87.5513
87.5186
87.6143
87.4971
87.4671
87.4115
87.4022
87.4476
87.4422
87.3667
87.3925
87.3749
87.3903
87.2883
87.3224
87.3394
87.2824
87.2767
87.3043
87.2517
87.3011
87.3038
87.2237
87.1582
87.1939
87.1954
87.1346
87.27
87.1315
87.1935
87.1326
87.1231
87.2013
87.0924
87.1336
87.128
87.0351
87.0489
87.0516
87.0461
87.0328
87.0383
86.9916
87.0609
86.9962
86.9735
86.9831
87.0206
86.9887
87.0019
86.9929
86.9289
86.9281
86.9623
86.9133
86.8762
86.8525
86.9126
86.8261
86.8543
86.9083
86.818
86.8545
86.7903
86.7947
86.7925
86.8093
86.8284
86.7629
86.8162
86.7764
86.751
86.6812
86.7195
86.7551
86.7387
86.7769
86.6865
86.6899
86.6487
86.7114
86.6586
86.6953
86.6852
86.6074
86.5895
86.6157
86.6573
86.647
86.6536
86.5886
86.5905
86.5784
86.5699
86.6068
86.5447
86.5237
86.532
86.5092
86.5326
86.5295
86.4563
86.4849
86.4994
86.5675
86.4864
86.49
86.4541
86.4624
86.5088
86.4337
86.4474
86.5287
86.4472
86.3999
86.4365
86.4283
86.497
86.4042
86.4128
86.374
86.3978
86.4444
86.3567
86.368
86.3913
86.3453
86.3558
86.3657
86.353
86.3567
86.3357
86.3645
86.3748
86.3649
86.3192
86.327
86.3744
86.3627
86.2712
86.3577
86.304
86.3234
86.2842
86.2581
86.2667
86.3454
86.316
86.2995
86.2509
86.2902
86.249
86.2403
86.2509
86.2287
86.2774
86.2799
86.2595
86.249
86.291
86.2341
86.2572
86.2252
86.2351
86.2802
86.242
86.2159
86.2255
86.2227
86.1949
86.2223
86.2326
86.1915
86.2184
86.2206
86.2233
86.1891
86.2013
86.1637
86.2179
86.2076
86.2062
86.1971
86.122
86.2121
86.2058
86.1935
86.1588
86.1989
86.1772
86.1796
86.1923
86.1535
86.1956
86.1961
86.1601
86.1851
86.1559
86.1526
86.1643
86.1479
86.1701
86.1861
86.1516
86.208
86.137
86.1791
86.1572
86.1326
86.1054
86.1363
86.1132
86.1654
86.1545
86.1539
86.214
86.1222
86.1585
86.1066
86.1647
86.1017
86.128
86.1173
86.1378
86.0995
86.1385
86.1242
86.1238
86.1285
86.0755
86.1434
86.1149
86.1433
86.1245
86.1579
86.0907
86.089
86.1336
86.0689
86.1113
86.1128
86.0908
86.1328
86.0991
86.0735
86.1118
86.1049
86.1055
86.114
86.1515
86.0913
86.106
86.1017
86.088
86.1218
86.0883
86.117
86.0865
86.0815
86.0738
86.0909
86.0934
86.1254
86.1145
86.0709
86.0732
86.1036
86.0654
86.1108
86.0697
86.0943
86.1133
86.071
86.0529
86.0628
86.0878
86.0898
86.1
86.0996
86.0726
86.074
86.0444
86.0735
86.0786
86.0802
86.0383
86.0771
86.048
86.0437
86.0391
86.01
86.0581
86.0414
86.0246
86.0558
86.0725
86.0316
86.0329
86.0474
86.1163
86.0647
86.0565
86.0503
86.0186
86.072
86.0667
86.0342
86.0289
86.0074
86.0628
86.024
86.0108
86.0859
86.0175
86.0537
86.0416
86.0494
86.041
86.0181
86.0902
86.0827
85.9951
86.0197
86.0711
85.9801
86.0477
86.0502
86.0599
86.0613
86.0346
86.0598
85.9937
86.055
86.0028
86.0577
86.0337
85.9885
86.0131
86.0441
86.0403
86.027
86.0413
86.0076
86.0895
86.0514
86.026
86.0249
86.0042
86.0278
86.0224
86.0686
86.0657
85.975
86.0359
86.0193
86.0384
86.0613
86.0067
85.9964
85.978
86.0158
86.0312
86.0397
86.0523
85.9984
85.9897
85.9796
86.021
86.0166
86.0168
85.9919
86.0078
86.0079
86.0355
86.0047
86.0542
85.9545
85.9913
86.0142
86.0149
86.0499
86.0229
86.0213
86.0147
86.0076
86.013
86.0041
86
86.0185
85.9918
86.0339
85.991
86.0064
86.0136
86.0334
86.0061
86.0317
85.9753
86.0316
85.9984
85.9582
85.9696
86.0256
86.002
86.012
86.0084
86.0102
85.9991
85.9936
86.0356
86.0115
85.9826
86.0471
85.9929
86.0385
86.0128
85.9847
85.988
85.9898
86.0172
86.0209
86.0198
85.9819
86.0067
86.0292
86.0313
86.0067
86.0187
86.0066
85.9964
85.9598
86.0037
86.0069
85.9538
85.9983
85.9674
85.9693
85.9964
85.9888
85.9835
85.9815
86.0052
85.9555
85.968
85.9701
85.995
86.0031
85.9728
85.9571
85.96
86.0122
85.9588
86.0196
85.9821
85.9666
85.9849
85.9922
86.0167
86.0021
85.9516
86.0187
86.0028
85.9812
85.9921
85.9768
85.9607
85.9862
85.9572
85.9427
85.9326
85.9989
85.9609
85.9839
85.9841
85.9705
85.9808
86.0097
85.9847
85.979
85.9824
85.9459
86.0292
85.9975
85.9591
85.992
85.9783
85.9954
85.9582
86.0032
85.9367
85.9395
86.0078
85.9897
85.9878
85.9974
85.9827
85.9699
85.9508
86.0102
85.9669
85.9494
85.945
85.9866
86.0248
85.9755
85.9934
85.9815
85.9643
85.9324
85.9982
85.9453
85.9516
85.9781
85.986
85.9686
85.982
85.9808
85.9767
85.9828
85.9706
85.9733
85.9402
85.9949
85.9866
85.9184
85.9327
85.9944
86.04
86.0002
85.9871
85.972
85.9953
85.9935
85.9528
86.0045
85.9394
85.9511
86.0045
85.9679
85.9622
85.9528
85.9222
85.9738
85.9725
85.9734
85.9537
85.9748
85.9499
85.9575
85.9673
86.0006
85.9629
85.9387
85.9342
85.943
85.9791
85.9446
85.9795
85.9457
86.0004
86.0002
85.9599
85.9666
85.9976
85.9405
85.9418
85.9865
85.9393
85.9552
86.0425
85.9715
86.0112
85.9509
85.9497
85.9445
85.9712
85.944
86.0014
85.9446
86.0017
85.9358
85.9544
85.9234
85.9644
85.9261
85.9562
85.9676
86.0003
85.9965
85.9697
85.9393
85.9618
85.9578
86.0292
85.9074
85.9311
85.9688
85.9558
85.959
85.9636
85.9485
85.9772
85.9658
85.9725
85.953
85.9738
85.9623
85.972
85.9715
85.9834
85.9588
85.9653
85.9551
85.9569
85.9039
85.9481
85.9926
85.9449
85.9595
85.9632
85.9367
85.992
85.9635
85.9839
85.9615
85.9881
85.9716
85.9553
85.9565
86.0027
85.9349
85.9455
85.9707
85.9569
85.9473
85.9598
85.9621
85.9903
85.9647
85.9665
85.922
85.9641
85.9342
85.9256
85.9388
85.9509
85.9472
85.9563
85.9086
85.9346
85.9964
85.9202
85.9634
85.9638
85.9507
85.9401
85.9605
85.957
85.9554
85.9418
85.9194
85.9358
85.9509
85.936
85.9476
85.9843
85.9505
85.9311
85.9509
85.9629
85.9678
85.9522
85.9514
85.9448
85.9677
85.9829
85.9129
85.9542
85.9588
85.9101
85.9746
85.9408
85.9977
85.9386
85.9612
85.9415
85.9243
85.9538
85.9529
85.9716
85.9213
85.9698
85.9371
85.9552
85.9054
85.9438
85.9597
85.9401
85.9592
85.9685
85.9625
85.9401
85.9786
85.9701
85.8955
85.9395
85.942
85.9332
85.9607
85.9468
85.9886
85.936
85.951
85.9434
85.9682
85.9376
85.9497
85.9282
85.9669
85.9409
85.9613
85.9739
85.9258
85.9649
85.9731
85.9735
85.9767
85.9291
85.9379
85.9283
85.944
85.9345
85.9151
85.9334
85.9193
85.9003
85.9349
85.9325
85.9636
85.952
85.9673
85.9124
85.9694
85.9652
85.9671
85.9355
85.9851
85.9581
85.9081
85.9635
85.9283
85.9532
85.9088
85.9191
85.9185
85.9227
85.9775
85.9396
85.9271
85.9558
85.943
85.9534
85.9148
85.9209
85.9455
85.915
85.9522
85.899
85.9452
85.9246
85.9115
85.9231
85.9574
85.945
85.8942
85.952
85.9692
85.9376
85.9422
85.9191
85.9556
85.9407
85.9542
85.9399
85.9271
85.9411
85.9365
85.952
85.9313
85.925
85.9579
85.944
85.9089
85.9014
85.9354
85.9287
85.9584
85.9465
85.9378
85.9423
85.9307
85.9465
85.8983
85.9202
85.9156
85.9417
85.9538
85.9424
85.9511
85.9591
85.9493
85.9265
85.93
85.9111
85.9005
85.912
85.8908
85.9255
85.9462
85.9365
85.9465
85.9517
85.9484
85.9395
85.9335
85.9303
85.9236
85.9537
85.9031
85.9261
85.9287
85.9209
85.936
85.9148
85.9187
85.9239
85.954
85.9537
85.9441
85.9003
85.9646
85.9419
85.9516
85.895
85.9546
85.9512
85.9616
85.9245
85.9318
85.9348
85.9177
85.9482
85.9009
85.919
85.931
85.9464
85.9519
85.9344
85.9516
85.9056
85.9435
85.9286
85.9224
85.9135
85.9255
85.9524
85.9254
85.9614
85.9452
85.9315
85.9571
85.9021
85.9329
85.9226
85.9373
85.9363
85.9419
85.9128
85.9214
85.8922
85.9322
85.9374
85.9444
85.9184
85.9185
85.9609
85.9025
85.9007
85.9188
85.9433
85.9087
85.9429
85.923
85.9273
85.9314
85.9111
85.9137
85.9092
85.9221
85.9094
85.913
85.9356
85.9504
85.9575
85.9576
85.9112
85.9308
85.9374
85.9073
85.9596
85.9311
85.9491
85.928
85.9339
85.9221
85.9127
85.9189
85.944
85.9065
85.9323
85.9111
85.9217
85.9245
85.9299
85.9533
85.9557
85.9716
85.9259
85.9274
85.9211
85.8991
85.9014
85.8951
85.93
85.9587
85.8957
85.9498
85.9157
85.9478
85.937
85.9505
85.9554
85.9363
85.928
85.9093
85.9213
85.9064
85.9135
85.9487
85.9368
85.9101
85.9361
85.9262
85.934
85.9554
85.951
85.9415
85.9383
85.9496
85.9415
85.9277
85.9605
85.9185
85.9396
85.9569
85.9319
85.9672
85.9042
85.9266
85.9261
85.9249
85.9342
85.9378
85.9201
85.9258
85.9098
85.9362
85.9666
85.9484
85.9468
85.9679
85.9064
85.941
85.9055
85.8943
85.9251
85.917
85.9555
85.972
85.9182
85.9669
85.9334
85.921
85.9105
85.9641
85.8966
85.942
85.9317
85.9061
85.9385
85.932
85.9346
85.9413
85.9052
85.9011
85.9221
85.9719
85.916
85.9325
85.9223
85.9238
85.9488
85.9376
85.9495
85.9651
85.9122
85.9136
85.916
85.8934
85.9064
85.931
85.9271
85.9878
85.9024
85.8852
85.9058
85.9192
85.9511
85.9119
85.9215
85.9708
85.9486
85.9216
85.9298
85.9348
85.9222
85.9367
85.9096
85.9089
85.9652
85.9169
85.9511
85.9029
85.9057
85.883
85.9569
85.9253
85.9398
85.9396
85.9343
85.8682
85.9196
85.9278
85.9321
85.8999
85.9436
85.9269
85.9132
85.8909
85.9459
85.944
85.9271
85.9428
85.9133
85.9217
85.9184
85.8943
85.8765
85.9043
85.9027
85.9133
85.9138
85.8969
85.9227
85.9277
85.915
85.9187
85.9336
85.9363
85.9247
85.9189
85.9081
85.8978
85.9152
85.9246
85.9592
85.9115
85.9333
85.9442
85.9122
85.9395
85.9379
85.9338
85.9463
85.9091
85.9417
85.9192
85.9372
85.9189
85.9363
85.958
85.9045
85.9265
85.9354
85.8838
85.9322
85.8946
85.965
85.9352
85.9112
85.9227
85.9334
85.8984
85.9114
85.9377
85.9517
85.9243
85.9436
85.8995
85.9136
85.9168
85.9404
85.9172
85.9003
85.9312
85.9698
85.9369
85.9337
85.9507
85.8989
85.9459
85.891
85.9305
85.9248
85.9162
85.9433
85.9126
85.9194
85.9141
85.8887
85.9227
85.932
85.9505
85.8735
85.9092
85.9116
85.9099
85.9063
85.8976
85.9209
85.9376
85.9291
85.9513
85.9209
85.9247
85.9348
85.961
85.8895
85.8706
85.9455
85.899
85.8686
85.9204
85.9221
85.9663
85.925
85.9043
85.9391
85.9578
85.8897
85.9078
85.9193
85.9607
85.9355
85.9381
85.9148
85.9173
85.9304
85.9243
85.9448
85.9268
85.9535
85.931
85.9384
85.909
85.8976
85.8799
85.957
85.9247
85.9232
85.9508
85.9394
85.9553
85.9133
85.9179
85.9285
85.9399
85.9104
85.9554
85.9129
85.9479
85.8979
85.9239
85.8987
85.8811
85.8835
85.9465
85.8657
85.8917
85.9172
85.9264
85.9208
85.9338
85.8994
85.8894
85.8768
85.9362
85.9193
85.8962
85.9166
85.9534
85.9246
85.9113
85.9679
85.9456
85.949
85.9311
85.9116
85.9323
85.8701
85.9159
85.949
85.9256
85.9244
85.9261
85.9232
85.9081
85.9497
85.916
85.8913
85.9175
85.894
85.9449
85.9441
85.9492
85.9364
85.9079
85.9478
85.9229
85.9436
85.9444
85.9106
85.9234
85.9149
85.8919
85.9455
85.9076
85.8968
85.9155
85.9104
85.9141
85.8722
85.9214
85.9145
85.9055
85.9541
85.9452
85.9477
85.9224
85.8654
85.8952
85.8844
85.9326
85.9557
85.8906
85.9338
85.9136
85.9145
85.9128
85.9017
85.9254
85.8821
85.9341
85.9123
85.913
85.9175
85.9255
85.9067
85.9152
85.9244
85.9477
85.9457
85.9218
85.9265
85.8985
85.9233
85.8966
85.9389
85.9682
85.9199
85.9049
85.9274
85.9157
85.9135
85.8968
85.9443
85.9327
85.9605
85.911
85.9172
85.899
85.9154
85.9264
85.9379
85.9442
85.9101
85.9028
85.9065
85.9113
85.8771
85.9349
85.9307
85.9068
85.8786
85.9021
85.9249
85.9485
85.9468
85.8922
85.926
85.9514
85.9234
85.9257
85.9249
85.8953
85.923
85.9644
85.8767
85.9232
85.8805
85.9444
85.8789
85.9202
85.9296
85.8733
85.9119
85.9132
85.9396
85.9163
85.9265
85.8976
85.8975
85.8943
85.9303
85.9229
85.9016
85.9316
85.9357
85.9667
85.9374
85.8887
85.912
85.9199
85.9627
85.9344
85.9471
85.9194
85.9264
85.9652
85.9164
85.8824
85.9
85.8929
85.9353
85.9123
85.9037
85.9096
85.9484
85.9125
85.9371
85.9033
85.9255
85.9109
85.9169
85.9687
85.929
85.9225
85.9146
85.9408
85.9239
85.9234
85.8891
85.9072
85.9018
85.9134
85.8745
85.9144
85.9032
85.934
85.9203
85.9819
85.8885
85.9315
85.8703
85.9299
85.8763
85.9211
85.9048
85.9441
85.9461
85.9093
85.8713
85.9724
85.9095
85.9325
85.8912
85.9209
85.9109
85.8988
85.8621
85.9355
85.9258
85.9679
85.9242
85.9262
85.9493
85.8991
85.8882
85.926
85.9086
85.9088
85.9409
85.8974
85.9182
85.9213
85.9326
85.9317
85.9565
85.8885
85.9446
85.893
85.9748
85.9172
85.8958
85.9209
85.9116
85.9217
85.936
85.9228
85.9444
85.9302
85.9119
85.9053
85.917
85.9058
85.8927
85.8966
85.943
85.9166
85.8887
85.9507
85.9042
85.8972
85.903
85.9245
85.8961
85.9125
85.9283
85.9327
85.9039
85.9325
85.9087
85.9452
85.9056
85.9126
85.8822
85.879
85.9001
85.9207
85.9116
85.9075
85.9264
85.8954
85.8875
85.9447
85.9097
85.9418
85.9176
85.8913
85.9358
85.9237
85.9145
85.9579
85.9104
85.894
85.9249
85.9019
85.9043
85.9247
85.9427
85.9087
85.9145
85.8769
85.9307
85.9166
85.9221
85.9564
85.9006
85.8784
85.9151
85.9023
85.9413
85.8927
85.932
85.8974
85.9015
85.9075
85.9395
85.8906
85.885
85.9306
85.9221
85.9295
85.8861
85.9119
85.8951
85.92
85.9196
85.9097
85.9115
85.9201
85.9171
85.8845
85.9224
85.962
85.8943
85.9172
85.9697
85.9058
85.915
85.8762
85.9168
85.8941
85.9439
85.9173
85.911
85.9177
85.9162
85.9363
85.923
85.9208
85.8903
85.8549
85.9126
85.9299
85.884
85.9184
85.908
85.9245
85.9302
85.91
85.8975
85.9008
85.9275
85.9286
85.9276
85.947
85.9505
85.8945
85.9014
85.8658
85.9242
85.9119
85.9308
85.916
85.9239
85.8952
85.9122
85.8693
85.9207
85.9649
85.9385
85.8859
85.8779
85.929
85.949
85.9258
85.9463
85.8919
85.9082
85.9066
85.9381
85.9062
85.8969
86.0316
85.9094
85.9012
85.9352
85.9289
85.959
85.9052
85.9687
85.9599
85.9704
86.0229
85.9335
85.9477
85.9573
85.9372
85.9602
85.948
85.9415
85.9664
85.9642
85.9598
85.9487
85.9178
85.9338
85.9467
85.9699
85.9631
85.9687
85.9977
85.9794
85.9909
85.9765
85.9675
85.9479
85.9553
86.0165
85.9436
85.9422
85.9085
85.9541
85.9012
85.9815
85.9627
85.9074
85.9739
85.9542
85.9477
85.9795
85.9437
85.963
85.9225
85.9343
85.9543
85.9663
85.9246
85.9191
85.9318
85.9469
85.9667
85.9802
85.9399
85.9546
85.9295
85.9049
85.9363
85.9865
85.9684
85.9265
85.9262
85.9394
85.9128
85.9336
85.9544
85.9323
85.9834
85.9428
85.9402
85.9108
85.9435
85.9211
85.9603
85.9796
85.9271
85.9127
85.9234
85.9516
85.9067
85.9139
85.9634
85.9201
85.9407
85.9091
85.9064
85.938
85.9522
85.9681
85.9506
85.888
85.9362
85.9351
85.9102
85.9152
85.9209
85.9187
85.9347
85.8901
85.9689
85.9124
85.95
85.8731
85.9536
85.9578
85.8857
85.9085
85.8786
85.9695
85.9308
85.9337
85.8954
85.9798
85.9316
85.9565
85.9371
85.9342
85.9004
85.9299
85.9055
85.9367
85.9022
85.9393
85.9479
85.892
85.9706
85.9158
85.9221
85.873
85.9096
85.9361
85.9378
85.9358
85.9194
85.9092
85.9512
85.8841
85.9104
85.8742
85.901
85.9176
85.8814
85.9239
85.9314
85.9202
85.9341
85.9121
85.9254
85.8835
85.8818
85.9326
85.9068
85.9041
85.9151
85.9351
85.9319
85.8841
85.9118
85.9088
85.9213
85.8757
85.9043
85.9027
85.9092
85.9236
85.9163
85.939
85.9223
85.8612
85.9058
85.9101
85.9615
85.9454
85.9063
85.9193
85.8856
85.9098
85.8724
85.9671
85.9054
85.8832
85.929
85.9174
85.9165
85.8752
85.9068
85.8914
85.8567
85.905
85.8609
85.937
85.9137
85.888
85.8877
85.9077
85.8887
85.935
85.9288
85.9159
85.9383
85.9231
85.9514
85.8888
85.9367
85.9126
85.8871
85.8994
85.8908
85.8946
85.8773
85.917
85.8843
85.8828
85.9397
85.9195
85.9286
85.8724
85.8641
85.8788
85.8755
85.9146
85.8935
85.8957
85.9279
85.8958
85.9242
85.9166
85.913
85.8738
85.9065
85.9108
85.8791
85.8969
85.9093
85.8789
85.9394
85.9115
85.9402
85.9353
85.9243
85.9121
85.9023
85.8982
85.8881
85.9518
85.9251
85.8978
85.9116
85.9018
85.9104
85.9184
85.8698
85.9179
85.9099
85.9301
85.8981
85.9104
85.8953
85.8567
85.9457
85.9189
85.9281
85.9636
85.8917
85.9245
85.9146
85.8977
85.9215
85.9302
85.8849
85.9012
85.9343
85.8712
85.9242
85.9179
85.9023
85.8933
85.9091
85.9207
85.9015
85.8796
85.885
85.8935
85.8857
85.9581
85.9088
85.9244
85.9501
85.9015
85.9069
85.8911
85.9109
85.8939
85.8556
85.9017
85.9177
85.9346
85.9597
85.8734
85.9023
85.9298
85.8902
85.9205
85.9525
85.9096
85.8856
85.9185
85.9205
85.9128
85.9085
85.9272
85.9297
85.9169
85.9082
85.9049
85.8805
85.8972
85.9088
85.9018
85.9188
85.8758
85.8878
85.8918
85.8982
85.9535
85.8479
85.9241
85.9014
85.887
85.9215
85.8776
85.8846
85.9173
85.8873
85.8785
85.9257
85.8992
85.8986
85.896
85.9047
85.8965
85.9081
85.9349
85.9194
85.8891
85.9207
85.8955
85.9247
85.8825
85.8992
85.9108
85.9325
85.8996
85.9064
85.9094
85.8949
85.9125
85.9437
85.9099
85.8999
85.9031
85.9137
85.8995
85.939
85.884
85.893
85.9387
85.9055
85.8976
85.9348
85.9226
85.9376
85.8981
85.8536
85.9124
85.8748
85.9065
85.9395
85.8841
85.9531
85.8861
85.9231
85.9342
85.8882
85.9601
85.8484
85.8804
85.9249
85.9058
85.9154
85.9316
85.8949
85.9071
85.882
85.8765
85.9078
85.8632
85.9198
85.9315
85.9252
85.8805
85.8996
85.912
85.9548
85.9212
85.8796
85.9079
85.912
85.9002
85.9293
85.9395
85.8965
85.8845
85.9021
85.9017
85.8773
85.9231
85.9176
85.9198
85.9005
85.9034
85.9184
85.9253
85.8987
85.9459
85.9357
85.9157
85.8931
85.9267
85.8862
85.8946
85.9255
85.9338
85.9501
85.9229
85.9677
85.9065
85.92
85.8834
85.8952
85.9023
85.908
85.9146
85.912
85.9455
85.8894
85.8859
85.897
85.9061
85.9119
85.906
85.8869
85.898
85.9382
85.9516
85.8954
85.9318
85.8708
85.9497
85.9139
85.9386
85.9383
85.9369
85.91
85.9423
85.9122
85.9244
85.9175
85.9104
85.9429
85.8995
85.8955
85.8953
85.8968
85.8922
85.9191
85.8896
85.9085
85.9111
85.8872
85.8964
85.887
85.9036
85.9279
85.9637
85.9114
85.936
85.8801
85.9104
85.9142
85.8884
85.9393
85.893
85.8908
85.9023
85.9432
85.9114
85.9289
85.9677
85.9153
85.8497
85.9062
85.9121
85.8857
85.9346
85.8944
85.9638
85.9397
85.918
85.9719
85.8965
85.8848
85.9353
85.9144
85.9398
85.9435
85.9545
85.9496
85.9728
85.9803
85.9454
85.9542
85.9363
85.9586
85.9585
85.9475
85.9584
85.9677
85.9582
85.8988
85.9361
85.9873
85.9696
85.9489
85.9503
85.9789
85.9472
85.9319
85.9522
85.9118
85.9606
85.9111
85.9459
85.955
85.9522
85.9709
85.9372
85.9783
85.9311
85.9284
85.9473
85.949
85.9306
85.9194
85.9132
85.9264
85.9239
85.9214
85.9125
85.9077
85.9348
85.953
85.9173
85.8838
85.906
85.895
85.9298
85.9368
85.9551
85.9357
85.8874
85.9094
85.9235
85.9013
85.9361
85.9433
85.8723
85.8714
85.9231
85.9539
85.9096
85.9436
85.8943
85.9291
85.9226
85.8531
85.911
85.9155
85.8712
85.8895
85.8774
85.9093
85.8974
85.8674
85.9034
85.8859
85.8488
85.9226
85.8781
85.8947
85.8932
85.8926
85.918
85.901
85.9257
85.9503
85.894
85.9313
85.9025
85.8866
85.9256
85.8899
85.8855
85.9226
85.9143
85.8861
85.8927
85.902
85.8892
85.9231
85.9191
85.9155
85.905
85.9369
85.9051
85.8897
85.9073
85.8952
85.9192
85.8902
85.9035
85.8593
85.9211
85.9205
85.8849
85.9237
85.94
85.8795
85.9421
85.9416
85.889
85.9394
85.9257
85.9122
85.8661
85.8985
85.92
85.8837
85.9284
85.8874
85.9089
85.8844
85.9055
85.9017
85.8997
85.9071
85.8974
85.9183
85.881
85.8933
85.9245
85.9247
85.9247
85.9318
85.889
85.9032
85.9066
85.9249
85.8892
85.896
85.9043
85.9002
85.9162
85.9172
85.874
85.8598
85.9116
85.891
85.8938
85.8891
85.8923
85.9045
85.9432
85.9174
85.8899
85.8999
85.931
85.8925
85.8688
85.8918
85.8842
85.8784
85.9009
85.8889
85.8554
85.8711
85.9066
85.8902
85.9277
85.9103
85.9259
85.8967
85.9039
85.9028
85.8668
85.8995
85.9271
85.8917
85.9235
85.9087
85.9016
85.8943
85.9067
85.9387
85.9005
85.923
85.8923
85.9002
85.9444
85.9288
85.9097
85.9141
85.8889
85.9181
85.8932
85.9113
85.9354
85.927
85.9104
85.9008
85.8924
85.9087
85.8861
85.8992
85.9679
85.9256
85.9102
85.8852
85.9126
85.8975
85.8875
85.9318
85.8974
85.9238
85.8712
85.8954
85.917
85.9375
85.8938
85.8858
85.8981
85.9393
85.8897
85.9204
85.8812
85.8923
85.9198
85.8758
85.8702
85.9099
85.9018
85.8922
85.9555
85.9247
85.9205
85.9213
85.9144
85.9151
85.885
85.9431
85.8945
85.929
85.8793
85.8935
85.8843
85.8963
85.8836
85.8673
85.8913
85.915
85.9257
85.8816
85.9002
85.8869
85.9252
85.9142
85.8762
85.898
85.8795
85.8827
85.8746
85.8833
85.9172
85.9017
85.9343
85.8812
85.9039
85.8961
85.9134
85.8825
85.9258
85.9063
85.8457
85.9015
85.8978
85.8939
85.888
85.8675
85.928
85.8793
85.9147
85.8865
85.899
85.8988
85.882
85.891
85.8644
85.8877
85.9167
85.8984
85.8756
85.9256
85.9082
85.8837
85.9136
85.88
85.8505
85.9418
85.9239
85.9085
85.9195
85.899
85.9542
85.8972
85.8938
85.923
85.9042
85.9143
85.906
85.8881
85.9215
85.9267
85.8907
85.9116
85.8874
85.9215
85.9056
85.8889
85.88
85.9008
85.9004
85.9153
85.8975
85.8846
85.888
85.8952
85.8988
85.9279
85.8936
85.9437
85.9343
85.882
85.8769
85.8918
85.8801
85.9229
85.9243
85.8807
85.914
85.8804
85.9098
85.9527
85.904
85.8746
85.8827
85.9231
85.9359
85.8998
85.898
85.8909
85.8847
85.895
85.8761
85.8847
85.8998
85.938
85.8796
85.8811
85.9032
85.9112
85.9052
85.9131
85.897
85.9274
85.8761
85.8674
85.9389
85.908
85.904
85.895
85.916
85.9033
85.8732
85.951
85.9003
85.8927
85.9159
85.9184
85.8874
85.8921
85.8877
85.8627
85.9288
85.9511
85.8517
85.8999
85.9255
85.9246
85.8929
85.9447
85.9064
85.9039
85.8928
85.9309
85.922
85.9267
85.9186
85.8729
85.9142
85.9184
85.8844
85.9291
85.8887
85.9595
85.9691
85.883
85.9122
85.9086
85.8611
85.8692
85.9041
85.8712
85.9097
85.9147
85.8908
85.9304
85.9223
85.8629
85.9151
85.8841
85.9089
85.9096
85.9066
85.8931
85.9126
85.9364
85.9067
85.9227
85.9053
85.8659
85.9243
85.9159
85.9271
85.899
85.8836
85.9159
85.9067
85.8783
85.8998
85.9288
85.8893
85.922
85.915
85.8838
85.9051
85.9397
85.9064
85.8928
85.9046
85.9026
85.8784
85.8938
85.8998
85.89
85.8837
85.8897
85.9053
85.9
85.9111
85.8683
85.9314
85.9445
85.8897
85.9044
85.9476
85.9011
85.9344
85.9163
85.8604
85.9255
85.8806
85.8951
85.9129
85.9279
85.8498
85.9439
85.8836
85.9175
85.8779
85.9233
85.9319
85.927
85.8839
85.9046
85.8838
85.9197
85.8941
85.8822
85.9214
85.93
85.9496
85.9426
85.9
85.8974
85.8694
85.9196
85.9251
85.9109
85.9315
85.9063
85.9128
85.9337
85.8917
85.8719
85.895
85.9082
85.8862
85.8705
85.8679
85.9228
85.8775
85.8912
85.928
85.881
85.8983
85.9035
85.888
85.9268
85.8805
85.8759
85.8878
85.8758
85.8894
85.9421
85.9379
85.9111
85.8865
85.8956
85.9305
85.9011
85.9014
85.9257
85.8914
85.9081
85.8624
85.9198
85.8708
85.9331
85.8511
85.9416
85.9227
85.8909
85.9354
85.8657
85.8985
85.9003
85.8778
85.9
85.9009
85.8848
85.8868
85.9009
85.9377
85.9185
85.9254
85.892
85.8923
85.9278
85.8984
85.8791
85.9065
85.9418
85.9075
85.9248
85.8737
85.8729
85.9279
85.9155
85.8992
85.8941
85.8716
85.9258
85.9235
85.9118
85.9174
85.9014
85.8732
85.9029
85.8742
85.9016
85.8882
85.9139
85.9172
85.8661
85.923
85.9245
85.8936
85.8649
85.9185
85.9029
85.9253
85.9024
85.9161
85.9222
85.942
85.8943
85.9441
85.9211
85.9224
85.9229
85.9445
85.9269
85.8747
85.9094
85.8873
85.9297
85.9219
85.8811
85.913
85.9099
85.9359
85.9196
85.924
85.9648
85.9021
85.92
85.9071
85.9238
85.9238
85.9556
85.8956
85.905
85.9093
85.8942
85.9075
85.9103
85.9257
85.8878
85.9338
85.9231
85.8997
85.8931
85.9118
85.9256
85.8727
85.9043
85.8852
85.9085
85.8979
85.9085
85.8848
85.9141
85.9079
85.8888
85.8716
85.8973
85.8813
85.8999
85.9385
85.9045
85.9074
85.9049
85.914
85.8929
85.8769
85.9123
85.891
85.9141
85.9297
85.891
85.8833
85.8893
85.9002
85.9025
85.8769
85.8988
85.9111
85.8681
85.8812
85.9292
85.9333
85.9411
85.9068
85.8893
85.9203
85.8972
85.9203
85.8922
85.9271
85.9194
85.8902
85.9066
85.9
85.9447
85.8883
85.8797
85.9048
85.9455
85.9009
85.9246
85.8868
85.8966
85.9008
85.886
85.9111
85.8901
85.926
85.9356
85.923
85.9321
85.8812
85.9294
85.8752
85.8823
85.858
85.9135
85.8957
85.9146
85.9091
85.9207
85.9164
85.9262
85.9097
85.907
85.8691
85.9645
85.9163
85.9213
85.9056
85.8517
85.9035
85.8823
85.9379
85.917
85.8788
85.8772
85.8851
85.8791
85.9499
85.8939
85.8994
85.9223
85.8885
85.9012
85.9138
85.914
85.8881
85.917
85.9419
85.9244
85.8963
85.8874
85.8969
85.8931
85.8967
85.9416
85.8881
85.8832
85.8993
85.9271
85.9133
85.8974
85.9208
85.904
85.9049
85.903
85.9084
85.8673
85.913
85.9673
85.8963
85.9182
85.91
85.8878
85.9039
85.8806
85.9319
85.8585
85.8915
85.9208
85.9299
85.9179
85.8946
85.9087
85.8721
85.8854
85.9193
85.908
85.8871
85.9071
85.9242
85.916
85.8884
85.8939
85.9207
85.8592
85.8658
85.8985
85.8543
85.9282
85.9601
85.939
85.8814
85.9488
85.9152
85.8948
85.8856
85.91
85.9113
85.8941
85.9216
85.8992
85.9073
85.9466
85.9305
85.9252
85.8946
85.9154
85.9003
85.9561
85.8849
85.9547
85.9196
85.8884
85.9148
85.9309
85.8785
85.9199
85.9125
85.9025
85.8779
85.9049
85.9127
85.9095
85.8823
85.916
85.914
85.8953
85.9444
85.93
85.8727
85.8765
85.899
85.9073
85.8952
85.9111
85.8964
85.8796
85.9178
85.8954
85.9038
85.8662
85.9118
85.9079
85.9287
85.8983
85.8694
85.9152
85.9011
85.898
85.8882
85.9087
85.8892
85.904
85.9037
85.8915
85.8977
85.9105
85.8882
85.9091
85.8725
85.9065
85.8918
85.8623
85.9386
85.95
85.9567
85.9219
85.882
85.8375
85.9206
85.8963
85.8677
85.9049
85.9043
85.8862
85.877
85.8705
85.9249
85.8872
85.8853
85.9301
85.9087
85.8779
85.8581
85.8934
85.9202
85.871
85.902
85.9153
85.9089
85.8902
85.9142
85.898
85.8923
85.8946
85.8981
85.8889
85.8826
85.8998
85.9205
85.9086
85.9373
85.8906
85.888
85.8836
85.8995
85.9234
85.9119
85.915
85.8618
85.8683
85.9656
85.8857
85.8753
85.8861
85.8868
85.8761
85.895
85.9014
85.8947
85.8906
85.9131
85.9188
85.9081
85.8854
85.8787
85.9142
85.9063
85.9254
85.8829
85.9535
85.9361
85.8829
85.9124
85.9175
85.9307
85.9158
85.9187
85.9464
85.9174
85.8871
85.9071
85.9029
85.9254
85.9081
85.9023
85.9794
85.8764
85.8917
85.9518
85.8998
85.9343
85.921
85.9034
85.8988
85.8821
85.9074
85.95
85.9296
85.9308
85.9653
85.9344
85.8969
85.948
85.8989
85.9078
85.8852
85.926
85.888
85.8939
85.9162
85.9096
85.9009
85.9276
85.9303
85.9155
85.9053
85.9344
85.8975
85.9045
85.9051
85.9114
85.925
85.939
85.8585
85.9082
85.9152
85.9067
85.8741
85.8984
85.877
85.8962
85.9022
85.9426
85.9046
85.8915
85.8958
85.9155
85.8764
85.9175
85.9392
85.9296
85.8928
85.8883
85.9403
85.9013
85.8994
85.9244
85.9005
85.8913
85.8809
85.9034
85.8996
85.8814
85.8619
85.9268
85.9307
85.9079
85.8929
85.9595
85.8762
85.9234
85.8993
85.9035
85.8957
85.9034
85.8734
85.8757
85.889
85.9016
85.8703
85.8889
85.9361
85.9145
85.8597
85.8882
85.8897
85.8731
85.9431
85.9148
85.871
85.9106
85.9093
85.9035
85.9246
85.9401
85.8971
85.9164
85.8796
85.8787
85.8587
85.9365
85.8872
85.8963
85.9273
85.8936
85.9017
85.9102
85.8833
85.8669
85.8974
85.9201
85.9051
85.9234
85.8959
85.8758
85.9573
85.911
85.892
85.9181
85.9347
85.8774
85.8763
85.8876
85.8965
85.8657
85.8915
85.9138
85.8965
85.917
85.9173
85.922
85.9049
85.9021
85.9069
85.9223
85.9089
85.9158
85.9414
85.9221
85.9345
85.9344
85.8969
85.9147
85.9253
85.9093
85.8964
85.9034
85.9343
85.9099
85.925
85.9037
85.9211
85.8993
85.9005
85.9324
85.8859
85.8964
85.9067
85.9229
85.9076
85.8993
85.9012
85.9237
85.9194
85.9006
85.8958
85.8814
85.8873
85.9042
85.9086
85.9032
85.9058
85.9181
85.88
85.9269
85.886
85.8926
85.9003
85.8983
85.8916
85.9256
85.8825
85.8958
85.8909
85.8788
85.8889
85.8593
85.9109
85.8833
85.9227
85.8932
85.9039
85.8508
85.9293
85.9243
85.8902
85.8925
85.8825
85.9119
85.9051
85.892
85.907
85.8824
85.9239
85.8794
85.8797
85.9081
85.897
85.8997
85.8735
85.8894
85.8525
85.9295
85.9182
85.8878
85.89
85.887
85.9158
85.9139
85.9128
85.9107
85.8935
85.8864
85.8835
85.8839
85.9173
85.907
85.8863
85.9244
85.9249
85.9134
85.916
85.8944
85.9022
85.8901
85.8901
85.9281
85.8825
85.8264
85.8829
85.927
85.8731
85.9021
85.8533
85.9035
85.9262
85.8919
85.9074
85.9266
85.8986
85.8776
85.8809
85.9054
85.9082
85.9107
85.921
85.9011
85.8637
85.8969
85.8997
85.9388
85.8957
85.8803
85.8959
85.8959
85.8892
85.9159
85.8943
85.8667
85.954
85.8798
85.9008
85.9037
85.9042
85.9331
85.9064
85.8868
85.9191
85.8858
85.8632
85.9314
85.8936
85.8829
85.9146
85.8731
85.8905
85.903
85.8998
85.8462
85.9073
85.8768
85.8672
85.9397
85.8685
85.8949
85.8513
85.9011
85.9098
85.8986
85.8983
85.8978
85.915
85.9044
85.9032
85.9431
85.8643
85.8872
85.8917
85.8994
85.9059
85.9038
85.9292
85.8782
85.9193
85.897
85.9545
85.8765
85.9316
85.8899
85.9072
85.8855
85.9212
85.8938
85.8975
85.8872
85.8828
85.8766
85.909
85.908
85.9307
85.9107
85.9152
85.9018
85.9204
85.9215
85.9215
85.8977
85.8851
85.8932
85.9027
85.908
85.8902
85.8978
85.8585
85.8842
85.9283
85.9272
85.905
85.9029
85.9068
85.8899
85.9488
85.9368
85.9086
85.9787
85.9248
85.8905
85.8864
85.9
85.8943
85.8979
85.9297
85.8984
85.9072
85.9196
85.8916
85.9148
85.9074
85.9093
85.8853
85.9201
85.8989
85.8806
85.8749
85.8944
85.8991
85.9064
85.8881
85.9136
85.9184
85.9074
85.9034
85.8764
85.9274
85.8981
85.9205
85.9315
85.9196
85.8849
85.9082
85.8961
85.8828
85.8817
85.8957
85.9071
85.9242
85.8917
85.8586
85.9096
85.896
85.894
85.9101
85.8979
85.8845
85.8966
85.9054
85.8718
85.8917
85.8885
85.883
85.8771
85.8988
85.9209
85.8792
85.9384
85.9008
85.8727
85.8816
85.9108
85.9146
85.9377
85.9024
85.8948
85.9182
85.9228
85.939
85.8481
85.8886
85.9287
85.9118
85.8799
85.9309
85.8779
85.8628
85.9016
85.9036
85.9095
85.8791
85.8971
85.9236
85.8875
85.8972
85.883
85.895
85.882
85.9083
85.9028
85.9316
85.9105
85.8713
85.8968
85.8844
85.9123
85.8701
85.8855
85.9363
85.9183
85.9207
85.866
85.927
85.8738
85.883
85.8995
85.8677
85.89
85.8784
85.9184
85.9009
85.8972
85.8694
85.8809
85.9307
85.8956
85.9056
85.8902
85.8878
85.8369
85.9189
85.8895
85.869
85.8712
85.9167
85.9048
85.8838
85.9141
85.8931
85.8774
85.903
85.9136
85.9185
85.876
85.9212
85.8705
85.9077
85.9186
85.908
85.8915
85.8969
85.8676
85.8935
85.8955
85.9045
85.9038
85.9005
85.8852
85.8881
85.8922
85.9139
85.8772
85.9727
85.8927
85.8778
85.8972
85.8888
85.8882
85.9318
85.9027
85.9354
85.9026
85.9006
85.9221
85.8864
85.8974
85.9012
85.8986
85.9026
85.8967
85.9005
85.9014
85.9102
85.8896
85.9202
85.8967
85.9012
85.9119
85.8961
85.9247
85.905
85.9206
85.8963
85.8949
85.9083
85.8698
85.8822
85.9352
85.903
85.9041
85.9091
85.9103
85.8722
85.8923
85.9081
85.9094
85.8767
85.8856
85.8937
85.9132
85.8975
85.8956
85.8879
85.8712
85.9317
85.9391
85.9083
85.9487
85.8972
85.87
85.8966
85.9137
85.9275
85.9192
85.8936
85.8969
85.8856
85.9046
85.9016
85.925
85.8953
85.9173
85.9133
85.9035
85.9178
85.8761
85.9463
85.8953
85.9021
85.8971
85.9115
85.9291
85.9199
85.8711
85.9417
85.9091
85.8879
85.9025
85.8912
85.8567
85.8938
85.8917
85.9104
85.8986
85.9302
85.895
85.89
85.9009
85.902
85.9478
85.8926
85.9194
85.8903
85.8636
85.9187
85.9043
85.8743
85.9215
85.8971
85.8762
85.9065
85.8925
85.9048
85.9192
85.8668
85.9052
85.9081
85.9099
85.9096
85.9033
85.9288
85.8967
85.9015
85.9021
85.8855
85.8894
85.9162
85.9191
85.9136
85.8908
85.8783
85.8905
85.8397
85.8965
85.9424
85.9111
85.9342
85.9278
85.9014
85.9241
85.8662
85.9098
85.9197
85.8914
85.8993
85.9214
85.89
85.8952
85.8998
85.912
85.9448
85.9262
85.9108
85.8698
85.887
85.906
85.9006
85.8653
85.902
85.842
85.9013
85.9015
85.9279
85.8703
85.8955
85.8953
85.8613
85.9264
85.9065
85.8714
85.8936
85.9344
85.9168
85.897
85.9344
85.9019
85.8979
85.9078
85.8957
85.8683
85.8712
85.9161
85.9083
85.9332
85.9264
85.8968
85.8897
85.9232
85.9201
85.8973
85.8279
85.8893
85.877
85.898
85.9076
85.8441
85.8867
85.8862
85.8953
85.9593
85.9144
85.8734
85.9048
85.8731
85.9161
85.93
85.8814
85.9177
85.9183
85.9283
85.9269
85.8917
85.8839
85.9063
85.886
85.8899
85.9119
85.8898
85.9075
85.9017
85.8736
85.9342
85.89
85.9168
85.9276
85.9035
85.9121
85.8835
85.886
85.9056
85.8967
85.888
85.8675
85.9271
85.9011
85.8727
85.8816
85.9137
85.9107
85.9043
85.8512
85.9036
85.8989
85.8969
85.9313
85.8897
85.8944
85.9019
85.919
85.8926
85.8792
85.8757
85.8944
85.9132
85.8736
85.8901
85.9239
85.9072
85.8733
85.9251
85.8557
85.887
85.9089
85.8797
85.8963
85.9076
85.8854
85.9127
85.9122
85.9101
85.8914
85.8816
85.8731
85.9029
85.91
85.9163
85.9174
85.9158
85.8961
85.8964
85.9177
85.9239
85.8752
85.9057
85.8832
85.9188
85.8946
85.9171
85.9102
85.9453
85.9021
85.9137
85.8856
85.8993
85.9042
85.9207
85.8868
85.9021
85.8881
85.8749
85.8831
85.9113
85.8763
85.8777
85.9235
85.9447
85.9148
85.913
85.9103
85.8775
85.9175
85.8843
85.9244
85.8727
85.9147
85.8877
85.9107
85.897
85.9014
85.8672
85.9073
85.8705
85.8862
85.8742
85.8785
85.8803
85.8991
85.8905
85.924
85.9248
85.8555
85.8972
85.8677
85.8899
85.9123
85.9245
85.9113
85.8532
85.8836
85.9174
85.8953
85.9433
85.9353
85.8776
85.9151
85.8846
85.9072
85.8849
85.9197
85.8922
85.9129
85.8971
85.922
85.8941
85.897
85.8746
85.9045
85.8869
85.9032
85.907
85.8688
85.8897
85.8868
85.9049
85.9204
85.9055
85.8729
85.8732
85.9131
85.8899
85.8757
85.9041
85.8607
85.9066
85.8779
85.8983
85.9084
85.9213
85.9426
85.9055
85.8784
85.9278
85.9179
85.899
85.8546
85.8972
85.8942
85.8867
85.886
85.9077
85.9154
85.8538
85.8633
85.893
85.9038
85.9005
85.894
85.8955
85.912
85.9391
85.923
85.9359
85.9085
85.9373
85.9265
85.9299
85.9362
85.9011
85.8751
85.8949
85.8736
85.8972
85.8654
85.9274
85.8803
85.8968
85.8546
85.9054
85.92
85.8982
85.9107
85.9105
85.9105
85.9046
85.8773
85.89
85.9429
85.8966
85.8788
85.8957
85.8567
85.915
85.9271
85.9303
85.8895
85.9263
85.8792
85.8889
85.8906
85.8805
85.8745
85.9042
85.892
85.8764
85.888
85.8968
85.9294
85.9053
85.9068
85.931
85.9174
85.8712
85.9046
85.9243
85.9215
85.8776
85.8996
85.8577
85.8859
85.9309
85.9083
85.9446
85.9143
85.9089
85.8657
85.8916
85.9295
85.8757
85.9053
85.867
85.9223
85.9135
85.9328
85.8988
85.9088
85.8798
85.9337
85.8786
85.9284
85.9101
85.9164
85.9045
85.8935
85.8882
85.8444
85.9119
85.9173
85.8915
85.9208
85.8988
85.9335
85.8971
85.8946
85.8804
85.8966
85.872
85.8816
85.9138
85.8953
85.9042
85.8537
85.8787
85.9143
85.8929
85.8819
85.9031
85.8919
85.8831
85.9018
85.9113
85.879
85.8825
85.8827
85.8739
85.898
85.9176
85.9234
85.9017
85.889
85.8738
85.901
85.9151
85.9173
85.8706
85.9187
85.913
85.8895
85.8936
85.9057
85.8866
85.9354
85.9265
85.9124
85.8996
85.9227
85.8867
85.914
85.9129
85.9297
85.887
85.9665
85.9101
85.9108
85.9073
85.9097
85.8977
85.9028
85.9078
85.9488
85.9359
85.9067
85.9851
85.9378
85.9475
85.9799
85.9154
85.9326
85.9324
85.9497
85.9312
85.9242
85.9284
85.9415
85.9408
85.927
85.9607
85.9589
85.9039
85.9175
85.9321
85.8981
85.9458
85.8797
85.9577
85.9374
85.9262
85.9182
85.874
85.8984
85.9224
85.9479
85.89
85.9167
85.9163
85.8929
85.9352
85.9109
85.8567
85.9051
85.8656
85.8967
85.8956
85.9097
85.888
85.9046
85.886
85.8851
85.9043
85.914
85.9479
85.8878
85.9055
85.9259
85.8872
85.8907
85.883
85.899
85.9117
85.8789
85.9023
85.9142
85.8954
85.8822
85.8826
85.8923
85.9161
85.8809
85.8898
85.8846
85.8818
85.8819
85.8981
85.9128
85.9594
85.8936
85.9299
85.9043
85.9186
85.9094
85.9261
85.9434
85.9168
85.9163
85.8819
85.8869
85.8831
85.9261
85.9058
85.8836
85.9083
85.9015
85.8813
85.8899
85.8847
85.8926
85.8683
85.9286
85.9097
85.9443
85.9156
85.8917
85.9407
85.8958
85.8981
85.8906
85.8831
85.892
85.9114
85.8958
85.9098
85.9287
85.8944
85.8926
85.8962
85.9041
85.8817
85.9026
85.8891
85.8901
85.9062
85.9079
85.8929
85.9348
85.9123
85.9337
85.8823
85.9099
85.9048
85.8861
85.924
85.8968
85.8484
85.8867
85.9037
85.9155
85.9201
85.9137
85.895
85.9054
85.8894
85.9089
85.9516
85.8816
85.9243
85.899
85.9139
85.858
85.9005
85.8788
85.866
85.9322
85.861
85.8765
85.8554
85.8978
85.9074
85.8812
85.8943
85.9063
85.9203
85.9079
85.8867
85.9125
85.9122
85.897
85.8791
85.8926
85.9034
85.8923
85.912
85.8999
85.8621
85.8621
85.8743
85.851
85.8713
85.9076
85.9084
85.9096
85.8667
85.8673
85.8702
85.8974
85.9486
85.8654
85.8942
85.9251
85.8771
85.8905
85.8798
85.8947
85.9301
85.9032
85.8775
85.8912
85.8809
85.9005
85.9005
85.8628
85.8865
85.9241
85.901
85.8946
85.9139
85.8892
85.9203
85.9233
85.905
85.9153
85.9042
85.9036
85.878
85.8913
85.8615
85.8938
85.8793
85.8685
85.9146
85.892
85.9117
85.8765
85.9226
85.9225
85.8955
85.9553
85.9068
85.9399
85.8754
85.8914
85.8934
85.8634
85.8801
85.8996
85.8673
85.9007
85.905
85.9101
85.919
85.8437
85.8639
85.8907
85.912
85.9159
85.9072
85.9083
85.8881
85.9139
85.9018
85.917
85.9458
85.9171
85.8754
85.9076
85.8734
85.8598
85.8595
85.9176
85.9205
85.9052
85.8991
85.8985
85.9104
85.9292
85.9027
85.9065
85.9008
85.8971
85.9037
85.9018
85.9102
85.9284
85.9249
85.8653
85.8826
85.8757
85.9274
85.876
85.9199
85.8774
85.8986
85.9221
85.9057
85.8893
85.8818
85.8884
85.9227
85.9405
85.8758
85.8523
85.9012
85.8691
85.8466
85.9214
85.9347
85.8683
85.9119
85.9141
85.8836
85.8965
85.8868
85.94
85.9224
85.931
85.8684
85.9081
85.882
85.9393
85.8855
85.8856
85.9184
85.9245
85.8856
85.9021
85.8932
85.9262
85.9159
85.8773
85.8806
85.8917
85.9047
85.9184
85.8887
85.9162
85.9107
85.8781
85.8748
85.9092
85.8591
85.9004
85.9068
85.8959
85.8788
85.8959
85.9108
85.9148
85.9041
85.916
85.9138
85.9185
85.8979
85.8783
85.8918
85.9033
85.8828
85.8832
85.905
85.8788
85.8952
85.8888
85.8762
85.8716
85.8864
85.8763
85.9112
85.8811
85.9449
85.9024
85.9231
85.9402
85.8765
85.9179
85.9187
85.9045
85.9101
85.8615
85.8976
85.8957
85.9121
85.8887
85.892
85.9067
85.9169
85.9206
85.8994
85.8863
85.9261
85.8885
85.8743
85.9013
85.8764
85.8816
85.8779
85.8797
85.8892
85.9018
85.9087
85.887
85.8625
85.8931
85.898
85.9032
85.9206
85.91
85.8896
85.8773
85.8777
85.9332
85.9393
85.9573
85.9198
85.9171
85.9012
85.8727
85.8887
85.9002
85.898
85.9305
85.8761
85.888
85.9196
85.9078
85.8867
85.897
85.9198
85.9056
85.8989
85.893
85.8917
85.8975
85.9
85.9388
85.8831
85.8996
85.8745
85.8554
85.9107
85.9083
85.9329
85.9043
85.8982
85.9333
85.9245
85.9037
85.8942
85.8672
85.9004
85.9212
85.9088
85.8858
85.9055
85.8827
85.8809
85.8924
85.8963
85.8811
85.8994
85.9011
85.8719
85.8786
85.8904
85.9092
85.9111
85.8832
85.8613
85.8954
85.8906
85.8837
85.9213
85.9502
85.9134
85.8975
85.8898
85.8838
85.9071
85.8945
85.9384
85.9005
85.885
85.8947
85.8752
85.8734
85.86
85.8845
85.8965
85.9074
85.9091
85.9752
85.9088
85.9082
85.9157
85.9198
85.9249
85.8586
85.9018
85.8957
85.9023
85.9097
85.8939
85.8772
85.8966
85.9286
85.887
85.9391
85.8811
85.9015
85.9295
85.907
85.9037
85.9196
85.9002
85.8812
85.93
85.9201
85.9421
85.8973
85.9063
85.8865
85.9186
85.9071
85.8972
85.9064
85.8982
85.886
85.8537
85.9503
85.8966
85.8995
85.8985
85.8872
85.8961
85.9105
85.881
85.9045
85.8909
85.8925
85.9379
85.8501
85.8715
85.875
85.8759
85.8929
85.8971
85.8931
85.8696
85.9154
85.9125
85.9145
85.9337
85.8729
85.8832
85.9049
85.8922
85.8611
85.8902
85.8884
85.903
85.9225
85.8763
85.9015
85.9226
85.867
85.9445
85.9357
85.8989
85.909
85.9125
85.8576
85.913
85.9009
85.8873
85.8986
85.8932
85.9053
85.9404
85.8916
85.9226
85.8895
85.8943
85.8894
85.8851
85.9081
85.8875
85.8497
85.9099
85.8956
85.9199
85.9308
85.8883
85.9006
85.8897
85.8851
85.871
85.895
85.9012
85.9028
85.9046
85.8776
85.8898
85.897
85.8992
85.8968
85.9322
85.9144
85.9069
85.893
85.9064
85.8685
85.9348
85.9082
85.905
85.8918
85.8805
85.8753
85.9519
85.8626
85.9106
85.8858
85.904
85.9292
85.9174
85.9119
85.8969
85.8955
85.9099
85.8997
85.8977
85.9193
85.8975
85.9116
85.922
85.8978
85.9162
85.9184
85.8897
85.8982
85.8927
85.8842
85.9091
85.8869
85.9094
85.884
85.9242
85.887
85.9133
85.8481
85.8604
85.8983
85.9253
85.8713
85.8793
85.9175
85.9148
85.9108
85.8741
85.901
85.9629
85.9081
85.896
85.8874
85.8782
85.9112
85.8894
85.9336
85.9284
85.9254
85.8869
85.8667
85.8881
85.9326
85.8794
85.8558
85.9058
85.9132
85.8704
85.92
85.8915
85.9343
85.9199
85.8996
85.8932
85.9021
85.9361
85.9387
85.9262
85.9017
85.9541
85.8949
85.8942
85.8687
85.9102
85.9162
85.8545
85.882
85.8977
85.8906
85.8976
85.8879
85.8933
85.9099
85.8905
85.9035
85.8941
85.8775
85.8416
85.8822
85.8907
85.8832
85.9214
85.8952
85.898
85.8736
85.9026
85.9366
85.8829
85.8519
85.8733
85.9126
85.9155
85.9077
85.9113
85.9306
85.8959
85.9134
85.8898
85.8938
85.8773
85.9324
85.8804
85.8744
85.8888
85.8926
85.8965
85.8747
85.9222
85.8498
85.8878
85.9408
85.9288
85.9533
85.9198
85.9379
85.8828
85.8978
85.908
85.9448
85.9282
85.9415
85.8903
85.9137
85.9096
85.9057
85.9523
85.8978
85.9026
85.9387
85.8936
85.9445
85.9027
85.9139
85.9212
85.9049
85.8811
85.9323
85.9081
85.8748
85.9
85.934
85.9225
85.9123
85.9305
85.8968
85.8859
85.8829
85.9101
85.9071
85.8854
85.8568
85.9347
85.901
85.8941
85.922
85.9038
85.8831
85.9072
85.9174
85.8836
85.8839
85.8918
85.918
85.8748
85.9025
85.8815
85.8734
85.9276
85.9012
85.8767
85.8795
85.9051
85.8679
85.9125
85.9024
85.9054
85.9282
85.8998
85.9156
85.8872
85.9084
85.929
85.9008
85.8958
85.9252
85.8728
85.9216
85.9544
85.8812
85.9191
85.9335
85.8779
85.9494
85.8665
85.9172
85.912
85.92
85.8974
85.8983
85.916
85.9303
85.9137
85.8923
85.9119
85.8681
85.892
85.8866
85.8873
85.8663
85.8871
85.933
85.9069
85.9207
85.9355
85.8987
85.9167
85.9115
85.847
85.9221
85.9132
85.8587
85.8855
85.9114
85.9142
85.891
85.898
85.887
85.932
85.888
85.8937
85.9004
85.9079
85.9103
85.8784
85.842
85.8493
85.9151
85.9168
85.9302
85.8914
85.8971
85.8487
85.8866
85.8801
85.8848
85.9169
85.9022
85.8921
85.8864
85.8711
85.8778
85.9052
85.8928
85.8813
85.8858
85.8725
85.8555
85.8911
85.8948
85.8866
85.8974
85.903
85.9244
85.8602
85.9146
85.9018
85.8941
85.8831
85.8494
85.9379
85.8811
85.8524
85.8753
85.9358
85.887
85.856
85.9187
85.8958
85.9007
85.9027
85.9349
85.8671
85.9166
85.8781
85.9104
85.8957
85.905
85.9
85.8845
85.9103
85.8984
85.9279
85.9257
85.8718
85.9182
85.9165
85.8644
85.8808
85.8814
85.8861
85.9424
85.9075
85.9004
85.8826
85.8964
85.9002
85.8938
85.8774
85.8834
85.8548
85.8989
85.9032
85.9058
85.8848
85.9345
85.8944
85.8826
85.9088
85.8658
85.8997
85.8688
85.8878
85.875
85.9013
85.9008
85.886
85.8634
85.8919
85.9025
85.8733
85.9174
85.9385
85.8544
85.8495
85.879
85.9185
85.8879
85.8871
85.8846
85.9211
85.8854
85.8996
85.9503
85.8649
85.8708
85.8851
85.886
85.9182
85.9374
85.8785
85.8782
85.9063
85.9069
85.9048
85.9223
85.8924
85.9296
85.9462
85.8982
85.9
85.9348
85.9589
85.8814
85.9282
85.9134
85.9248
85.8641
85.9388
85.9299
85.8815
85.9515
85.9151
85.9025
85.8996
85.9238
85.87
85.9199
85.9142
85.914
85.8743
85.896
85.9541
85.9053
85.8839
85.886
85.9183
85.9189
85.8749
85.9197
85.893
85.8913
85.8739
85.9356
85.9094
85.8848
85.9994
85.8912
85.8826
85.9183
85.9227
85.9412
85.9366
85.9148
85.9118
85.9628
85.944
85.9448
85.9782
85.9433
85.9875
85.9411
85.939
85.9718
85.9729
85.9702
85.9341
85.973
85.9622
85.949
85.9437
86.0005
85.9704
85.9377
85.9298
85.9875
85.9329
85.9864
85.9934
85.99
85.9613
85.9569
86.0099
85.9891
85.9349
85.9729
85.9184
85.9653
85.9535
85.9515
85.9504
86.0027
85.9461
85.922
85.9384
85.9458
85.9364
85.9869
85.9385
85.966
85.9677
85.9429
85.9005
85.9534
85.9381
85.9444
85.9587
85.9199
85.9198
85.9289
85.9039
85.9237
85.9548
85.9447
85.9669
85.9001
85.9451
85.8921
85.8854
85.9644
85.9692
85.9355
85.9666
85.8925
85.9385
85.9646
85.9023
85.9143
85.9255
85.8876
85.9439
85.9438
85.9117
85.9093
85.9148
85.9193
85.8878
85.9022
85.9059
85.9252
85.9195
85.8988
85.8802
85.9242
85.8874
85.9126
85.94
85.9228
85.8888
85.9245
85.8999
85.9204
85.9459
85.8513
85.9611
85.9302
85.907
85.89
85.9209
85.9143
85.9162
85.9253
85.9053
85.8987
85.8956
85.8632
85.9138
85.8899
85.8717
86.1029
85.9122
85.922
85.9404
85.9306
85.937
85.9521
86.0109
86.0008
85.9819
85.9692
85.981
85.9344
85.9705
85.9714
85.93
85.904
85.9087
85.9016
85.8997
85.9082
85.9601
85.9275
85.9732
85.8927
85.9333
85.8937
85.9406
85.8884
85.8816
85.9144
85.8677
85.9187
85.8802
85.9191
85.8588
85.8707
85.8896
85.8923
85.9103
85.9107
85.8882
85.9336
85.8963
85.8811
85.9159
85.917
85.8845
85.8948
85.8886
85.9005
85.8847
85.9406
85.9038
85.8976
85.8922
85.9015
85.9345
85.872
85.8815
85.913
85.8898
85.925
85.8939
85.855
85.8996
85.8652
85.9038
85.8687
85.917
85.8815
85.8963
85.8654
85.924
85.9214
85.9232
85.8792
85.892
85.8943
85.9053
86.0526
85.8439
85.8881
85.882
85.9058
85.9315
85.8826
85.9069
85.9177
85.9066
85.8583
85.8872
85.9442
85.9043
85.9144
85.9242
85.912
85.9285
85.9275
85.9296
85.9051
85.9596
85.913
85.8855
85.8955
85.8871
85.8663
85.9121
85.902
85.9033
85.9021
85.8821
85.9269
85.9105
85.8939
85.8934
85.9046
85.9023
85.8788
85.9166
85.9034
85.9275
85.8855
85.9187
85.914
85.9151
85.9018
85.883
85.9064
85.9026
85.9234
85.8937
85.867
85.878
85.92
85.9152
85.8849
85.9127
85.923
85.8792
85.8887
85.9575
85.8896
85.8632
85.9236
85.8881
85.9016
85.9002
85.8782
85.8994
85.8987
85.8966
85.8556
85.914
85.895
85.9062
85.8832
85.9251
85.9245
85.8496
85.9179
85.8963
85.878
85.9229
85.905
85.9213
85.9194
85.8863
85.9058
85.9036
85.909
85.8699
85.9155
85.9177
85.9024
85.9397
85.9271
85.8379
85.9039
85.9394
85.8707
85.9264
85.9302
85.8633
85.915
85.901
85.8999
85.905
85.8811
85.8812
85.9028
85.8755
85.9454
85.8648
85.9441
85.9251
85.9005
85.9183
85.8631
85.8692
85.895
85.9189
85.9084
85.8994
85.892
85.9215
85.8871
85.8914
85.9105
85.8708
85.878
85.8708
85.9255
85.8667
85.9416
85.8796
85.9027
85.9322
85.9308
85.8564
85.922
85.9026
85.914
85.9232
85.9273
85.8969
85.848
85.9069
85.9312
85.9025
85.8815
85.8585
85.9168
85.9163
85.9351
85.8991
85.9167
85.8904
85.8712
85.903
85.9082
85.9121
85.9234
85.9175
85.8951
85.9061
85.8751
85.9013
85.8812
85.9104
85.91
85.8983
85.8809
85.9272
85.8932
85.8867
85.9133
85.8856
85.9141
85.8794
85.9179
85.9061
85.8906
85.9157
85.9144
85.9118
85.902
85.9057
85.8844
85.9043
85.8901
85.8756
85.9268
85.8925
85.923
85.8913
85.8606
85.8899
85.8632
85.9166
85.9121
85.8987
85.8956
85.9187
85.8684
85.9245
85.9022
85.9104
85.8594
85.8804
85.8797
85.9152
85.8957
85.9201
85.9076
85.875
85.8699
85.904
85.9164
85.8848
85.8758
85.9003
85.856
85.8927
85.8776
85.8594
85.8752
85.8859
85.8927
85.9248
85.9295
85.9045
85.8815
85.8901
85.8824
85.8835
85.942
85.9
85.9161
85.8873
85.8654
85.8901
85.8851
85.889
85.8765
85.9229
85.8582
85.9083
85.8932
85.9159
85.8981
85.8628
85.9529
85.9613
85.9062
85.8827
85.8846
85.947
85.9198
85.8979
85.9263
85.9227
85.8897
85.867
85.9615
85.9225
85.9644
85.9108
85.9224
85.9516
85.9418
85.9016
85.9453
85.9123
85.9165
85.9555
85.9017
85.9045
85.8762
85.9575
85.8552
85.9432
85.9135
85.9073
85.9384
85.911
85.9329
85.8815
85.9039
85.8672
85.8691
85.9296
85.9093
85.9121
85.9173
85.8886
85.8991
85.8668
85.901
85.8911
85.923
85.9107
85.8903
85.8954
85.8591
85.8918
85.9006
85.8998
85.8988
85.8975
85.8524
85.9027
85.8976
85.9022
85.9273
85.8979
85.9076
85.8803
85.8698
85.89
85.8972
85.9109
85.9281
85.881
85.9183
85.9007
85.9287
85.9002
85.9201
85.91
85.9051
85.8868
85.8998
85.9362
85.9141
85.8874
85.8851
85.8561
85.9281
85.8818
85.9182
85.9032
85.8908
85.9012
85.8833
85.9245
85.8964
85.897
85.9074
85.8586
85.892
85.8951
85.911
85.8908
85.9321
85.8872
85.9046
85.8804
85.9215
85.8972
85.8803
85.9112
85.8947
85.8925
85.8977
85.9028
85.9162
85.9033
85.9117
85.9151
85.8796
85.9158
85.9199
85.9169
85.9215
85.9206
85.9284
85.8655
85.9125
85.9027
85.9021
85.9378
85.8849
85.9162
85.8674
85.8978
85.8965
85.9146
85.8832
85.8512
85.9353
85.8982
85.8964
85.8875
85.8803
85.9485
85.9116
85.9149
85.8993
85.9168
85.9003
85.8955
85.9264
85.8766
85.8472
85.9185
85.9087
85.9205
85.9143
85.8941
85.9031
85.9009
85.8595
85.8958
85.8994
85.8976
85.9033
85.8872
85.8787
85.8988
85.9237
85.8671
85.9077
85.9095
85.888
85.8962
85.8815
85.8917
85.9014
85.8733
85.9297
85.8786
85.8866
85.9073
85.8957
85.8792
85.898
85.8891
85.9127
85.8872
85.8853
85.9069
85.9068
85.901
85.91
85.889
85.9028
85.9
85.8754
85.8488
85.8984
85.9067
85.8733
85.8997
85.8843
85.8877
85.926
85.9015
85.9049
85.9144
85.9003
85.9195
85.9309
85.9064
85.8719
85.8972
85.8904
85.9487
85.9104
85.932
85.9126
85.9055
85.8939
85.8876
85.8716
85.8862
85.9112
85.9024
85.8673
85.9178
85.8984
85.8973
85.8792
85.9069
85.8829
85.8864
85.8938
85.9041
85.9054
85.891
85.9074
85.8629
85.8936
85.9089
85.8732
85.8746
85.8959
85.9303
85.8784
85.8896
85.9321
85.9475
85.9023
85.909
85.8965
85.9155
85.9125
85.8839
85.9464
85.8912
85.9039
85.8612
85.9079
85.9045
85.8711
85.8993
85.8842
85.9021
85.9008
85.8733
85.8662
85.874
85.9082
85.858
85.9026
85.8601
85.9259
85.8942
85.8842
85.879
85.8959
85.9085
85.877
85.9196
85.9308
85.8924
85.8959
85.88
85.9549
85.8681
85.8811
85.9348
85.8862
85.8981
85.9322
85.9307
85.8844
85.8977
85.8946
85.9031
85.8968
85.8974
85.8967
85.8682
85.9167
85.8752
85.8828
85.9063
85.8824
85.9046
85.899
85.9083
85.909
85.8914
85.8867
85.9211
85.8816
85.8973
85.9177
85.9184
85.887
85.9074
85.8549
85.9081
85.9343
85.8849
85.8857
85.8859
85.9075
85.8835
85.9238
85.8801
85.923
85.8377
85.8912
85.8684
85.8726
85.9201
85.9051
85.9308
85.9584
85.8785
85.9051
85.9056
85.8874
85.8623
85.8821
85.9089
85.9147
85.9064
85.9129
85.9136
85.9635
85.9254
85.9461
85.8837
85.9323
85.9526
85.9244
86.0029
85.941
85.9223
85.9099
85.9479
85.9695
85.9417
85.9678
85.9584
85.9253
85.9274
85.9273
85.9505
85.957
85.9126
85.9448
85.9746
85.9338
85.8861
85.937
85.9471
85.9509
85.9297
85.8935
85.9469
85.9569
85.9402
85.9461
85.9679
85.915
85.9065
85.948
85.9103
85.9734
85.9449
85.9403
85.9252
85.8995
85.9124
85.9275
85.9154
85.9038
85.8893
85.9274
85.9259
85.9363
85.9266
85.9079
85.9035
85.8653
85.9129
85.9313
85.9217
85.9055
85.9069
85.9477
85.8984
85.9007
85.9266
85.9152
85.9284
85.8705
85.8906
85.9232
85.8889
85.9034
85.9355
85.9147
85.9107
85.861
85.9142
85.9204
85.8813
85.9169
85.9039
85.8758
85.8895
85.8724
85.903
85.9152
85.8734
85.8939
85.9193
85.9517
85.886
85.907
85.8656
85.9263
85.8813
85.8736
85.9107
85.8974
85.935
85.9034
85.8588
85.9012
85.8786
85.8989
85.8739
85.885
85.8949
85.9172
85.889
85.875
85.9159
85.9067
85.9438
85.892
85.8719
85.942
85.9237
85.9125
85.8953
85.9142
85.9071
85.8865
85.8704
85.8687
85.9137
85.8655
85.949
85.9072
85.9198
85.8845
85.8899
85.8782
85.8845
85.8994
85.8874
85.9292
85.9053
85.8816
85.8839
85.8804
85.8754
85.9042
85.8916
85.8815
85.8726
85.8579
85.9123
85.8747
85.8681
85.9318
85.9038
85.8937
85.8858
85.9045
85.9373
85.9164
85.8888
85.8873
85.9041
85.9032
85.8582
85.8566
85.9003
85.8942
85.9073
85.8906
85.9465
85.9051
85.8742
85.8865
85.91
85.9125
85.8879
85.8581
85.8631
85.9111
85.9173
85.8844
85.8946
85.9213
85.9199
85.9209
85.8854
85.9134
85.9073
85.874
85.9191
85.9119
85.8983
85.8888
85.91
85.9008
85.8643
85.8712
85.8683
85.8989
85.8614
85.8917
85.8981
85.921
85.8914
85.8773
85.8706
85.9005
85.9134
85.9038
85.8932
85.9357
85.9033
85.8997
85.8936
85.9574
85.8949
85.9227
85.8998
85.8917
85.9173
85.9181
85.8839
85.9067
85.894
85.8939
85.924
85.8911
85.8888
85.8842
85.8778
85.9046
85.8699
85.8733
85.9017
85.8966
85.8635
85.9091
85.8952
85.8882
85.9216
85.9203
85.9028
85.8603
85.8824
85.9144
85.9139
85.9034
85.9231
85.8884
85.8769
85.8657
85.8719
85.8858
85.8726
85.8981
85.9117
85.8969
85.9109
85.8964
85.903
85.881
85.8906
85.9125
85.9133
85.9048
85.8759
85.8943
85.8967
85.9061
85.8686
85.8796
85.909
85.8789
85.9521
85.8737
85.8961
85.8739
85.9228
85.9105
85.8789
85.9405
85.8619
85.8929
85.9195
85.9128
85.888
85.9031
85.9012
85.9058
85.9005
85.9206
85.8929
85.8622
85.8774
85.9248
85.8377
85.9133
85.9322
85.9096
85.917
85.8957
85.8746
85.906
85.8783
85.9252
85.8816
85.8772
85.8442
85.8844
85.9077
85.914
85.8568
85.8845
85.9158
85.9121
85.9188
85.868
85.9177
85.9321
85.906
85.8757
85.8879
85.8841
85.9209
85.8965
85.8965
85.8476
85.9311
85.8848
85.8729
85.9211
85.902
85.9466
85.8974
85.894
85.8784
85.9027
85.8847
85.8995
85.8535
85.9387
85.9309
85.9192
85.8821
85.9131
85.8943
85.8936
85.8989
85.8897
85.8587
85.9145
85.9433
85.9037
85.8803
85.8659
85.8995
85.9224
85.9071
85.9185
85.922
85.9081
85.9041
85.884
85.8931
85.9164
85.918
85.9006
85.9452
85.9031
85.8655
85.8643
85.9113
85.8936
85.9064
85.8853
85.9533
85.8743
85.8999
85.9214
85.8917
85.9043
85.9401
85.9209
85.934
85.9101
85.8812
85.9128
85.8763
85.905
85.9426
85.8879
85.9051
85.8904
85.8768
85.8712
85.929
85.883
85.8911
85.8813
85.9587
85.8912
85.8661
85.9104
85.931
85.9096
85.9087
85.8802
85.9037
85.8938
85.94
85.8922
85.922
85.8569
85.8968
85.9063
85.9256
85.9309
85.9178
85.8866
85.9179
85.9081
85.8934
85.8665
85.873
85.8744
85.9183
85.8748
85.8949
85.9122
85.896
85.9033
85.8802
85.9109
85.8842
85.9245
85.8572
85.8884
85.8721
85.9061
85.8804
85.8869
85.8978
85.9315
85.8733
85.9225
85.8845
85.9004
85.9185
85.9089
85.8888
85.9051
85.9086
85.8584
85.8791
85.9035
85.8657
85.8887
85.9129
85.9247
85.9283
85.9539
85.8799
85.9113
85.9725
85.8853
85.8824
85.9024
85.9125
85.8885
85.8988
85.885
85.9372
85.9054
85.871
85.8894
85.8793
85.8639
85.9112
85.9093
85.8496
85.9041
85.8736
85.9164
85.8957
85.8693
85.8642
85.8842
85.91
85.894
85.9123
85.8933
85.9214
85.8909
85.922
85.8644
85.8973
85.921
85.9052
85.8763
85.9011
85.8923
85.8959
85.92
85.8893
85.9298
85.8996
85.89
85.9318
85.887
85.9062
85.9066
85.8955
85.9101
85.905
85.9105
85.9238
85.8863
85.8616
85.8798
85.9047
85.9112
85.9038
85.9018
85.8961
85.8902
85.916
85.9116
85.8975
85.8926
85.9309
85.884
85.8899
85.9332
85.8963
85.9079
85.9356
85.9151
85.9276
85.9195
85.9161
85.8592
85.9244
85.8951
85.8626
85.8931
85.9207
85.8866
85.9275
85.9057
85.8942
85.9332
85.8895
85.9205
85.9202
85.9132
85.8645
85.8806
85.8705
85.9039
85.8955
85.8981
85.8962
85.9275
85.9128
85.8835
85.8873
85.9084
85.8987
85.8885
85.8687
85.9196
85.9034
85.8906
85.8956
85.9193
85.9242
85.8845
85.8755
85.8591
85.8731
85.8791
85.8877
85.8833
85.8845
85.8725
85.9191
85.9231
85.8735
85.8751
85.9056
85.918
85.8663
85.9137
85.8846
85.8952
85.9091
85.8751
85.902
85.8761
85.8934
85.9206
85.8867
85.8744
85.8742
85.8649
85.8637
85.9227
85.9038
85.9019
85.8727
85.8857
85.8878
85.8558
85.9125
85.8982
85.8714
85.8948
85.9274
85.8946
85.8634
85.9336
85.8974
85.9032
85.8901
85.9326
85.9218
85.8866
85.8809
85.9033
85.8732
85.8892
85.8944
85.8887
85.9239
85.9429
85.9268
85.8708
85.8997
85.8805
85.8879
85.9146
85.9402
85.8962
85.9192
85.8997
85.9183
85.8708
85.9271
85.9058
85.8997
85.8864
85.9148
85.9382
85.8929
85.8945
85.9079
85.9001
85.8991
85.8757
85.9154
85.9001
85.8757
85.8935
85.895
85.8857
85.8903
85.9118
85.9088
85.9
85.9294
85.9094
85.9213
85.886
85.8735
85.9304
85.9099
85.9093
85.9072
85.8769
85.9433
85.8948
85.8894
85.89
85.9239
85.9337
85.869
85.9363
85.902
85.8733
85.8856
85.9045
85.8769
85.8626
85.9641
85.8836
85.9046
85.9229
85.9271
85.9039
85.8865
85.8882
85.8955
85.8909
85.8938
85.9018
85.8869
85.8704
85.893
85.8684
85.9296
85.9207
85.9286
85.8707
85.9003
85.9281
85.9179
85.9138
85.9193
85.915
85.9021
85.858
85.8606
85.9097
85.8894
85.9074
85.8709
85.8994
85.8983
85.8769
85.8987
85.9032
85.857
85.8879
85.8808
85.876
85.8704
85.8923
85.9217
85.8991
85.9346
85.8932
85.876
85.8649
85.9231
85.9105
85.8957
85.9233
85.896
85.9002
85.9324
85.8606
85.8904
85.8618
85.9013
85.8824
85.8951
85.9398
85.8878
85.9263
85.9258
85.8882
85.8865
85.9182
85.9142
85.8957
85.8817
85.9198
85.9127
85.8685
85.9225
85.9258
85.8966
85.8625
85.9148
85.8812
85.8975
85.8981
85.9066
85.9087
85.8739
85.9019
85.8843
85.8904
85.915
85.8942
85.8585
85.8787
85.8894
85.844
85.8714
85.9222
85.9072
85.8775
85.8757
85.916
85.8888
85.9096
85.9123
85.8905
85.9071
85.8679
85.8677
85.8921
85.8845
85.893
85.9125
85.9163
85.9243
85.9297
85.8811
85.9423
85.8998
85.8954
85.8821
85.9458
85.8899
85.8961
85.8926
85.8881
85.9174
85.8911
85.8966
85.9284
85.9061
85.8808
85.9068
85.9165
85.8962
85.9187
85.9191
85.9118
85.8852
85.8917
85.8816
85.9006
85.9256
85.922
85.8814
85.8993
85.9022
85.9118
85.884
85.94
85.8875
85.8989
85.9104
85.9139
85.8698
85.8918
85.8907
85.9335
85.9323
85.9297
85.9352
85.8922
85.9194
85.9563
85.8957
85.936
85.9131
85.954
85.9118
85.9494
85.9315
85.9397
85.9048
85.9291
85.913
85.9436
85.9187
85.9125
85.9579
85.8995
85.923
85.8974
85.9294
85.9077
85.8879
85.9194
85.9132
85.9285
85.9045
85.9159
85.9265
85.8885
85.9401
85.9713
85.9201
85.9127
85.9446
85.8987
85.9513
85.9335
85.8803
85.9021
85.9024
85.8525
85.8792
85.9232
85.9142
85.8955
85.9088
85.9091
85.9057
85.9389
85.937
85.9006
85.9102
85.8817
85.9422
85.8783
85.8719
85.9088
85.8731
85.897
85.9352
85.9038
85.9056
85.9247
85.8949
85.886
85.8727
85.8843
85.9049
85.891
85.892
85.8608
85.8993
85.9221
85.9053
85.8847
85.8958
85.9169
85.8846
85.8781
85.9289
85.8954
85.9135
85.8929
85.8704
85.8778
85.8648
85.8878
85.9234
85.8979
85.9078
85.8974
85.8888
85.9074
85.8884
85.9309
85.9191
85.8879
85.9023
85.8845
85.8992
85.8921
85.8865
85.9042
85.8747
85.8529
85.856
85.8989
85.8722
85.8799
85.902
85.8501
85.9178
85.8996
85.8901
85.9039
85.9289
85.9289
85.9024
85.9012
85.9111
85.9315
85.9097
85.9236
85.9163
85.9225
85.8863
85.8978
85.9179
85.9174
85.9013
85.9417
85.9209
85.9049
85.9008
85.8873
85.8969
85.9109
85.9146
85.8978
85.8849
85.9189
85.888
85.9404
85.9126
85.9417
85.8788
85.9185
85.8853
85.922
85.9358
85.8858
85.8952
85.9011
85.9182
85.8707
85.8918
85.8665
85.8662
85.9321
85.9194
85.9021
85.8708
85.9333
85.8599
85.9111
85.9184
85.9244
85.9171
85.9114
85.9052
85.9274
85.915
85.8878
85.9109
85.915
85.9175
85.9128
85.8881
85.8905
85.8964
85.8845
85.9343
85.9521
85.9097
85.9002
85.8914
85.8907
85.8897
85.9101
85.8901
85.9094
85.8883
85.8891
85.9088
85.9382
85.9025
85.8714
85.9146
85.8898
85.8735
85.9119
85.8975
85.8845
85.9201
85.9057
85.8639
85.8937
85.8948
85.8807
85.8695
85.9115
85.915
85.9373
85.9177
85.9151
85.9255
85.8893
85.9016
85.9064
85.9059
85.8791
85.9002
85.8481
85.8939
85.8935
85.9379
85.9157
85.8913
85.942
85.8756
85.8313
85.9403
85.877
85.9026
85.9351
85.8883
85.8969
85.8576
85.8977
85.8617
85.9283
85.8746
85.911
85.8592
85.9237
85.8758
85.8874
85.8692
85.894
85.9215
85.9372
85.9294
85.874
85.8861
85.8921
85.9003
85.9096
85.897
85.9092
85.8701
85.8985
85.9018
85.8787
85.9227
85.886
85.9494
85.9303
85.904
85.9195
85.9036
85.9368
85.916
85.9175
85.9052
85.9124
85.9186
85.8879
85.9262
85.8929
85.9079
85.8692
85.9273
85.8419
85.8684
85.9185
85.9355
85.9151
85.918
85.9242
85.9074
85.9207
85.8692
85.9022
85.8609
85.8856
85.8445
85.8775
85.8777
85.8921
85.8673
85.8665
85.9051
85.9148
85.9169
85.8975
85.8836
85.9252
85.9123
85.912
85.9131
85.8825
85.8832
85.8873
85.9364
85.8934
85.9201
85.9203
85.9147
85.899
85.8952
85.91
85.9312
85.9019
85.8738
85.8753
85.8931
85.8802
85.8655
85.8971
85.9176
85.902
85.9276
85.8715
85.8865
85.8999
85.891
85.8897
85.9323
85.9227
85.9162
85.8963
85.9087
85.8896
85.8799
85.8683
85.9189
85.8535
85.8978
85.889
85.9027
85.9212
85.9169
85.8952
85.8923
85.8923
85.8681
85.9205
85.8609
85.8856
85.9312
85.9114
85.9039
85.9622
85.866
85.8871
85.8935
85.9079
85.895
85.904
85.8636
85.8656
85.8596
85.8955
85.9005
85.8795
85.861
85.857
85.882
85.8718
85.9026
85.9203
85.8921
85.8813
85.8876
85.9161
85.9225
85.8729
85.933
85.884
85.8988
85.9168
85.9114
85.8759
85.9077
85.8811
85.9484
85.8851
85.8655
85.9112
85.8902
85.8567
85.9158
85.9144
85.9087
85.9372
85.9174
85.9447
85.9354
85.8928
85.8865
85.881
85.9004
85.9182
85.899
85.8495
85.8873
85.9348
85.9122
85.9427
85.9089
85.8958
85.9054
85.8944
85.893
85.8711
85.8667
85.8983
85.8781
85.8657
85.8463
85.8951
85.8831
85.8801
85.8576
85.9078
85.8813
85.9018
85.9347
85.9168
85.9483
85.927
85.8725
85.9031
85.9368
85.8905
85.8577
85.9052
85.8907
85.8998
85.8931
85.9189
85.9063
85.9092
85.8934
85.8908
85.9275
85.9146
85.8466
85.9036
85.9413
85.9333
85.8903
85.8962
85.9025
85.8725
85.8812
85.8799
85.9153
85.931
85.887
85.8857
85.8777
85.9144
85.8762
85.9286
85.8984
85.8637
85.8799
85.8996
85.9236
85.9081
85.9
85.9053
85.9422
85.8874
85.9052
85.8849
85.933
85.9224
85.8773
85.9264
85.8812
85.8881
85.9009
85.9463
85.8907
85.9006
85.8847
85.8846
85.8943
85.8981
85.88
85.8832
85.8727
85.8771
85.9349
85.8883
85.9241
85.8803
85.9421
85.8937
85.9067
85.8948
85.9316
85.9026
85.8597
85.9016
85.8946
85.8932
85.9265
85.8805
85.8798
85.8945
85.8721
85.8967
85.8781
85.8827
85.8917
85.883
85.8654
85.8795
85.8925
85.924
85.8966
85.8874
85.8788
85.8868
85.8795
85.9303
85.9546
85.9046
85.9103
85.885
85.8968
85.905
85.8739
85.8866
85.8784
85.9233
85.8736
85.8644
85.8955
85.9162
85.8938
85.8714
85.8798
85.86
85.8969
85.8726
85.8832
85.9077
85.89
85.878
85.9201
85.9289
85.8976
85.8897
85.9038
85.8634
85.8838
85.9012
85.8965
85.9389
85.8985
85.8798
85.87
85.9164
85.8749
85.8674
85.8719
85.9151
85.8455
85.8567
85.901
85.8901
85.8879
85.9116
85.8623
85.8949
85.8643
85.8913
85.8703
85.8831
85.9112
85.9274
85.8925
85.8866
85.8928
85.8785
85.904
85.9372
85.887
85.8997
85.9
85.9327
85.8821
85.9367
85.8924
85.9174
85.9089
85.9157
85.8796
85.9021
85.9036
85.9098
85.9316
85.9007
85.9108
85.8979
85.8849
85.8999
85.8941
85.895
85.9084
85.8643
85.8961
85.9316
85.8963
85.9054
85.8854
85.9223
85.8798
85.8618
85.884
85.9139
85.911
85.8927
85.9045
85.931
85.9096
85.8844
85.876
85.8924
85.8991
85.9034
85.8986
85.8786
85.8884
85.9139
85.8635
85.8699
85.9247
85.9186
85.8626
85.9298
85.8995
85.9126
85.8706
85.8762
85.8769
85.8614
85.8894
85.8775
85.9141
85.8637
85.8917
85.9193
85.8621
85.9148
85.8816
85.9285
85.8834
85.9233
85.9113
85.91
85.9042
85.9123
85.9141
85.8871
85.8834
85.9202
85.877
85.9367
85.8965
85.8805
85.8499
85.8949
85.8758
85.8966
85.8775
85.9035
85.9003
85.8337
85.9067
85.937
85.8867
85.8876
85.8623
85.9023
85.884
85.8887
85.879
85.9171
85.9014
85.8949
85.9277
85.9126
85.895
85.9047
85.9152
85.8719
85.9455
85.8692
85.9179
85.9477
85.8921
85.9155
85.862
85.8783
85.92
85.8912
85.896
85.9161
85.8786
85.8957
85.8723
85.9124
85.8954
85.8543
85.8507
85.894
85.8863
85.9146
85.9006
85.8847
85.9083
85.8828
85.8769
85.9046
85.8867
85.8803
85.9029
85.8932
85.905
85.939
85.8699
85.9323
85.9073
85.8866
85.8906
85.9859
85.9204
85.9197
85.9077
85.925
85.8774
85.8908
85.9229
85.9117
85.9403
85.8972
85.8771
85.9102
85.9143
85.9343
85.8892
85.8917
85.8991
85.9149
85.9229
85.9104
85.929
85.944
85.9104
85.8987
85.9327
85.9003
85.8983
85.9115
85.897
85.8851
85.8672
85.9062
85.8959
85.9372
85.9377
85.8923
85.9125
85.9394
85.8886
85.8804
85.8984
85.8834
85.9068
85.8603
85.8518
85.8867
85.8961
85.9068
85.8874
85.8986
85.8671
85.8938
85.8704
85.8709
85.8795
85.9143
85.9288
85.8743
85.9131
85.8557
85.911
85.8878
85.9123
85.8843
85.8733
85.9015
85.9008
85.8491
85.9104
85.9124
85.9014
85.9463
85.888
85.8816
85.8752
85.9241
85.9253
85.8953
85.8639
85.9122
85.8736
85.8681
85.9057
85.9045
85.8852
85.911
85.9345
85.9077
85.8908
85.8822
85.8936
85.8759
85.9143
85.9097
85.9145
85.9085
85.9069
85.897
85.8391
85.8981
85.9165
85.8976
85.8784
85.9005
85.9039
85.8687
85.8986
85.8625
85.9015
85.8761
85.9209
85.8764
85.9076
85.8711
85.883
85.8735
85.8818
85.8726
85.8503
85.8796
85.8931
85.8889
85.8646
85.899
85.8359
85.8818
85.8962
85.9402
85.8792
85.9239
85.9073
85.8669
85.9127
85.8441
85.8958
85.9398
85.9006
85.8859
85.9021
85.8886
85.9238
85.8912
85.9023
85.9269
85.8886
85.89
85.8808
85.8821
85.9019
85.9159
85.8816
85.8901
85.8888
85.9306
85.8891
85.9111
85.9354
85.9157
85.9279
85.8699
85.9295
85.871
85.9119
85.8914
85.9091
85.8881
85.8496
85.9063
85.8827
85.899
85.8733
85.8889
85.8915
85.9517
85.857
85.9479
85.8731
85.8718
85.9332
85.8763
85.8728
85.8844
85.9192
85.8888
85.9073
85.9244
85.87
85.8991
85.8902
85.8998
85.9095
85.9315
85.9227
85.9157
85.8997
85.9144
85.9238
85.9031
85.9276
85.8809
85.8666
85.8623
85.8922
85.8804
85.8758
85.8875
85.9485
85.8942
85.8954
85.9069
85.9092
85.9106
85.8863
85.8867
85.8985
85.9128
85.915
85.8803
85.8856
85.9181
85.8654
85.9316
85.8657
85.8708
85.8804
85.883
85.8826
85.8986
85.8718
85.911
85.8939
85.9117
85.8294
85.8917
85.8708
85.9002
85.8865
85.895
85.9475
85.8395
85.8979
85.8824
85.8962
85.8573
85.9046
85.9115
85.8575
85.8701
85.8963
85.8842
85.8929
85.8438
85.9156
85.9175
85.8967
85.9139
85.8839
85.8969
85.885
85.8991
85.8685
85.9262
85.8885
85.8751
85.9016
85.8684
85.8958
85.9186
85.8993
85.8919
85.9284
85.9262
85.8895
85.8779
85.9251
85.8858
85.8659
85.9187
85.8737
85.875
85.8866
85.9045
85.9004
85.8893
85.8965
85.8905
85.9361
85.9078
85.8899
85.904
85.9125
85.8997
85.8848
85.8926
85.8839
85.8702
85.8954
85.875
85.9029
85.865
85.9139
85.9137
85.9395
85.8916
85.9008
85.9193
85.9073
85.9253
85.9053
85.9646
85.8986
85.8985
85.9007
85.9289
85.9197
85.9145
85.8974
85.8536
85.8891
85.8895
85.8781
85.8851
85.8725
85.9046
85.9024
85.9486
85.8886
85.9222
85.8754
85.8943
85.9058
85.8493
85.9059
85.8661
85.9202
85.8947
85.9091
85.8951
85.9047
85.9176
85.9138
85.918
85.8891
85.9226
85.865
85.8931
85.929
85.8737
85.8997
85.9019
85.8983
85.8824
85.8937
85.8877
85.8665
85.8781
85.8786
85.9023
85.9123
85.8992
85.8709
85.9469
85.9099
85.8987
85.9049
85.9083
85.9398
85.9067
85.9525
85.9169
85.9113
85.9046
85.9411
85.9144
85.8677
85.9128
85.908
85.8606
85.9033
85.8964
85.8876
85.8694
85.9181
85.8992
85.9037
85.9082
85.9223
85.9018
85.8968
85.9499
85.9212
85.8889
85.9299
85.9151
85.8887
85.9116
85.8868
85.898
85.9321
85.8933
85.8731
85.8875
85.8734
85.8696
85.8531
85.8625
85.8917
85.8772
85.8877
85.8865
85.9062
85.8812
85.8858
85.9018
85.8881
85.8982
85.8775
85.899
85.8919
85.8928
85.9004
85.8747
85.9076
85.8377
85.8982
85.8817
85.9084
85.901
85.9202
85.8931
85.9158
85.901
85.9035
85.8761
85.9128
85.8755
85.9035
85.8912
85.9024
85.9247
85.9197
85.8883
85.8764
85.9678
85.8899
85.8545
85.9
85.9268
85.9127
85.9071
85.8982
85.8744
85.9419
85.9007
85.8736
85.8762
85.8852
85.9161
85.8871
85.9076
85.8941
85.8382
85.9184
85.8954
85.8789
85.8829
85.8578
85.911
85.8636
85.9021
85.9007
85.8786
85.927
85.8953
85.896
85.8799
85.8673
85.898
85.9127
85.8925
85.9507
85.869
85.9154
85.8709
85.8469
85.861
85.9009
85.9267
85.9123
85.9097
85.9044
85.8927
85.9142
85.8848
85.9207
85.8859
85.8832
85.9057
85.9231
85.8636
85.8929
85.8759
85.9218
85.912
85.9305
85.899
85.8745
85.9264
85.9057
85.8979
85.8838
85.9269
85.8804
85.8924
85.919
85.9103
85.878
85.8794
85.8794
85.9185
85.8796
85.8667
85.9034
85.9158
85.8687
85.8812
85.8938
85.9056
85.9152
85.8905
85.8567
85.9058
85.8818
85.857
85.8903
85.8676
85.8721
85.9257
85.9104
85.8776
85.894
85.9526
85.883
85.8951
85.8628
85.882
85.8847
85.9148
85.8873
85.898
85.9065
85.9158
85.9357
85.8832
85.9035
85.9069
85.8927
85.9163
85.8813
85.8926
85.898
85.9208
85.8892
85.9215
85.9082
85.8953
85.8812
85.9094
85.9333
85.8954
85.8965
85.9252
85.902
85.8794
85.9322
85.8856
85.8685
85.9052
85.9388
85.9586
85.9116
85.917
85.9051
85.8742
85.8807
85.9359
85.9565
85.8857
85.8716
85.8921
85.9055
85.8707
85.9008
85.8323
85.8872
85.8661
85.8822
85.9194
85.8942
85.9118
85.8892
85.8533
85.9127
85.8893
85.9421
85.8518
85.8757
85.8677
85.8924
85.9223
85.8849
85.8948
85.8952
85.9033
85.9102
85.9028
85.8975
85.9182
85.9113
85.8916
85.931
85.9135
85.8759
85.8803
85.8843
85.9011
85.9026
85.9054
85.9175
85.9223
85.9318
85.89
85.9072
85.9278
85.8642
85.8965
85.8842
85.8793
85.9283
85.9253
85.9029
85.8883
85.9136
85.9018
85.8802
85.9101
85.8902
85.8979
85.9432
85.8965
85.9263
85.8941
85.9272
85.8949
85.8693
85.9112
85.9143
85.9101
85.9145
85.88
85.8946
85.8927
85.9276
85.8992
85.8815
85.8974
85.8584
85.8675
85.8708
85.9162
85.8751
85.8822
85.9295
85.9062
85.8842
85.9164
85.9076
85.8813
85.9053
85.9202
85.9011
85.923
85.8818
85.9108
85.8878
85.9178
85.9016
85.8354
85.9076
85.8876
85.9167
85.8869
85.9064
85.8976
85.9148
85.8761
85.901
85.9296
85.9171
85.9165
85.9104
85.8859
85.9146
85.9023
85.8611
85.9155
85.8425
85.9208
85.901
85.8858
85.8894
85.8866
85.9093
85.8871
85.9021
85.9163
85.8529
85.8855
85.8585
85.8522
85.9222
85.8829
85.8914
85.893
85.8743
85.8929
85.9338
85.8844
85.8986
85.8577
85.8872
85.8898
85.8875
85.8841
85.8974
85.8875
85.8915
85.9037
85.8802
85.8901
85.8764
85.9186
85.8744
85.8914
85.8966
85.8708
85.8557
85.9304
85.8767
85.9124
85.9127
85.8967
85.8865
85.9113
85.9536
85.8784
85.8803
85.9415
85.9125
85.9074
85.8928
85.94
85.943
85.8804
85.8933
85.9295
85.9275
85.9184
85.9228
85.9087
85.9032
85.9586
85.9323
85.9042
85.9189
85.894
85.8709
85.9616
85.9139
85.9134
85.9182
85.8923
85.9268
85.9493
85.9198
85.9107
85.9076
85.8999
85.9085
85.8777
85.9374
85.9167
85.9175
85.8701
85.8975
85.9177
85.9219
85.8841
85.8476
85.9027
85.8857
85.9319
85.9382
85.9311
85.9008
85.912
85.915
85.8995
85.8877
85.9089
85.8967
85.9061
85.8697
85.8994
85.9075
85.9033
85.8837
85.9075
85.8487
85.8898
85.8889
85.9082
85.9101
85.8996
85.9219
85.9027
85.9197
85.8852
85.8773
85.8965
85.897
85.9178
85.8672
85.8987
85.8963
85.8884
85.8733
85.9006
85.8836
85.9252
85.8694
85.8858
85.8851
85.914
85.9154
85.8994
85.8952
85.888
85.9216
85.9011
85.9064
85.8487
85.896
85.9392
85.8995
85.9011
85.9271
85.8995
85.914
85.9305
85.9039
85.8997
85.9367
85.8661
85.8865
85.8847
85.9087
85.8669
85.9072
85.8544
85.8833
85.9424
85.8726
85.894
85.8904
85.8767
85.8953
85.8638
85.9119
85.9304
85.8674
85.8855
85.923
85.8899
85.91
85.9079
85.9114
85.9095
85.9319
85.9058
85.9298
85.9303
85.8963
85.8956
85.8888
85.9041
85.8891
85.9104
85.9096
85.8737
85.9139
85.9017
85.8833
85.8802
85.8928
85.9048
85.8849
85.8664
85.8465
85.8799
85.8746
85.8943
85.8969
85.865
85.8912
85.8626
85.8935
85.8614
85.898
85.8889
85.9035
85.8821
85.933
85.8814
85.9188
85.8854
85.8701
85.9
85.8927
85.8682
86.0053
85.8528
85.8927
85.8917
85.9599
85.9314
85.9018
85.9331
85.8892
85.8845
85.875
85.9149
85.8958
85.8873
85.8839
85.9235
85.9246
85.9124
85.8514
85.9193
85.8971
85.8606
85.8665
85.9038
85.8957
85.9114
85.8953
85.9011
85.8832
85.8866
85.8923
85.877
85.8953
85.9055
85.9071
85.9395
85.9357
85.9396
85.883
85.8821
85.867
85.9009
85.925
85.8979
85.8922
85.8551
85.8969
85.9032
85.9112
85.906
85.8889
85.8961
85.8816
85.8889
85.9102
85.891
85.8578
85.8847
85.9087
85.8692
85.9042
85.8665
85.9566
85.905
85.891
85.8816
85.888
85.8627
85.8799
85.9306
85.8746
85.9181
85.8406
85.9041
85.8771
85.8737
85.8693
85.8684
85.873
85.9295
85.915
85.8971
85.876
85.9057
85.9097
85.8782
85.8914
85.8516
85.8849
85.9136
85.9235
85.9003
85.9139
85.9048
85.9007
85.9172
85.92
85.9022
85.8775
85.9226
85.9059
85.914
85.8474
85.8916
85.8997
85.8844
85.8777
85.8897
85.8868
85.9022
85.8977
85.903
85.9279
85.9015
85.8895
85.9171
85.9144
85.8925
85.8802
85.9061
85.8857
85.9121
85.9098
85.905
85.8832
85.8467
85.8887
85.8821
85.9121
85.8926
85.8745
85.88
85.9256
85.9289
85.8836
85.9454
85.8743
85.8858
85.8589
85.9433
85.8764
85.9119
85.9023
85.8716
85.8719
85.8745
85.9027
85.8969
85.8918
85.8875
85.8655
85.9235
85.8828
85.9167
85.8997
85.9248
85.9103
85.9143
85.8459
85.8942
85.9014
85.9101
85.884
85.9276
85.9176
85.9147
85.9057
85.9154
85.911
85.8985
85.903
85.8854
85.91
85.912
85.8885
85.8881
85.8623
85.9169
85.9077
85.8799
85.8717
85.8829
85.8885
85.9201
85.8892
85.8793
85.8776
85.907
85.8908
85.8777
85.8992
85.9171
85.8987
85.879
85.9138
85.9077
85.9058
85.9091
85.9063
85.9002
85.9157
85.8738
85.8988
85.8715
85.9184
85.8761
85.8976
85.9529
85.8715
85.9733
85.8877
85.8714
85.9039
85.9015
85.9105
85.8972
85.8942
85.9119
85.9157
85.91
85.9175
85.8615
85.9036
85.9392
85.9254
85.9436
85.8815
85.8859
85.8813
85.9252
85.8778
85.8872
85.8907
85.8893
85.9062
85.8803
85.9384
85.9339
85.9107
85.9036
85.8817
85.8802
85.9248
85.8989
85.8904
85.8701
85.9305
85.9027
85.8964
85.9034
85.9155
85.8627
85.9128
85.8712
85.9019
85.8951
85.8963
85.9065
85.8773
85.9432
85.9117
85.9027
85.889
85.9158
85.8754
85.8447
85.9258
85.8799
85.8803
85.8982
85.8901
85.9062
85.9024
85.904
85.8812
85.892
85.8582
85.9203
85.8965
85.9112
85.8625
85.9136
85.8793
85.8719
85.8919
85.9007
85.9313
85.913
85.8754
85.8924
85.899
85.8959
85.8568
85.8845
85.9053
85.9134
85.9192
85.8792
85.9266
85.9048
85.8998
85.8814
85.85
85.9086
85.888
85.9472
85.9223
85.918
85.899
85.9021
85.9223
85.9056
85.8524
85.8957
85.9253
85.8964
85.9024
85.8807
85.8903
85.8981
85.8881
85.8655
85.87
85.9108
85.8935
85.9359
85.9399
85.8855
85.9086
85.9169
85.8679
85.893
85.9066
85.8984
85.8775
85.8923
85.8687
85.8986
85.8913
85.9148
85.8904
85.8669
85.8878
85.8875
85.899
85.9241
85.8884
85.9217
85.9261
85.8928
85.8923
85.8775
85.9033
85.8826
85.8398
85.8977
85.9492
85.8971
85.9256
85.8703
85.8857
85.9513
85.8759
85.8813
85.8911
85.8769
85.9551
85.9155
85.9058
85.9351
85.8819
85.8987
85.9013
85.9205
85.9447
85.8581
85.8605
85.8924
85.8816
85.8854
85.896
85.9183
85.8845
85.8876
85.9104
85.8865
85.8987
85.8735
85.8658
85.8871
85.9262
85.8736
85.8792
85.8681
85.938
85.8785
85.8733
85.9102
85.9264
85.8773
85.8439
85.9374
85.8908
85.9049
85.8698
85.9291
85.879
85.9064
85.8891
85.9468
85.8823
85.9005
85.8903
85.9284
85.8687
85.8717
85.8681
85.928
85.9695
85.8978
85.8857
85.9267
85.9491
85.9026
85.9029
85.925
85.9104
85.8729
85.9378
85.9173
85.8798
85.8876
85.8966
85.9046
85.8852
85.9371
85.9241
85.9278
85.9565
85.9599
85.9035
85.9366
85.8841
85.9153
85.9406
85.9384
85.8953
85.9104
85.9073
85.9173
85.9157
85.9357
85.9001
85.9044
85.9098
85.8668
85.9092
85.8713
85.925
85.8876
85.9096
85.9573
85.9094
85.9288
85.8641
85.9005
85.8901
85.8921
85.8657
85.9018
85.8991
85.8921
85.9153
85.9216
85.9125
85.8844
85.9046
85.9176
85.8833
85.9223
85.8915
85.9152
85.887
85.8732
85.9275
85.8745
85.9062
85.8704
85.8984
85.9139
85.8681
85.9005
85.8704
85.8733
85.9114
85.8885
85.8604
85.8866
85.8811
85.9424
85.9297
85.8831
85.893
85.9085
85.9169
85.8513
85.9104
85.8906
85.8893
85.9172
85.895
85.8873
85.9016
85.9004
85.8766
85.9074
85.8882
85.8793
85.9343
85.8703
85.8887
85.867
85.9211
85.8855
85.8808
85.8813
85.937
85.8901
85.8873
85.9361
85.8857
85.8766
85.8831
85.8845
85.9173
85.9172
85.8612
85.9087
85.8817
85.8687
85.8936
85.9379
85.9014
85.9127
85.8814
85.9145
85.9122
85.8713
85.8908
85.8931
85.915
85.9352
85.8951
85.9418
85.867
85.9267
85.9005
85.9231
85.8896
85.9453
85.8724
85.8936
85.8599
85.9112
85.8894
85.9005
85.9236
85.9389
85.9168
85.9139
85.9318
85.8873
85.9194
85.8671
85.9066
85.8738
85.9195
85.8735
85.9003
85.9048
85.8674
85.8674
85.9021
85.9176
85.898
85.9179
85.9054
85.8645
85.8883
85.8929
85.8991
85.9108
85.8671
85.8696
85.9072
85.9275
85.8724
85.9227
85.9046
85.8969
85.9138
85.8643
85.9023
85.898
85.8682
85.9116
85.8787
85.8805
85.9007
85.892
85.8736
85.881
85.8968
85.915
85.9105
85.8809
85.8855
85.8764
85.938
85.9084
85.8807
85.9156
85.9021
85.9254
85.9244
85.9035
85.8688
85.9018
85.9061
85.9386
85.88
85.8662
85.8998
85.8415
85.8796
85.925
85.8966
85.939
85.8748
85.8952
85.91
85.9108
85.8867
85.8823
85.8742
85.909
85.891
85.8711
85.8884
85.9101
85.9182
85.9203
85.9196
85.8959
85.9128
85.8927
85.9591
85.9076
85.8893
85.9459
85.9033
85.8766
85.8724
85.9301
85.9019
85.8985
85.9113
85.8907
85.9323
85.9278
85.8934
85.9147
85.9127
85.9301
85.9229
85.8533
85.9223
85.8982
85.8858
85.9117
85.9181
85.9298
85.9181
85.951
85.8912
85.9073
85.8758
85.9266
85.8928
85.8981
85.8976
85.8458
85.9044
85.9344
85.888
85.8847
85.9287
85.8835
85.9005
85.8979
85.8659
85.9039
85.9045
85.8855
85.9373
85.8935
85.9039
85.8649
85.8913
85.9178
85.917
85.8871
85.8984
85.8767
85.9149
85.8919
85.9194
85.8979
85.874
85.8752
85.9216
85.9111
85.9259
85.8899
85.8953
85.8936
85.8969
85.8847
85.8907
85.9149
85.876
85.8492
85.9266
85.9238
85.8877
85.8748
85.8985
85.8901
85.9075
85.8732
85.8939
85.8665
85.9273
85.8886
85.8953
85.8728
85.8983
85.8904
85.8845
85.8964
85.8666
85.9146
85.8677
85.9015
85.8888
85.9151
85.9057
85.9306
85.8725
85.8757
85.8902
85.9043
85.953
85.9064
85.9343
85.8829
85.8995
85.9154
85.8929
85.8801
85.9109
85.9487
85.8923
85.9125
85.8956
85.8762
85.8808
85.9242
85.8801
85.8922
85.9118
85.8864
85.9316
85.8701
85.9235
85.8849
85.9022
85.9159
85.8859
85.9027
85.8933
85.9162
85.8914
85.8959
85.872
85.9237
85.9141
85.9205
85.841
85.9005
85.8929
85.9127
85.9424
85.9149
85.8768
85.9261
85.8929
85.9157
85.9195
85.8773
85.8786
85.8928
85.9024
85.8942
85.874
85.9318
85.906
85.8849
85.9123
85.8868
85.8773
85.8662
85.8677
85.8676
85.9111
85.8697
85.9308
85.9214
85.8921
85.8955
85.864
85.8914
85.921
85.8835
85.8437
85.923
85.8935
85.8843
85.8845
85.874
85.896
85.8969
85.896
85.9123
85.9148
85.8935
85.8979
85.8886
85.8885
85.9079
85.9423
85.8942
85.8836
85.8686
85.9349
85.9071
85.8422
85.8991
85.8559
85.9099
85.9616
85.9082
85.8639
85.9199
85.902
85.9105
85.8708
85.9015
85.8573
85.8978
85.8979
85.8566
85.8966
85.9263
85.888
85.8944
85.8828
85.873
85.8992
85.9004
85.9112
85.9274
85.911
85.8891
85.8577
85.8915
85.9115
85.9238
85.9047
85.8912
85.8926
85.9209
85.9056
85.9034
85.9118
85.8955
85.9101
85.8922
85.9031
85.9105
85.8921
85.8837
85.8936
85.8933
85.8882
85.9076
85.9425
85.8775
85.8675
85.9127
85.8999
85.9189
85.8771
85.8658
85.8888
85.8805
85.8988
85.9024
85.9232
85.9114
85.8686
85.8897
85.8826
85.8877
85.8689
85.9314
85.9011
85.9112
85.9085
85.9044
85.8854
85.8779
85.9134
85.9209
85.8964
85.8681
85.9085
85.9299
85.8898
85.9214
85.8896
85.8896
85.894
85.8708
85.8734
85.883
85.8954
85.8766
85.9188
85.8977
85.8836
85.8528
85.8907
85.8753
85.9492
85.9383
85.8607
85.8845
85.8804
85.8847
85.8726
85.9239
85.9146
85.9126
85.869
85.8906
85.9045
85.8659
85.8501
85.8636
85.8991
85.9108
85.888
85.909
85.9047
85.8642
85.8876
85.9204
85.9136
85.9175
85.9121
85.9274
85.9093
85.8835
85.9195
85.8704
85.8984
85.9016
85.8901
85.8804
85.9407
85.9044
85.9239
85.9305
85.8917
85.9265
85.9072
85.9122
85.9294
85.8805
85.9326
85.8621
85.8883
85.9016
85.907
85.8933
85.9319
85.9193
85.8912
85.8915
85.9429
85.9059
85.9287
85.8795
85.9045
85.928
85.9532
85.8956
85.8932
85.9222
85.8797
85.9233
85.9149
85.8922
85.9107
85.9083
85.9152
85.9318
85.909
85.9261
85.918
85.9558
85.9281
85.9067
85.8746
85.9122
85.9246
85.8939
85.875
85.936
85.924
85.8896
85.8755
85.9194
85.889
85.9287
85.9316
85.8777
85.9132
85.8748
85.8862
85.9056
85.8849
85.9055
85.8864
85.8945
85.9081
85.8794
85.8528
85.912
85.9342
85.8969
85.9133
85.8577
85.8709
85.8538
85.8621
85.897
85.8511
85.9709
85.8846
85.8974
85.895
85.8903
85.8987
85.8777
85.8911
85.9037
85.8998
85.9009
85.8831
85.8762
85.9353
85.8559
85.9595
85.9103
85.8512
85.9101
85.9065
85.88
85.8777
85.8977
85.8894
85.8999
85.9092
85.8796
85.884
85.9001
85.9288
85.8946
85.8833
85.8936
85.9038
85.9251
85.8612
85.8973
85.882
85.8544
85.8776
85.903
85.8863
85.8825
85.8927
85.8864
85.891
85.8859
85.8964
85.8926
85.9062
85.9207
85.929
85.8816
85.871
85.8977
85.8548
85.8914
85.8913
85.8868
85.919
85.9092
85.8878
85.895
85.8825
85.8858
85.9013
85.8774
85.8952
85.8867
85.881
85.8871
85.865
85.8993
85.9272
85.9066
85.8664
85.8497
85.8913
85.8693
85.9204
85.8784
85.9097
85.8714
85.9051
85.8953
85.8843
85.8835
85.886
85.8939
85.9043
85.8944
85.8854
85.8834
85.8781
85.9003
85.8812
85.8878
85.8825
85.9159
85.8587
85.8923
85.8951
85.9026
85.8925
85.9241
85.8859
85.9212
85.8709
85.8843
85.8893
85.9203
85.9208
85.8882
85.881
85.9225
85.9102
85.9018
85.874
85.8517
85.894
85.8587
85.9026
85.86
85.8666
85.9066
85.9251
85.8776
85.9084
85.9014
85.8883
85.906
85.9283
85.8932
85.8934
85.8664
85.8951
85.8505
85.8865
85.8818
85.8988
85.9001
85.8805
85.8795
85.8837
85.8657
85.8622
85.8984
85.888
85.8935
85.9008
85.8935
85.8872
85.8989
85.8657
85.9044
85.919
85.8734
85.9408
85.9267
85.889
85.8764
85.8929
85.8915
85.8977
85.904
85.9062
85.9226
85.8768
85.8779
85.8691
85.8842
85.8819
85.92
85.9034
85.907
85.8959
85.8988
85.8846
85.8883
85.8741
85.8966
85.9138
85.9224
85.8896
85.9064
85.8863
85.8511
85.917
85.9126
85.8725
85.9112
85.8834
85.9078
85.8987
85.9016
85.921
85.8672
85.8682
85.9133
85.9258
85.8953
85.9112
85.909
85.873
85.8761
85.9133
85.928
85.8921
85.8717
85.9125
85.8921
85.8792
85.912
85.9145
85.9014
85.8942
85.9317
85.9321
85.9013
85.9035
85.8675
85.8686
85.8826
85.9367
85.9006
85.914
85.8909
85.8907
85.9147
85.903
85.9035
85.8779
85.885
85.8911
85.8893
85.8717
85.8345
85.9131
85.9124
85.8943
85.8882
85.9006
85.9166
85.853
85.8746
85.8877
85.9091
85.8697
85.8993
85.8615
85.8861
85.893
85.8734
85.8893
85.9014
85.9032
85.9154
85.9289
85.8877
85.9154
85.8997
85.9135
85.9007
85.9092
85.8835
85.9125
85.9056
85.9356
85.8929
85.904
85.8872
85.923
85.8711
85.9076
85.9165
85.8885
85.9021
85.8926
85.8939
85.8927
85.8834
85.8957
85.8934
85.9211
85.9266
85.9104
85.8992
85.9116
85.9052
85.892
85.8908
85.9269
85.9128
85.8504
85.8455
85.9163
85.928
85.9236
85.8498
85.8933
85.9166
85.8865
85.909
85.8832
85.8698
85.8908
85.8931
85.924
85.8955
85.9026
85.9006
85.9108
85.9137
85.9032
85.8854
85.9136
85.8977
85.9022
85.895
85.9049
85.8948
85.8766
85.8534
85.9131
85.8903
85.934
85.9036
85.9154
85.9482
85.9535
85.9073
85.8752
85.8804
85.9022
85.932
85.8728
85.8648
85.9065
85.8758
85.8968
85.9021
85.9086
85.899
85.9107
85.9073
85.9028
85.8549
85.869
85.8884
85.8872
85.8893
85.8725
85.8618
85.8752
85.9277
85.9077
85.8666
85.8766
85.8645
85.9048
85.8816
85.9007
85.9092
85.9024
85.895
85.8944
85.9038
85.896
85.8888
85.8976
85.8821
85.8925
