3.45687
3.44801
3.4441
3.4581
3.47161
3.44846
3.45977
3.43981
3.48532
3.47384
3.4426
3.40402
3.42968
3.44336
3.46333
3.47518
3.43148
3.4259
3.40588
3.4085
3.45395
3.45824
3.4489
3.42021
3.41298
3.38999
3.37925
3.37835
3.39522
3.41839
3.40386
3.34938
3.37025
3.38418
3.36584
3.39516
3.3726
3.41195
3.33261
3.33152
3.36576
3.38881
3.33848
3.30887
3.30742
3.3187
3.34879
3.31423
3.32395
3.2964
3.30057
3.26792
3.35519
3.30279
3.25946
3.29867
3.26869
3.27039
3.25663
3.25222
3.25765
3.25972
3.2199
3.22271
3.24401
3.22733
3.20047
3.2748
3.19943
3.20251
3.20936
3.18936
3.21648
3.1883
3.20361
3.17603
3.17987
3.19492
3.22137
3.14214
3.17764
3.18851
3.14011
3.17476
3.17789
3.12059
3.12826
3.11796
3.10799
3.12646
3.10974
3.08908
3.11824
3.11039
3.11666
3.07884
3.11275
3.06865
3.08648
3.06404
3.06372
3.07536
3.08273
3.09761
3.08949
3.07182
3.05882
3.06683
3.02586
3.05798
3.02494
3.04103
3.0312
3.03901
3.05238
2.99226
3.01541
3.015
2.99327
3.00992
2.99475
3.01665
2.9884
2.99936
2.99081
2.97414
2.96283
2.98696
2.97529
2.96519
2.95659
2.98213
2.97148
2.97375
2.96478
2.9522
2.9704
2.95501
2.95662
2.94532
2.9318
2.93992
2.93169
2.94221
2.92455
2.92599
2.95387
2.93393
2.92474
2.92051
2.91713
2.92008
2.90725
2.91129
2.90776
2.88334
2.89498
2.92505
2.90327
2.88747
2.89112
2.88559
2.8938
2.88533
2.87235
2.86267
2.87002
2.88347
2.87044
2.86964
2.87168
2.86076
2.86322
2.85175
2.87203
2.87531
2.85204
2.85023
2.84825
2.85223
2.83615
2.86282
2.83028
2.85858
2.84169
2.83935
2.8497
2.83932
2.83638
2.83108
2.82357
2.82954
2.82772
2.81686
2.82095
2.81587
2.80559
2.79926
2.81552
