     30
     48
    154
    303
    569
    589
    754
   1123
   1509
   1920
   2829
   2504
   3254
   3852
   3853
   4694
   5111
   6112
   7075
   6991
   7731
   8744
   9509
  10754
  11556
  12927
  13017
  14429
  16299
  16917
  18095
  18059
  19913
  21484
  22441
  23807
  26657
  27302
  28066
  30707
  32568
  34891
  34476
  35962
  38960
  41231
  42420
  45267
  46158
  48075
  51092
  51689
  56714
  57165
  59721
  59708
  63191
  66646
  68034
  71230
  75024
  75316
  78888
  79523
  83909
  87522
  89427
  89742
  93088
  97463
  98485
 104877
 104233
 109755
 112507
 118539
 118839
 122411
 123656
 128705
 133993
 136172
 139278
 141900
 144971
 149696
 153761
 160008
 161868
 165748
 170614
 175254
 179159
 183381
 185385
 192986
 196148
 204327
 206001
 208648
 213536
 219043
 228043
 227887
 234265
 239486
 243324
 247654
 255732
 260738
 261949
 273812
 273467
 277705
 287399
 291304
 298827
 302054
 307822
 316178
 320483
 326222
 332779
 334675
 343658
 349054
 354311
 362933
 366334
 373143
 379946
 386938
 389341
 401661
 410989
 415212
 422313
 425021
 437830
 438318
 452559
 456566
 462663
 467914
 483130
 485588
 496538
 505491
 514514
 516406
 521289
 533947
 551130
 550136
 558769
 563120
 571591
 580558
 587486
 602181
 609996
 615999
 629084
 633736
 639857
 649619
 659571
 663960
 681064
 690918
 692134
 710745
 718119
 732693
 735850
 749387
 756515
 773278
 775580
 790256
 801811
 809533
 819250
 836760
 840115
 858455
 871400
 876010
 884504
 895533
 907966
 915387
 927913
 935618
 952902
 963900
 973417
 986862
 997186
1008836
1027706
1033501
1045928
1058149
1061300
1078185
1090551
1103254
1114956
1124082
1147296
1154835
1155463
1184775
1192944
1208899
1221459
1221664
1236327
1256022
1271375
1277919
1296028
1309699
1316789
1334014
1344435
1368752
1378582
1396071
1408071
1419819
1439599
1449660
1469399
1474991
1487242
1508934
1527480
1526262
1546422
1560312
1578510
1592670
1611953
1625369
1641054
1654672
1666330
1682455
1697720
1716740
1725477
1739884
1753648
1765620
1786132
1798096
1813364
1826051
1850658
1876474
1892793
1907679
1917182
1918566
1948941
1959716
1973098
1996126
2016540
2032298
2041854
2050504
2072850
2100269
2104011
2125647
2140302
2167618
2172218
2188218
2203566
2222539
2240162
2255701
2262106
2289530
2297879
2320961
2331827
2346359
2369392
2392247
2408344
2411283
2436277
2449631
2465123
2486683
2510203
2517531
2541831
2555385
2577669
2592739
2608064
2628389
2641399
2674196
2682510
2707856
2727698
2725593
2746158
2765746
2796858
2793148
2818254
2828758
2851308
2881692
2888214
2912195
2925372
2930805
2938343
2969196
2979074
2999607
3003272
3025420
3050518
3058925
3092985
3097451
3107304
3117320
3153603
3169279
3182921
3189715
3214207
3218962
3240776
3264302
3284644
3298569
3310059
3317116
3347659
3362815
3388688
3392108
3429580
3435627
3442197
3473566
3464677
3499894
3508538
3518754
3532407
3547143
3558769
3574587
3602234
3618366
3643989
3644943
3662063
3686305
3698637
3709869
3731096
3730822
3753580
3759529
3775781
3797866
3816343
3837706
3831495
3871148
3873544
3881495
3904355
3927839
3934753
3939112
3959058
3964539
3969846
4009361
3994374
4026361
4049199
4046382
4056212
4077228
4090155
4109400
4127709
4119197
4155390
4161369
4167125
4168396
4196579
4208221
4215020
4222129
4241655
4254394
4265072
4283444
4297071
4300498
4324986
4323282
4333257
4344978
4337373
4362142
4368516
4382272
4381114
4411815
4412975
4411679
4423523
4452579
4451254
4450357
4467002
4477181
4486978
4497186
4496923
4527071
4528125
4536873
4539281
4534672
4558177
4583038
4571004
4579745
4594740
4590953
4597860
4619648
4620642
4634327
4648137
4652544
4651539
4660212
4673278
4670895
4676384
4698163
4688345
4702721
4703130
4715539
4717039
4710577
4721354
4727892
4725283
4727361
4736296
4722243
4754383
4758851
4764992
4764128
4767734
4784813
4779715
4786336
4800632
4784204
4789856
4794832
4825778
4813667
4802877
4812528
4816591
4814160
4812085
4810681
4826596
4815586
4808366
4797615
4815792
4802104
4825696
4824583
4812978
4806148
4811796
4814266
4811283
4811998
4810867
4804496
4809452
4796228
4810237
4788075
4776633
4793130
4780407
4794928
4805678
4795561
4785142
4783578
4775884
4771376
4781731
4749640
4767245
4763580
4756456
4737242
4757735
4745248
4732242
4759513
4739778
4732998
4726077
4717413
4720710
4714502
4707211
4692479
4708582
4687265
4682508
4669218
4668196
4663270
4652516
4648697
4647573
4636289
4637651
4614639
4612658
4609149
4599268
4587630
4568773
4572872
4593229
4559167
4539550
4553273
4544546
4533420
4518437
4503745
4509592
4488124
4483179
4470272
4469780
4441840
4447753
4439715
4418848
4409269
4395310
4388368
4388685
4379480
4369594
4341574
4327312
4351105
4331225
4327981
4302235
4292127
4280441
4258152
4244612
4236214
4221600
4212962
4205110
4192178
4196082
4165178
4155894
4154075
4130413
4122856
4099399
4107134
4091071
4065433
4042672
4036671
4049180
4014762
4013440
3984080
3980605
3967697
3950388
3943500
3931895
3917802
3903239
3873640
3864372
3858832
3847276
3838705
3820378
3809698
3780766
3760963
3747554
3734695
3713863
3711614
3691920
3697430
3677245
3655830
3652732
3610228
3615272
3606717
3588387
3574439
3551732
3544490
3525183
3502325
3484031
3487872
3474196
3447674
3429437
3424709
3405875
3377231
3374798
3358476
3357347
3323648
3303829
3292795
3279469
3274380
3254789
3224180
3215822
3196573
3190695
3173746
3161643
3141812
3124536
3103973
3097695
3092060
3068271
3053320
3039882
3024601
3004272
2984404
2969671
2967012
2960491
2921613
2913779
2899081
2879026
2850862
2846905
2834568
2823472
2806374
2792884
2780162
2746913
2740431
2730002
2711266
2690831
2676054
2664138
2647411
2618973
2623231
2600820
2581532
2570216
2571515
2530871
2529537
2506462
2487876
2471572
2463790
2440625
2430691
2408920
2402371
2381288
2375464
2355403
2336928
2322442
2322362
2292415
2298054
2271107
2254040
2248438
2225199
2211922
2203023
2188555
2157906
2149822
2143054
2117771
2104086
2103230
2079653
2054667
2050374
2030830
2021253
1998032
1995229
1982523
1969853
1955713
1935381
1923401
1908704
1894483
1876904
1873525
1856249
1838262
1829382
1814014
1814601
1793078
1786665
1759432
1758458
1737624
1736259
1714347
1701387
1690418
1681457
1658419
1640670
1635603
1635366
1613888
1605591
1592173
1568101
1562215
1550333
1538102
1527009
1508896
1497998
1484384
1468300
1459145
1439601
1430754
1420881
1413316
1398212
1391284
1377303
1376474
1359545
1341546
1325255
1325040
1312776
1301167
1281212
1280306
1263163
1249443
1234195
1232896
1214749
1206858
1200623
1190644
1178584
1168647
1155877
1146773
1126429
1126494
1112828
1102662
1095554
1088098
1072029
1066865
1054545
1043154
1032235
1028095
1016732
1006906
 997660
 988673
 969484
 962118
 953192
 936035
 941712
 935946
 914726
 915136
 906517
 886440
 885357
 877122
 868488
 860741
 850381
 849495
 840299
 820360
 823827
 808356
 803257
 796438
 788382
 778136
 771911
 763704
 759764
 749401
 749268
 730217
 725269
 720820
 716411
 702520
 693269
 694621
 679782
 678304
 671822
 658484
 656693
 646469
 641614
 635707
 627098
 622514
 617538
 608080
 602092
 591233
 589178
 587009
 572195
 567122
 561085
 556681
 556781
 550033
 541331
 537906
 523651
 515563
 510063
 505139
 503658
 498094
 491960
 491314
 484853
 479001
 470886
 468361
 459791
 453656
 448682
 442074
 441181
 437395
 426628
 420369
 422391
 411595
 408944
 404175
 397331
 391703
 389679
 385627
 376589
 372905
 370830
 369633
 361631
 361075
 354357
 349019
 341304
 343789
 336245
 335630
 330947
 328971
 322766
 319016
 317636
 308416
 305196
 302914
 302179
 299287
 289410
 286496
 283762
 280579
 271012
 271756
 270055
 268435
 264879
 262037
 256844
 253232
 250229
 248825
 243271
 236892
 232252
 233191
 231478
 227950
 228008
 223905
 223749
 220309
 217570
 212696
 209624
 205806
 202475
 199807
 197011
 198023
 195513
 192736
 188177
 189534
 182843
 184152
 180789
 177559
 171443
 173276
 169962
 167927
 166847
 164929
 161863
 162200
 157514
 153619
 154076
 149996
 148633
 148463
 140194
 145264
 144116
 139196
 134758
 136438
 133975
 132215
 128574
 127133
 123947
 123885
 122257
 121524
 118672
 119780
 117678
 113800
 112025
 109183
 110006
 109944
 106277
 104557
 102810
 100258
  98736
  98767
  98953
  94597
  97398
  93592
  93427
  90370
  90317
  87457
  87022
  86000
  85341
  82897
  82773
  80226
  80917
  80814
  77889
  77094
  76834
  74217
  73609
  72606
  70394
  71083
  68430
  70833
  66811
  64796
  65936
  66162
  63391
  61372
  61781
  61062
  59064
  57685
  57875
  56097
  54882
  54890
  55237
  54514
  53605
  51404
  52193
  49606
  51705
  50032
  48444
  45925
  45759
  45546
  46823
  44022
  44550
  44648
  41582
  41988
  40344
  39122
  40500
  38139
  39287
  38138
  37493
  36151
  36074
  35629
  33004
  33009
  34209
  31976
  32699
  31809
  30705
  30276
  29944
  29301
  28027
  28313
  28689
  27104
  27561
  26037
  26216
  26821
  25473
  25189
  24321
  24360
  23780
  24209
  23160
  23898
  22911
  21818
  22406
  20448
  20063
  20077
  19926
  20068
  20725
  19865
  19177
  18489
  18491
  18355
  17605
  17495
  17544
  16878
  16673
  15766
  16119
  16372
  14817
  14293
  15006
  14223
  13247
  14089
  13849
  13832
  12858
  12891
  12802
  12977
  12628
  12404
  11623
  11375
  11597
  11033
  10936
  11534
  10356
  10330
   9666
  10657
   9872
   9484
   9593
   9234
   9490
   8948
   9010
   8639
   8924
   8361
   8330
   8928
   8388
   7712
   7710
   7308
   7985
   7478
   8156
   7738
   7196
   7433
   7008
   7516
   7040
   6425
   6829
   6659
   6259
   6537
   5893
   5817
   6054
   5879
   5901
   5394
   5916
   5759
   5303
   4314
   4637
   5092
   4835
   4398
   4498
   4828
   4511
   4304
   4349
   3974
   4136
   3677
   3917
   3740
   3659
   4063
   3700
   3858
   3633
   3726
   3343
   3055
   3507
   3401
   3178
   3512
   3052
   3428
   2856
   2679
   3087
   3097
   2599
   2773
   2667
   2732
   2824
   2309
   2330
   2115
   2571
   2261
   2152
   2319
   2417
   1915
   1950
   1956
   1809
   2151
   1963
   2009
   1790
   1746
   1849
   1693
   1509
   1778
   1726
   1856
   1361
   1573
   1383
   1478
   1400
   1045
   1202
   1486
   1484
   1348
   1542
   1184
   1211
   1059
   1063
   1457
   1090
   1064
    818
   1105
    949
   1143
   1206
    921
   1019
   1267
    859
   1040
    689
    968
    680
    879
    819
    907
    671
    856
    486
    691
    902
    726
    543
    707
    785
    692
    764
    725
    684
    549
    495
    725
    460
    567
    642
    596
    553
    529
    474
    399
    480
    372
    561
    439
    287
    325
    487
    418
    325
    338
    245
    355
    289
    393
    229
    203
    263
    408
    273
    241
    238
    170
    262
    218
    233
    191
    263
    114
    117
    208
    102
    277
    155
    123
    199
    104
    153
    209
    150
    142
    188
    281
    162
     87
    156
     92
    180
     65
    142
     79
    154
     73
     61
     83
     76
    116
     41
     89
    132
    158
     81
     74
    102
    102
    131
    147
    121
     99
     73
    151
     98
     65
    134
     68
     85
     58
     51
     75
    121
    105
     48
     71
     34
     33
     72
     96
     53
     95
    105
     51
     26
     48
     84
     21
     35
     17
     26
     44
     50
     96
     27
     50
     43
     46
     50
     21
     22
     46
     50
     59
     64
     69
    102
     69
    133
     17
     93
     91
      7
      3
     25
     13
     92
     17
     49
     18
     32
     15
     61
     18
      2
     52
     13
     28
     14
      2
     12
     37
     45
     19
     27
      1
     11
     16
     37
     10
     26
      9
      0
     60
     34
      8
     17
     15
     14
     49
     33
     11
     56
     26
      0
      7
      0
     24
      8
      5
     15
      1
      0
      1
      5
      0
      0
      0
      6
     18
      0
      0
      0
      5
      0
      1
      0
     29
      2
      0
      0
      0
      0
      0
      0
      0
      0
      0
      1
      0
      2
      0
      0
      0
      4
      0
      5
      0
      0
      0
      0
      0
      0
      0
      0
      0
      0
      0
      0
      0
      0
      0
      0
      0
      0
      0
      0
      0
      0
      0
      0
      0
      0
      0
      0
      0
      0
      0
      0
      0
      0
      0
      0
      0
      0
      0
      0
      0
      0
      0
      0
      0
      0
      0
      0
      0
      0
      0
      0
      0
      0
      0
      0
      0
      0
      0
      0
      0
      0
      0
      0
      0
      0
      0
      0
      0
      0
      0
      0
      0
      0
      0
      0
      0
      0
      0
      0
      0
      0
      0
      0
      0
      0
      0
      0
      0
      0
      0
      0
      0
      0
      0
      0
      0
      0
      0
      0
      0
      0
      0
      0
      0
      0
      0
      0
      0
      0
      0
      0
      0
      0
      0
      0
      0
      0
      0
      0
      0
      0
      0
      0
      0
      0
      0
      0
      0
      0
      0
      0
      0
      0
      0
      0
      0
      0
      0
      0
      0
      0
      0
      0
      0
      0
      0
      0
      0
      0
      0
      0
      0
      0
      0
      0
      0
      0
      0
      0
      0
      0
      0
      0
      0
      0
      0
      0
      0
      0
      0
      0
      0
      0
      0
      0
      0
      0
      0
      0
      0
      0
      0
      0
      0
      0
      0
      0
      0
      0
      0
      0
      0
      0
      0
      0
      0
      0
      0
      0
      0
      0
      0
      0
      0
      0
      0
      0
      0
      0
      0
      0
      0
      0
      0
      0
      0
      0
      0
      0
      0
      0
      0
      0
      0
      0
      0
      0
      0
      0
      0
      0
      0
      0
      0
      0
      0
      0
      0
      0
      0
      0
      0
      0
      0
      0
      0
      0
      0
      0
      0
      0
      0
      0
      0
      0
      0
      0
      0
      0
      0
      0
      0
      0
      0
      0
      0
      0
      0
      0
      0
      0
      0
      0
      0
      0
      0
      0
      0
      0
      0
      0
      0
      0
      0
      0
      0
      0
      0
      0
      0
      0
      0
      0
      0
      0
      0
      0
      0
      0
      0
      0
      0
      0
      0
      0
      0
      0
      0
      0
      0
      0
      0
      0
      0
      0
      0
      0
      0
      0
      0
      0
      0
      0
      0
      0
      0
      0
      0
      0
      0
      0
      0
      0
      0
      0
      0
      0
      0
      0
      0
      0
      0
      0
      0
      0
      0
      0
      0
      0
      0
      0
      0
      0
      0
      0
      0
      0
      0
      0
      0
      0
      0
      0
      0
      0
      0
      0
      0
      0
      0
      0
      0
      0
      0
      0
      0
      0
      0
      0
      0
      0
      0
      0
      0
      0
      0
      0
      0
      0
      0
      0
      0
      0
      0
      0
      0
      0
      0
      0
      0
      0
      0
      0
      0
      0
      0
      0
      0
      0
      0
      0
      0
      0
      0
      0
      0
      0
      0
      0
      0
      0
      0
      0
      0
      0
      0
      0
      0
      0
      0
      0
      0
      0
      0
      0
      0
      0
      0
      0
      0
      0
      0
      0
      0
      0
      0
      0
      0
      0
      0
      0
      0
      0
      0
      0
      0
      0
      0
      0
      0
      0
      0
      0
      0
      0
      0
      0
      0
      0
      0
      0
      0
      0
      0
      0
      0
      0
      0
      0
      0
      0
      0
      0
      0
      0
      0
      0
      0
      0
      0
      0
      0
      0
      0
      0
      0
      0
      0
      0
      0
      0
      0
      0
      0
      0
      0
      0
      0
      0
      0
      0
      0
      0
      0
      0
      0
      0
      0
      0
      0
      0
      0
      0
      0
      0
      0
      0
      0
      0
      0
      0
      0
      0
      0
      0
      0
      0
      0
      0
      0
      0
      0
      0
      0
      0
      0
      0
      0
      0
      0
      0
      0
      0
      0
      0
      0
      0
      0
      0
      0
      0
      0
      0
      0
      0
      0
      0
      0
      0
      0
      0
      0
      0
      0
      0
      0
      0
      0
      0
      0
      0
      0
      0
      0
      0
      0
      0
      0
      0
      0
      0
      0
      0
      0
      0
      0
      0
      0
      0
      0
      0
      0
      0
      0
      0
      0
      0
      0
      0
      0
      0
      0
      0
      0
      0
      0
      0
      0
      0
      0
      0
      0
      0
      0
      0
      0
      0
      0
      0
      0
      0
      0
      0
      0
      0
      0
      0
      0
      0
      0
      0
      0
      0
      0
      0
      0
      0
      0
      0
      0
      0
      0
      0
      0
      0
      0
      0
      0
      0
      0
      0
      0
      0
      0
      0
      0
      0
      0
      0
      0
      0
      0
      0
      0
      0
      0
      0
      0
      0
      0
      0
      0
      0
      0
      0
      0
      0
      0
      0
      0
      0
      0
      0
      0
      0
      0
      0
      0
      0
      0
      0
      0
      0
      0
      0
      0
      0
      0
      0
      0
      0
      0
      0
      0
      0
      0
      0
      0
      0
      0
      0
      0
      0
      0
      0
      0
      0
      0
      0
      0
      0
      0
      0
      0
      0
      0
      0
      0
      0
      0
      0
      0
      0
      0
      0
      0
      0
      0
      0
      0
      0
      0
      0
      0
      0
      0
      0
      0
      0
      0
      0
      0
      0
      0
      0
      0
      0
      0
      0
      0
      0
      0
      0
      0
      0
      0
      0
      0
      0
      0
      0
      0
      0
      0
      0
      0
      0
      0
      0
      0
      0
      0
      0
      0
      0
      0
      0
      0
      0
      0
      0
      0
      0
      0
      0
      0
      0
      0
      0
      0
      0
      0
      0
      0
      0
      0
      0
      0
      0
      0
      0
      0
      0
      0
      0
      0
      0
      0
      0
      0
      0
      0
      0
      0
      0
      0
      0
      0
      0
      0
      0
      0
      0
      0
      0
      0
      0
      0
      0
      0
      0
      0
      0
      0
      0
      0
      0
      0
      0
      0
      0
      0
      0
      0
      0
      0
      0
      0
      0
      0
      0
      0
      0
      0
      0
      0
      0
      0
      0
      0
      0
      0
      0
      0
      0
      0
      0
      0
      0
      0
      0
      0
      0
      0
      0
      0
      0
      0
      0
      0
      0
      0
      0
      0
      0
      0
      0
      0
      0
      0
      0
      0
      0
      0
      0
      0
      0
      0
      0
      0
      0
      0
      0
      0
      0
      0
      0
      0
      0
      0
      0
      0
      0
      0
      0
      0
      0
      0
      0
      0
      0
      0
      0
      0
      0
      0
      0
      0
      0
      0
      0
      0
      0
      0
      0
      0
      0
      0
      0
      0
      0
      0
      0
      0
      0
      0
      0
      0
      0
      0
      0
      0
      0
      0
      0
      0
      0
      0
      0
      0
      0
      0
      0
      0
      0
      0
      0
      0
      0
      0
      0
      0
      0
      0
      0
      0
      0
      0
      0
      0
      0
      0
      0
      0
      0
      0
      0
      0
      0
      0
      0
      0
      0
      0
      0
      0
      0
      0
      0
      0
      0
      0
      0
      0
      0
      0
      0
      0
      0
      0
      0
      0
      0
      0
      0
      0
      0
      0
      0
      0
      0
      0
      0
      0
      0
      0
      0
      0
      0
      0
      0
      0
      0
      0
      0
      0
      0
      0
      0
      0
      0
      0
      0
      0
      0
      0
      0
      0
      0
      0
      0
      0
      0
      0
      0
      0
      0
      0
      0
      0
      0
      0
      0
      0
      0
      0
      0
      0
      0
      0
      0
      0
      0
      0
      0
      0
      0
      0
      0
      0
      0
      0
      0
      0
      0
      0
      0
      0
      0
      0
      0
      0
      0
      0
      0
      0
      0
      0
      0
      0
      0
      0
      0
      0
      0
      0
      0
      0
      0
      0
      0
      0
      0
      0
      0
      0
      0
      0
      0
      0
      0
      0
      0
      0
      0
      0
      0
      0
      0
      0
      0
      0
      0
      0
      0
      0
      0
      0
      0
      0
      0
      0
      0
      0
      0
      0
      0
      0
      0
      0
      0
      0
      0
      0
      0
      0
      0
      0
      0
      0
      0
      0
      0
      0
      0
      0
      0
      0
      0
      0
      0
      0
      0
      0
      0
      0
      0
      0
      0
      0
      0
      0
      0
      0
      0
      0
      0
      0
      0
      0
      0
      0
      0
      0
      0
      0
      0
      0
      0
      0
      0
      0
      0
      0
      0
      0
      0
      0
      0
      0
      0
      0
      0
      0
      0
      0
      0
      0
      0
      0
      0
      0
      0
      0
      0
      0
      0
      0
      0
      0
      0
      0
      0
      0
      0
      0
      0
      0
      0
      0
      0
      0
      0
      0
      0
      0
      0
      0
      0
      0
      0
      0
      0
      0
      0
      0
      0
      0
      0
      0
      0
      0
      0
      0
      0
      0
      0
      0
      0
      0
      0
      0
      0
      0
      0
      0
      0
      0
      0
      0
      0
      0
      0
      0
      0
      0
      0
      0
      0
      0
      0
      0
      0
      0
      0
      0
      0
      0
      0
      0
      0
      0
      0
      0
      0
      0
      0
      0
      0
      0
      0
      0
      0
      0
      0
      0
      0
      0
      0
      0
      0
      0
      0
      0
      0
      0
      0
      0
      0
      0
      0
      0
      0
      0
      0
      0
      0
      0
      0
      0
      0
      0
      0
      0
      0
      0
      0
      0
      0
      0
      0
      0
      0
      0
      0
      0
      0
      0
      0
      0
      0
      0
      0
      0
      0
      0
      0
      0
      0
      0
      0
      0
      0
      0
      0
      0
      0
      0
      0
      0
      0
      0
      0
      0
      0
      0
      0
      0
      0
      0
      0
      0
      0
      0
      0
      0
      0
      0
      0
      0
      0
      0
      0
      0
      0
      0
      0
      0
      0
      0
      0
      0
      0
      0
      0
      0
      0
      0
      0
      0
      0
      0
      0
      0
      0
      0
      0
      0
      0
      0
      0
      0
      0
      0
      0
      0
      0
      0
      0
      0
      0
      0
      0
      0
      0
      0
      0
      0
      0
      0
      0
      0
      0
