   4204
  14717
  24856
  35667
  46676
  57005
  64804
  76713
  88041
  98534
 105518
 121025
 129438
 137610
 149771
 158297
 172278
 182805
 190042
 203875
 209705
 219383
 226004
 245049
 253562
 270096
 276083
 287725
 299606
 305442
 316171
 325453
 333021
 349805
 354850
 363016
 372892
 377479
 389851
 409029
 418227
 424609
 439272
 450260
 465552
 469701
 475448
 493515
 498507
 508774
 516047
 532055
 543438
 555419
 565084
 567426
 585497
 585361
 602353
 616260
 622227
 626669
 630895
 643344
 661068
 671423
 671829
 689459
 695551
 714073
 717651
 726978
 745060
 739660
 748069
 760115
 767849
 771612
 786932
 791745
 804156
 809127
 822273
 826651
 840177
 838919
 855005
 863484
 863127
 881968
 896477
 895944
 914932
 912480
 922675
 932122
 930234
 938815
 948503
 963399
 972778
 972749
 980464
 994890
 997659
1010951
1019721
1029298
1034500
1034500
1052853
1054997
1063754
1068135
1082738
1090484
1080422
1090874
1110511
1124440
1119014
1130828
1143139
1155285
1165230
1171174
1162794
1168937
1192353
1206199
1203166
1215599
1233154
1238962
1237187
1261354
1267412
1275744
1277177
1281468
1293167
1293197
1306380
1313309
1311813
1324456
1339114
1344519
1349620
1356023
1360356
1366224
1371493
1381491
1379701
1385236
1387689
1397132
1406882
1415011
1435935
1434084
1452909
1447349
1448806
1463597
1474236
1478826
1482351
1485141
1505522
1517009
1524974
1515242
1525360
1540431
1540639
1563746
1566887
1575397
1593956
1598326
1582976
1590436
1618903
1624902
1634302
1641431
1649272
1652666
1651750
1660259
1674379
1683699
1685758
1693719
1676631
1697260
1704933
1715324
1730903
1742879
1743457
1746326
1747992
1755878
1746247
1750371
1755780
1771039
1781299
1777996
1787208
1801754
1809363
1808743
1818794
1831985
1823161
1833138
1838996
1850092
1861651
1862250
1854210
1872403
1861238
1871811
1894641
1885118
1893614
1901939
1911068
1912197
1922391
1942135
1936681
1929390
1949047
1962214
1962228
1969240
1989942
1998661
2010343
2001047
2011797
2016982
2010458
2019647
2032691
2051576
2045886
2043708
2057815
2061532
2073213
2067463
2068950
2090023
2110804
2108173
2109944
2117431
2113933
2115507
2136955
2136808
2141332
2156354
2155755
2171362
2168277
2183058
2186165
2182210
2191464
2193674
2209427
2222072
2228126
2238736
2236971
2248357
2259186
2264856
2280748
2278210
2282855
2289422
2302681
2288584
2290038
2311419
2323577
2322140
2335443
2335788
2329527
2333436
2337244
2345899
2358714
2369287
2371507
2364937
2360976
2363562
2382512
2399712
2397747
2397301
2399778
2402880
2405382
2415129
2414323
2422629
2427738
2449240
2460091
2455041
2464400
2476429
2486952
2479325
2487861
2499087
2500649
2517652
2504042
2521724
2522850
2534230
2537969
2538405
2557394
2550693
2562951
2574904
2560948
2558583
2575626
2567438
2566213
2576189
2604203
2585057
2593645
2607675
2612735
2613058
2624639
2615988
2634598
2659044
2653232
2667784
2670148
2692188
2699883
2705307
2697033
2705343
2707066
2719120
2740108
2725812
2740619
2757501
2759221
2766882
2767862
2800953
2775427
2802035
2807609
2824614
2831726
2842530
2846174
2840531
2846028
2858509
2870158
2880607
2900287
2895897
2899566
2899547
2921044
2929304
2932313
2954140
2965359
2976790
2972328
2986637
2993616
3009930
2996965
3011164
3024950
3038257
3033470
3048455
3052413
3044209
3063806
3069018
3076120
3079946
3073727
3091789
3102250
3106237
3097956
3111544
3136118
3152289
3144352
3169538
3169479
3202015
3179329
3204721
3217784
3198342
3213623
3223282
3244060
3248629
3235070
3243734
3245258
3243201
3265377
3261183
3276750
3282378
3286442
3298334
3291163
3302245
3308090
3317852
3312356
3326257
3343550
3335115
3348187
3361867
3354555
3371999
3374586
3374338
3386561
3393054
3406610
3401251
3433190
3410558
3426560
3424375
3445303
3445168
3458804
3466863
3465037
3485739
3484497
3486377
3472272
3484897
3501044
3501526
3514919
3511156
3524238
3525922
3532188
3538807
3548364
3540912
3554245
3562325
3547790
3589502
3569955
3571544
3606762
3594467
3586315
3605523
3606654
3613402
3632480
3630545
3641849
3638329
3645931
3661882
3628471
3652149
3667250
3679398
3703849
3700281
3721124
3730667
3734463
3724768
3740078
3738220
3735358
3742179
3758390
3776301
3773724
3761108
3765744
3769785
3794220
3795151
3773194
3788791
3799747
3797486
3795922
3826730
3802143
3815511
3854806
3841977
3860194
3856573
3842762
3871237
3885374
3885429
3904197
3895611
3908221
3913892
3927999
3911537
3964892
3942448
3955640
3960167
3976238
3973131
3981515
3997929
3992309
4003262
3999291
4016647
4036455
4049653
4060981
4047254
4075927
4067818
4070694
4073261
4091663
4101062
4098253
4096368
4102758
4091663
4125916
4112079
4104759
4126328
4138486
4165542
4158911
4181592
4186088
4195708
4194100
4149171
4194312
4176326
4188027
4195472
4189762
4204743
4208634
4204262
4205315
4209125
4208787
4219542
4223996
4218159
4231537
4243628
4241048
4226677
4217230
4234134
4229304
4230556
4268132
4250830
4269896
4287263
4300223
4296308
4318309
4293657
4314514
4327534
4319252
4321351
4307899
4304933
4329338
4312933
4306421
4320404
4310579
4298889
4339678
4353777
4350057
4334464
4330926
4333583
4331306
4358248
4339074
4337276
4333673
4358654
4360092
4338429
4340930
4352095
4347589
4351618
4367553
4365425
4349811
4382288
4352491
4352162
4377114
4363055
4378673
4387652
4402212
4406620
4367299
4391362
4391711
4377696
4395779
4392919
4385854
4386958
4385288
4385956
4398180
4404556
4392486
4401000
4387847
4394634
4406677
4422865
4416108
4413086
4440049
4430040
4426361
4445589
4432482
4420742
4435445
4427274
4418960
4422433
4440628
4427499
4432401
4409722
4438015
4399375
4413181
4417733
4418467
4417956
4423688
4389090
4399090
4414279
4398032
4392087
4405354
4376604
4394575
4389338
4370571
4401740
4391224
4387638
4378976
4400243
4380138
4385387
4408805
4391871
4383766
4387120
4391299
4386567
4378387
4410890
4375684
4378226
4354262
4376633
4348434
4357737
4353230
4350704
4349707
4360659
4354739
4355594
4355135
4352648
4365642
4354883
4349564
4370532
4341727
4341829
4305340
4316478
4336779
4346503
4324284
4315949
4311459
4301261
4314793
4308465
4321034
4285943
4295663
4270505
4255901
4259204
4261401
4250525
4262734
4242648
4238456
4218231
4218438
4194205
4214865
4199226
4184507
4177678
4162354
4190732
4168004
4168916
4160989
4156261
4140835
4144539
4127777
4118012
4126981
4126149
4121987
4113062
4120393
4103274
4080653
4095372
4077820
4068010
4063839
4045666
4045348
4051872
4043771
4066461
4041237
4032050
4025405
4038068
4021584
3989626
4005645
3990437
3998461
3973668
3985021
3959259
3960522
3949153
3956484
3943151
3929842
3911590
3935996
3908937
3901048
3889984
3881032
3885300
3861289
3853022
3850174
3826146
3824699
3809981
3791082
3798206
3779675
3780470
3768196
3752130
3766847
3762153
3749524
3752605
3745609
3735193
3717181
3726233
3720361
3693461
3684207
3687206
3675016
3684620
3649063
3638055
3624644
3629740
3614305
3620572
3628400
3576205
3576939
3575859
3586525
3562532
3535276
3552091
3534300
3530188
3511493
3503197
3494006
3480882
3480509
3463090
3461779
3450540
3446518
3448714
3442943
3413048
3409071
3412772
3378841
3398466
3377680
3364729
3362087
3360127
3335967
3329465
3320492
3304791
3320445
3322842
3298671
3288356
3287146
3253336
3239201
3229000
3226438
3218686
3186188
3184503
3180975
3167815
3162466
3151111
3158611
3135423
3107649
3101853
3104133
3086528
3069537
3032809
3040353
3025945
3031640
3015183
3010225
3000058
2973487
2978656
2962286
2950357
2963901
2942974
2930982
2920869
2904199
2915604
2919668
2889189
2878883
2875770
2874658
2858918
2843733
2823248
2820167
2808433
2799496
2782789
2786311
2761940
2763258
2756771
2736008
2707955
2724401
2693577
2711976
2679665
2691340
2679108
2644592
2651377
2641297
2632178
2627302
2611661
2599293
2593340
2587700
2572247
2566893
2585752
2545738
2552065
2544018
2520079
2506398
2499774
2497340
2489053
2462491
2463373
2443773
2440026
2445348
2439565
2426084
2414527
2389814
2393792
2375614
2371318
2357724
2362567
2344745
2335014
2330911
2319505
2293535
2293882
2295939
2265119
2252774
2255178
2244432
2221438
2217674
2207558
2194450
2175392
2174941
2170627
2161002
2167973
2138600
2131115
2132940
2113415
2109140
2084071
2080712
2082089
2072340
2067003
2035791
2030087
2013318
2014511
2003748
2007269
1975804
1979520
1962409
1972622
1950314
1942866
1938710
1931040
1913551
1919847
1894715
1876024
1876229
1863617
1844977
1843764
1823053
1820797
1803989
1794233
1788792
1760338
1751240
1752146
1734056
1742251
1716015
1715705
1702569
1699523
1698791
1671591
1675926
1646442
1642590
1641986
1628095
1624652
1611354
1601759
1601246
1597550
1576748
1567811
1577938
1568177
1562981
1540349
1543006
1538947
1523101
1522677
1513728
1498888
1502125
1480874
1470768
1464404
1451110
1454297
1449812
1442098
1429169
1431418
1415923
1403054
1388194
1388372
1385436
1383733
1368783
1354932
1359849
1350186
1345872
1328556
1324218
1299261
1311034
1278243
1283096
1276177
1278939
1269066
1264013
1255885
1244695
1245456
1242714
1234026
1213738
1216697
1209394
1196072
1204584
1185437
1177623
1183763
1175300
1170732
1151712
1156266
1141330
1137038
1135591
1128875
1111327
1117726
1105607
1105904
1091121
1092126
1085838
1071405
1077125
1056296
1052165
1046093
1043046
1022449
1029072
1009542
 998580
1004572
 999202
 986559
 988260
 984194
 961016
 957695
 959250
 955041
 952335
 939116
 920125
 910293
 911635
 899996
 895294
 891758
 890656
 887958
 866738
 868427
 864421
 842107
 855856
 845264
 846752
 830345
 831610
 822700
 827043
 816367
 813596
 793926
 797814
 795211
 788364
 788709
 780905
 773559
 763421
 758329
 754355
 747802
 747683
 745937
 738641
 727318
 727771
 723495
 711512
 710473
 705597
 704560
 707251
 697614
 684889
 684173
 682498
 674413
 677158
 662778
 674902
 657279
 655972
 644522
 639109
 644035
 640216
 631905
 630788
 615855
 613163
 602181
 612306
 608076
 593495
 585109
 585914
 580236
 568611
 566449
 565914
 554020
 558350
 548038
 549921
 546398
 540577
 534182
 540398
 529437
 521862
 515660
 513868
 506295
 502129
 493033
 494367
 488158
 489263
 479998
 473321
 479114
 477300
 460205
 463619
 450867
 457688
 453733
 459312
 444682
 438487
 439162
 432445
 419955
 424672
 428948
 415713
 413420
 406900
 412770
 404053
 399535
 404916
 399255
 401126
 390264
 383636
 383954
 383567
 374350
 369400
 370943
 370911
 362904
 362235
 356150
 357684
 353021
 356970
 349737
 344188
 346773
 343064
 341266
 337330
 336315
 332192
 322833
 320887
 323722
 321767
 316570
 317913
 313184
 310509
 307580
 305698
 300761
 307220
 300096
 293747
 294385
 289511
 288380
 290759
 287072
 280229
 281164
 278019
 277583
 278161
 276799
 270638
 267526
 260467
 264876
 263509
 264948
 257150
 252633
 252914
 252402
 248443
 245793
 245192
 239166
 237500
 232969
 233745
 232028
 229156
 223614
 225452
 219783
 220798
 222803
 214950
 211462
 212535
 209555
 207424
 205585
 204987
 202662
 199560
 197690
 197889
 202872
 194310
 190312
 189408
 189965
 181799
 182712
 184178
 183264
 177638
 182473
 174068
 172218
 172390
 173013
 173303
 174680
 170569
 168877
 163540
 163745
 160730
 158833
 160898
 161607
 158177
 152516
 153646
 152931
 153294
 154691
 153091
 150985
 149355
 149121
 146127
 145539
 146157
 141789
 141719
 143782
 140027
 137048
 135070
 137082
 133614
 137810
 133786
 130828
 131308
 135064
 126859
 127983
 129426
 126306
 124109
 124037
 121070
 119710
 116139
 116685
 114532
 114241
 114577
 111616
 110641
 111555
 109004
 110926
 106459
 108179
 107460
 103801
 105000
 100726
  98215
  98180
  99168
  94199
  95169
  90634
  89692
  90935
  90886
  87965
  86453
  83193
  84666
  84698
  82935
  82661
  83401
  79416
  81167
  78894
  79002
  75185
  76664
  71299
  73575
  70808
  72495
  70924
  69446
  70880
  68014
  67951
  67231
  69125
  68470
  66374
  63779
  65017
  63608
  64163
  64022
  62013
  63948
  63296
  62908
  62368
  59535
  59221
  59702
  58584
  55906
  59763
  58364
  56435
  57926
  56343
  56930
  55493
  54596
  52723
  53451
  51577
  51189
  48807
  50253
  48972
  47368
  47866
  46947
  45697
  45824
  45203
  44869
  42560
  43407
  42791
  42715
  43455
  42166
  41047
  39353
  40938
  41342
  41187
  37166
  38692
  40428
  37385
  38183
  37569
  38146
  38846
  37510
  37108
  35936
  34402
  37410
  35305
  33327
  32918
  32766
  33721
  34323
  33892
  31102
  33291
  34570
  33550
  31474
  31587
  31003
  30770
  29915
  29549
  29917
  28690
  26278
  27301
  27326
  27138
  25629
  26607
  25254
  26092
  24765
  25867
  26055
  23534
  24871
  24669
  25308
  23659
  23021
  22918
  24011
  23895
  22505
  22555
  22285
  21713
  21111
  21152
  20053
  20291
  18254
  19856
  19895
  20319
  18569
  17168
  17006
  16878
  16706
  16937
  15975
  16014
  15425
  16469
  15342
  16156
  15705
  14997
  14167
  14284
  13692
  14055
  13213
  13854
  13394
  14010
  13151
  11714
  11722
  13793
  12163
  11551
  12051
  11983
  10846
  10826
  10902
  11208
  11289
  11361
  10112
  11371
  10331
   9855
  11845
  10249
  11382
  11395
  10665
  10589
   9770
   9957
  10132
   8205
   9730
   8586
   8463
   8106
   8537
   8072
   8190
   7601
   8054
   6052
   7333
   8445
   7488
   6636
   7056
   6707
   6366
   6471
   7245
   6669
   6345
   6188
   6785
   6749
   6588
   7096
   6293
   6116
   6114
   5939
   5673
   5820
   5074
   4794
   5171
   4515
   4952
   4923
   5209
   4742
   4383
   4707
   4142
   3988
   4361
   3901
   4691
   4392
   3920
   4221
   3845
   3956
   3903
   4094
   4024
   4278
   4208
   4006
   4295
   4318
   3864
   4291
   3804
   3816
   4691
   3924
   4631
   3754
   3731
   3763
   4061
   4067
   3934
   3652
   3721
   3851
   4201
   3545
   3985
   3942
   4275
   4056
   4026
   3950
   3471
   3587
   3749
   3647
   3819
   3604
   4586
   3713
   3541
   3695
   3628
   3758
   3948
   3732
   3567
   2908
   3611
   3179
   3495
   2686
   2750
   2620
   2979
   2825
   2965
   2408
   2945
   2561
   2233
   1827
   2365
   2380
   2073
   2524
   1760
   1710
   2316
   1678
   2070
   1988
   1844
   2062
   1932
   2245
   1792
   2542
   2232
   2187
   2427
   2247
   2219
   2689
   1985
   2018
   1916
   1683
   2029
   2009
   1874
   1362
   1800
   1217
   1598
   1585
   1486
   1644
   1223
   1202
   1016
   1159
   1602
   1297
    958
    954
   1321
   1352
   1331
   1185
   1570
    991
   1129
   1285
   1101
   1062
    839
   1049
    938
   1276
   1100
    834
   1150
    874
    982
   1127
    938
    952
    707
    771
    884
    909
    728
   1166
    830
    736
    842
    682
   1015
   1051
   1107
    814
    801
    716
    876
    861
    828
    552
    780
    588
   1009
    634
    784
    947
    656
    624
    490
    580
    573
    547
    479
    340
    354
    381
    417
    284
    401
    389
    343
    275
    311
    177
    388
    142
    284
    223
    156
    199
    150
    252
    212
    303
    343
    250
    191
    431
    273
    266
    133
    293
    229
    122
    104
    191
    201
    226
    131
    115
    144
    345
    242
    510
    313
    193
    217
    173
    192
    121
    207
     85
    162
    166
     15
     86
     44
     81
     53
     98
    122
     74
     94
    114
     19
    109
    134
    229
    154
    114
    169
     46
    154
    196
    210
    164
    155
    164
     88
    147
    145
     85
     72
    133
    104
    150
     97
     75
     40
     62
     18
     14
    149
      6
     52
     34
     86
     49
    106
    126
    106
     86
    212
    241
    155
    130
     84
     86
     27
    212
    120
     18
    120
     88
     47
     51
     73
     54
     32
     37
     34
     38
      9
      4
     43
     23
     93
     53
     86
     14
      7
     99
      9
      0
      0
     54
      5
      1
      9
      0
      8
      0
      0
      0
      0
      0
      0
      0
      0
      0
      0
      0
      0
      0
      0
      0
      0
      0
      0
      0
      0
      0
      0
      0
      0
      0
      0
      0
      0
      0
      0
      0
      0
      0
      0
      0
      0
      0
      0
      0
      0
      0
      0
      0
      0
      0
      0
      0
      0
      0
      0
      0
      0
      0
      0
      0
      0
      0
      0
      0
      0
      0
      0
      0
      0
      0
      0
      0
      0
      0
      0
      0
      0
      0
      0
      0
      0
      0
      0
      0
      0
      0
      0
      0
      0
      0
      0
      0
      0
      0
      0
      0
      0
      0
      0
      0
      0
      0
      0
      0
      0
      0
      0
      0
      0
      0
      0
      0
      0
      0
      0
      0
      0
      0
      0
      0
      0
      0
      0
      0
      0
      0
      0
      0
      0
      0
      0
      0
      0
      0
      0
      0
      0
      0
      0
      0
      0
      0
      0
      0
      0
      0
      0
      0
      0
      0
      0
      0
      0
      0
      0
      0
      0
      0
      0
      0
      0
      0
      0
      0
      0
      0
      0
      0
      0
      0
      0
      0
      0
      0
      0
      0
      0
      0
      0
      0
      0
      0
      0
      0
      0
      0
      0
      0
      0
      0
      0
      0
      0
      0
      0
      0
      0
      0
      0
      0
      0
      0
      0
      0
      0
      0
      0
      0
      0
      0
      0
      0
      0
      0
      0
      0
      0
      0
      0
      0
      0
      0
      0
      0
      0
      0
      0
      0
      0
      0
      0
      0
      0
      0
      0
      0
      0
      0
      0
      0
      0
      0
      0
      0
      0
      0
      0
      0
      0
      0
      0
      0
      0
      0
      0
      0
      0
      0
      0
      0
      0
      0
      0
      0
      0
      0
      0
      0
      0
      0
      0
      0
      0
      0
      0
      0
      0
      0
      0
      0
      0
      0
      0
      0
      0
      0
      0
      0
      0
      0
      0
      0
      0
      0
      0
      0
      0
      0
      0
      0
      0
      0
      0
      0
      0
      0
      0
      0
      0
      0
      0
      0
      0
      0
      0
      0
      0
      0
      0
      0
      0
      0
      0
      0
      0
      0
      0
      0
      0
      0
      0
      0
      0
      0
      0
      0
      0
      0
      0
      0
      0
      0
      0
      0
      0
      0
      0
      0
      0
      0
      0
      0
      0
      0
      0
      0
      0
      0
      0
      0
      0
      0
      0
      0
      0
      0
      0
      0
      0
      0
      0
      0
      0
      0
      0
      0
      0
      0
      0
      0
      0
      0
      0
      0
      0
      0
      0
      0
      0
      0
      0
      0
      0
      0
      0
      0
      0
      0
      0
      0
      0
      0
      0
      0
      0
      0
      0
      0
      0
      0
      0
      0
      0
      0
      0
      0
      0
      0
      0
      0
      0
      0
      0
      0
      0
      0
      0
      0
      0
      0
      0
      0
      0
      0
      0
      0
      0
      0
      0
      0
      0
      0
      0
      0
      0
      0
      0
      0
      0
      0
      0
      0
      0
      0
      0
      0
      0
      0
      0
      0
      0
      0
      0
      0
      0
      0
      0
      0
      0
      0
      0
      0
      0
      0
      0
      0
      0
      0
      0
      0
      0
      0
      0
      0
      0
      0
      0
      0
      0
      0
      0
      0
      0
      0
      0
      0
      0
      0
      0
      0
      0
      0
      0
      0
      0
      0
      0
      0
      0
      0
      0
      0
      0
      0
      0
      0
      0
      0
      0
      0
      0
      0
      0
      0
      0
      0
      0
      0
      0
      0
      0
      0
      0
      0
      0
      0
      0
      0
      0
      0
      0
      0
      0
      0
      0
      0
      0
      0
      0
      0
      0
      0
      0
      0
      0
      0
      0
      0
      0
      0
      0
      0
      0
      0
      0
      0
      0
      0
      0
      0
      0
      0
      0
      0
      0
      0
      0
      0
      0
      0
      0
      0
      0
      0
      0
      0
      0
      0
      0
      0
      0
      0
      0
      0
      0
      0
      0
      0
      0
      0
      0
      0
      0
      0
      0
      0
      0
      0
      0
      0
      0
      0
      0
      0
      0
      0
      0
      0
      0
      0
      0
      0
      0
      0
      0
      0
      0
      0
      0
      0
      0
      0
      0
      0
      0
      0
      0
      0
      0
      0
      0
      0
      0
      0
      0
      0
      0
      0
      0
      0
      0
      0
      0
      0
      0
      0
      0
      0
      0
      0
      0
      0
      0
      0
      0
      0
      0
      0
      0
      0
      0
      0
      0
      0
      0
      0
      0
      0
      0
      0
      0
      0
      0
      0
      0
      0
      0
      0
      0
      0
      0
      0
      0
      0
      0
      0
      0
      0
      0
      0
      0
      0
      0
      0
      0
      0
      0
      0
      0
      0
      0
      0
      0
      0
      0
      0
      0
      0
      0
      0
      0
      0
      0
      0
      0
      0
      0
      0
      0
      0
      0
      0
      0
      0
      0
      0
      0
      0
      0
      0
      0
      0
      0
      0
      0
      0
      0
      0
      0
      0
      0
      0
      0
      0
      0
      0
      0
      0
      0
      0
      0
      0
      0
      0
      0
      0
      0
      0
      0
      0
      0
      0
      0
      0
      0
      0
      0
      0
      0
      0
      0
      0
      0
      0
      0
      0
      0
      0
      0
      0
      0
      0
      0
      0
      0
      0
      0
      0
      0
      0
      0
      0
      0
      0
      0
      0
      0
      0
      0
      0
      0
      0
      0
      0
      0
      0
      0
      0
      0
      0
      0
      0
      0
      0
      0
      0
      0
      0
      0
      0
      0
      0
      0
      0
      0
      0
      0
      0
      0
      0
      0
      0
      0
      0
      0
      0
      0
      0
      0
      0
      0
      0
      0
      0
      0
      0
      0
      0
      0
      0
      0
      0
      0
      0
      0
      0
      0
      0
      0
      0
      0
      0
      0
      0
      0
      0
      0
      0
      0
      0
      0
      0
      0
      0
      0
      0
      0
      0
      0
      0
      0
      0
      0
      0
      0
      0
      0
      0
      0
      0
      0
      0
      0
      0
      0
      0
      0
      0
      0
      0
      0
      0
      0
      0
      0
      0
      0
      0
      0
      0
      0
      0
      0
      0
      0
      0
      0
      0
      0
      0
      0
      0
      0
      0
      0
      0
      0
      0
      0
      0
      0
      0
      0
      0
      0
      0
      0
      0
      0
      0
      0
      0
      0
      0
      0
      0
      0
      0
      0
      0
      0
      0
      0
      0
      0
      0
      0
      0
      0
      0
      0
      0
      0
      0
      0
      0
      0
      0
      0
      0
      0
      0
      0
      0
      0
      0
      0
      0
      0
      0
      0
      0
      0
      0
      0
      0
      0
      0
      0
      0
      0
      0
      0
      0
      0
      0
      0
      0
      0
      0
      0
      0
      0
      0
      0
      0
      0
      0
      0
      0
      0
      0
      0
      0
      0
      0
      0
      0
      0
      0
