85.1373
120.275
123.101
122.819
122.023
121.722
122.126
120.985
121.129
119.355
119.569
118.878
118.53
118.205
117.648
118.143
117.657
116.521
117.126
116.955
116.783
116.087
116.46
115.345
114.176
114.015
114.391
113.711
113.35
113.218
112.112
111.556
111.184
110.258
110.561
110.831
110.374
110.547
110.142
109.551
109.227
109.134
108.84
108.103
107.88
107.285
106.865
105.774
105.905
106.557
105.413
105.116
104.667
104.294
104.619
104.015
103.724
104.231
102.147
102.162
102.797
102.837
101.308
101.248
100.749
100.066
99.8326
100.332
100.223
99.6946
99.2695
98.7247
98.0377
98.8057
97.3023
97.2291
96.9906
96.4593
95.5446
96.6908
95.8274
95.7297
95.5333
95.0364
94.826
95.3442
93.3356
93.7962
93.5122
93.4811
92.4915
91.8905
91.7646
92.1405
92.0922
92.0458
91.2081
90.7656
90.0956
90.022
89.5178
88.9118
88.5941
89.084
88.9414
88.4211
87.829
87.2689
87.8532
86.3768
86.4764
86.2836
86.2719
86.5677
85.6133
85.1576
84.8021
84.9348
85.2308
84.3526
84.6018
83.0406
82.7286
82.4882
82.8171
82.7157
81.8073
82.4013
81.4321
81.066
81.5639
80.5992
80.5712
80.0806
79.8139
80.1624
78.5243
79.2944
79.3829
78.9515
78.6933
77.8754
78.5221
77.7766
77.6472
77.5174
77.3108
77.0375
76.2836
76.0288
75.3929
76.4413
74.8721
74.9632
74.8511
74.5306
74.7401
75.091
74.4337
73.9671
74.8627
73.768
72.9268
72.713
72.7299
73.6378
73.13
71.9706
72.0637
72.0227
72.8689
72.2399
72.1993
71.96
71.3937
71.2633
71.1335
71.5758
70.8824
70.9808
70.6825
70.846
70.6583
70.6243
70.5108
69.5797
69.8472
70.0173
70.2941
69.3475
69.4336
69.4318
69.9112
69.1171
69.0996
68.491
67.999
68.4281
68.5709
68.3725
68.1703
67.9205
68.2986
67.3283
67.5078
67.9221
67.7123
67.1405
67.1366
67.4321
67.0166
67.1021
66.3641
66.7743
66.9297
66.3261
66.0446
65.606
66.1688
66.119
66.1282
65.7185
65.3612
65.3729
65.521
65.3293
65.312
64.8707
65.2035
64.2559
64.389
64.4513
64.0587
64.5735
64.0216
64.0595
63.8964
63.3603
63.541
63.4739
64.3071
63.7213
63.7889
62.7762
63.2145
62.8479
62.5514
62.5835
62.7761
62.5241
62.2864
62.2792
62.0415
61.8367
61.7284
62.2835
61.9215
61.9218
62.2404
62.0044
61.5498
61.3321
61.3357
60.9302
61.0248
61.0889
60.9615
60.9268
61.023
60.7526
60.7358
60.5031
60.3781
60.2101
60.2212
60.3676
60.1607
60.59
60.3223
59.9918
60.3277
59.0574
59.7628
59.9491
58.9819
59.0243
59.246
58.8592
58.7286
58.2218
58.9516
58.8845
58.9723
58.4829
58.3996
58.1398
58.0153
58.5366
57.841
57.9339
57.9084
58.3023
57.7267
57.9068
57.2079
56.6394
57.9478
57.2823
57.2909
56.6772
56.8511
56.5054
56.859
56.5718
57.0387
57.1816
56.5352
56.6557
56.3602
56.3627
56.3956
56.3346
56.1507
55.8756
55.8255
55.9471
55.9508
55.8615
55.978
55.8794
56.5611
55.3955
55.8757
55.7119
55.3947
55.0622
55.6235
55.6584
55.8544
55.7536
55.0786
55.3959
55.2327
54.8956
55.7022
55.3637
54.8366
54.5931
54.9568
54.7568
54.8022
54.5464
54.737
54.2774
54.36
54.3997
54.0066
54.4733
54.3634
54.2391
54.2135
54.1292
53.2174
53.4439
53.614
53.9763
53.9444
53.4685
52.8876
53.3325
53.0774
52.9071
52.837
53.1386
53.1986
52.5107
53.0482
53.1862
52.9547
52.4492
52.0263
52.7398
52.509
52.1527
51.9423
51.8923
52.4188
52.439
51.964
51.6072
51.6091
51.5534
52.0378
51.7029
52.1047
51.2613
51.5813
51.5213
51.1262
51.1778
51.7633
51.3436
51.6117
51.2425
51.1899
50.4828
50.7923
51.1549
51.1013
50.9206
50.5471
50.5232
50.3044
50.3974
49.9768
49.9474
50.2475
49.9916
50.2339
50.292
50.0639
49.8893
49.9822
50.0476
49.8616
49.792
50.0789
50.0055
49.6208
50.1165
49.6461
49.464
49.9627
49.2355
49.5905
49.5305
49.3648
48.8084
49.6923
49.6088
49.1628
49.3049
48.9093
48.8004
49.455
48.5416
49.0134
48.6061
48.8481
48.7916
48.7586
48.2466
48.4296
48.3714
48.2366
48.4506
48.3429
47.6962
47.8538
47.7446
48.1383
47.7648
47.7639
47.9121
48.3046
48.4224
48.3447
48.356
47.8357
47.4368
48.093
48.0784
48.3057
47.8592
47.4438
47.5062
47.7597
48.0256
47.43
47.636
47.702
47.4157
47.3319
47.3995
47.756
47.7397
47.4582
47.3145
47.2083
46.8286
46.7585
46.8899
47.0684
46.6359
46.6973
47.1209
46.561
46.5198
46.3988
46.3666
46.6033
46.5554
46.1976
46.2555
46.0498
45.881
45.7982
45.9194
45.9171
46.0573
46.4139
46.0088
46.2786
46.0456
45.6143
45.8142
45.9978
45.9898
45.5889
45.8512
45.5662
45.955
45.5066
45.3193
45.1966
45.3446
45.5374
45.4408
45.1262
45.2176
45.0546
44.7781
44.8316
45.1187
44.8455
45.204
45.408
45.3056
44.8743
44.813
44.4283
44.4879
44.92
44.9891
45.2118
45.3316
44.7609
44.7693
44.8243
44.6829
44.5929
44.6956
44.3456
44.4538
44.1988
44.2462
44.2998
44.0455
44.2535
44.7334
44.2475
43.842
44.4374
44.4135
44.4009
43.9502
44.1487
43.9129
44.2087
43.9793
43.9124
43.884
43.8545
43.9684
43.8826
43.8314
43.8315
43.7759
43.8858
43.831
44.0003
44.1227
43.686
43.5676
43.3784
43.2601
43.5033
43.3326
43.4024
43.1829
42.9902
42.6984
43.2663
43.6581
43.2198
42.8444
43.0602
42.8077
43.1538
43.0519
42.3597
43.1799
42.8991
43.1567
42.8734
42.3215
42.7122
42.6563
43.0229
42.8479
42.372
42.692
42.4887
42.2069
42.7256
42.6195
42.5518
42.0981
42.2392
42.4601
42.3573
42.5643
42.4531
41.9884
42.2642
42.1994
41.889
42.2483
42.1059
42.1041
42.2884
42.0014
42.2526
41.6338
41.587
41.9706
41.4199
41.7578
41.9716
42.0256
41.7178
41.8904
41.7754
42.0028
41.893
41.5514
41.2974
41.691
41.5591
40.8041
41.6154
41.3215
41.6044
41.4089
41.4348
41.3353
41.4613
41.1654
41.084
40.9027
41.1079
40.9519
41.0526
41.2777
41.1528
41.0093
40.8936
40.534
40.7109
40.793
40.6848
40.8865
40.8484
40.7148
41
40.854
40.942
40.5182
40.3469
40.9589
40.7263
40.62
40.5254
40.8954
40.5664
40.6016
40.4237
40.6166
40.4346
40.4512
40.6051
40.0354
40.6855
40.5674
40.555
40.3867
40.1572
40.377
39.812
40.1495
40.1927
40.2471
39.9453
40.1091
40.1861
40.1147
39.8175
39.7746
39.5461
39.7565
39.9102
39.5728
40.1628
39.8667
39.9809
39.653
39.7139
39.7049
39.4028
39.6891
39.5016
39.6002
39.6083
39.3481
39.403
39.751
39.5775
39.077
39.1676
39.3184
38.978
39.15
39.0436
39.3806
39.2308
39.2635
39.0099
