32.3229
32.2021
32.3821
31.6089
31.1026
31.0358
31.1184
30.9711
30.9226
30.8536
30.9202
30.9076
30.7743
30.7928
30.5941
30.6742
30.4749
30.5409
30.2098
30.3279
30.3176
30.3338
30.3023
30.2621
29.9044
30.1709
29.8953
29.6966
29.6905
29.6745
29.644
29.5491
29.7682
29.752
29.8669
29.9245
29.9663
29.9552
29.7885
29.5366
29.4785
29.6207
29.5753
29.3567
29.4666
29.1792
29.586
29.2085
29.2792
29.0889
29.2096
29.0516
29.0287
29.0675
28.9706
28.9218
28.8702
28.7415
28.7095
28.7764
28.6863
28.8322
28.7796
28.8613
28.7784
28.8161
28.7011
28.7397
28.8442
28.7019
28.8525
28.7426
28.7429
28.7011
28.9513
28.7227
28.7989
28.8374
28.6342
28.7323
28.718
28.8798
28.7011
28.6414
28.8218
28.6011
28.7185
28.8016
28.6138
28.6158
28.7397
28.5384
28.5823
28.5573
28.3649
28.6397
28.2302
28.1358
28.1166
28.0568
28.0886
28.0035
28.1162
27.9962
28.1794
28.3181
28.1524
27.9979
27.9727
27.9649
28.0228
28.0858
27.9232
28.3199
28.0156
28.0509
28.0332
27.8872
28.0459
28.1864
27.9158
28.0131
28.0089
27.914
27.9745
27.89
28.1307
28.0859
27.934
28.0004
28.0819
28.0676
27.9652
27.9712
28.1489
28.1354
27.8927
27.9554
27.9453
27.8333
27.8672
28.1284
28.2006
28.2243
28.0106
27.8365
27.8841
27.8022
27.9134
27.9198
27.9351
28.008
27.845
27.8792
27.8987
28.0835
27.7343
27.8178
27.7393
27.8276
27.8033
27.9487
27.784
27.768
27.7344
27.7808
27.7523
27.7612
27.7483
27.7277
27.7399
27.8582
27.9023
27.8606
27.7832
27.7295
27.7363
27.8768
27.8145
27.8147
27.7763
27.8599
27.72
27.8269
27.8243
27.7966
27.8331
27.8118
27.9095
27.8909
27.7259
27.8021
27.7604
27.8215
27.7492
27.7464
27.8594
27.784
27.7375
27.5802
27.78
28.0908
27.6517
28.1013
27.6377
27.604
27.6259
27.6829
27.6842
27.7897
27.5641
27.8829
27.4986
27.5579
27.5853
27.7983
27.5703
27.48
27.4602
27.73
27.4199
27.6082
27.4934
27.5542
27.4108
27.6966
27.4265
27.4581
27.5706
27.4446
27.3939
27.4036
27.3762
27.4142
27.49
27.4381
27.3915
27.4372
27.4169
27.5038
27.3939
27.3638
27.376
27.5231
27.4319
27.4831
27.3624
27.4179
27.447
27.5332
27.2767
27.382
27.4798
27.4381
27.3845
27.4757
27.3232
27.3739
27.3885
27.3182
27.4534
27.4278
27.2579
27.3706
27.4782
27.3813
27.3659
27.5424
27.3354
27.3501
27.3877
27.3809
27.3594
27.4205
27.2937
27.3525
27.4479
27.3845
27.4078
27.4148
27.4194
27.4229
27.3857
27.3711
27.4149
27.411
27.3947
27.3086
27.52
27.4016
27.2782
27.3884
27.3702
27.4368
27.387
27.3628
27.2569
27.3724
27.3705
27.3307
27.3301
27.3195
27.3005
27.3453
27.3117
27.3076
27.3446
27.3549
27.3662
27.2974
27.3859
27.3772
27.2956
27.3047
27.3436
27.1946
27.2185
27.3079
27.5552
27.3055
27.544
27.3196
27.2187
27.2201
27.2416
27.205
27.3327
27.2558
27.2709
27.3518
27.3393
27.5496
27.3194
27.2598
27.326
27.2761
27.215
27.2073
27.2573
27.2929
27.3686
27.213
27.2717
27.2714
27.3704
27.4503
27.3162
27.2566
27.2025
27.3245
27.3136
27.3764
27.3377
27.3303
27.2409
27.2819
27.3102
27.3169
27.2726
27.2864
27.2197
27.2061
27.2953
27.2679
27.2668
27.2123
27.2774
27.5099
27.2961
27.3433
27.3207
27.3403
27.3688
27.3652
27.2673
27.1496
27.2335
27.2283
27.2745
27.2677
27.1747
27.2136
27.2386
27.3025
27.2479
27.4203
27.0931
27.1101
27.0761
27.211
27.5089
27.492
27.1618
27.0985
27.1573
27.3701
27.1455
27.1123
27.1273
27.1499
27.14
27.044
27.5541
27.3404
27.9529
27.1093
27.9509
27.9869
27.0241
27.1725
27.131
27.0507
27.1665
27.0735
27.3
27.1042
27.0586
27.3007
27.1583
27.1088
27.1197
27.1259
27.1235
27.0532
27.0839
27.1346
27.1019
27.0816
27.1721
27.3111
27.1232
27.1084
27.0398
27.2339
27.0966
27.126
27.1315
27.0642
27.0493
27.0693
27.0719
27.1022
27.1113
27.2147
27.2753
27.1162
27.0088
26.9968
27.0112
27.1751
27.1494
27.041
27.0409
27.0688
27.1367
27.0179
27.7188
26.94
27.017
27.1103
27.2153
27.0575
27.1828
27.0685
27.125
27.0467
27.061
27.1121
27.0626
26.968
27.0442
26.9999
27.0156
27.086
27.2084
27.0246
27.0736
27.0781
27.1128
26.9836
27.0552
27.1008
27.0375
27.0206
27.0259
27.1189
26.9908
26.9928
27.377
27.0233
27.2788
27.0827
27.0206
27.0737
27.0441
27.0446
27.0173
26.9916
26.9764
27.3933
27.2271
26.9071
26.9258
27.0336
27.0553
27.0003
27.3666
26.9364
27.2861
26.8996
26.968
26.9194
26.969
26.9802
26.9378
26.9792
27.0361
27.2147
26.9138
26.9857
26.9564
27.0368
26.9455
27.0059
27.357
27.2544
26.9509
27.4589
27.0231
26.9835
27.0049
26.946
26.9896
27.2341
27.0003
26.9099
26.9837
26.9321
27.0083
26.9947
26.9671
26.9936
26.9598
26.926
26.9798
26.9799
26.8944
26.9833
26.9971
26.912
26.8906
26.9395
26.9824
26.9584
27.0026
27.0381
27.08
27.136
27.0225
26.9373
26.9193
26.9643
26.9637
26.9665
26.9555
26.9922
26.9673
26.9904
26.8912
26.9977
26.9138
26.9078
26.8915
26.9489
26.9612
26.9328
26.8932
26.9374
26.9109
26.8142
26.9238
26.9277
26.9219
26.8646
26.9121
26.92
27.0617
26.9723
27.024
27.0544
26.9128
26.9556
26.9379
26.9751
27.0209
26.8745
27.0527
26.8822
26.9147
26.9918
26.9576
26.9075
26.9667
27.1629
27.0364
26.9683
26.9459
26.8994
26.9267
26.9587
26.887
26.8855
26.8896
27.018
27.0136
26.9276
26.886
26.8362
27.0478
26.8108
26.9195
27.534
26.8734
27.189
26.9034
26.9537
26.7943
27.2538
27.1706
26.9247
26.8806
26.8426
26.7819
26.8662
26.8839
26.8589
26.8832
26.8487
26.9138
26.8894
26.8557
26.9572
26.8816
26.9183
26.7885
26.8191
26.9326
26.8497
26.8964
26.911
26.8093
26.8508
26.8911
26.8963
26.8373
26.883
26.8634
26.8913
26.8781
27.0807
26.8493
26.8818
26.8954
26.8212
26.8284
26.8719
26.8551
26.9013
26.8202
26.8446
27.045
26.8505
26.9699
26.8869
26.9362
26.9974
26.9263
26.9218
26.8884
26.8904
26.9016
26.8989
26.9009
26.95
26.8763
26.9108
26.8363
26.8648
26.8977
26.8696
26.901
26.9007
26.9175
26.9095
26.8652
26.8865
26.959
26.8519
26.7907
26.885
26.8866
26.9071
26.9311
26.9854
26.8794
26.8971
26.8899
26.8203
26.8906
26.8371
26.8635
26.8368
26.8292
26.8324
26.7747
26.8255
26.8717
26.8415
26.9188
26.8166
26.8324
26.8282
26.9954
26.8731
26.9168
26.8155
26.7912
26.8164
26.8394
26.875
26.8785
26.7876
26.8422
26.8496
26.8046
26.8318
26.819
26.8854
26.8579
26.9338
26.8667
26.8738
26.8239
26.8417
26.8376
26.8456
26.8488
26.8525
26.8706
26.9352
26.8427
26.8483
26.8258
26.9119
26.8402
26.8063
26.8883
26.899
26.7841
26.7895
26.8476
26.8248
26.8302
26.8591
26.7726
26.8063
26.8393
26.8239
26.8296
26.8046
26.8414
26.8469
26.8366
26.8265
26.9809
26.8519
26.7915
26.8055
27.0826
26.7563
26.7417
26.8763
26.8061
26.7752
26.8551
26.7914
26.8214
26.7481
26.8613
26.8383
26.869
26.8508
26.7487
26.8673
26.869
26.8253
26.8557
26.8051
26.7454
26.8535
26.7493
26.8128
26.8103
26.8717
26.7981
26.8024
26.772
26.7275
26.7721
26.9449
26.9181
26.8576
26.8482
26.7679
26.758
26.7936
26.8034
26.7608
26.7685
26.8413
26.8436
26.871
26.8816
26.7797
26.7233
26.7434
26.7984
26.7906
26.8541
26.8599
26.7904
26.8037
26.812
26.856
26.845
26.8095
26.7104
26.9202
26.8038
26.9014
26.908
26.8207
26.8182
26.8383
26.7715
26.8478
26.8041
26.8822
26.8612
26.7851
26.7525
26.7792
26.7402
26.7991
26.7804
26.8186
26.7939
26.7529
26.8056
26.7775
26.7482
26.8041
26.7643
26.875
26.8253
26.7962
26.8426
26.7743
26.806
26.9014
26.8313
26.8159
26.8315
26.8256
26.7905
26.8304
26.8488
26.8058
26.7557
26.799
26.7438
26.7502
26.7434
26.7343
26.7868
26.6875
26.7449
26.8119
26.7963
26.829
26.8496
26.8465
26.8329
26.8186
26.783
26.8418
26.7851
26.8359
26.7911
26.8215
26.7572
26.8498
26.8091
26.7782
26.8068
26.7906
26.783
26.6998
26.8521
26.7569
26.7115
26.7438
26.8147
26.7065
26.9075
27.4766
27.0626
26.7136
26.7455
26.7077
26.7839
26.7632
26.8015
26.8448
26.8213
26.7464
26.7229
26.8243
26.7255
26.6869
26.742
26.8224
26.974
26.7401
26.8368
26.809
26.7737
26.766
26.7335
26.7292
26.7971
26.7048
26.8303
26.8306
26.7594
26.755
26.7336
26.6743
26.7472
26.7601
26.769
26.8237
26.7424
26.7041
26.7019
27.101
26.7536
26.7766
26.7177
26.7221
26.6947
26.7295
26.7567
26.6924
26.756
26.7348
26.7573
26.7233
26.7831
26.7852
26.686
26.7641
26.7224
26.7744
26.702
26.6975
26.7087
26.7
26.6993
26.7595
26.8025
26.7328
26.7092
26.7168
26.7421
26.7412
26.7259
26.7771
26.7293
26.7389
26.736
26.7575
26.7453
26.7472
26.7349
26.7475
26.7596
26.7652
26.7641
26.7495
