      6
    102
    289
    552
    904
   1369
   1779
   2230
   3049
   3810
   4560
   5456
   6202
   7434
   8542
   9581
  11159
  12557
  14077
  15554
  16922
  19023
  21008
  22275
  24376
  26610
  28633
  31123
  33151
  35387
  38037
  40294
  43815
  44750
  48656
  50990
  54432
  56821
  60053
  63502
  65873
  69815
  72816
  75634
  80781
  83136
  86762
  90156
  93766
  99300
 101788
 105567
 110446
 114009
 118820
 121795
 126032
 132585
 135542
 140153
 144488
 148990
 154615
 159503
 164174
 168932
 173480
 177583
 182905
 188434
 193346
 198974
 203526
 209196
 216180
 219271
 225585
 231949
 236420
 242248
 247906
 253938
 260665
 267501
 272097
 278114
 284424
 290255
 295552
 300132
 307538
 315852
 322272
 327817
 333150
 340532
 345703
 353083
 359055
 366132
 371389
 379176
 385491
 393295
 400890
 405241
 413948
 421648
 426711
 432653
 441080
 447646
 454781
 462496
 469820
 475830
 484372
 487510
 496855
 503943
 511487
 520486
 524792
 532079
 541545
 547144
 554847
 563204
 570894
 577145
 584339
 591885
 601613
 607140
 612993
 621065
 629254
 632706
 645001
 651523
 657017
 668282
 673150
 681086
 689383
 695774
 701647
 710614
 719234
 722828
 731938
 737755
 747652
 752699
 760884
 768923
 775865
 783042
 788765
 800374
 806672
 812681
 821448
 824842
 833672
 840502
 851791
 856532
 864911
 874363
 880398
 887854
 892948
 902947
 908386
 915191
 922367
 927716
 936320
 940495
 950062
 955460
 963550
 968582
 981993
 981524
 990152
 995916
1005538
1011911
1014672
1025910
1033847
1040843
1046376
1051894
1057170
1067000
1073309
1077894
1083755
1089167
1099365
1105323
1111243
1115819
1120853
1125972
1133132
1136525
1144971
1154902
1152315
1160858
1164912
1172868
1179979
1188616
1193190
1198112
1200228
1206639
1211682
1215150
1219782
1227695
1226929
1235504
1244714
1242551
1248849
1254707
1259365
1263507
1269977
1272649
1279606
1284842
1289705
1287466
1295825
1300146
1305381
1310914
1312766
1315474
1321423
1322750
1327351
1328157
1333802
1341395
1341628
1348516
1348853
1351372
1361231
1361917
1361697
1367075
1370091
1372196
1376256
1380090
1384646
1385102
1389281
1390440
1396528
1396659
1402051
1399156
1401365
1408536
1406759
1411130
1408359
1415809
1414168
1418137
1420887
1420892
1420655
1422516
1424999
1428538
1429572
1431483
1431257
1434792
1431262
1434054
1437444
1432874
1432181
1440586
1440074
1441628
1439506
1444149
1440667
1441888
1441352
1442257
1443110
1448297
1440862
1448911
1443551
1444939
1444548
1444340
1443836
1445564
1441371
1441364
1444143
1442305
1442769
1440782
1440130
1439643
1435645
1436268
1436376
1439601
1435653
1432531
1432177
1430467
1429854
1428237
1430531
1424451
1422046
1422325
1422960
1421538
1420223
1416992
1412478
1416260
1410771
1410622
1406027
1402137
1401442
1400126
1397733
1393556
1392433
1390961
1389232
1390060
1383825
1384308
1376512
1377869
1379403
1373557
1368325
1366176
1365085
1360023
1357413
1350850
1353582
1349960
1346545
1339624
1335868
1342057
1332968
1328450
1324672
1326046
1320964
1319039
1314103
1310429
1304317
1302891
1296623
1294456
1288704
1287172
1285693
1279288
1277247
1276628
1270539
1262756
1262376
1258355
1254429
1252855
1247011
1241516
1235446
1236075
1231460
1226859
1221067
1215887
1210179
1209760
1207303
1198829
1195449
1191877
1182857
1181510
1178526
1169839
1168615
1163662
1160252
1155509
1147421
1146637
1146793
1134931
1133662
1125160
1124095
1117730
1111828
1107027
1107666
1095792
1093732
1088530
1083252
1076643
1076918
1069268
1065876
1061106
1052060
1051541
1046601
1040541
1036166
1031503
1023918
1020353
1016275
1009280
1006442
 997469
 997186
 992585
 982515
 981859
 976569
 973946
 965792
 960494
 957111
 949603
 945125
 942211
 934314
 933730
 924920
 922612
 916650
 910713
 904191
 901958
 894070
 894412
 886365
 880642
 874388
 870258
 865298
 861952
 860535
 855437
 842582
 840305
 837443
 829403
 827620
 820823
 815171
 811585
 804238
 803445
 792677
 790010
 784416
 780084
 778072
 771887
 767599
 758740
 755958
 749267
 746270
 742697
 737235
 732676
 729138
 722863
 718013
 713942
 709590
 703167
 701865
 696268
 689062
 685032
 679291
 674975
 672468
 667837
 660099
 656853
 652327
 647314
 644194
 639415
 633352
 630418
 622291
 621388
 613699
 610677
 603729
 601146
 596892
 589982
 590356
 584768
 579419
 574853
 570818
 567501
 563035
 559488
 553223
 550995
 543587
 540570
 536073
 532732
 530343
 524900
 520553
 514764
 510861
 509555
 503969
 499458
 494956
 490124
 487927
 484013
 478837
 473497
 470842
 466115
 462846
 458638
 455624
 451956
 447755
 444865
 440908
 438881
 434889
 430884
 427435
 422327
 420031
 416061
 410308
 407926
 404233
 399398
 396572
 392915
 390402
 386674
 384708
 382426
 377215
 373681
 369521
 367459
 363518
 358445
 358726
 353097
 350406
 346211
 345513
 342587
 338321
 334995
 332668
 327111
 326905
 322997
 317842
 317525
 313858
 309660
 309061
 305043
 301697
 297450
 299358
 295182
 290726
 288480
 282464
 283250
 279662
 275033
 273294
 270858
 269378
 266511
 264002
 260361
 257985
 254955
 250305
 250199
 246652
 244821
 244634
 239100
 236881
 235149
 232342
 231134
 227112
 225009
 222547
 222252
 218046
 214688
 213182
 211584
 209617
 206507
 205384
 203112
 200736
 199307
 197118
 194137
 192944
 189691
 188529
 187219
 184676
 183012
 179597
 179853
 175931
 174835
 172943
 170112
 168601
 167422
 166720
 164427
 162671
 159177
 158887
 157797
 155095
 152526
 151684
 148861
 147015
 147326
 144964
 141713
 140924
 140707
 137089
 135714
 134715
 133184
 130909
 130422
 128491
 128103
 126769
 125195
 124077
 121535
 119783
 118504
 116696
 116011
 115100
 112704
 110769
 110324
 109009
 108349
 107064
 105731
 104010
 103069
 101154
 100121
  99205
  97290
  96819
  94198
  93923
  93226
  92082
  91258
  89507
  88506
  86784
  86547
  84530
  83771
  82890
  81272
  80591
  80309
  79529
  77953
  76383
  76754
  75099
  74168
  73737
  72177
  71293
  70117
  69674
  68893
  68037
  66571
  66071
  64810
  63768
  63018
  63248
  61911
  61206
  59722
  58851
  58921
  57739
  56889
  57060
  55445
  55038
  54418
  53951
  53070
  52274
  50502
  50732
  49605
  49519
  48880
  48477
  47640
  47739
  46085
  45001
  44822
  43740
  43612
  42780
  42848
  41884
  41171
  41304
  40808
  40131
  38928
  38398
  38035
  37116
  37327
  36881
  36341
  35961
  35750
  33987
  34041
  33613
  33421
  33012
  32310
  32224
  31234
  30926
  30460
  29569
  29149
  29177
  28182
  28074
  27812
  27303
  26637
  26988
  26477
  25441
  25432
  25064
  24245
  24146
  23968
  23735
  23565
  22669
  22707
  22055
  21808
  21716
  21329
  20909
  20646
  19824
  19752
  19614
  19372
  18986
  18721
  18310
  18134
  18634
  17681
  17269
  17181
  17031
  16764
  16302
  16190
  15933
  15572
  15340
  15126
  14967
  14508
  14747
  14513
  14032
  14036
  14249
  13751
  13625
  12996
  12890
  12699
  12535
  11898
  12161
  11761
  11501
  11468
  11287
  11080
  10858
  10880
  10505
  10268
  10439
  10314
  10020
   9651
   9597
   9304
   8945
   9251
   8923
   8882
   8578
   8706
   8489
   8277
   8632
   8195
   8030
   7658
   7918
   7659
   7340
   7272
   7141
   7005
   6792
   6990
   6704
   6556
   6655
   6270
   6136
   6023
   5909
   5884
   6000
   5794
   5474
   5660
   5480
   5189
   5326
   5408
   5201
   5020
   4797
   4985
   4779
   4713
   4674
   4456
   4605
   4490
   4084
   4231
   4294
   4193
   4238
   3933
   4093
   3668
   3639
   3848
   3703
   3374
   3503
   3331
   3268
   3242
   3249
   3555
   3221
   2910
   3126
   3123
   3037
   3016
   2865
   2917
   2730
   2585
   2657
   2741
   2582
   2614
   2608
   2404
   2368
   2474
   2489
   2322
   2258
   2213
   2237
   2131
   2099
   2002
   2013
   2059
   1949
   2003
   1772
   1822
   1712
   1802
   1764
   1712
   1675
   1715
   1802
   1630
   1632
   1573
   1583
   1551
   1453
   1456
   1484
   1305
   1353
   1293
   1358
   1315
   1262
   1351
   1277
   1284
   1153
   1211
   1194
   1277
   1135
   1027
   1052
   1103
    949
    975
    998
    857
    980
    991
    875
   1000
    841
    864
    855
    834
    866
    753
    726
    731
    766
    785
    792
    684
    744
    670
    681
    670
    659
    688
    613
    591
    573
    579
    541
    548
    555
    500
    487
    552
    498
    493
    474
    520
    449
    440
    504
    355
    395
    417
    401
    405
    462
    401
    421
    471
    354
    364
    378
    400
    305
    355
    312
    299
    347
    341
    265
    369
    290
    280
    250
    283
    271
    258
    246
    269
    256
    259
    206
    231
    252
    172
    212
    176
    276
    176
    196
    176
    184
    210
    208
    185
    195
    202
    181
    166
    149
    139
    139
    127
    141
    166
    104
    154
    127
    139
    123
     75
    129
    121
    138
    139
    124
    126
    111
    109
    115
    100
     67
     79
     72
     74
     87
     92
     78
     88
     70
     50
     64
     80
     75
     67
     73
     56
     49
     50
     70
     55
     52
     52
     53
     58
     51
     26
     32
     37
     43
     26
     44
     35
     41
     42
     49
     47
     38
     34
     43
     21
     58
     45
     45
     41
     47
     26
     16
     22
     23
     24
     55
     17
     37
     35
     19
     18
     34
      9
     15
     25
     12
     20
     24
     19
     12
     39
     30
     11
     27
     40
     12
     18
     15
     13
     28
     28
      5
     12
     17
     23
     11
     12
     14
     17
     17
     22
      3
     25
     17
      7
     11
     12
      7
     14
      4
      5
      3
      2
      5
      2
     16
      7
      5
      4
      0
      5
      6
     10
      4
      6
     11
      1
      1
      4
      6
      1
     10
     13
      1
      3
      3
     15
     15
      7
      6
      8
      9
      6
     14
     14
     13
      3
     12
     15
     10
     15
      3
      6
     12
     13
      8
      3
      5
     13
     20
      3
      7
      9
      7
      5
      0
      5
     10
      4
      5
     11
      0
      5
      1
     13
      2
      7
      9
      1
      4
      1
      3
      3
      4
      1
      3
      0
      4
      1
      0
      1
      9
      6
      0
      9
      2
      6
      5
     10
      3
      4
      0
      0
      7
      3
      4
      0
      0
      3
      5
      0
      4
      1
      2
      0
      2
      5
      0
      1
      3
      0
      0
      1
      0
      3
      0
      2
      0
      1
      0
      0
      0
      3
      0
      0
      0
      1
      0
      0
      0
      4
      2
      3
     10
      1
      5
      0
      1
      2
      0
      0
      0
      0
      0
      2
      1
      0
      0
      0
      1
      1
      0
      0
      0
      2
      0
      1
      0
      0
      0
      0
      0
      5
      0
      0
      0
      0
      0
      0
      0
      0
      0
      0
      0
      0
      0
      0
      0
      0
      0
      0
      0
      0
      0
      0
      0
      0
      0
      0
      0
      0
      0
      0
      0
      0
      0
      0
      0
      0
      0
      0
      0
      0
      0
      0
      0
      0
      0
      0
      0
      0
      0
      0
      0
      0
      0
      0
      0
      0
      0
      0
      0
      0
      0
      0
      0
      0
      0
      0
      0
      0
      0
      0
      0
      0
      0
      0
      0
      0
      0
      0
      0
      0
      0
      0
      0
      0
      0
      0
      0
      0
      0
      0
      0
      0
      0
      0
      0
      0
      0
      0
      0
      0
      0
      0
      0
      0
      0
      0
      0
      0
      0
      0
      0
      0
      0
      0
      0
      0
      0
      0
      0
      0
      0
      0
      0
      0
      0
      0
      0
      0
      0
      0
      0
      0
      0
      0
      0
      0
      0
      0
      0
      0
      0
      0
      0
      0
      0
      0
      0
      0
      0
      0
      0
      0
      0
      0
      0
      0
      0
      0
      0
      0
      0
      0
      0
      0
      0
      0
      0
      0
      0
      0
      0
      0
      0
      0
      0
      0
      0
      0
      0
      0
      0
      0
      0
      0
      0
      0
      0
      0
      0
      0
      0
      0
      0
      0
      0
      0
      0
      0
      0
      0
      0
      0
      0
      0
      0
      0
      0
      0
      0
      0
      0
      0
      0
      0
      0
      0
      0
      0
      0
      0
      0
      0
      0
      0
      0
      0
      0
      0
      0
      0
      0
      0
      0
      0
      0
      0
      0
      0
      0
      0
      0
      0
      0
      0
      0
      0
      0
      0
      0
      0
      0
      0
      0
      0
      0
      0
      0
      0
      0
      0
      0
      0
      0
      0
      0
      0
      0
      0
      0
      0
      0
      0
      0
      0
      0
      0
      0
      0
      0
      0
      0
      0
      0
      0
      0
      0
      0
      0
      0
      0
      0
      0
      0
      0
      0
      0
      0
      0
      0
      0
      0
      0
      0
      0
      0
      0
      0
      0
      0
      0
      0
      0
      0
      0
      0
      0
      0
      0
      0
      0
      0
      0
      0
      0
      0
      0
      0
      0
      0
      0
      0
      0
      0
      0
      0
      0
      0
      0
      0
      0
      0
      0
      0
      0
      0
      0
      0
      0
      0
      0
      0
      0
      0
      0
      0
      0
      0
      0
      0
      0
      0
      0
      0
      0
      0
      0
      0
      0
      0
      0
      0
      0
      0
      0
      0
      0
      0
      0
      0
      0
      0
      0
      0
      0
      0
      0
      0
      0
      0
      0
      0
      0
      0
      0
      0
      0
      0
      0
      0
      0
      0
      0
      0
      0
      0
      0
      0
      0
      0
      0
      0
      0
      0
      0
      0
      0
      0
      0
      0
      0
      0
      0
      0
      0
      0
      0
      0
      0
      0
      0
      0
      0
      0
      0
      0
      0
      0
      0
      0
      0
      0
      0
      0
      0
      0
      0
      0
      0
      0
      0
      0
      0
      0
      0
      0
      0
      0
      0
      0
      0
      0
      0
      0
      0
      0
      0
      0
      0
      0
      0
      0
      0
      0
      0
      0
      0
      0
      0
      0
      0
      0
      0
      0
      0
      0
      0
      0
      0
      0
      0
      0
      0
      0
      0
      0
      0
      0
      0
      0
      0
      0
      0
      0
      0
      0
      0
      0
      0
      0
      0
      0
      0
      0
      0
      0
      0
      0
      0
      0
      0
      0
      0
      0
      0
      0
      0
      0
      0
      0
      0
      0
      0
      0
      0
      0
      0
      0
      0
      0
      0
      0
      0
      0
      0
      0
      0
      0
      0
      0
      0
      0
      0
      0
      0
      0
      0
      0
      0
      0
      0
      0
      0
      0
      0
      0
      0
      0
      0
      0
      0
      0
      0
      0
      0
      0
      0
      0
      0
      0
      0
      0
      0
      0
      0
      0
      0
      0
      0
      0
      0
      0
      0
      0
      0
      0
      0
      0
      0
      0
      0
      0
      0
      0
      0
      0
      0
      0
      0
      0
      0
      0
      0
      0
      0
      0
      0
      0
      0
      0
      0
      0
      0
      0
      0
      0
      0
      0
      0
      0
      0
      0
      0
      0
      0
      0
      0
      0
      0
      0
      0
      0
      0
      0
      0
      0
      0
      0
      0
      0
      0
      0
      0
      0
      0
      0
      0
      0
      0
      0
      0
      0
      0
      0
      0
      0
      0
      0
      0
      0
      0
      0
      0
      0
      0
      0
      0
      0
      0
      0
      0
      0
      0
      0
      0
      0
      0
      0
      0
      0
      0
      0
      0
      0
      0
      0
      0
      0
      0
      0
      0
      0
      0
      0
      0
      0
      0
      0
      0
      0
      0
      0
      0
      0
      0
      0
      0
      0
      0
      0
      0
      0
      0
      0
      0
      0
      0
      0
      0
      0
      0
      0
      0
      0
      0
      0
      0
      0
      0
      0
      0
      0
      0
      0
      0
      0
      0
      0
      0
      0
      0
      0
      0
      0
      0
      0
      0
      0
      0
      0
      0
      0
      0
      0
      0
      0
      0
      0
      0
      0
      0
      0
      0
      0
      0
      0
      0
      0
      0
      0
      0
      0
      0
      0
      0
      0
      0
      0
      0
      0
      0
      0
      0
      0
      0
      0
      0
      0
      0
      0
      0
      0
      0
      0
      0
      0
      0
      0
      0
      0
      0
      0
      0
      0
      0
      0
      0
      0
      0
      0
      0
      0
      0
      0
      0
      0
      0
      0
      0
      0
      0
      0
      0
      0
      0
      0
      0
      0
      0
      0
      0
      0
      0
      0
      0
      0
      0
      0
      0
      0
      0
      0
      0
      0
      0
      0
      0
      0
      0
      0
      0
      0
      0
      0
      0
      0
      0
      0
      0
      0
      0
      0
      0
      0
      0
      0
      0
      0
      0
      0
      0
      0
      0
      0
      0
      0
      0
      0
      0
      0
      0
      0
      0
      0
      0
      0
      0
      0
      0
      0
      0
      0
      0
      0
      0
      0
      0
      0
      0
      0
      0
      0
      0
      0
      0
      0
      0
      0
      0
      0
      0
      0
      0
      0
      0
      0
      0
      0
      0
      0
      0
      0
      0
      0
      0
      0
      0
      0
      0
      0
      0
      0
      0
      0
      0
      0
      0
      0
      0
      0
      0
      0
      0
      0
      0
      0
      0
      0
      0
      0
      0
      0
      0
      0
      0
      0
      0
      0
      0
      0
      0
      0
      0
      0
      0
      0
      0
      0
      0
      0
      0
      0
      0
      0
      0
      0
      0
      0
      0
      0
      0
      0
      0
      0
      0
      0
      0
      0
      0
      0
      0
      0
      0
      0
      0
      0
      0
      0
      0
      0
      0
      0
      0
      0
      0
      0
      0
      0
      0
      0
      0
      0
      0
      0
      0
      0
      0
      0
      0
      0
      0
      0
      0
      0
      0
      0
      0
      0
      0
      0
      0
      0
      0
      0
      0
      0
      0
      0
      0
      0
      0
      0
      0
      0
      0
      0
      0
      0
      0
      0
      0
      0
      0
      0
      0
      0
      0
      0
      0
      0
      0
      0
      0
      0
      0
      0
      0
      0
      0
      0
      0
      0
      0
      0
      0
      0
      0
      0
      0
      0
      0
      0
      0
      0
      0
      0
      0
      0
      0
      0
      0
      0
      0
      0
      0
      0
      0
      0
      0
      0
      0
      0
      0
      0
      0
      0
      0
      0
      0
      0
      0
      0
      0
      0
      0
      0
      0
      0
      0
      0
      0
      0
      0
      0
      0
      0
      0
      0
      0
      0
      0
      0
      0
      0
      0
      0
      0
      0
      0
      0
      0
      0
      0
      0
      0
      0
      0
      0
      0
      0
      0
      0
      0
      0
      0
      0
      0
      0
      0
      0
      0
      0
      0
      0
      0
      0
      0
      0
      0
      0
      0
      0
      0
      0
      0
      0
      0
      0
      0
      0
      0
      0
      0
      0
      0
      0
      0
      0
      0
      0
      0
      0
      0
      0
      0
      0
      0
      0
      0
      0
      0
      0
      0
      0
      0
      0
      0
      0
      0
      0
      0
      0
      0
      0
      0
      0
      0
      0
      0
      0
      0
      0
      0
      0
      0
      0
      0
      0
      0
      0
      0
      0
      0
      0
      0
      0
      0
      0
      0
      0
      0
      0
      0
      0
      0
      0
      0
      0
      0
      0
      0
      0
      0
      0
      0
      0
      0
      0
      0
      0
      0
      0
      0
      0
      0
      0
      0
      0
      0
      0
      0
      0
      0
      0
      0
      0
      0
      0
      0
      0
      0
      0
      0
      0
      0
      0
      0
      0
      0
      0
      0
      0
      0
      0
      0
      0
      0
      0
      0
      0
      0
      0
      0
      0
      0
      0
      0
      0
      0
      0
      0
      0
      0
      0
      0
      0
      0
      0
      0
      0
      0
      0
      0
      0
      0
      0
      0
      0
      0
      0
      0
      0
      0
      0
      0
      0
      0
      0
      0
      0
      0
      0
      0
      0
      0
      0
      0
      0
      0
      0
      0
      0
      0
      0
      0
      0
      0
      0
      0
      0
      0
      0
      0
      0
      0
      0
      0
      0
      0
      0
      0
      0
      0
      0
      0
      0
      0
      0
      0
      0
      0
      0
      0
      0
      0
      0
      0
      0
      0
      0
      0
      0
      0
      0
      0
      0
      0
      0
      0
      0
      0
      0
      0
      0
      0
      0
      0
      0
      0
      0
      0
      0
      0
      0
      0
      0
      0
      0
      0
      0
      0
      0
      0
      0
      0
      0
      0
      0
      0
      0
      0
      0
      0
      0
      0
      0
      0
      0
      0
      0
      0
      0
      0
      0
      0
      0
      0
      0
      0
      0
      0
      0
      0
      0
      0
      0
      0
      0
      0
      0
      0
      0
      0
      0
      0
      0
      0
      0
      0
      0
      0
      0
      0
      0
      0
      0
      0
      0
      0
      0
      0
      0
      0
      0
      0
      0
      0
      0
      0
      0
      0
      0
      0
      0
      0
      0
      0
      0
      0
      0
      0
      0
      0
      0
      0
      0
      0
      0
      0
      0
      0
      0
      0
      0
      0
      0
      0
      0
      0
      0
      0
      0
      0
      0
      0
      0
      0
      0
      0
      0
      0
      0
      0
      0
      0
      0
      0
      0
      0
      0
      0
      0
      0
      0
      0
      0
      0
      0
      0
      0
      0
      0
      0
      0
      0
      0
      0
      0
      0
      0
      0
      0
      0
      0
      0
      0
      0
      0
      0
      0
      0
      0
      0
      0
      0
      0
      0
      0
      0
      0
      0
      0
      0
      0
      0
      0
      0
      0
      0
      0
      0
      0
      0
      0
      0
      0
      0
      0
      0
      0
      0
      0
      0
      0
      0
      0
      0
      0
      0
      0
      0
