      0
   9113
  26594
  47229
  66743
  83402
 102529
 121682
 135708
 155335
 174501
 195742
 213302
 230668
 247673
 269184
 286839
 306751
 326100
 339356
 360275
 376482
 396443
 416877
 432108
 455697
 466298
 490770
 506196
 522836
 548496
 565024
 583701
 607617
 624416
 639780
 654792
 676723
 690569
 712793
 728043
 750448
 765318
 782744
 802773
 817730
 853437
 857670
 871457
 893154
 908774
 935095
 946581
 967608
 981076
1001441
1021544
1040869
1058039
1075156
1101000
1119468
1126705
1151762
1169196
1192875
1211388
1215880
1250360
1263425
1283746
1296040
1308738
1329142
1346244
1366735
1389341
1403187
1417751
1438091
1459843
1485435
1503269
1508555
1533521
1540525
1560633
1581049
1609518
1624156
1638391
1660149
1672798
1693686
1708960
1715990
1734278
1771766
1770425
1787250
1815967
1827756
1859090
1864973
1883857
1907670
1922984
1921882
1950948
1969303
1990359
2016003
2016496
2038445
2052412
2070097
2089520
2101018
2129231
2133069
2166047
2182992
2191246
2199220
2220810
2244712
2264769
2280555
2295173
2305246
2329439
2340581
2360813
2381153
2388792
2401248
2428188
2428392
2455940
2476519
2480002
2500775
2521929
2542202
2558049
2565113
2580753
2591850
2626574
2620687
2647096
2657783
2665449
2700934
2714245
2731688
2738717
2764641
2790500
2779595
2821310
2818598
2833830
2858643
2863967
2897537
2895973
2901680
2922094
2952105
2966417
2972198
2988045
3010090
3020414
3027967
3059353
3079261
3066217
3100494
3101734
3147942
3134815
3158755
3183105
3205488
3222667
3227312
3236807
3258390
3273429
3286321
3305726
3316871
3317784
3348878
3354483
3369673
3401758
3389652
3422776
3447575
3454456
3483447
3499997
3485339
3512629
3526372
3529394
3549412
3567496
3578427
3602694
3610113
3626207
3646251
3662633
3678046
3683501
3717352
3717232
3726269
3736984
3763292
3790444
3803638
3821822
3820948
3839980
3878816
3877638
3886998
3908235
3913904
3942767
3961536
3967473
3970204
3984235
4002783
4018570
4037265
4044174
4066591
4090344
4089416
4113876
4143309
4146710
4172931
4182482
4193110
4201482
4244313
4237920
4248480
4280019
4296752
4290795
4332149
4331714
4339385
4361619
4387783
4391281
4434561
4434615
4472547
4465579
4477886
4506144
4521397
4532068
4560807
4556991
4597309
4596484
4600132
4626304
4629656
4646950
4643528
4691191
4714656
4724800
4751481
4758878
4780366
4800593
4792759
4816469
4823266
4873244
4873977
4893267
4916885
4926392
4940924
4922857
4995508
4989977
5010424
5032173
5051386
5068003
5089201
5103865
5096517
5128726
5139998
5141120
5156639
5202504
5209322
5239371
5267220
5275029
5286181
5291714
5299423
5326059
5354430
5380182
5383769
5394372
5433544
5428782
5439330
5489262
5487274
5512718
5534057
5539745
5564975
5590802
5616340
5603311
5618442
5671191
5662389
5676503
5704955
5712224
5734824
5777236
5787433
5799842
5809726
5835271
5849856
5857139
5884222
5873233
5928718
5962260
5956180
5977237
5999593
6012481
6036394
6063175
6078515
6098358
6104796
6112324
6143694
6174670
6152368
6198355
6211165
6251246
6250755
6293836
6283100
6298597
6325074
6329382
6373063
6396932
6396979
6386267
6422803
6455027
6471184
6495348
6491892
6514640
6531090
6546566
6560187
6570256
6616712
6621905
6642918
6654020
6684606
6673813
6719078
6732328
6750027
6776396
6753430
6772755
6800759
6843863
6857103
6865062
6882074
6891676
6908677
6935005
6956952
6965724
6977492
6983440
7027380
7031051
7031014
7052876
7109039
7096411
7088440
7110541
7144758
7144053
7191497
7170297
7205879
7187870
7222628
7216653
7258331
7252652
7256823
7273742
7314746
7319754
7318932
7323595
7335509
7346386
7359059
7390900
7377366
7420324
7424570
7446198
7420903
7467253
7503354
7471999
7507785
7497527
7515042
7507636
7516992
7547003
7528369
7545145
7552236
7574692
7563192
7574277
7617480
7590537
7611314
7614939
7625517
7632704
7630211
7631149
7649195
7641382
7651016
7647859
7653446
7644449
7641151
7671543
7647928
7665133
7646765
7662125
7672859
7682566
7676168
7690810
7697856
7672034
7698243
7679106
7652841
7689642
7684697
7686358
7687134
7657237
7682885
7668869
7671971
7645458
7651460
7622298
7627588
7621271
7610000
7589966
7622696
7610031
7579712
7587840
7555141
7532625
7549631
7535168
7548704
7531335
7509481
7510171
7479848
7469283
7455270
7447423
7441034
7421360
7405225
7401656
7381176
7368042
7345002
7361625
7318946
7303381
7254814
7276887
7240322
7231274
7181158
7186186
7153483
7137352
7148940
7094493
7088296
7059112
7039285
7027903
6983871
6968643
6928417
6920949
6920089
6852347
6858069
6827003
6777281
6799717
6730867
6698839
6700183
6625996
6636907
6588004
6583619
6525800
6536165
6491494
6460504
6428535
6388707
6357764
6339474
6317405
6266807
6228568
6188392
6174796
6147233
6096488
6059380
6041572
5990120
5966934
5939811
5898119
5895883
5820818
5807804
5773205
5752844
5695897
5663860
5623564
5603975
5552878
5521081
5484063
5430332
5406992
5361986
5317778
5314215
5246620
5217047
5191781
5136047
5102592
5071252
5043767
5011419
4939671
4933305
4875004
4847204
4794498
4773745
4734839
4686400
4652026
4601349
4557155
4543429
4490227
4456185
4413733
4384971
4328084
4282698
4268361
4220503
4173895
4150459
4098407
4068730
4038234
3985210
3959789
3917821
3897280
3835482
3787362
3754104
3726177
3676958
3644003
3606749
3582978
3524062
3484797
3454835
3424736
3374272
3344028
3313529
3271982
3237442
3192683
3150284
3136016
3085914
3050574
3026093
2983008
2939344
2920726
2875021
2845456
2815399
2778169
2723726
2709243
2685424
2644647
2620987
2564013
2544811
2512705
2477077
2453272
2417961
2375035
2360134
2322366
2302495
2254881
2227052
2198649
2171854
2138651
2109226
2086874
2047583
2011662
1987048
1974775
1939264
1913685
1891204
1850558
1832716
1805115
1785584
1741751
1720846
1698859
1673863
1645103
1628796
1589503
1574029
1554526
1520533
1489637
1485509
1452911
1428388
1407483
1382284
1371228
1349921
1326721
1292040
1277244
1252320
1236786
1218621
1198893
1165643
1156838
1137623
1114214
1101550
1081899
1054210
1043097
1022119
1013505
 995703
 969068
 952617
 931174
 929829
 906086
 889141
 869458
 852686
 846938
 820652
 812405
 794080
 778846
 767378
 750835
 739445
 721182
 710218
 695634
 677854
 669154
 658334
 646004
 624578
 619998
 603031
 589823
 572538
 569593
 562072
 556602
 533531
 520143
 516037
 501574
 495969
 482387
 463751
 468939
 451874
 437659
 429547
 425828
 418432
 408289
 399279
 386954
 377957
 372979
 367029
 358020
 347641
 339639
 331654
 331421
 321995
 310981
 302106
 303187
 289200
 286633
 283622
 273228
 265578
 263587
 256839
 250430
 242853
 239706
 235152
 226504
 222625
 221675
 209906
 207219
 204804
 196292
 195412
 187589
 183314
 183846
 174528
 171819
 170093
 165797
 159848
 151097
 149171
 146848
 142987
 140137
 134832
 133469
 131513
 126622
 120742
 119949
 116332
 115208
 111118
 107413
 108612
 102394
  99844
  97435
  92499
  92909
  87878
  85713
  85190
  83628
  82207
  78372
  76269
  73272
  74947
  68929
  66036
  66958
  65826
  61263
  59908
  60612
  59832
  55984
  54948
  53856
  50342
  48648
  51052
  46283
  45061
  44472
  42829
  41600
  38946
  40730
  38403
  36472
  36917
  37545
  35357
  32548
  31749
  31880
  31137
  29011
  30283
  29290
  26645
  26241
  24665
  23603
  25391
  22659
  23315
  22237
  23030
  20297
  20359
  19642
  19160
  17505
  17895
  17799
  17167
  16995
  15648
  15361
  15436
  14510
  14320
  12726
  12821
  12856
  13409
  11312
  12126
  11545
  10362
  10664
  11092
   9583
   9106
   9460
   8557
   8679
   8069
   7878
   8017
   8349
   7113
   7156
   6381
   6601
   6210
   5406
   6005
   5689
   5291
   5204
   5201
   4952
   5470
   4817
   4058
   4627
   4186
   4180
   4158
   3347
   3925
   3124
   3317
   3712
   3037
   2570
   3211
   2554
   2843
   2406
   2768
   2265
   2370
   2215
   2744
   1971
   1869
   2131
   1829
   1785
   1844
   1847
   1636
   1390
   1709
   1053
   1521
   1483
   1325
   1363
   1545
   1071
   1258
   1511
   1055
    973
   1323
   1105
   1086
    646
    821
    874
    818
    893
    612
    681
    691
    751
    835
    654
    610
    744
    596
    546
    434
    314
    561
    452
    500
    406
    441
    375
    150
    385
    413
    346
    342
    340
    259
    307
    189
    319
    247
    221
    198
    358
    160
    197
    272
    175
    287
    194
    129
    223
    167
    248
    278
    110
    144
    224
     90
     76
    163
    173
     62
    177
     69
     98
     70
     50
     84
     69
     79
     43
     73
     59
     44
    114
    100
     16
     34
     97
     68
    122
    168
     49
    114
     21
     49
     60
    156
    106
     40
     87
     32
     26
    139
     38
     67
     24
      5
     52
     28
      8
     17
     95
     44
    138
     63
      0
     82
     41
    107
     11
     46
     39
     33
     18
     38
     62
     25
     42
     67
     77
      0
     43
     18
     17
     18
     11
     14
     37
     21
     21
     22
     25
     26
      5
     12
     45
     20
      0
     34
     53
     10
     18
      8
     78
     20
      0
     34
     42
      0
      2
     32
     24
     30
     37
      6
      1
     20
      4
     91
     35
      4
      8
     38
     65
     14
     25
     26
     47
     18
     80
      0
     10
     14
     23
      0
     17
     28
      2
     38
     12
     11
      4
     15
     17
      0
     21
      3
     60
     15
     47
     27
     21
      0
     16
      0
      6
      0
     34
     30
      9
     10
     17
      3
      0
      0
      2
      0
     32
      0
      3
      4
     13
      0
     11
      2
      0
      0
     14
      0
      0
      0
      4
     36
      0
      6
      0
      0
      0
     20
      0
     47
      0
      0
     64
     32
      1
      4
      0
      9
      7
      1
      0
     14
      0
      7
     18
      0
      0
      0
      0
     20
      0
      0
      3
     14
     27
      0
      0
      0
      0
      4
      0
      0
      0
      0
      0
     12
      7
     37
      0
      0
     11
      0
      0
      0
      0
      0
      0
      4
      0
      0
      0
      0
      0
      0
     13
      0
     11
      0
      0
      0
      0
      0
     21
      0
      4
      0
      0
     40
      0
     22
     71
     11
      0
      0
      0
      0
      0
      0
      0
      0
      0
      0
      0
      0
      0
      0
      0
      0
      0
      0
      0
      3
      0
      0
      0
      0
      0
      0
      0
      0
      0
      0
      0
      0
      0
      0
     11
      0
      0
      0
      0
      0
      0
      0
      0
      0
      4
      5
      0
      0
      0
      0
      8
     31
      0
      0
      0
      0
      7
      7
      0
      8
      0
      0
      0
     10
      2
      0
      0
      0
      0
      0
      0
      0
     20
      8
      0
      0
      7
      0
      0
      0
      4
      0
     54
      0
      0
      6
      0
      0
      0
      0
      0
      0
      0
      0
      0
      0
      0
     17
      0
      0
      0
      0
      0
     24
      0
      1
      0
      0
      0
      0
      0
      8
      0
     54
      0
      5
      3
      0
      0
      0
      0
      0
      0
      0
      3
     12
      0
      0
     13
      1
      0
      0
      0
      0
      4
      0
     10
      5
      0
      0
     33
      5
      0
      8
      0
      8
      0
      0
      0
      0
      0
      0
      0
      2
     13
     11
      0
      0
      0
      0
      0
      0
      0
      0
     10
      0
      3
      0
      0
      0
      0
      0
      0
      0
      0
      0
      0
      0
      0
      0
      0
      0
      0
      0
      0
      0
      0
      0
      0
      4
      0
      0
      0
      0
     27
      0
      0
      0
      0
      0
      0
      0
      0
      0
      0
      0
      0
      0
      0
      0
     16
      0
      0
      0
      0
      0
      6
     35
      0
      0
      0
      0
      0
      0
      0
      0
      0
      0
      0
      0
      0
      0
      0
      0
      0
      0
      0
      0
      0
      0
      0
      0
      0
      0
      0
      0
      0
      0
      0
      0
      0
      0
      0
      0
      0
      0
      0
      0
      0
      0
      0
      0
      0
      0
      0
      0
      0
      0
      0
      0
      0
      0
      0
      0
      0
      0
      0
      0
      0
      0
      0
      0
      0
      0
      0
      0
      0
      0
      0
      0
      0
      0
      0
      0
      0
      0
      0
      0
      0
      0
      0
      0
      0
      0
      0
      0
      0
      0
      0
      0
      0
      0
      0
      0
      0
      0
      0
      0
      0
      0
      0
      0
      0
      0
      0
      0
      0
      0
      0
      0
      0
      0
      0
      0
      0
      0
      0
      0
      0
      0
      0
      0
      0
      0
      0
      0
      0
      0
      0
      0
      0
      0
      0
      0
      0
      0
      0
      0
      0
      0
      0
      0
      0
      0
      0
      0
      0
      0
      0
      0
      0
      0
      0
      0
      0
      0
      0
      0
      0
      0
      0
      0
      0
      0
      0
      0
      0
      0
      0
      0
      0
      0
      0
      0
      0
      0
      0
      0
      0
      0
      0
      0
      0
      0
      0
      0
      0
      0
      0
      0
      0
      0
      0
      0
      0
      0
      0
      0
      0
      0
      0
      0
      0
      0
      0
      0
      0
      0
      0
      0
      0
      0
      0
      0
      0
      0
      0
      0
      0
      0
      0
      0
      0
      0
      0
      0
      0
      0
      0
      0
      0
      0
      0
      0
      0
      0
      0
      0
      0
      0
      0
      0
      0
      0
      0
      0
      0
      0
      0
      0
      0
      0
      0
      0
      0
      0
      0
      0
      0
      0
      0
      0
      0
      0
      0
      0
      0
      0
      0
      0
      0
      0
      0
      0
      0
      0
      0
      0
      0
      0
      0
      0
      0
      0
      0
      0
      0
      0
      0
      0
      0
      0
      0
      0
      0
      0
      0
      0
      0
      0
      0
      0
      0
      0
      0
      0
      0
      0
      0
      0
      0
      0
      0
      0
      0
      0
      0
      0
      0
      0
      0
      0
      0
      0
      0
      0
      0
      0
      0
      0
      0
      0
      0
      0
      0
      0
      0
      0
      0
      0
      0
      0
      0
      0
      0
      0
      0
      0
      0
      0
      0
      0
      0
      0
      0
      0
      0
      0
      0
      0
      0
      0
      0
      0
      0
      0
      0
      0
      0
      0
      0
      0
      0
      0
      0
      0
      0
      0
      0
      0
      0
      0
      0
      0
      0
      0
      0
      0
      0
      0
      0
      0
      0
      0
      0
      0
      0
      0
      0
      0
      0
      0
      0
      0
      0
      0
      0
      0
      0
      0
      0
      0
      0
      0
      0
      0
      0
      0
      0
      0
      0
      0
      0
      0
      0
      0
      0
      0
      0
      0
      0
      0
      0
      0
      0
      0
      0
      0
      0
      0
      0
      0
      0
      0
      0
      0
      0
      0
      0
      0
      0
      0
      0
      0
      0
      0
      0
      0
      0
      0
      0
      0
      0
      0
      0
      0
      0
      0
      0
      0
      0
      0
      0
      0
      0
      0
      0
      0
      0
      0
      0
      0
      0
      0
      0
      0
      0
      0
      0
      0
      0
      0
      0
      0
      0
      0
      0
      0
      0
      0
      0
      0
      0
      0
      0
      0
      0
      0
      0
      0
      0
      0
      0
      0
      0
      0
      0
      0
      0
      0
      0
      0
      0
      0
      0
      0
      0
      0
      0
      0
      0
      0
      0
      0
      0
      0
      0
      0
      0
      0
      0
      0
      0
      0
      0
      0
      0
      0
      0
      0
      0
      0
      0
      0
      0
      0
      0
      0
      0
      0
      0
      0
      0
      0
      0
      0
      0
      0
      0
      0
      0
      0
      0
      0
      0
      0
      0
      0
      0
      0
      0
      0
      0
      0
      0
      0
      0
      0
      0
      0
      0
      0
      0
      0
      0
      0
      0
      0
      0
      0
      0
      0
      0
      0
      0
      0
      0
      0
      0
      0
      0
      0
      0
      0
      0
      0
      0
      0
      0
      0
      0
      0
      0
      0
      0
      0
      0
      0
      0
      0
      0
      0
      0
      0
      0
      0
      0
      0
      0
      0
      0
      0
      0
      0
      0
      0
      0
      0
      0
      0
      0
      0
      0
      0
      0
      0
      0
      0
      0
      0
      0
      0
      0
      0
      0
      0
      0
      0
      0
      0
      0
      0
      0
      0
      0
      0
      0
      0
      0
      0
      0
      0
      0
      0
      0
      0
      0
      0
      0
      0
      0
      0
      0
      0
      0
      0
      0
      0
      0
      0
      0
      0
      0
      0
      0
      0
      0
      0
      0
      0
      0
      0
      0
      0
      0
      0
      0
      0
      0
      0
      0
      0
      0
      0
      0
      0
      0
      0
      0
      0
      0
      0
      0
      0
      0
      0
      0
      0
      0
      0
      0
      0
      0
      0
      0
      0
      0
      0
      0
      0
      0
      0
      0
      0
      0
      0
      0
      0
      0
      0
      0
      0
      0
      0
      0
      0
      0
      0
      0
      0
      0
      0
      0
      0
      0
      0
      0
      0
      0
      0
      0
      0
      0
      0
      0
      0
      0
      0
      0
      0
      0
      0
      0
      0
      0
      0
      0
      0
      0
      0
      0
      0
      0
      0
      0
      0
      0
      0
      0
      0
      0
      0
      0
      0
      0
      0
      0
      0
      0
      0
      0
      0
      0
      0
      0
      0
      0
      0
      0
      0
      0
      0
      0
      0
      0
      0
      0
      0
      0
      0
      0
      0
      0
      0
      0
      0
      0
      0
      0
      0
      0
      0
      0
      0
      0
      0
      0
      0
      0
      0
      0
      0
      0
      0
      0
      0
      0
      0
      0
      0
      0
      0
      0
      0
      0
      0
      0
      0
      0
      0
      0
      0
      0
      0
      0
      0
      0
      0
      0
      0
      0
      0
      0
      0
      0
      0
      0
      0
      0
      0
      0
      0
      0
      0
      0
      0
      0
      0
      0
      0
      0
      0
      0
      0
      0
      0
      0
      0
      0
      0
      0
      0
      0
      0
      0
      0
      0
      0
      0
      0
      0
      0
      0
      0
      0
      0
      0
      0
      0
      0
      0
      0
      0
      0
      0
      0
      0
      0
      0
      0
      0
      0
      0
      0
      0
      0
      0
      0
      0
      0
      0
      0
      0
      0
      0
      0
      0
      0
      0
      0
      0
      0
      0
      0
      0
      0
      0
      0
      0
      0
      0
      0
      0
      0
      0
      0
      0
      0
      0
      0
      0
      0
      0
      0
