    893
   2658
   4434
   6052
   7717
   9580
  11352
  12896
  14683
  15933
  18439
  19918
  21956
  23035
  25266
  26773
  28298
  29934
  32563
  34029
  35010
  36890
  38866
  40705
  43038
  44321
  46064
  47414
  49335
  51627
  52880
  54521
  56591
  58783
  60052
  61700
  63728
  64350
  66797
  68601
  70461
  71470
  73675
  75921
  76779
  79397
  80161
  82169
  83842
  85928
  88081
  88666
  91904
  92013
  93628
  97861
  98741
 100190
 102308
 103193
 104974
 107023
 108625
 110332
 111920
 114091
 116380
 117798
 118650
 120858
 122455
 123523
 126003
 128014
 130088
 130542
 133205
 135994
 135701
 137901
 140480
 141759
 143423
 144666
 145379
 149423
 149892
 152915
 153789
 156441
 157400
 159390
 161365
 162028
 165019
 167503
 168647
 168863
 171415
 172504
 175232
 177138
 178903
 180676
 183090
 183513
 186064
 186890
 188784
 190419
 192188
 195744
 194973
 197701
 201546
 200996
 202692
 204946
 208131
 208387
 210980
 212181
 214696
 215188
 216799
 220206
 221338
 222291
 224644
 224788
 227193
 228449
 233179
 232710
 235152
 236247
 239152
 239874
 241509
 242656
 245909
 246820
 249703
 250139
 251738
 255595
 255170
 259508
 260033
 261900
 262612
 264704
 267103
 268830
 271077
 271992
 275008
 276127
 278273
 279946
 282199
 282300
 284329
 286079
 289075
 289080
 293572
 294875
 294772
 297471
 296894
 300647
 301697
 304649
 304785
 307258
 312430
 312138
 312740
 315344
 317728
 320579
 320853
 325576
 324799
 325426
 327760
 329759
 331503
 332797
 334759
 339642
 338563
 340430
 344353
 345827
 348124
 349360
 350180
 349448
 354737
 353715
 356283
 356838
 362221
 363419
 362517
 366570
 366775
 368948
 371497
 372390
 374691
 375672
 379125
 380438
 382589
 385817
 384740
 386813
 388670
 391820
 392240
 396739
 398152
 400527
 400254
 404327
 403779
 404576
 407619
 410178
 412209
 411113
 417171
 419851
 419493
 420770
 423355
 424742
 427893
 428681
 431131
 432288
 436030
 437264
 436971
 438472
 439555
 442972
 444497
 448302
 447499
 450326
 452298
 453429
 456647
 459070
 459202
 463112
 464119
 464254
 468637
 470128
 470287
 476300
 473840
 476459
 480208
 479998
 482161
 484091
 488032
 488928
 490606
 491933
 493975
 495659
 496676
 498358
 501275
 502478
 505816
 506857
 510212
 508504
 509959
 513971
 516072
 518862
 517800
 523347
 525259
 524574
 527538
 529707
 529537
 534387
 534867
 540729
 538875
 541203
 541233
 546121
 546635
 548850
 551300
 551232
 554266
 556355
 559035
 559714
 562847
 564646
 566415
 566254
 568635
 571301
 572606
 576670
 577353
 579590
 577969
 585561
 584751
 585703
 588757
 591256
 592201
 594790
 596900
 599193
 598696
 601401
 605176
 605520
 605057
 610439
 611531
 611330
 614825
 614870
 618764
 623328
 619688
 623407
 627439
 627278
 631763
 629159
 635005
 636903
 635486
 638506
 641664
 644355
 646598
 651399
 647226
 653281
 653650
 655741
 656747
 659130
 661671
 661563
 665358
 667616
 668705
 671718
 671163
 677660
 677419
 681004
 682189
 682646
 683229
 687830
 687387
 687991
 692700
 694974
 693890
 696073
 699390
 702111
 702961
 706573
 706609
 708736
 711546
 713461
 715176
 720159
 718101
 722268
 722729
 724484
 726581
 730833
 731776
 732982
 735282
 736077
 738580
 737948
 741810
 743980
 745839
 745670
 749465
 754130
 753591
 756331
 759657
 760547
 760665
 765515
 769166
 768295
 770486
 769678
 771724
 773913
 777858
 777651
 782843
 783261
 786589
 784907
 789259
 792620
 793611
 794349
 795330
 797424
 800108
 801309
 805411
 808028
 808872
 811897
 811007
 815565
 817732
 819847
 819360
 819890
 821139
 824242
 827351
 828135
 831765
 833918
 835904
 837929
 839608
 842540
 843333
 846291
 845586
 850439
 851698
 850893
 856410
 855490
 856128
 860687
 860446
 864265
 866830
 865529
 873277
 873223
 875023
 878168
 876319
 875882
 879478
 882884
 885096
 890364
 890306
 890946
 893425
 894021
 899249
 898179
 902767
 903893
 904568
 909957
 910322
 912096
 915142
 916127
 915815
 920362
 918046
 918474
 925499
 926970
 929082
 930381
 934455
 933106
 938363
 939482
 939978
 943385
 944099
 947449
 948009
 949473
 950712
 951647
 954157
 957459
 961797
 963041
 963151
 963339
 965631
 967432
 968970
 973491
 973754
 976237
 980884
 980360
 981443
 984342
 988080
 987023
 988982
 993065
 993738
 995247
 997616
1000361
1004619
1002933
1004321
1001604
1010384
1012109
1012218
1013200
1016756
1016770
1020391
1021624
1025646
1028638
1027537
1032959
1032559
1034518
1032896
1039453
1039625
1042940
1041774
1044535
1047602
1049835
1048506
1053963
1053876
1055430
1055845
1058487
1059206
1063578
1066557
1066753
1069194
1070749
1070656
1073356
1073823
1079136
1082305
1079939
1083240
1086371
1088729
1090538
1089923
1096962
1094679
1097044
1102750
1099225
1104195
1107451
1105341
1106107
1107982
1108251
1111378
1116728
1115275
1117454
1122992
1118326
1123109
1125656
1128738
1128303
1131577
1135004
1132080
1135385
1138443
1140321
1139937
1142911
1142283
1145042
1147365
1148755
1149778
1153192
1155436
1160677
1160007
1160174
1163562
1164926
1165536
1167110
1170506
1174328
1171620
1179980
1182817
1181256
1180181
1183489
1181208
1188211
1189555
1187974
1190059
1191328
1192267
1197204
1199112
1202158
1203641
1201315
1204675
1205913
1207940
1210744
1208959
1215121
1215022
1216459
1218832
1219446
1223588
1220864
1229912
1223737
1230205
1226074
1231288
1233540
1232633
1236650
1238397
1237869
1245265
1244880
1245140
1246847
1253187
1251498
1250738
1255669
1253386
1257195
1257552
1258544
1258793
1258660
1267898
1268875
1268009
1269894
1272039
1273954
1277379
1278813
1278342
1279785
1283683
1280311
1285833
1284216
1287936
1288020
1291882
1293370
1294542
1293893
1296440
1297980
1299466
1303785
1305006
1306628
1307317
1304110
1315518
1312020
1310907
1316087
1315182
1317772
1319637
1319437
1326291
1327451
1326552
1324929
1327830
1330066
1328493
1332648
1338493
1336292
1340731
1336842
1340920
1338893
1339229
1342604
1343974
1346232
1352404
1351821
1354113
1351635
1355410
1360713
1358256
1360486
1361788
1364580
1363541
1365486
1370348
1365142
1369187
1371849
1373479
1374161
1377813
1380284
1379745
1376867
1379327
1382083
1385886
1384070
1387015
1389028
1385046
1391427
1391809
1394997
1396679
1396538
1396916
1399059
1400820
1397648
1402806
1406473
1408250
1406338
1406705
1407867
1413006
1407393
1411179
1416183
1414940
1417551
1420639
1418927
1419030
1423827
1425156
1427653
1426992
1426861
1430703
1428153
1430014
1430275
1432764
1432537
1433503
1436709
1437344
1439593
1440117
1441149
1443213
1445498
1444750
1447441
1452129
1453247
1447662
1453613
1450934
1453289
1457643
1458106
1458956
1460293
1462211
1467047
1466758
1462068
1462073
1464786
1466598
1471393
1471578
1466586
1470403
1472382
1475270
1474716
1473031
1476049
1477310
1481257
1480901
1481148
1480643
1485160
1482861
1485876
1489449
1490096
1485034
1486508
1492394
1493720
1495793
1494979
1494971
1497138
1496968
1495420
1502196
1499611
1501641
1501252
1503097
1507852
1504739
1506096
1507094
1510746
1506559
1507063
1512091
1515771
1516057
1513741
1514811
1516026
1518160
1522160
1521735
1518611
1521854
1519492
1520031
1519470
1528691
1524580
1525064
1528203
1530786
1530037
1529801
1532493
1533588
1531909
1536647
1530263
1534613
1533742
1540538
1535374
1539493
1539073
1542536
1537760
1541712
1544206
1541792
1545792
1548259
1551072
1542080
1546189
1548856
1545956
1549676
1547283
1551557
1551906
1550979
1558350
1551694
1553198
1553459
1552127
1554213
1558596
1558943
1562644
1556652
1562493
1558733
1560083
1564075
1561426
1567851
1565205
1563024
1565132
1567615
1565854
1566840
1564272
1570320
1570018
1567848
1569473
1569622
1568273
1571821
1570883
1576552
1576542
1577030
1577223
1576491
1574765
1577060
1574677
1574324
1579656
1576260
1580741
1581227
1578757
1579075
1579420
1586846
1579383
1583006
1579869
1588767
1587000
1585529
1583786
1585717
1582396
1589901
1588070
1585712
1587912
1591800
1591676
1589155
1593704
1589330
1588022
1591368
1591028
1594389
1593629
1593036
1593902
1590757
1597753
1592201
1594661
1592924
1594561
1598574
1595654
1593730
1595135
1596505
1600114
1598543
1596891
1600618
1598363
1599684
1598021
1600985
1600300
1598023
1598289
1604047
1604243
1602025
1603468
1605980
1598528
1601983
1602984
1604604
1601798
1601442
1600582
1603091
1601989
1606672
1608019
1603282
1603841
1602993
1606445
1603515
1608306
1601956
1606022
1604724
1608837
1604333
1607700
1601680
1605375
1606741
1604134
1610849
1604124
1606445
1606821
1602744
1605635
1605406
1605203
1608868
1607032
1608802
1606579
1607298
1612990
1605873
1605943
1602057
1608770
1609135
1603735
1603485
1603226
1606122
1610167
1607815
1608904
1604728
1603085
1606419
1606667
1608861
1604961
1605790
1605191
1603885
1606098
1604956
1608170
1605542
1609584
1606824
1606961
1601764
1604104
1605179
1604391
1603889
1602587
1603294
1601162
1604283
1601711
1600255
1603306
1603377
1605276
1600421
1606360
1601833
1603095
1599071
1604369
1600042
1600649
1598537
1601270
1600177
1604717
1603576
1604916
1603457
1600908
1599302
1598378
1596030
1599256
1599594
1595966
1598374
1595839
1603221
1599501
1595670
1593588
1594195
1594080
1600060
1592566
1596392
1596466
1594101
1594651
1594612
1594923
1595843
1591833
1593202
1590278
1591282
1590751
1585036
1587015
1588651
1592794
1586904
1590863
1586726
1586936
1583098
1590645
1585173
1583332
1583712
1583195
1583248
1582725
1581229
1586035
1581641
1581174
1580870
1580343
1578805
1578547
1574220
1576616
1573904
1578332
1576153
1574398
1575062
1574250
1575013
1572976
1573422
1572213
1577743
1570521
1577310
1571693
1569186
1570525
1572909
1568820
1566750
1570292
1562952
1567194
1565157
1564221
1562446
1564945
1562108
1564556
1560459
1559020
1558695
1559732
1561791
1558137
1559753
1557341
1559437
1557548
1557865
1553299
1551789
1551039
1551100
1550209
1550203
1544075
1549626
1546438
1546253
1547262
1544619
1540821
1542299
1546450
1545969
1537931
1541253
1536921
1539780
1537079
1537114
1531571
1537202
1534110
1533345
1533486
1533744
1530134
1532112
1525792
1527916
1524296
1529082
1527190
1519216
1523321
1520495
1522927
1522601
1517270
1519169
1518901
1518607
1517477
1517850
1514547
1515496
1513036
1510647
1509565
1509843
1512757
1508844
1506483
1506696
1506811
1504726
1505761
1507091
1503069
1498682
1501826
1498155
1496812
1493570
1493726
1489390
1493156
1490459
1490588
1490883
1489535
1490991
1490448
1490741
1486131
1484756
1485338
1483257
1483213
1484892
1480002
1476441
1477020
1478969
1475712
1471192
1477530
1473301
1473222
1466739
1471919
1469131
1466028
1464219
1463758
1466894
1460715
1461244
1455791
1457660
1455397
1456124
1451613
1452344
1450515
1452010
1451557
1448601
1446070
1444941
1448872
1446055
1444114
1443494
1439930
1439456
1437149
1437538
1434108
1433199
1437257
1430202
1427646
1427139
1428667
1426597
1429928
1425033
1425996
1424930
1424254
1424181
1420362
1418974
1414326
1416340
1414455
1415788
1411038
1409121
1408830
1407369
1402266
1405124
1406772
1402315
1405498
1397990
1402896
1394877
1398499
1393294
1397286
1393015
1388971
1389289
1388333
1389298
1388473
1385171
1380914
1382984
1381294
1380231
1380378
1378945
1378477
1375803
1374605
1372204
1371290
1368607
1370703
1366897
1364583
1362261
1365618
1361876
1360054
1354926
1353875
1356468
1352385
1352732
1351210
1346230
1346837
1349644
1347307
1347935
1340452
1338306
1340476
1337609
1336980
1336202
1334475
1331877
1332949
1326802
1325767
1324694
1325689
1324545
1323615
1318826
1317398
1316509
1313585
1312257
1314218
1310350
1310867
1310555
1303216
1307034
1302753
1301772
1300244
1296071
1297485
1297505
1297595
1295522
1293503
1290415
1286168
1288727
1285372
1286156
1284545
1282661
1283410
1279005
1277534
1274339
1275176
1272547
1273613
1267530
1270234
1267149
1267215
1262933
1263515
1257746
1258457
1260618
1257496
1250719
1253067
1250634
1250899
1248892
1247061
1248024
1246883
1243438
1241900
1239875
1238275
1239776
1234981
1235753
1230563
1231531
1227681
1228922
1225632
1220650
1227469
1220926
1219768
1216133
1214394
1216480
1209350
1212652
1209121
1210182
1206181
1204462
1200649
1200703
1199996
1197762
1195576
1196450
1194310
1194455
1192500
1188016
1186974
1182883
1185658
1184291
1182062
1175654
1177577
1176429
1175252
1173059
1169654
1167082
1166351
1166807
1165531
1164829
1159872
1159627
1157411
1157170
1152129
1150830
1153913
1150904
1145473
1144380
1146543
1143544
1141795
1139536
1138526
1137349
1133442
1135013
1129986
1127779
1127676
1124878
1122452
1122019
1119556
1116034
1118699
1115414
1111957
1113290
1112423
1109878
1108239
1106159
1107625
1103852
1100760
1099830
1097784
1094543
1094591
1092414
1089742
1089011
1086193
1088058
1084151
1081342
1081439
1080760
1079378
1077853
1071856
1073036
1068359
1071110
1067450
1064258
1064223
1065814
1058297
1058630
1057764
1056677
1054263
1054889
1051759
1045002
1048754
1042980
1044330
1041653
1040631
1037319
1039471
1033839
1036846
1031815
1031035
1030140
1027337
1028673
1026438
1019902
1019841
1017937
1016060
1014294
1013450
1012455
1011024
1012395
1005871
1008555
1003436
1003556
 999555
 994790
 994533
 996957
 994053
 992373
 992346
 988682
 987368
 983899
 982174
 979442
 976352
 974681
 975016
 975284
 970490
 973273
 969782
 964263
 965851
 964502
 963975
 959090
 953745
 957742
 956696
 952056
 952283
 953643
 947456
 945981
 942976
 944699
 942869
 940958
 939169
 934329
 936130
 933741
 930881
 931991
 925681
 927821
 925923
 924205
 919207
 920340
 916936
 917878
 917635
 913560
 908957
 908203
 908200
 907542
 904747
 903379
 902654
 896797
 896525
 898163
 895638
 891007
 891380
 889267
 890391
 884576
 887730
 883598
 879606
 881850
 880194
 878438
 873847
 873104
 872655
 870429
 867176
 868515
 861252
 862036
 859746
 859535
 859640
 856470
 854724
 850168
 851984
 849719
 847928
 846734
 844893
 841112
 841103
 840235
 840395
 838097
 835285
 834662
 830658
 831005
 829545
 825817
 822481
 821835
 820608
 820436
 816817
 818953
 813643
 812278
 809863
 808934
 808816
 806245
 805245
 800488
 801508
 799636
 798602
 796080
 796286
 791847
 788690
 788524
 790209
 785428
 786831
 781976
 782594
 780599
 778140
 775651
 774416
 773869
 772889
 770097
 768162
 764636
 764897
 764347
 764163
 760995
 755402
 759898
 754120
 754505
 753538
 750583
 749085
 746661
 747688
 742784
 743856
 739136
 738869
 737487
 736398
 733591
 733784
 731366
 731850
 729731
 729710
 726429
 725989
 721057
 720406
 717453
 715325
 716150
 716126
 712800
 712869
 710316
 707618
 708570
 704804
 701520
 702948
 697687
 698861
 696725
 696772
 693551
 693176
 693365
 686443
 686947
 687130
 684390
 681544
 682363
 681275
 678611
 678065
 677035
 675524
 672174
 673165
 668355
 669611
 665338
 666425
 665308
 662558
 660893
 658515
 656793
 654961
 652330
 651881
 649657
 648608
 645738
 647022
 644334
 644727
 643683
 639107
 637902
 637042
 635844
 635272
 631916
 631926
 630573
 628872
 625306
 626885
 622770
 621970
 620840
 620522
 618245
 614883
 615134
 614621
 613194
 608313
 609271
 608286
 606682
 603255
 602736
 600308
 601817
 598126
 598132
 595571
 596861
 594805
 592503
 592475
 590145
 588819
 585060
 586704
 582893
 582605
 583425
 577478
 578808
 578186
 571839
 573682
 571198
 570712
 568497
 568148
 563521
 564940
 561395
 564359
 562056
 558689
 557771
 557587
 553519
 552936
 552359
 552431
 552095
 548143
 548322
 546660
 543398
 541871
 538508
 539773
 537986
 538543
 533850
 534380
 532402
 530979
 529779
 529484
 526486
 525952
 523609
 524492
 520457
 519742
 519558
 516255
 514474
 513035
 514428
 512284
 510799
 506048
 507813
 507015
 504035
 501573
 503665
 501658
 501408
 497882
 497000
 495450
 495295
 493483
 491904
 491443
 491013
 486832
 486467
 486164
 483995
 483573
 481219
 482659
 477627
 479243
 475528
 475214
 471831
 472355
 474241
 471074
 469162
 467471
 466958
 466131
 466564
 460621
 460137
 461694
 459375
 456191
 456257
 454961
 453781
 454188
 450557
 451339
 448303
 449204
 445750
 447407
 443247
 442048
 440792
 441061
 441292
 440278
 436118
 436572
 435064
 433115
 431654
 428711
 429686
 429581
 427196
 427282
 425228
 423663
 422444
 421015
 420660
 418583
 418015
 415863
 415851
 413363
 413201
 410650
 410927
 408358
 408104
 406090
 405251
 403914
 402390
 403109
 400825
 402750
 398536
 396542
 397747
 395254
 394890
 392569
 390892
 390523
 391715
 388002
 386723
 386984
 384004
 383966
 385803
 382326
 380144
 381891
 378830
 378375
 376264
 375026
 372812
 372470
 372187
 370321
 371888
 366665
 367072
 366081
 366137
 366002
 360299
 362958
 361350
 357393
 359834
 357698
 357132
 355826
 353336
 354355
 351779
 350389
 349409
 349189
 348100
 347419
 344269
 345108
 341897
 345150
 339635
 340739
 339883
 339356
 338916
 338399
 335816
 335349
 332319
 332792
 331060
 332043
 330665
 328887
 327221
 327053
 326175
 324862
 324281
 323245
 320645
 319254
 321020
 318474
 316667
 316163
 314317
 315256
 314700
 313093
 310642
 311188
 310668
 311107
 309352
 305120
 306433
 304049
 304682
 303241
 301738
 300955
 299941
 298727
 298248
 297146
 296696
 295746
 295890
 293559
 294174
 293301
 289979
 287977
 290099
 286265
 287944
 286040
 285924
 283730
 281987
 282571
 281376
 280678
 278908
 279056
 278521
 278721
 275983
 277026
 274694
 273219
 274084
 272070
 271673
 270888
 269502
 268083
 267949
 267354
 265880
 264491
 264505
 263124
 262543
 261773
 260887
 261351
 259150
 258043
 258352
 254998
 254424
 256226
 253651
 251576
 251979
 251439
 250286
 250351
 248675
 248101
 246835
 245387
 246183
 244012
 244662
 242392
 241898
 240932
 242007
 241087
 237779
 238318
 237521
 236587
 235456
 233976
 236089
 232741
 232990
 232317
 231073
 231088
 228319
 228221
 227286
 226344
 226566
 225033
 224391
 225011
 223676
 222368
 221733
 221626
 219968
 220113
 217224
 217514
 217724
 216396
 214812
 214933
 214102
 214245
 213012
 211830
 211327
 210084
 209996
 207836
 208116
 207667
 206593
 204064
 206083
 204926
 204466
 202514
 202902
 202524
 200887
 200169
 200133
 198409
 198954
 197476
 197062
 197372
 195737
 194588
 194029
 194510
 193121
 192434
 192217
 191303
 189823
 188452
 189325
 187626
 187939
 186074
 186643
 186607
 184223
 184368
 182445
 182415
 181219
 180994
 180023
 180270
 179489
 177496
 177963
 177407
 177619
 177085
 174586
 174661
 173610
 174523
 173855
 172957
 172221
 171676
 171094
 169232
 169593
 169616
 167782
 166540
 165601
 166358
 165869
 164737
 162701
 163607
 163329
 163829
 163024
 159851
 161033
 161751
 160375
 159045
 158744
 156509
 156977
 156477
 155808
 155395
 155916
 154375
 154190
 153201
 153619
 152759
 151718
 151035
 149852
 149494
 148991
 149509
 147700
 148163
 148650
 145849
 146112
 146457
 144972
 145369
 143491
 143302
 143103
 142511
 142438
 140295
 140708
 139196
 140027
 139139
 138048
 138891
 137870
 136137
 136354
 136488
 135586
 134725
 133345
 132669
 132393
 132538
 131852
 131913
 132316
 132312
 129782
 128980
 128912
 128582
 128411
 128366
 127115
 126701
 126113
 125033
 125925
 125697
 124441
 123549
 121931
 123710
 122962
 121071
 120645
 121544
 120558
 120144
 121211
 118975
 119234
 119339
 116968
 116413
 117287
 115479
 115945
 116201
 115201
 114516
 114091
 114569
 112974
 111795
 113211
 112260
 111378
 110005
 110797
 110361
 109359
 109344
 108796
 108658
 107309
 106468
 107299
 106859
 105627
 105432
 105750
 104550
 104327
 104263
 103220
 104182
 102010
 102442
 102484
 102061
 101259
 100653
 100395
  98911
 100145
  98883
  98648
  97472
  99048
  96622
  97972
  96176
  94798
  96269
  95864
  95985
  94835
  93098
  94555
  94195
  93413
  93245
  92279
  92400
  91007
  90881
  89693
  89598
  90943
  89295
  89285
  88384
  88411
  87958
  87584
  88831
  86425
  87524
  86727
  86742
  86695
  84881
  85596
  84060
  84702
  84581
  84295
  84298
  83191
  82388
  81912
  81576
  81576
  81538
  81266
  81590
  79933
  80549
  80476
  80364
  78948
  78440
  78534
  78103
  77883
  76970
  77121
  76359
  76868
  75967
  76186
  74475
  74298
  75377
  74916
  74025
  73802
  73437
  73627
  73186
  72755
  71608
  71398
  71620
  71342
  70243
  71029
  70559
  70487
  69134
  69941
  69216
  69414
  68503
  68390
  67917
  67566
  66848
  67000
  66094
  66640
  66061
  65334
  65391
  64628
  65293
  64850
  64847
  64260
  63810
  63665
  63522
  63393
  63354
  62187
  62397
  62008
  62026
  61553
  61444
  61311
  60966
  59751
  59734
  59109
  59407
  58798
  58822
  58768
  58266
  58645
  57514
  57541
  58012
  57488
  57319
  56774
  56055
  56452
  56359
  55394
  55861
  55549
  55450
  55175
  54069
  54627
  53659
  54371
  53876
  53808
  53636
  52870
  51806
  52679
  51281
  51690
  51419
  51433
  51394
  49799
  50735
  50300
  49840
  50308
  49944
  49798
  49568
  49142
  49095
  48392
  48665
  48278
  47672
  47520
  47462
  47181
  47235
  46723
  46576
  46512
  46420
  47348
  45901
  45912
  45553
  45512
  45525
  45039
  44209
  45053
  44360
  43474
  44324
  43519
  43388
  42869
  43156
  43182
  42397
  42635
  42625
  41534
  41633
  41784
  41593
  41533
  41329
  40824
  40647
  40329
  40713
  39717
  39892
  38927
  39715
  39143
  39731
  39155
  38684
  38678
  39163
  38453
  37584
  37937
  37797
  37677
  36388
  37080
  37481
  36851
  36637
  36387
  35768
  36192
  36050
  35878
  35629
  35035
  35038
  35145
  34659
  35126
  34817
  34599
  33818
  34914
  33704
  33814
  33855
  33342
  32729
  32934
  32697
  33540
  32807
  33107
  32174
  32149
  31562
  32085
  31874
  31157
  31205
  31326
  31345
  31147
  30903
  31066
  30748
  29990
  30487
  30152
  30206
  30161
  29657
  29140
  29343
  29272
  29180
  28462
  28525
  28691
  28603
  28272
  28203
  28075
  27361
  27978
  27052
  27500
  27213
  27029
  27446
  26991
  26838
  26362
  26687
  26219
  26543
  26176
  25927
  25932
  25985
  25658
  25794
  25605
  25496
  25096
  25367
  24498
  24332
  25229
  24840
  24413
  24329
  24412
  24075
  24374
  23368
  23914
  23561
  23643
  23716
  23040
  23608
  22847
  22675
  22649
  22818
  22288
  22541
  22039
  22825
  22207
  22074
  21183
  21892
  21739
  21547
  21376
  21154
  21624
  21081
  20686
  20802
  21305
  20459
  20268
  21056
  20049
  20256
  20605
  20076
  19321
  20073
  19880
  19397
  19906
  19438
  19552
  19888
  18774
  19266
  18889
  18503
  18676
  18434
  18715
  18257
  18384
  18262
  18193
  17841
  17766
  18026
  17945
  17551
  17742
  17680
  17311
  16984
  17454
  16897
  17191
  17109
  16828
  16364
  16903
  16820
  16445
  16676
  16428
  16144
  16050
  16174
  15876
  16169
  16039
  16242
  15474
  15695
  15583
  15446
  15330
  15386
  15082
  15081
  15158
  14720
  14986
  15080
  14795
  14593
  14570
  14322
  14710
  14286
  14418
  13969
  14168
  13693
  13747
  13861
  14093
  13616
  13778
  13547
  13198
  13112
  13723
  13358
  12952
  13193
  12816
  13060
  12753
  13087
  12794
  12758
  12628
  12637
  12361
  12853
  12421
  12550
  12336
  12195
  12528
  12040
  11732
  12142
  11894
  11633
  11907
  11204
  11611
  11539
  11470
  11392
  11306
  10987
  11378
  11036
  11002
  10831
  11187
  10705
  10903
  10726
  10801
  10949
  10648
  10750
  10387
  10734
  10396
  10614
  10445
  10378
  10112
  10266
  10421
  10114
  10341
   9842
   9547
   9577
   9713
  10033
   9527
   9487
   9642
   9390
   9239
   9358
   9422
   9343
   9177
   9191
   8916
   9117
   9408
   9261
   8839
   9030
   8774
   8546
   9004
   8844
   8732
   8864
   8468
   8371
   8545
   8661
   8542
   8152
   8593
   8218
   8133
   8164
   8103
   8000
   8199
   7875
   7902
   7672
   7810
   7897
   7675
   7539
   7692
   7770
   7730
   7469
   7286
   7410
   7520
   7502
   7463
   7369
   7308
   7394
   7062
   6944
   7214
   6937
   7093
   6789
   7133
   6991
   6782
   7078
   6574
   6410
   6590
   6438
   6521
   6344
   6497
   6713
   6238
   6518
   6234
   6014
   6311
   5927
   6294
   5899
   6093
   6016
   6089
   6398
   5784
   5981
   5971
   5956
   5793
   6012
   5780
   5803
