-52.4777
475.581
-141.574
51876.3
33.4122
42.812
52.4359
62.9034
74.419
81.1328
94.5714
64.3981
113.191
87.3939
119.077
120.051
137.005
132.793
116.642
141.562
-255.369
164.335
157.608
56.4081
18.0598
68.0616
63.6442
-863.285
155.715
111.329
-103.83
60.2547
142.751
105.201
42.5926
-33.8425
137.016
-91.9541
184.53
-284.695
164.288
189.545
40.3217
-135.067
-61.8296
189.137
187.79
-322.822
12.009
143.868
156.898
-2716.21
79.9502
16.8399
154.572
-231.639
99.4816
-66.0282
139.605
135.652
150.74
176.755
-412.642
200.212
7.53347
67.0709
-127.698
42.7787
85.3593
86.5627
-6.91655
180.004
137.402
-495.518
-438.442
-324.382
178.391
-1330.11
-443.246
141.704
27.2012
-708.096
-506.208
12.7664
-49.5465
-144.612
-575.282
-170.175
70.1208
184.501
-164.754
6.27623
-581.55
-290.979
-99.3826
-66.7688
-600.762
-1103.73
-212.145
109.018
-350.044
83.1464
-731.555
42.75
-160.01
-114.92
-3231.8
-226.932
-69610.4
-7728.81
-714.195
-56.6832
-1427.3
-14414.3
-728.775
