       0
      85
     136
     376
     514
    1271
    1443
    2445
    1649
    3681
    4303
    4319
    6640
    5993
    8532
    7728
   10279
   11020
   13482
   14703
   17131
   18676
   21600
   19762
   24313
   25421
   28947
   32728
   35626
   36012
   41420
   40263
   43290
   49572
   52107
   53242
   53368
   55255
   64759
   66114
   71446
   69208
   72878
   77616
   81723
   84747
   94894
   96426
  102336
  111423
  113517
  107209
  117944
  124592
  129156
  133123
  138654
  147496
  153019
  156771
  157907
  166580
  170478
  178240
  192601
  186886
  201409
  200391
  207235
  214246
  227515
  238107
  233484
  246879
  247956
  249392
  269927
  271517
  281733
  291030
  296446
  303498
  317228
  322661
  335224
  335396
  351852
  362470
  372526
  376329
  388466
  384764
  413191
  415851
  431200
  437303
  454690
  458557
  465251
  485352
  484785
  487551
  517124
  522238
  541550
  543492
  564579
  562984
  574290
  594835
  610235
  619148
  632938
  648874
  662649
  669158
  687152
  696785
  723796
  725877
  743569
  752026
  780481
  787632
  783914
  806163
  825883
  849705
  880086
  877874
  894211
  916645
  930954
  946374
  961482
  979205
 1007852
 1005985
 1017636
 1038482
 1065836
 1101464
 1106160
 1130298
 1138445
 1150987
 1167508
 1191476
 1211407
 1243235
 1258987
 1290657
 1292012
 1315150
 1337645
 1363295
 1371603
 1380498
 1407250
 1449798
 1455783
 1489978
 1501102
 1509446
 1558734
 1593038
 1592504
 1606584
 1634668
 1680794
 1696112
 1706960
 1741812
 1762539
 1766489
 1815019
 1850988
 1854618
 1879417
 1919755
 1933304
 1968876
 1995304
 1988948
 2032414
 2087922
 2089481
 2121443
 2135486
 2193950
 2213081
 2224620
 2256480
 2303776
 2327635
 2332004
 2383346
 2400454
 2422754
 2455558
 2501278
 2516679
 2559280
 2583084
 2616313
 2644398
 2673336
 2724000
 2732718
 2785398
 2778068
 2838507
 2882120
 2905175
 2921545
 2980598
 2998551
 2993235
 3028880
 3085684
 3114459
 3152283
 3191065
 3215109
 3238381
 3277968
 3315439
 3365433
 3410946
 3445604
 3450471
 3496676
 3527319
 3555069
 3630290
 3644706
 3667975
 3708089
 3753429
 3769281
 3820641
 3832378
 3869405
 3948996
 3965579
 4003129
 4074675
 4051664
 4096556
 4129510
 4170764
 4210589
 4269507
 4291788
 4356776
 4367988
 4425704
 4447869
 4476299
 4535024
 4518243
 4601388
 4632324
 4668582
 4699770
 4711851
 4755171
 4829046
 4851258
 4877587
 4952975
 4958160
 5022521
 5042139
 5098806
 5130860
 5171492
 5224769
 5274722
 5279873
 5362199
 5381833
 5386925
 5435739
 5468724
 5538516
 5567001
 5587618
 5629341
 5651137
 5682971
 5754135
 5785584
 5823542
 5920417
 5925357
 5951349
 6011655
 6033938
 6053347
 6112750
 6155431
 6162257
 6233107
 6254105
 6309203
 6315785
 6380952
 6439559
 6451478
 6482775
 6518109
 6601290
 6617815
 6698723
 6712453
 6753096
 6814152
 6843022
 6807799
 6881971
 6939657
 6944068
 7007964
 7066692
 7075137
 7112634
 7168878
 7197848
 7253588
 7275240
 7339908
 7355117
 7427984
 7450855
 7493744
 7518293
 7528059
 7601778
 7631805
 7687563
 7693597
 7734213
 7779887
 7787157
 7835752
 7890163
 7953943
 7978913
 8066297
 8063278
 8133259
 8166977
 8169837
 8232202
 8248154
 8327823
 8397202
 8414666
 8436883
 8461451
 8524922
 8540527
 8613479
 8644177
 8702681
 8683252
 8695675
 8815084
 8823279
 8856287
 8889214
 8912892
 8950276
 9016434
 9021622
 9091434
 9181022
 9192326
 9189586
 9216389
 9249553
 9331777
 9369256
 9386098
 9454745
 9507978
 9472345
 9557505
 9612241
 9594347
 9619747
 9745644
 9755872
 9762852
 9882026
 9882505
 9914072
 9975471
10024874
10050272
10075372
10142139
10132298
10204022
10225108
10332555
10319153
10356765
10377271
10457542
10492544
10528567
10546373
10630498
10675326
10680052
10697036
10830370
10823963
10859896
10930043
10989616
10987431
11048065
11123231
11124690
11183892
11241333
11282944
11343655
11325205
11398812
11432271
11504611
11583219
11610317
11651335
11724463
11721945
11753945
11812795
11877838
11940655
11968110
12063837
12101831
12177945
12211492
12222921
12303161
12343412
12421587
12433724
12503385
12546639
12677274
12669711
12683212
12816337
12836114
12845897
12930138
12966515
13044032
13092069
13173461
13226854
13251698
13307873
13350196
13450399
13535035
13568612
13615919
13593477
13695712
13851816
13864058
13961738
14006462
14011150
14080943
14190821
14242802
14295552
14389653
14420862
14532376
14554017
14518854
14643375
14761987
14872482
14861813
14997602
15051394
15025422
15145903
15204276
15292811
15399713
15460112
15556382
15620798
15655895
15807082
15789193
15896427
15943135
16023597
16076847
16176019
16341885
16340177
16328497
16435466
16545358
16579202
16701063
16734283
16889779
16873394
17025800
17056839
17181490
17281771
17264690
17468461
17528437
17520076
17614619
17736673
17811606
17887863
17935143
18012054
18163364
18134977
18226776
18358789
18447301
18568634
18586717
18677732
18789290
18830247
19005020
19059892
19040406
19183543
19310390
19346452
19394551
19489249
19626356
19657685
19806418
19899148
19912377
19964160
20192460
20162848
20210943
20345860
20393608
20444072
20599885
20639078
20703847
20883365
20933446
20910414
21120672
21174072
21237697
21241628
21363915
21454926
21543141
21659757
21702848
21744682
21882635
21973568
22085819
22189113
22162712
22239211
22346679
22318599
22402343
22539947
22647061
22641233
22698289
22806879
22934990
23001047
23025791
23148448
23153028
23289352
23342080
23401592
23476263
23575585
23634856
23691073
23752837
23785857
23748814
23940769
24038937
24040947
24141104
24162901
24295331
24275110
24417845
24468080
24396876
24478019
24556403
24636040
24666002
24705176
24774553
24865782
24998078
24928243
24974219
24921709
25101664
25071262
25176282
25214314
25205242
25260405
25314822
25400577
25454603
25425355
25526547
25576881
25522031
25675293
25608582
25651634
25680820
25722391
25699609
25808369
25778737
25778578
25744845
25849273
25828977
25845030
25882033
25865513
25859000
26008899
25975703
25923095
26032080
26001728
25952742
26038900
26021902
26063390
25887559
26029257
26005511
26027973
26047898
25978166
25928596
25911005
26020189
25969436
25947025
25934950
25972580
25893532
25786808
25773488
25922800
25802558
25813615
25739920
25708515
25730959
25768757
25706398
25650532
25654679
25605613
25637331
25534095
25479316
25507122
25408873
25387757
25430668
25257721
25149368
25194632
25219333
25147085
25118692
25042774
25045650
24874250
24854927
24777168
24729645
24695264
24640220
24654495
24479705
24404142
24456274
24343604
24241205
24159717
24054129
23976239
23948153
23947538
23776657
23766252
23774538
23727226
23525130
23444918
23327646
23195939
23240635
23144900
23038640
23064762
22902720
22805170
22688268
22641281
22564949
22443275
22327994
22281545
22178852
22070108
21985088
21912741
21762780
21649780
21671123
21525438
21352288
21330123
21221006
21076703
21012362
20974244
20817553
20697281
20620541
20396212
20350052
20314834
20158367
20055190
19959852
19860548
19846302
19674079
19505526
19464004
19241825
19179727
19027457
18959793
18889366
18784341
18651020
18534152
18360995
18318142
18217024
18115232
17928965
17813902
17719977
17529754
17457535
17345896
17229380
17062821
17015179
16798110
16744342
16692469
16531929
16384075
16303668
16104654
15938421
15898326
15771768
15690542
15573985
15455471
15262445
15227290
15063510
14906927
14879442
14661708
14635103
14448621
14394834
14249405
14118138
14028490
13900271
13835643
13617297
13541678
13422128
13278874
13205829
13085207
12921175
12830037
12750793
12580008
12453267
12353341
12257572
12128597
12006363
11837677
11772239
11692069
11554400
11427414
11366048
11212340
11129679
10996395
10955576
10802237
10756318
10578648
10526101
10345543
10261579
10168300
10012619
 9913761
 9884289
 9741316
 9662616
 9493749
 9428941
 9348791
 9230810
 9109624
 9021157
 8916362
 8799342
 8692280
 8661675
 8520950
 8410158
 8297213
 8280365
 8172223
 8023090
 7948916
 7837028
 7783627
 7660236
 7622495
 7523530
 7425651
 7296505
 7244760
 7142447
 7085550
 6962687
 6868362
 6818398
 6666600
 6641021
 6550451
 6457254
 6399936
 6308236
 6210099
 6164353
 6079500
 5982228
 5947871
 5841911
 5774771
 5684232
 5573487
 5541151
 5443447
 5364297
 5297376
 5279699
 5176270
 5071733
 5041546
 4964221
 4920220
 4791995
 4751195
 4710046
 4643382
 4576757
 4491643
 4413936
 4356774
 4302976
 4289699
 4174907
 4126597
 4064619
 4004067
 3915433
 3879233
 3791548
 3756813
 3681471
 3642434
 3632577
 3543572
 3509127
 3451002
 3383795
 3311127
 3281550
 3226798
 3196494
 3145131
 3071908
 3039038
 3002984
 2967808
 2880831
 2842811
 2838313
 2766722
 2721203
 2668110
 2615317
 2578559
 2566517
 2506537
 2478165
 2444265
 2427527
 2353222
 2300771
 2271068
 2247031
 2199909
 2171001
 2131635
 2095855
 2054722
 2013745
 1984970
 1940762
 1927803
 1889177
 1867915
 1808376
 1808312
 1774196
 1704929
 1712364
 1674338
 1633391
 1603348
 1582015
 1563530
 1524699
 1499392
 1488912
 1437811
 1412356
 1365203
 1367574
 1345777
 1308612
 1284746
 1263787
 1237716
 1225728
 1195130
 1196785
 1157069
 1140744
 1117789
 1087582
 1075602
 1063285
 1018547
 1004400
  995509
  984171
  958813
  937052
  910527
  903028
  878286
  871274
  849794
  823697
  812607
  788587
  784017
  761073
  744217
  726727
  729653
  698578
  693904
  677447
  677482
  650739
  636000
  626641
  610845
  589333
  572813
  584539
  552638
  543815
  534478
  505272
  517497
  499051
  485747
  475679
  481536
  463059
  450260
  441581
  432055
  426301
  418240
  395141
  393914
  390570
  370371
  371650
  361509
  357828
  339250
  340289
  336323
  316372
  316696
  315829
  310421
  302414
  304087
  285454
  277794
  268211
  265023
  249998
  256573
  243386
  236167
  243383
  230068
  219782
  218198
  217129
  205334
  203565
  202289
  189849
  190823
  177884
  184189
  177564
  172622
  170293
  161364
  159718
  156698
  156548
  152908
  145100
  141609
  140075
  132528
  136822
  129081
  124470
  118413
  120083
  110415
  111291
  111174
  111478
  106166
  105442
   97548
   93351
  101814
   92823
   90080
   89225
   88642
   87584
   84809
   83344
   78736
   75459
   76645
   73390
   69094
   69582
   68515
   63429
   65873
   62629
   61350
   55421
   58332
   54287
   57378
   52156
   51155
   50436
   49917
   51440
   47204
   43203
   41635
   44387
   37804
   40905
   34185
   36163
   33421
   32625
   36812
   34782
   33426
   32884
   31314
   29825
   27875
   27508
   26823
   31261
   26715
   27321
   24545
   23891
   24504
   24495
   25283
   21113
   21314
   22363
   19667
   17906
   18624
   18146
   17139
   16834
   15319
   16860
   16057
   15406
   15559
   15732
   13896
   15324
   14562
   15042
   13411
   14090
   11588
   11718
    9912
   10178
   10272
    9985
    9655
   11226
   10127
    9906
    8069
    8337
    6605
    7285
    8060
    6846
    7453
    6982
    6877
    6001
    6778
    6029
    5880
    5357
    6245
    6523
    4854
    5844
    5614
    4349
    5986
    4337
    3939
    4449
    4538
    4220
    4041
    5101
    3447
    3110
    3860
    3611
    3658
    2571
    2902
    2829
    2822
    2287
    2502
    2960
    2662
    2396
    3270
    2221
    2543
    2191
    2688
    1674
    1943
    1253
    1628
    1105
    1367
    1323
    2343
    1046
    1069
    1276
    1361
    1356
    1453
    1385
    1380
    1403
    1465
     757
    1129
    1363
     788
     837
     934
     776
     834
     860
     838
     776
     734
     401
     529
     470
     519
     743
     414
     293
     279
     215
      92
     379
     285
     239
     591
     151
     359
     110
     370
     265
     198
     257
      88
     274
      81
      37
     102
     348
     231
     463
      38
     304
      21
     354
     430
      13
     120
       0
     119
      63
       2
     158
     232
      25
     237
      33
     132
      37
     162
     191
       0
      95
      44
       0
      77
      86
      59
      25
      13
     102
     279
     193
      49
       0
     188
      95
      28
       5
      16
      42
      40
      38
       0
       0
      86
       0
       0
      24
       0
      41
       0
       0
       3
       0
       0
       0
      43
       0
       0
       0
       0
       0
       0
       9
      30
       0
       0
       0
       0
       0
       0
       0
       0
       0
       0
       0
       0
       0
       0
       0
       0
       0
       0
       0
       0
       0
       0
       0
       0
       0
       0
       0
       0
       0
       0
       0
       0
       0
       0
       0
       0
       0
       0
       0
       0
       0
       0
       0
       0
       0
       0
       0
       0
       0
       0
       0
       0
       0
       0
       0
       0
       0
       0
       0
       0
       0
       0
       0
       0
       0
       0
       0
       0
       0
       0
       0
       0
       0
       0
       0
       0
       0
       0
       0
       0
       0
       0
       0
       0
       0
       0
       0
       0
       0
       0
       0
       0
       0
       0
       0
       0
       0
       0
       0
       0
       0
       0
       0
       0
       0
       0
       0
       0
       0
       0
       0
       0
       0
       0
       0
       0
       0
       0
       0
       0
       0
       0
       0
       0
       0
       0
       0
       0
       0
       0
       0
       0
       0
       0
       0
       0
       0
       0
       0
       0
       0
       0
       0
       0
       0
       0
       0
       0
       0
       0
       0
       0
       0
       0
       0
       0
       0
       0
       0
       0
       0
       0
       0
       0
       0
       0
       0
       0
       0
       0
       0
       0
       0
       0
       0
       0
       0
       0
       0
       0
       0
       0
       0
       0
       0
       0
       0
       0
       0
       0
       0
       0
       0
       0
       0
       0
       0
       0
       0
       0
       0
       0
       0
       0
       0
       0
       0
       0
       0
       0
       0
       0
       0
       0
       0
       0
       0
       0
       0
       0
       0
       0
       0
       0
       0
       0
       0
       0
       0
       0
       0
       0
       0
       0
       0
       0
       0
       0
       0
       0
       0
       0
       0
       0
       0
       0
       0
       0
       0
       0
       0
       0
       0
       0
       0
       0
       0
       0
       0
       0
       0
       0
       0
       0
       0
       0
       0
       0
       0
       0
       0
       0
       0
       0
       0
       0
       0
       0
       0
       0
       0
       0
       0
       0
       0
       0
       0
       0
       0
       0
       0
       0
       0
       0
       0
       0
       0
       0
       0
       0
       0
       0
       0
       0
       0
       0
       0
       0
       0
       0
       0
       0
       0
       0
       0
       0
       0
       0
       0
       0
       0
       0
       0
       0
       0
       0
       0
       0
       0
       0
       0
       0
       0
       0
       0
       0
       0
       0
       0
       0
       0
       0
       0
       0
       0
       0
       0
       0
       0
       0
       0
       0
       0
       0
       0
       0
       0
       0
       0
       0
       0
       0
       0
       0
       0
       0
       0
       0
       0
       0
       0
       0
       0
       0
       0
       0
       0
       0
       0
       0
       0
       0
       0
       0
       0
       0
       0
       0
       0
       0
       0
       0
       0
       0
       0
       0
       0
       0
       0
       0
       0
       0
       0
       0
       0
       0
       0
       0
       0
       0
       0
       0
       0
       0
       0
       0
       0
       0
       0
       0
       0
       0
       0
       0
       0
       0
       0
       0
       0
       0
       0
       0
       0
       0
       0
       0
       0
       0
       0
       0
       0
       0
       0
       0
       0
       0
       0
       0
       0
       0
       0
       0
       0
       0
       0
       0
       0
       0
       0
       0
       0
       0
       0
       0
       0
       0
       0
       0
       0
       0
       0
       0
       0
       0
       0
       0
       0
       0
       0
       0
       0
       0
       0
       0
       0
       0
       0
       0
       0
       0
       0
       0
       0
       0
       0
       0
       0
       0
       0
       0
       0
       0
       0
       0
       0
       0
       0
       0
       0
       0
       0
       0
       0
       0
       0
       0
       0
       0
       0
       0
       0
       0
       0
       0
       0
       0
       0
       0
       0
       0
       0
       0
       0
       0
       0
       0
       0
       0
       0
       0
       0
       0
       0
       0
       0
       0
       0
       0
       0
       0
       0
       0
       0
       0
       0
       0
       0
       0
       0
       0
       0
       0
       0
       0
       0
       0
       0
       0
       0
       0
       0
       0
       0
       0
       0
       0
       0
       0
       0
       0
       0
       0
       0
       0
       0
       0
       0
       0
       0
       0
       0
       0
       0
       0
       0
       0
       0
       0
       0
       0
       0
       0
       0
       0
       0
       0
       0
       0
       0
       0
       0
       0
       0
       0
       0
       0
       0
       0
       0
       0
       0
       0
       0
       0
       0
       0
       0
       0
       0
       0
       0
       0
       0
       0
       0
       0
       0
       0
       0
       0
       0
       0
       0
       0
       0
       0
       0
       0
       0
       0
       0
       0
       0
       0
       0
       0
       0
       0
       0
       0
       0
       0
       0
       0
       0
       0
       0
       0
       0
       0
       0
       0
       0
       0
       0
       0
       0
       0
       0
       0
       0
       0
       0
       0
       0
       0
       0
       0
       0
       0
       0
       0
       0
       0
       0
       0
       0
       0
       0
       0
       0
       0
       0
       0
       0
       0
       0
       0
       0
       0
       0
       0
       0
       0
       0
       0
       0
       0
       0
       0
       0
       0
       0
       0
       0
       0
       0
       0
       0
       0
       0
       0
       0
       0
       0
       0
       0
       0
       0
       0
       0
       0
       0
       0
       0
       0
       0
       0
       0
       0
       0
       0
       0
       0
       0
       0
       0
       0
       0
       0
       0
       0
       0
       0
       0
       0
       0
       0
       0
       0
       0
       0
       0
       0
       0
       0
       0
       0
       0
       0
       0
       0
       0
       0
       0
       0
       0
       0
       0
       0
       0
       0
       0
       0
       0
       0
       0
       0
       0
       0
       0
       0
       0
       0
       0
       0
       0
       0
       0
       0
       0
       0
       0
       0
       0
       0
       0
       0
       0
       0
       0
       0
       0
       0
       0
       0
       0
       0
       0
       0
       0
       0
       0
       0
       0
       0
       0
       0
       0
       0
       0
       0
       0
       0
       0
       0
       0
       0
       0
       0
       0
       0
       0
       0
       0
       0
       0
       0
       0
       0
       0
       0
       0
       0
       0
       0
       0
       0
       0
       0
       0
       0
       0
       0
       0
       0
       0
       0
       0
       0
       0
       0
       0
       0
       0
       0
       0
       0
       0
       0
       0
       0
       0
       0
       0
       0
       0
       0
       0
       0
       0
       0
       0
       0
       0
       0
       0
       0
       0
       0
       0
       0
       0
       0
       0
       0
       0
       0
       0
       0
       0
       0
       0
       0
       0
       0
       0
       0
       0
       0
       0
       0
       0
       0
       0
       0
       0
       0
       0
       0
       0
       0
       0
       0
       0
       0
       0
       0
       0
       0
       0
       0
       0
       0
       0
       0
       0
       0
       0
       0
       0
       0
       0
       0
       0
       0
       0
       0
       0
       0
       0
       0
       0
       0
       0
       0
       0
       0
       0
       0
       0
       0
       0
       0
       0
       0
       0
       0
       0
       0
       0
       0
       0
       0
       0
       0
       0
       0
       0
       0
       0
       0
       0
       0
       0
       0
       0
       0
       0
       0
       0
       0
       0
       0
       0
       0
       0
       0
       0
       0
       0
       0
       0
       0
       0
       0
       0
       0
       0
       0
       0
       0
       0
       0
       0
       0
       0
       0
       0
       0
       0
       0
       0
       0
       0
       0
       0
       0
       0
       0
       0
       0
       0
       0
       0
       0
       0
       0
       0
       0
       0
       0
       0
       0
       0
       0
       0
       0
       0
       0
       0
       0
       0
       0
       0
       0
       0
       0
       0
       0
       0
       0
       0
       0
       0
       0
       0
       0
       0
       0
       0
       0
       0
       0
       0
       0
       0
       0
       0
       0
       0
       0
       0
       0
       0
       0
       0
       0
       0
       0
       0
       0
       0
       0
       0
       0
       0
       0
       0
       0
       0
       0
       0
       0
       0
       0
       0
       0
       0
       0
       0
       0
       0
       0
       0
       0
       0
       0
       0
       0
       0
       0
       0
       0
       0
       0
       0
       0
       0
       0
       0
       0
       0
       0
       0
       0
       0
       0
       0
       0
       0
       0
       0
       0
       0
       0
       0
       0
       0
       0
       0
       0
       0
       0
       0
       0
       0
       0
       0
       0
       0
       0
       0
       0
       0
       0
       0
       0
       0
       0
       0
       0
       0
       0
       0
       0
       0
       0
       0
       0
       0
       0
       0
       0
       0
       0
       0
       0
       0
       0
       0
       0
       0
       0
       0
       0
       0
       0
       0
       0
       0
       0
       0
       0
       0
       0
       0
       0
       0
       0
       0
       0
       0
       0
       0
       0
       0
       0
       0
       0
       0
       0
       0
       0
       0
       0
       0
       0
       0
       0
       0
       0
       0
       0
       0
       0
       0
       0
       0
       0
       0
       0
       0
       0
       0
       0
       0
       0
       0
       0
       0
       0
       0
       0
       0
       0
       0
       0
       0
       0
       0
       0
       0
       0
       0
       0
       0
       0
       0
       0
       0
       0
       0
       0
       0
       0
       0
       0
       0
       0
       0
       0
       0
       0
       0
       0
       0
       0
       0
       0
       0
       0
       0
       0
       0
       0
       0
       0
       0
       0
       0
       0
       0
       0
       0
       0
       0
       0
       0
       0
       0
       0
       0
       0
       0
       0
       0
       0
       0
       0
       0
       0
       0
       0
       0
       0
       0
       0
       0
       0
       0
       0
       0
       0
       0
       0
       0
       0
       0
       0
       0
       0
       0
       0
       0
       0
       0
       0
       0
       0
       0
       0
       0
       0
       0
       0
       0
       0
       0
       0
       0
       0
       0
       0
       0
       0
       0
       0
       0
       0
       0
       0
       0
       0
       0
       0
       0
       0
       0
       0
       0
       0
       0
       0
       0
       0
       0
       0
       0
       0
       0
       0
       0
       0
       0
       0
       0
       0
       0
       0
       0
       0
       0
       0
       0
       0
       0
       0
       0
       0
       0
       0
       0
       0
       0
       0
       0
       0
       0
       0
       0
       0
       0
       0
       0
       0
       0
       0
       0
       0
       0
       0
       0
       0
       0
       0
       0
       0
       0
       0
       0
       0
       0
       0
       0
       0
       0
       0
       0
       0
       0
       0
       0
       0
       0
       0
       0
       0
       0
       0
       0
       0
       0
       0
       0
       0
       0
       0
       0
       0
       0
       0
       0
       0
       0
       0
       0
       0
       0
       0
       0
       0
       0
       0
       0
       0
       0
       0
       0
       0
       0
       0
       0
       0
       0
       0
       0
       0
       0
       0
       0
       0
       0
       0
       0
       0
       0
       0
       0
       0
       0
       0
       0
       0
       0
       0
       0
       0
       0
       0
       0
       0
       0
       0
       0
       0
       0
       0
       0
       0
       0
       0
       0
       0
       0
       0
       0
       0
       0
       0
       0
       0
       0
       0
       0
       0
       0
       0
       0
       0
       0
       0
       0
       0
       0
       0
       0
       0
       0
       0
       0
       0
       0
       0
       0
       0
       0
       0
       0
       0
       0
       0
       0
       0
       0
       0
       0
       0
       0
       0
       0
       0
       0
       0
       0
       0
       0
       0
       0
       0
       0
       0
       0
       0
       0
       0
       0
       0
       0
       0
       0
       0
       0
       0
       0
       0
