      0
     43
    387
   1055
   1983
   3258
   5033
   6941
   9421
  11893
  14953
  18238
  21680
  25754
  30468
  35206
  39450
  44655
  49872
  56214
  62896
  67745
  75238
  82230
  89237
  97396
 106325
 113872
 121325
 130479
 140051
 149458
 160793
 170918
 180412
 190792
 201756
 211817
 223549
 235828
 246293
 259100
 272946
 284594
 297101
 309306
 323463
 339423
 352212
 364656
 377506
 395263
 408578
 424322
 438067
 453852
 469033
 483960
 501319
 516324
 530972
 551228
 566276
 580391
 598717
 618316
 634889
 651641
 668351
 686438
 702291
 722740
 738460
 759101
 774721
 795279
 808713
 827242
 846705
 864033
 887135
 902272
 923493
 941726
 959425
 978596
 994935
1015973
1032657
1055652
1074030
1093277
1112663
1130157
1148384
1164436
1184440
1205291
1223962
1245943
1260853
1280644
1297128
1318754
1332935
1353144
1370283
1390928
1411188
1423741
1444342
1469556
1482733
1502138
1522448
1537243
1554001
1568095
1584654
1608808
1623442
1639666
1651372
1671224
1691126
1703451
1721865
1737295
1753525
1770290
1782279
1800891
1821566
1826293
1842523
1861239
1870309
1890047
1902688
1916040
1930768
1939142
1950742
1968943
1982408
1995572
2009963
2017513
2025490
2035342
2050379
2063463
2077637
2085683
2095092
2108175
2117144
2120652
2136520
2146381
2150870
2160851
2172595
2184945
2187641
2197489
2203925
2207861
2214084
2226071
2228895
2236350
2242276
2245847
2249282
2259071
2265959
2269314
2271699
2279476
2283426
2285188
2292311
2287465
2293661
2302420
2299214
2302759
2302160
2309379
2307023
2307364
2312798
2310941
2306846
2312538
2308946
2309070
2308614
2304686
2304448
2301862
2301552
2304949
2299536
2294197
2291915
2292001
2289041
2283522
2281099
2277011
2273815
2274470
2261621
2263416
2257849
2250021
2242322
2242304
2235094
2231557
2218020
2213391
2213106
2205028
2203071
2184205
2184822
2176991
2170161
2161157
2150760
2144081
2138018
2127354
2118657
2109356
2101997
2090105
2080304
2077911
2064874
2053344
2049223
2036974
2028774
2017635
2008639
1997221
1988540
1976075
1966231
1955187
1943305
1934563
1925733
1911226
1897302
1886244
1876204
1865302
1848010
1836746
1829146
1820659
1807195
1795696
1784709
1768982
1755228
1745971
1732175
1720799
1707571
1692538
1682911
1668568
1656588
1645307
1628708
1620403
1604789
1592301
1581093
1567073
1550574
1538638
1527252
1515034
1504271
1490538
1478749
1466823
1452180
1441651
1430380
1413175
1397732
1387877
1375336
1365271
1352647
1336646
1321548
1311111
1295866
1284293
1270931
1261995
1248348
1233411
1222066
1210448
1198240
1184740
1171971
1160125
1150409
1131848
1123277
1111948
1101304
1086422
1075500
1061772
1049679
1036104
1027858
1014369
1003219
 994172
 981279
 970769
 959296
 946363
 936578
 921628
 909981
 899668
 891753
 878612
 867307
 859251
 848574
 835120
 822953
 817255
 803240
 794910
 784683
 774047
 763972
 751603
 744287
 738181
 721835
 713437
 702740
 695607
 682021
 678170
 667913
 658141
 649060
 637488
 628934
 620900
 612599
 603665
 594694
 584773
 577024
 571285
 560325
 552158
 544677
 537994
 528938
 522383
 512539
 505393
 496717
 491138
 481200
 476705
 465809
 458682
 453394
 446351
 439443
 431171
 425538
 419486
 411887
 404964
 397479
 389245
 383636
 381765
 373586
 366691
 360855
 354811
 348122
 342590
 336842
 332300
 325019
 320376
 316830
 308774
 305136
 301015
 294027
 289954
 283040
 278315
 275228
 268647
 264888
 258224
 254787
 249956
 245267
 242486
 236952
 231914
 228635
 223484
 219763
 217153
 212102
 206747
 204011
 199228
 197339
 193499
 190527
 186965
 182560
 178877
 175224
 171221
 167388
 164412
 162337
 159537
 155850
 153782
 150489
 145998
 143138
 140780
 137264
 133719
 132551
 129890
 127534
 124339
 123014
 119825
 118182
 113976
 111956
 110351
 107070
 104122
 103619
 101885
  98160
  96877
  95867
  92421
  91329
  89173
  86998
  83836
  84058
  82163
  79482
  78182
  77094
  75344
  73334
  71706
  70836
  68964
  66675
  66495
  64027
  63014
  60982
  60167
  58348
  57948
  55691
  54141
  53203
  52429
  51064
  50204
  48591
  47605
  46776
  45603
  44163
  43543
  42379
  41335
  40862
  39601
  38709
  37219
  36252
  35730
  34688
  33959
  33649
  32830
  31217
  30756
  30124
  29996
  29218
  27430
  27110
  26546
  26095
  25341
  24424
  24287
  23541
  22696
  22416
  22062
  21745
  20860
  19994
  19110
  19046
  18734
  17929
  17400
  17323
  16485
  16530
  15572
  15501
  15332
  14698
  13950
  13743
  13719
  13123
  12696
  12677
  12174
  11660
  11407
  11263
  10781
  10665
  10313
  10032
   9691
   9551
   9441
   9223
   8578
   8271
   7974
   8148
   8107
   7875
   7716
   7325
   7096
   6992
   6467
   6630
   6131
   6165
   5791
   5798
   5675
   5380
   5488
   4974
   4905
   4654
   4741
   4523
   4660
   4284
   4014
   4071
   4039
   3908
   3725
   3697
   3475
   3689
   3376
   3192
   3083
   3102
   3026
   2868
   2788
   2645
   2614
   2414
   2606
   2415
   2467
   2187
   2270
   2167
   2063
   1998
   1904
   1799
   1782
   1820
   1715
   1705
   1593
   1551
   1324
   1635
   1479
   1279
   1275
   1282
   1148
   1232
   1222
   1155
   1146
   1056
   1011
    931
   1037
    921
    940
    864
    843
    810
    792
    852
    777
    697
    659
    648
    597
    704
    595
    668
    593
    585
    479
    557
    432
    439
    417
    506
    451
    400
    393
    396
    336
    395
    303
    368
    344
    332
    309
    249
    382
    293
    248
    273
    279
    257
    317
    221
    226
    246
    190
    221
    153
    165
    229
    177
    162
    180
    132
    182
    119
    153
    131
    104
    125
    110
    101
    121
     78
    106
     95
     95
     97
     82
     84
    118
     89
     81
    102
     69
     94
     66
     59
     53
     59
     50
     53
     64
     54
     60
     52
     38
     51
     25
     26
     42
     34
     38
     29
     42
     36
     40
     27
     28
     29
     13
     42
     36
     15
     31
     13
     25
     25
     12
     28
     14
     28
      7
     23
     13
     13
     13
      9
     23
      0
     12
      6
      2
     11
      9
     22
      4
      4
      1
     17
     12
      8
      9
     16
     11
      7
     10
      4
     10
      4
      9
      5
      3
      5
      1
      2
      4
      2
      3
      7
     12
      1
      1
      9
      0
      2
      1
      6
      1
      3
      2
      0
      9
      2
      4
      1
      2
      5
      0
      0
      0
      3
      1
      3
      0
      0
      0
      3
      0
      4
      2
      3
      0
      2
      0
      1
      0
      5
      2
      1
      0
      3
      3
      1
      0
      0
      0
      0
      0
      2
      0
      1
      0
      0
      0
      0
      0
      0
      0
      0
      0
      0
      0
      0
      0
      0
      0
      0
      0
      0
      0
      0
      0
      0
      0
      0
      0
      0
      0
      0
      0
      0
      0
      0
      0
      0
      0
      0
      0
      0
      0
      0
      0
      0
      0
      0
      3
      0
      0
      0
      0
      0
      0
      0
      0
      0
      0
      0
      0
      0
      0
      0
      0
      0
      0
      0
      0
      0
      0
      0
      0
      0
      0
      0
      0
      0
      0
      0
      0
      0
      0
      0
      0
      0
      0
      0
      0
      0
      0
      0
      0
      0
      0
      0
      0
      0
      0
      0
      0
      0
      0
      0
      0
      0
      0
      0
      0
      0
      0
      0
      0
      0
      0
      0
      0
      0
      0
      0
      0
      0
      0
      0
      0
      0
      0
      0
      0
      0
      0
      0
      0
      0
      0
      0
      0
      0
      0
      0
      0
      0
      0
      0
      0
      0
      0
      0
      0
      0
      0
      0
      0
      0
      0
      0
      0
      0
      0
      0
      0
      0
      0
      0
      0
      0
      0
      0
      0
      0
      0
      0
      0
      0
      0
      0
      0
      0
      0
      0
      0
      0
      0
      0
      0
      0
      0
      0
      0
      0
      0
      0
      0
      0
      0
      0
      0
      0
      0
      0
      0
      0
      0
      0
      0
      0
      0
      0
      0
      0
      0
      0
      0
      0
      0
      0
      0
      0
      0
      0
      0
      0
      0
      0
      0
      0
      0
      0
      0
      0
      0
      0
      0
      0
      0
      0
      0
      0
      0
      0
      0
      0
      0
      0
      0
      0
      0
      0
      0
      0
      0
      0
      0
      0
      0
      0
      0
      0
      0
      0
      0
      0
      0
      0
      0
      0
      0
      0
      0
      0
      0
      0
      0
      0
      0
      0
      0
      0
      0
      0
      0
      0
      0
      0
      0
      0
      0
      0
      0
      0
      0
      0
      0
      0
      0
      0
      0
      0
      0
      0
      0
      0
      0
      0
      0
      0
      0
      0
      0
      0
      0
      0
      0
      0
      0
      0
      0
      0
      0
      0
      0
      0
      0
      0
      0
      0
      0
      0
      0
      0
      0
      0
      0
      0
      0
      0
      0
      0
      0
      0
      0
      0
      0
      0
      0
      0
      0
      0
      0
      0
      0
      0
      0
      0
      0
      0
      0
      0
      0
      0
      0
      0
      0
      0
      0
      0
      0
      0
      0
      0
      0
      0
      0
      0
      0
      0
      0
      0
      0
      0
      0
      0
      0
      0
      0
      0
      0
      0
      0
      0
      0
      0
      0
      0
      0
      0
      0
      0
      0
      0
      0
      0
      0
      0
      0
      0
      0
      0
      0
      0
      0
      0
      0
      0
      0
      0
      0
      0
      0
      0
      0
      0
      0
      0
      0
      0
      0
      0
      0
      0
      0
      0
      0
      0
      0
      0
      0
      0
      0
      0
      0
      0
      0
      0
      0
      0
      0
      0
      0
      0
      0
      0
      0
      0
      0
      0
      0
      0
      0
      0
      0
      0
      0
      0
      0
      0
      0
      0
      0
      0
      0
      0
      0
      0
      0
      0
      0
      0
      0
      0
      0
      0
      0
      0
      0
      0
      0
      0
      0
      0
      0
      0
      0
      0
      0
      0
      0
      0
      0
      0
      0
      0
      0
      0
      0
      0
      0
      0
      0
      0
      0
      0
      0
      0
      0
      0
      0
      0
      0
      0
      0
      0
      0
      0
      0
      0
      0
      0
      0
      0
      0
      0
      0
      0
      0
      0
      0
      0
      0
      0
      0
      0
      0
      0
      0
      0
      0
      0
      0
      0
      0
      0
      0
      0
      0
      0
      0
      0
      0
      0
      0
      0
      0
      0
      0
      0
      0
      0
      0
      0
      0
      0
      0
      0
      0
      0
      0
      0
      0
      0
      0
      0
      0
      0
      0
      0
      0
      0
      0
      0
      0
      0
      0
      0
      0
      0
      0
      0
      0
      0
      0
      0
      0
      0
      0
      0
      0
      0
      0
      0
      0
      0
      0
      0
      0
      0
      0
      0
      0
      0
      0
      0
      0
      0
      0
      0
      0
      0
      0
      0
      0
      0
      0
      0
      0
      0
      0
      0
      0
      0
      0
      0
      0
      0
      0
      0
      0
      0
      0
      0
      0
      0
      0
      0
      0
      0
      0
      0
      0
      0
      0
      0
      0
      0
      0
      0
      0
      0
      0
      0
      0
      0
      0
      0
      0
      0
      0
      0
      0
      0
      0
      0
      0
      0
      0
      0
      0
      0
      0
      0
      0
      0
      0
      0
      0
      0
      0
      0
      0
      0
      0
      0
      0
      0
      0
      0
      0
      0
      0
      0
      0
      0
      0
      0
      0
      0
      0
      0
      0
      0
      0
      0
      0
      0
      0
      0
      0
      0
      0
      0
      0
      0
      0
      0
      0
      0
      0
      0
      0
      0
      0
      0
      0
      0
      0
      0
      0
      0
      0
      0
      0
      0
      0
      0
      0
      0
      0
      0
      0
      0
      0
      0
      0
      0
      0
      0
      0
      0
      0
      0
      0
      0
      0
      0
      0
      0
      0
      0
      0
      0
      0
      0
      0
      0
      0
      0
      0
      0
      0
      0
      0
      0
      0
      0
      0
      0
      0
      0
      0
      0
      0
      0
      0
      0
      0
      0
      0
      0
      0
      0
      0
      0
      0
      0
      0
      0
      0
      0
      0
      0
      0
      0
      0
      0
      0
      0
      0
      0
      0
      0
      0
      0
      0
      0
      0
      0
      0
      0
      0
      0
      0
      0
      0
      0
      0
      0
      0
      0
      0
      0
      0
      0
      0
      0
      0
      0
      0
      0
      0
      0
      0
      0
      0
      0
      0
      0
      0
      0
      0
      0
      0
      0
      0
      0
      0
      0
      0
      0
      0
      0
      0
      0
      0
      0
      0
      0
      0
      0
      0
      0
      0
      0
      0
      0
      0
      0
      0
      0
      0
      0
      0
      0
      0
      0
      0
      0
      0
      0
      0
      0
      0
      0
      0
      0
      0
      0
      0
      0
      0
      0
      0
      0
      0
      0
      0
      0
      0
      0
      0
      0
      0
      0
      0
      0
      0
      0
      0
      0
      0
      0
      0
      0
      0
      0
      0
      0
      0
      0
      0
      0
      0
      0
      0
      0
      0
      0
      0
      0
      0
      0
      0
      0
      0
      0
      0
      0
      0
      0
      0
      0
      0
      0
      0
      0
      0
      0
      0
      0
      0
      0
      0
      0
      0
      0
      0
      0
      0
      0
      0
      0
      0
      0
      0
      0
      0
      0
      0
      0
      0
      0
      0
      0
      0
      0
      0
      0
      0
      0
      0
      0
      0
      0
      0
      0
      0
      0
      0
      0
      0
      0
      0
      0
      0
      0
      0
      0
      0
      0
      0
      0
      0
      0
      0
      0
      0
      0
      0
      0
      0
      0
      0
      0
      0
      0
      0
      0
      0
      0
      0
      0
      0
      0
      0
      0
      0
      0
      0
      0
      0
      0
      0
      0
      0
      0
      0
      0
      0
      0
      0
      0
      0
      0
      0
      0
      0
      0
      0
      0
      0
      0
      0
      0
      0
      0
      0
      0
      0
      0
      0
      0
      0
      0
      0
      0
      0
      0
      0
      0
      0
      0
      0
      0
      0
      0
      0
      0
      0
      0
      0
      0
      0
      0
      0
      0
      0
      0
      0
      0
      0
      0
      0
      0
      0
      0
      0
      0
      0
      0
      0
      0
      0
      0
      0
      0
      0
      0
      0
      0
      0
      0
      0
      0
      0
      0
      0
      0
      0
      0
      0
      0
      0
      0
      0
      0
      0
      0
      0
      0
      0
      0
      0
      0
      0
      0
      0
      0
      0
      0
      0
      0
      0
      0
      0
      0
      0
      0
      0
      0
      0
      0
      0
      0
      0
      0
      0
      0
      0
      0
      0
      0
      0
      0
      0
      0
      0
      0
      0
      0
      0
      0
      0
      0
      0
      0
      0
      0
      0
      0
      0
      0
      0
      0
      0
      0
      0
      0
      0
      0
      0
      0
      0
      0
      0
      0
      0
      0
      0
      0
      0
      0
      0
      0
      0
      0
      0
      0
      0
      0
      0
      0
      0
      0
      0
      0
      0
      0
      0
      0
      0
      0
      0
      0
      0
      0
      0
      0
      0
      0
      0
      0
      0
      0
      0
      0
      0
      0
      0
      0
      0
      0
      0
      0
      0
      0
      0
      0
      0
      0
      0
      0
      0
      0
      0
      0
      0
      0
      0
      0
      0
      0
      0
      0
      0
      0
      0
      0
      0
      0
      0
      0
      0
      0
      0
      0
      0
      0
      0
      0
      0
      0
      0
      0
      0
      0
      0
      0
      0
      0
      0
      0
      0
      0
      0
      0
      0
      0
      0
      0
      0
      0
      0
      0
      0
      0
      0
      0
      0
      0
      0
      0
      0
      0
      0
      0
      0
      0
      0
      0
      0
      0
      0
      0
      0
      0
      0
      0
      0
      0
      0
      0
      0
      0
      0
      0
      0
      0
      0
      0
      0
      0
      0
      0
      0
      0
      0
      0
      0
      0
      0
      0
      0
      0
      0
      0
      0
      0
      0
      0
      0
      0
      0
      0
      0
      0
      0
      0
      0
      0
      0
      0
      0
      0
      0
      0
      0
      0
      0
      0
      0
      0
      0
      0
      0
      0
      0
      0
      0
      0
      0
      0
      0
      0
      0
      0
      0
      0
      0
      0
      0
      0
      0
      0
      0
      0
      0
      0
      0
      0
      0
      0
      0
      0
      0
      0
      0
      0
      0
      0
      0
      0
      0
      0
      0
      0
      0
      0
      0
      0
      0
      0
      0
      0
      0
      0
      0
      0
      0
      0
      0
      0
      0
      0
      0
      0
      0
      0
      0
      0
      0
      0
      0
      0
      0
      0
      0
      0
      0
      0
      0
      0
      0
      0
      0
      0
      0
      0
      0
      0
      0
      0
      0
      0
      0
      0
      0
      0
      0
      0
      0
      0
      0
      0
      0
      0
      0
      0
      0
      0
      0
      0
      0
      0
      0
      0
      0
      0
      0
      0
      0
      0
      0
      0
      0
      0
      0
      0
      0
      0
      0
      0
      0
      0
      0
      0
      0
      0
      0
      0
      0
      0
      0
      0
      0
      0
      0
      0
      0
      0
      0
      0
      0
      0
      0
      0
      0
      0
      0
      0
      0
      0
      0
      0
      0
      0
      0
      0
      0
      0
      0
      0
      0
      0
      0
      0
      0
      0
      0
      0
      0
      0
      0
      0
      0
      0
      0
      0
      0
      0
      0
      0
      0
      0
      0
      0
      0
      0
      0
      0
      0
      0
      0
      0
      0
      0
      0
      0
      0
      0
      0
      0
      0
      0
      0
      0
      0
      0
      0
      0
      0
      0
      0
      0
      0
      0
      0
      0
      0
      0
      0
      0
      0
      0
      0
      0
      0
      0
      0
      0
      0
      0
      0
      0
      0
      0
      0
      0
      0
      0
      0
      0
      0
      0
      0
      0
      0
      0
      0
      0
      0
      0
      0
      0
      0
      0
      0
      0
      0
      0
      0
      0
      0
      0
      0
      0
      0
      0
      0
      0
      0
      0
      0
      0
      0
      0
      0
      0
      0
      0
      0
      0
      0
      0
      0
      0
      0
      0
      0
      0
      0
      0
      0
      0
      0
      0
      0
      0
      0
      0
      0
      0
      0
      0
      0
      0
      0
      0
      0
      0
      0
      0
      0
      0
      0
      0
      0
      0
      0
      0
      0
      0
      0
      0
      0
      0
      0
      0
      0
      0
      0
      0
      0
      0
      0
      0
      0
      0
      0
      0
      0
      0
      0
      0
      0
      0
      0
      0
      0
      0
      0
      0
      0
      0
      0
      0
      0
      0
      0
      0
      0
      0
      0
      0
      0
      0
      0
      0
      0
      0
      0
      0
      0
      0
      0
      0
      0
      0
      0
      0
      0
      0
      0
      0
      0
      0
      0
      0
      0
      0
      0
      0
      0
      0
      0
      0
      0
      0
      0
      0
      0
      0
      0
      0
      0
      0
      0
      0
      0
      0
      0
      0
      0
      0
      0
      0
      0
      0
      0
      0
      0
      0
      0
      0
      0
      0
      0
      0
      0
      0
      0
      0
      0
      0
      0
      0
      0
      0
      0
      0
      0
      0
      0
      0
      0
      0
      0
      0
      0
      0
      0
      0
      0
      0
      0
      0
      0
      0
      0
      0
      0
      0
      0
      0
      0
      0
      0
      0
      0
      0
      0
      0
      0
      0
      0
      0
      0
      0
      0
      0
      0
      0
      0
      0
      0
      0
      0
      0
      0
      0
      0
      0
      0
      0
      0
      0
      0
      0
      0
      0
      0
      0
      0
      0
      0
      0
      0
      0
      0
      0
      0
      0
      0
      0
      0
      0
      0
      0
      0
      0
      0
      0
      0
      0
      0
      0
      0
      0
      0
      0
      0
      0
      0
      0
      0
      0
      0
      0
      0
      0
      0
      0
      0
      0
      0
      0
      0
      0
      0
      0
      0
      0
      0
      0
      0
      0
      0
      0
      0
      0
      0
      0
      0
      0
      0
      0
      0
      0
      0
      0
      0
      0
      0
      0
      0
      0
      0
      0
      0
      0
      0
      0
      0
      0
      0
      0
      0
      0
      0
      0
      0
      0
      0
      0
      0
      0
      0
      0
      0
      0
      0
      0
      0
      0
      0
      0
      0
      0
      0
      0
      0
      0
      0
      0
      0
      0
      0
      0
      0
      0
      0
      0
      0
      0
      0
      0
      0
      0
      0
      0
      0
      0
      0
      0
      0
      0
      0
      0
      0
      0
      0
      0
      0
      0
      0
      0
      0
      0
      0
      0
      0
      0
      0
      0
      0
      0
      0
      0
      0
      0
      0
      0
      0
      0
      0
      0
      0
      0
      0
      0
      0
      0
      0
      0
      0
      0
      0
      0
      0
      0
      0
      0
      0
      0
      0
      0
      0
      0
      0
      0
      0
      0
      0
      0
      0
      0
      0
      0
      0
      0
      0
      0
      0
      0
      0
      0
      0
      0
      0
      0
      0
      0
      0
      0
      0
      0
      0
      0
      0
      0
      0
      0
      0
      0
      0
      0
      0
      0
      0
      0
      0
      0
      0
      0
      0
      0
      0
      0
      0
      0
