23.5105
23.4182
23.5148
21.1169
20.7124
20.5
20.4084
20.3671
20.3313
20.3064
20.3075
20.2987
20.2924
20.2885
20.2734
20.2618
20.2528
20.2479
20.241
20.244
20.2434
20.2365
20.2355
20.2451
20.25
20.2355
20.2231
20.2306
20.234
20.224
20.2194
20.2241
20.2263
20.2239
20.2195
20.2114
20.224
20.2084
20.2149
20.2092
20.2152
20.2125
20.2167
20.213
20.2135
20.205
20.2124
20.2049
20.2061
20.2099
20.2013
20.2042
20.2056
20.1959
20.202
20.2016
20.1997
20.1998
20.2055
20.1947
20.1915
20.2028
20.1995
20.1994
20.1983
20.1956
20.1925
20.2006
20.2002
20.1953
20.1925
20.1932
20.1982
20.1937
20.1973
20.1927
20.1953
20.1981
20.1902
20.1972
20.195
20.1938
20.1976
20.1962
20.1984
20.1986
20.192
20.1955
20.1897
20.1964
20.1928
20.1973
20.1992
20.1911
20.194
20.1909
20.197
20.1904
20.1977
20.187
20.1943
20.1973
20.1915
20.1934
20.1908
20.1925
20.1933
20.1965
20.1942
20.1942
20.1883
20.1927
20.1897
20.1843
20.1834
20.1927
20.1945
20.1859
20.1976
20.1899
20.1905
20.1952
20.1932
20.1935
20.1835
20.186
20.1887
20.1909
20.1911
20.1885
20.1897
20.191
20.1932
20.1909
20.1854
20.1893
20.1958
20.1884
20.1878
20.1907
20.1886
20.1898
20.1888
20.1913
20.1897
20.1965
20.1869
20.1895
20.1873
20.1901
20.1892
20.1958
20.1919
20.1946
20.1884
20.1914
20.1936
20.1909
20.1921
20.1892
20.189
20.1896
20.1932
20.1885
20.1863
20.1942
20.1933
20.1833
20.1888
20.193
20.1868
20.1915
20.1857
20.1925
20.1877
20.1971
20.1925
20.1859
20.197
20.189
20.1925
20.1922
20.1875
20.1917
20.1892
20.1819
20.1892
20.1887
20.1873
20.1893
20.1908
20.1913
20.1907
20.1911
20.1907
20.1895
20.1897
20.1893
20.1908
20.1893
