1.26756
1.21661
1.21255
1.20941
1.18225
1.21078
1.20323
1.18017
1.1708
1.14447
1.07549
0.91195
0.83406
0.77574
0.760584
0.771987
0.778774
0.781628
0.812075
0.849312
0.905224
0.949902
0.949893
0.946639
0.941776
0.935739
0.922906
0.904585
0.879993
0.851987
0.819581
0.790978
0.768522
0.751841
0.745995
0.751019
0.760356
0.75864
0.755445
0.746151
0.735876
0.726309
0.731598
0.733993
0.731814
0.746506
0.742574
0.737878
0.724329
0.723566
0.726316
0.728549
0.725796
0.718486
0.732396
0.717626
0.706328
0.707966
0.712557
0.715903
0.712202
0.716518
0.730902
0.720838
0.716393
0.70631
0.716205
0.706898
0.716763
0.712718
0.710025
0.720776
0.710371
0.707154
0.708965
0.720706
0.709005
0.703612
0.706658
0.71562
0.712085
0.709345
0.721291
0.728338
0.725642
0.715486
0.715642
0.712366
0.709161
0.70851
0.702512
0.702083
0.7028
0.701753
0.70469
0.704958
0.709916
0.709711
0.712883
0.71332
0.708058
0.713755
0.718521
0.711457
0.712745
0.714042
0.711144
0.706452
0.715525
0.721249
0.714638
0.719155
0.716776
0.715409
0.720235
0.713199
0.716127
0.719043
0.720147
0.715248
0.723253
0.716962
0.712983
0.705221
0.708616
0.71002
0.717319
0.714581
0.723789
0.714905
0.708697
0.707027
0.718115
0.716675
0.717199
0.718858
0.726249
0.730701
0.725479
0.724652
0.719701
0.711267
0.707384
0.711093
0.713071
0.714703
0.723018
0.720495
0.724537
0.722531
0.720342
0.712041
0.707089
0.705826
0.701969
0.707111
0.714333
0.715759
0.711153
0.719161
0.716576
0.713132
0.715491
0.719544
0.728334
0.730838
0.722122
0.721505
0.719189
0.72148
0.719821
0.714374
0.709437
0.710396
0.717859
0.716417
0.712669
0.713529
0.707951
0.720029
0.723793
0.729786
0.72417
0.724364
0.73284
0.712453
0.7031
0.706104
0.704729
0.723124
0.722251
0.726777
0.719316
0.718176
0.725106
0.712732
0.710742
0.716818
0.718484
0.712664
0.718907
0.715992
0.718167
0.710005
0.709274
0.710632
0.714918
0.709302
0.710947
0.719226
0.719934
0.714693
0.717231
0.708324
0.710097
0.718544
0.724378
0.716632
0.72929
0.71919
0.712021
0.708545
0.715588
0.712863
0.718547
0.71325
0.71396
0.719628
0.716045
0.71393
0.7124
0.717262
0.729574
0.727312
0.716898
0.715366
0.709295
0.721525
0.726201
0.71835
0.716866
0.716118
0.717347
0.716739
0.719846
0.711792
0.711858
0.719502
0.709006
0.711644
0.701469
0.71353
0.716608
0.712303
0.724225
0.717661
0.712646
0.714725
0.713592
0.718345
0.719308
0.714353
0.724729
0.72732
0.710558
0.710546
0.719801
0.716719
0.711985
0.713876
0.723339
0.714897
0.710933
0.709274
0.715773
0.716227
0.725749
0.717883
0.726481
0.735813
0.727292
0.711736
0.709597
0.706477
0.714577
0.722899
0.719199
0.716675
0.717291
0.714167
0.715329
0.719232
0.715087
0.712809
0.713316
0.715002
0.706263
0.712332
0.712091
0.713145
0.723772
0.71861
0.710924
0.710875
0.714304
0.720366
0.715565
0.719031
0.715759
0.712538
0.70841
0.720905
0.722025
0.719069
0.718218
0.719693
0.714609
0.713188
0.713119
0.712249
0.714778
0.719988
0.717848
0.708746
0.705509
0.70923
0.707072
0.709684
0.70849
0.710748
0.705223
0.704163
0.711762
0.716081
0.713831
0.716177
0.712234
0.712242
0.718522
0.714315
0.716678
0.711115
0.709164
0.714762
0.714973
0.717655
0.719845
0.715569
0.7241
0.729325
0.71606
0.716713
0.712196
0.712338
0.71777
0.714642
0.708782
0.716697
0.71316
0.711766
0.709808
0.726267
0.722039
0.719625
0.709384
0.709487
0.715368
0.737277
0.726342
0.715139
0.718593
0.726366
0.720418
0.708799
0.715833
0.717614
0.708503
0.703969
0.711204
0.703921
0.69779
0.709057
0.708945
0.709314
0.716889
0.727782
0.715401
0.711185
0.709767
0.726995
0.72394
0.718696
0.713373
0.718159
0.7066
0.705338
0.710735
0.70682
0.71531
0.717719
0.722704
0.722497
0.722028
0.717378
0.718955
0.708405
0.716733
0.715406
0.709781
0.711906
0.70973
0.706139
0.718378
0.712996
0.71424
0.712227
0.72969
0.722267
0.71513
0.716431
0.71599
0.710727
0.712593
0.723481
0.718529
0.716015
0.70757
0.70607
0.709813
0.712815
0.721365
0.714251
0.713206
0.712064
0.718431
0.719028
0.707187
0.700239
0.70997
0.719041
0.716748
0.720489
0.706245
0.712024
0.70608
0.701038
0.714333
0.714896
0.716425
0.710406
0.710519
0.713514
0.715532
0.71171
0.7069
0.723724
0.727323
0.722561
0.71507
0.720824
0.715627
0.707522
0.710933
0.715116
0.719321
0.723256
0.709944
0.71637
0.706939
0.702166
0.706987
0.716315
0.724071
0.722926
0.718198
0.722737
0.712476
0.718079
0.71978
0.725007
0.709874
0.704315
0.717432
0.715976
0.71674
0.711592
0.713396
0.719715
0.716588
0.710709
0.713808
0.706409
0.70649
0.710225
0.71615
0.71499
0.721412
0.73032
0.728704
0.715867
0.721239
0.72722
0.730237
0.717927
0.707572
0.72097
0.706119
0.713788
0.723198
0.720379
0.725205
0.716331
0.71107
0.704805
0.709238
0.713415
0.710976
0.717021
0.721911
0.709268
0.70241
0.700753
0.708791
0.71036
0.718985
0.729744
0.721115
0.715943
0.715027
0.720361
0.715481
0.72302
0.717205
0.709508
0.708995
0.727123
0.72438
0.720471
0.715465
0.718549
0.720985
0.718254
0.710325
0.723481
0.710304
0.710329
0.716644
0.714448
0.716994
0.723872
0.716152
0.709589
0.716442
0.716015
0.714911
0.711198
0.71845
0.718518
0.711512
0.704958
0.714814
0.714746
0.716693
0.725236
0.732561
0.73391
0.722305
0.720788
0.723554
0.728072
0.71998
0.711576
0.712893
0.711544
0.715374
0.714088
0.712335
0.717006
0.714076
0.706413
0.707851
0.707312
0.716573
0.714748
0.705159
0.714761
0.71878
0.718624
0.712929
0.711817
0.716346
0.710724
0.716962
0.717782
0.717496
0.715784
0.710306
0.726493
0.722623
0.71817
0.71374
0.702615
0.707537
0.717546
0.735236
0.727585
0.727842
0.71478
0.708749
0.712323
0.719346
0.725113
0.723255
0.715231
0.706725
0.707916
0.711962
0.713878
0.719561
0.712772
0.711456
0.716448
0.707642
0.71288
0.7096
0.715692
0.725808
0.727037
0.716795
0.714788
0.708115
0.718173
0.737896
0.720909
0.715303
0.721407
0.717983
0.717954
0.71353
0.714934
0.713094
0.713701
0.715414
0.711943
0.71822
0.71866
0.711341
0.716959
0.723017
0.722618
0.724415
0.714912
0.71608
0.715063
0.713815
0.707096
0.717358
0.726073
0.746929
0.733566
0.718774
0.713744
0.728609
0.717919
0.716608
0.713529
0.714141
0.715508
0.712327
0.714778
0.70264
0.705054
0.727185
0.718744
0.713073
0.71264
0.713085
0.711828
0.710576
0.713913
0.71125
0.717766
0.722156
0.70918
0.71748
0.714202
0.715771
0.724092
0.722362
0.725386
0.714969
0.706184
0.703149
0.70646
0.707516
0.709399
0.701867
0.713446
0.712841
0.722085
0.713576
0.71534
0.718719
0.713086
0.719331
0.71209
0.719327
0.71767
0.718456
0.723424
0.71657
0.719387
0.719134
0.709778
0.708115
0.706853
0.710675
0.713786
0.714873
0.711317
0.716958
0.712275
0.709614
0.724457
0.726961
0.727373
0.723017
0.717616
0.718871
0.72004
0.716075
0.708568
0.706176
0.716417
0.712131
0.718663
0.716845
0.719837
0.735314
0.723443
0.708819
0.704217
0.706329
0.71059
0.715399
0.714491
0.72627
0.718591
0.718952
0.711078
0.717633
0.715158
0.717362
0.716802
0.728335
0.718717
0.714756
0.722056
0.709878
0.710382
0.72003
0.720296
0.730178
0.732698
0.728201
0.724985
0.727119
0.720568
0.731999
0.725225
0.711503
0.715608
0.716731
0.724808
0.728789
0.715327
0.706284
0.710643
0.722424
0.719252
0.720288
0.711952
0.704376
0.708142
0.713252
0.701686
0.706808
0.724518
0.724601
0.709989
0.705857
0.714026
0.721112
0.718227
0.719934
0.71451
0.716547
0.72703
0.722844
0.712829
0.715452
0.708262
0.712909
0.706756
0.702502
0.708588
0.712022
0.718592
0.71313
0.706338
0.710376
0.704475
0.715917
0.715746
0.724538
0.724681
0.712923
0.705716
0.704991
0.715608
0.714321
0.720482
0.709838
0.710679
0.705595
0.705878
0.721342
0.730095
0.721514
0.711624
0.708145
0.710826
0.707407
0.702487
0.708876
0.711966
0.711422
0.713312
0.726232
0.72388
0.717076
0.721528
0.723861
0.715408
0.72291
0.72092
0.726234
0.71461
0.710905
0.716035
0.721115
0.713804
0.714193
0.708156
0.702718
0.707048
0.715075
0.715398
0.720662
0.716455
0.713159
0.70609
0.706277
0.706607
0.712701
0.723502
0.720527
0.712578
0.711805
0.716893
0.713737
0.717542
0.722086
0.725211
0.719222
0.715296
0.713839
0.721352
0.717373
0.715211
0.71361
0.715958
0.723819
0.723678
0.722838
0.708748
0.705812
0.713646
0.716048
0.715386
0.712872
0.707595
0.714744
0.712927
0.721617
0.716523
0.713923
0.718523
0.718585
0.721399
0.736691
0.733279
0.731731
0.72561
0.717078
0.716111
0.715445
0.716453
0.710794
0.709723
0.716633
0.725284
0.715595
0.711631
0.706303
0.708808
0.717242
0.716855
0.719079
0.714636
0.708328
0.71654
0.723476
0.711233
0.72012
0.721754
0.723859
0.723492
0.720348
0.70964
0.71192
0.71612
0.716561
0.716643
0.723786
0.716408
0.712292
0.711292
0.705981
0.715206
0.715379
0.71335
0.723143
0.723647
0.710672
0.707706
0.717905
0.717752
0.707014
0.704886
0.71247
0.719821
0.72416
0.721984
0.726954
0.718488
0.717509
0.716939
0.720627
0.719367
0.722361
0.720804
0.716394
0.725558
0.71291
0.717699
0.713665
0.709825
0.708698
0.714461
0.717723
0.709166
0.708099
0.715027
0.706431
0.71091
0.71235
0.724335
0.720422
0.709108
0.719506
0.722235
0.72371
0.721188
0.719949
0.710825
0.710056
0.71696
0.711954
0.711184
0.711689
0.705849
0.71074
0.709205
0.713872
0.711779
0.71091
0.725502
0.721695
0.719329
0.709134
0.705931
0.712834
0.706207
0.705819
0.706262
0.719669
0.729112
0.719836
0.720356
0.720015
0.708432
0.706003
0.732796
0.720428
0.714827
0.710828
0.706651
0.704469
0.716684
0.727945
0.718824
0.717871
0.723753
0.714007
0.710426
0.72104
0.715237
0.714873
0.720619
0.710145
0.709347
0.705873
0.711279
0.739764
0.727879
0.732889
0.717165
0.71534
0.722004
0.710091
0.704542
0.709027
0.707454
0.711795
0.715891
0.71408
0.705681
0.711866
0.717986
0.718595
0.713235
0.715441
0.719353
0.716778
0.730716
0.729574
0.715335
0.708312
0.71504
0.716896
0.717513
0.718077
0.708471
0.712258
0.712254
0.716197
0.735675
0.721434
0.72054
0.720282
0.715135
0.718673
0.705879
0.701774
0.717589
0.722676
0.713267
0.709128
0.713945
0.709646
0.714901
0.725411
0.723884
0.71
0.717921
0.706569
0.704969
0.71473
0.715259
0.726985
0.7308
0.719957
0.716935
0.717711
0.718696
0.720746
0.713019
0.708349
0.718115
0.714647
0.725205
0.722652
0.719504
0.72564
0.721455
0.715661
0.712395
0.711267
0.704284
0.706052
0.705497
0.709197
0.72217
0.713935
0.71535
0.71209
0.707382
0.71043
0.701107
0.704938
0.709866
0.708679
0.714664
0.717252
0.714361
0.717562
0.71666
0.710465
0.721153
0.721349
0.717385
0.723607
0.721493
0.711815
0.712326
0.718886
0.718082
0.719648
0.715375
0.709121
0.717046
0.716221
0.727051
0.721287
0.728269
0.724507
0.718727
0.718936
0.721796
0.71156
0.718544
0.723643
0.712372
0.710074
0.71898
0.712484
0.709691
0.726135
0.72512
0.733893
0.725047
0.725012
0.717761
0.707928
0.713337
0.709731
0.713732
0.710927
0.714038
0.717249
0.708612
0.709981
0.708989
0.718443
0.724879
0.71961
0.714851
0.709868
0.705477
0.715984
0.732249
0.720986
0.717371
0.716595
0.719281
0.718885
0.713689
0.70703
0.705349
0.715956
0.710779
0.711331
0.716915
0.713443
0.708898
0.708989
0.709055
0.707004
0.709848
0.710319
0.713681
0.715585
0.710809
0.706539
0.716443
0.716106
0.712442
0.713097
0.726828
0.722597
0.717263
0.710175
0.712032
0.713075
0.708821
0.730251
0.718371
0.711988
0.716965
0.722899
0.72191
0.724643
0.714951
0.718246
0.71722
0.72893
0.724517
0.718442
0.715969
0.708154
0.72344
0.713602
0.713554
0.704912
0.704725
0.709324
0.714757
0.71542
0.711225
0.713469
0.706633
0.715933
0.719401
0.729549
0.716691
0.720198
0.716704
0.71345
0.715299
0.710129
0.716877
0.721584
0.729948
0.719715
0.709615
0.708984
0.725551
0.736127
0.730823
0.726894
0.713241
0.715528
0.720088
0.711415
0.715802
0.717103
0.715835
0.715249
0.709001
0.709896
0.704538
0.718294
0.725761
0.720237
0.71403
0.718403
0.718443
0.720217
0.719324
0.724939
0.719337
0.708626
0.701222
0.711511
0.704759
0.70535
0.706343
0.711045
0.715264
0.718858
0.718461
0.724874
0.723959
0.719027
0.715841
0.705642
0.703486
0.713679
0.71486
0.711397
0.709289
0.71039
0.721226
0.724241
0.723916
0.716493
0.709848
0.711716
0.711817
0.714368
0.722133
0.72985
0.725448
0.72534
0.71949
0.719619
0.709495
0.713408
0.720203
0.715346
0.725384
0.719052
0.713399
0.710292
0.715655
0.71306
0.71171
0.712172
0.714266
0.715274
0.717827
0.716258
0.721609
0.717979
0.707641
0.702282
0.705942
0.714102
0.7214
0.716588
0.713695
0.721433
0.740578
0.721081
0.714565
0.718306
0.725226
0.718251
0.713561
0.715992
0.712083
0.712419
0.709735
0.708194
0.711822
0.709326
0.713108
0.709901
0.712187
0.710961
0.706545
0.702319
0.708926
0.710434
0.709399
0.705807
0.708902
0.705071
0.719244
0.713509
0.718119
0.716597
0.711995
0.711481
0.708147
0.711507
0.715554
0.711487
0.710426
0.717529
0.722436
0.733357
0.719469
0.713163
0.713585
0.709853
0.712221
0.718345
0.70818
0.703396
0.710504
0.706003
0.700503
0.70693
0.711463
0.724957
0.716267
0.712438
0.723972
0.720638
0.711732
0.712374
0.713674
0.704942
0.712311
0.718817
0.722778
0.726893
0.723747
0.716408
0.711502
0.715765
0.722413
0.723605
0.723375
0.723793
0.719678
0.713317
0.708564
0.712223
0.715489
0.717377
0.724421
0.719077
0.718549
0.72402
0.715784
0.710117
0.714721
0.711308
0.716137
0.716046
0.715612
0.71192
0.719
0.722417
0.71726
0.71173
0.710424
0.706036
0.700752
0.710738
0.707405
0.710019
0.710744
0.716116
0.724586
0.720067
0.7209
0.728952
0.723545
0.724486
0.720269
0.710031
0.713531
0.715576
0.708132
0.707299
0.714011
0.726673
0.724578
0.722519
0.718276
0.716572
0.724414
0.718557
0.716485
0.718519
0.723885
0.714937
0.714132
0.712954
0.720044
0.710216
0.717112
0.712629
0.719382
0.729078
0.721173
0.720102
0.719114
0.716673
0.716814
0.732715
0.727231
0.709976
0.707799
0.717462
0.710335
0.709851
0.715316
0.711965
0.708621
0.702368
0.709456
0.709913
0.712791
0.704346
0.70548
0.716948
0.718051
0.711528
0.716036
0.714399
0.706979
0.699463
0.705686
0.721994
0.714253
0.705925
0.707863
0.70477
0.706688
0.712113
0.715332
0.717069
0.70488
0.70498
0.705652
0.720552
0.731002
0.721364
0.716779
0.712617
0.707638
0.720378
0.728317
0.719721
0.716434
0.716184
0.71488
0.715999
0.706737
0.705938
0.717471
0.718239
0.717985
0.708652
0.720662
0.715299
0.718354
0.713972
0.712448
0.716739
0.719065
0.706862
0.708924
0.719517
0.720392
0.720419
0.722599
0.717279
0.715425
0.714997
0.71937
0.718875
0.715454
0.708398
0.710172
0.709145
0.717018
0.719483
0.730411
0.716785
0.715853
0.704188
0.711166
0.708844
0.718652
0.7241
0.714717
0.711629
0.706644
0.70919
0.715717
0.704583
0.707728
0.705277
0.705747
0.706532
0.70521
0.707673
0.727298
0.708197
0.70651
0.71802
0.724786
0.722156
0.725286
0.713033
0.721807
0.723864
0.724096
0.71418
0.715608
0.712611
0.724792
0.723046
0.725652
0.729919
0.724393
0.716006
0.715661
0.722985
0.710644
0.706823
0.717557
0.711774
0.713615
0.705232
0.706647
0.718976
0.724226
0.722887
0.717759
0.719858
0.723954
0.726689
0.723675
0.7113
0.708046
0.714733
0.7234
0.734855
0.716145
0.711705
0.713204
0.71793
0.708752
0.711384
0.710868
0.722471
0.712308
0.702476
0.710328
0.712092
0.712299
0.713263
0.721607
0.726729
0.71465
0.714848
0.71593
0.711918
0.712876
0.713559
0.720421
0.715997
0.717549
0.727886
0.721184
0.712437
0.722203
0.721462
0.724736
0.72495
0.724777
0.717332
0.715568
0.716041
0.716744
0.709049
0.70762
0.710866
0.714651
0.719516
0.707709
0.708933
0.705772
0.707427
0.724169
0.713033
0.719472
0.708327
0.710297
0.715788
0.721766
0.711239
0.712888
0.7159
0.712109
0.71436
0.718676
0.715277
0.718172
0.720851
0.722288
0.719086
0.709243
0.710903
0.722812
0.723113
0.71583
0.71157
0.707772
0.7116
0.704244
0.706345
0.710086
0.708353
0.715587
0.713681
0.727544
0.717523
0.723608
0.722202
0.720892
0.718411
0.72159
0.723012
0.718532
0.71562
0.709404
0.706777
0.709163
0.723258
0.717265
0.708409
0.706107
0.717507
0.715572
0.719428
0.722596
0.719676
0.734077
0.720811
0.709714
0.712569
0.717427
0.710826
0.708196
0.722146
0.725826
0.722805
0.721324
0.707106
0.700391
0.706772
0.711626
0.72649
0.712362
0.707101
0.704445
0.708392
0.722181
0.721273
0.719121
0.712856
0.717234
0.725721
0.732574
0.723945
0.724552
0.719936
0.709939
0.713083
0.711201
0.710911
0.709042
0.71061
0.704447
0.704189
0.705404
0.715133
0.721171
0.71403
0.72445
0.716753
0.71581
0.710851
0.71127
0.713014
0.706063
0.710389
0.724466
0.734263
0.722036
0.724513
0.719304
0.730956
0.721918
0.71856
0.711974
0.71801
0.726766
0.728818
0.722685
0.717969
0.719767
0.728979
0.720022
0.708316
0.70806
0.712437
0.708692
0.713222
0.712638
0.713308
0.718802
0.727845
0.71639
0.716816
0.705771
0.706561
0.715305
0.720922
0.729854
0.727656
0.720997
0.722793
0.724928
0.72794
0.726385
0.714539
0.713581
0.713873
0.71303
0.713158
0.708856
0.714822
0.715998
0.716782
0.712745
0.711365
0.715668
0.721907
0.713352
0.708632
0.704229
0.707107
0.710307
0.709725
0.709814
0.713005
0.710149
0.714607
0.714857
0.715452
0.718838
0.712313
0.710906
0.715145
0.710034
0.723268
0.713139
0.726353
0.72668
0.72464
0.720106
0.718877
0.714648
0.722117
0.721465
0.717623
0.709029
0.710652
0.713539
0.708681
0.702387
0.70768
0.716969
0.716126
0.719653
0.720717
0.718234
0.721911
0.715505
0.708991
0.705135
0.710733
0.715459
0.719379
0.720326
0.716864
0.722618
0.717304
0.716021
0.722479
0.722849
0.715692
0.713776
0.710886
0.717065
0.718116
0.718537
0.725643
0.723863
0.724114
0.719305
0.718668
0.718367
0.710884
0.701781
0.702734
0.716299
0.711244
0.711359
0.709216
0.705355
0.703533
0.712055
0.720406
0.712466
0.712728
0.706653
0.711404
0.714144
0.711428
0.718876
0.711794
0.709553
0.713266
0.717323
0.707502
0.706497
0.707941
0.709617
0.719145
0.722932
0.720647
0.713469
0.711434
0.718674
0.720434
0.711412
0.708369
0.725015
0.722552
0.722697
0.720594
0.718007
0.707031
0.717097
0.712568
0.720313
0.721113
0.720828
0.715282
0.707465
0.708962
0.727488
0.717651
0.718222
0.721368
0.709462
0.714438
0.71724
0.70934
0.705111
0.711204
0.71813
0.712076
0.711429
0.701905
0.703405
0.718251
0.714219
0.718667
0.719131
0.715969
0.713268
0.721303
0.715424
0.710564
0.716041
0.714186
0.709753
0.704381
0.714908
0.709586
0.703347
0.708716
0.71206
0.711021
0.726663
0.721174
0.721516
0.725757
0.725104
0.718874
0.713979
0.714421
0.717014
0.708845
0.703967
0.71111
0.72037
0.710261
0.715876
0.718023
0.717513
0.718231
0.71724
0.713798
0.71578
0.713428
0.713396
0.715427
0.717755
