   3128
   9700
  16932
  24002
  30101
  36382
  42042
  49894
  57396
  63397
  69892
  76359
  83299
  87615
  96054
 101906
 112573
 116031
 124723
 130200
 136863
 141750
 151354
 157711
 166962
 169172
 177817
 182914
 188299
 196618
 201388
 208450
 217369
 223566
 230090
 235901
 243650
 253001
 259348
 266062
 270809
 279867
 284834
 292094
 300828
 305351
 311242
 316817
 324990
 333097
 338911
 344712
 350284
 359959
 366538
 375851
 381808
 390250
 396754
 403249
 407884
 419013
 422401
 430166
 438415
 444164
 452715
 457609
 466082
 478861
 477202
 485932
 491591
 496515
 509594
 515955
 519217
 533447
 537435
 541679
 550779
 556617
 566292
 571709
 579807
 586410
 598929
 597616
 609666
 619243
 619144
 627812
 636899
 648394
 649437
 657722
 666273
 673358
 678256
 687472
 696404
 703816
 711469
 716051
 734299
 736714
 737417
 753830
 757075
 760333
 766090
 779926
 790780
 793346
 806845
 820288
 825587
 827582
 835554
 850003
 853268
 858972
 866557
 882652
 885037
 888872
 903270
 894327
 918812
 927201
 936861
 940796
 944342
 957343
 960504
 971052
 981140
 988245
1001447
1008360
1019193
1017224
1029261
1041378
1050453
1055373
1059934
1072010
1078462
1095191
1102887
1109773
1115917
1127929
1132119
1145286
1145462
1160262
1168367
1174338
1183066
1192392
1203383
1215194
1216765
1231574
1241126
1253215
1257880
1264840
1274392
1285668
1294967
1308584
1315098
1321401
1326394
1330988
1343223
1351311
1363730
1374699
1382975
1388217
1399150
1410496
1407143
1421342
1430589
1444791
1451414
1461018
1466644
1477277
1483076
1499854
1499591
1517206
1522833
1527278
1541251
1550413
1550332
1566337
1581481
1586844
1590984
1596041
1609115
1620521
1630497
1643395
1645692
1654388
1671464
1673712
1686065
1695894
1700376
1719073
1725863
1729770
1742507
1753638
1758584
1769822
1776714
1792083
1802054
1810295
1814027
1825820
1838388
1844601
1853869
1870880
1872303
1887678
1889195
1906013
1904550
1925714
1923938
1941364
1961493
1959518
1976945
1975392
1992447
1989937
1995423
2012282
2012865
2028830
2042244
2053017
2065142
2063377
2068345
2077169
2091065
2100714
2117304
2111155
2136897
2143846
2145471
2150389
2166452
2168066
2189094
2194419
2196845
2217217
2218513
2228783
2239179
2246107
2251314
2262793
2277158
2274815
2298102
2296816
2311499
2311258
2333670
2334652
2341898
2349765
2355689
2377751
2368724
2384072
2387649
2405052
2421491
2420379
2428918
2430043
2444119
2454336
2458637
2461502
2482342
2490924
2497481
2502673
2514929
2519073
2529725
2538312
2534144
2543029
2558682
2570961
2573942
2582228
2586569
2591759
2604784
2609785
2627198
2618533
2633726
2643407
2661071
2665322
2663289
2682264
2689119
2687001
2708594
2704738
2715783
2731201
2735841
2747125
2750322
2748644
2756377
2764437
2774312
2778247
2783365
2788125
2805389
2806025
2815184
2810628
2821590
2839781
2845754
2836407
2848968
2850244
2871166
2875518
2881675
2883651
2893033
2899724
2899281
2917666
2904962
2916628
2929233
2932274
2943975
2943005
2951993
2953752
2969483
2970892
2971196
2984654
2985116
2997365
2993626
2990763
3011732
3008619
3016733
3020005
3029931
3024298
3034651
3030148
3032040
3050447
3051317
3066090
3067880
3070267
3067343
3075030
3077961
3081977
3088031
3096104
3095104
3101368
3111844
3100677
3111073
3118363
3105369
3126533
3114593
3122792
3128846
3129790
3133777
3133253
3138933
3136165
3151245
3155664
3154067
3153705
3162828
3155274
3166472
3170179
3164478
3167221
3183385
3168052
3178545
3186633
3187774
3180824
3190355
3177871
3187402
3180972
3194076
3205586
3194666
3202930
3201067
3212886
3195037
3203178
3196232
3203824
3211393
3212958
3210743
3202246
3204552
3202822
3205557
3210650
3195259
3215128
3193321
3202237
3206882
3211973
3200480
3194924
3198042
3198267
3194411
3198634
3195378
3196469
3196694
3197978
3192646
3202695
3184575
3189253
3187815
3189449
3179794
3184731
3187048
3167557
3183617
3175030
3178368
3172303
3164658
3165386
3176870
3160591
3167905
3147232
3156351
3143213
3161798
3148644
3148029
3139683
3136788
3139940
3128546
3120563
3126391
3131924
3129686
3107322
3114365
3104834
3111354
3096292
3100379
3085912
3094149
3085006
3081432
3067046
3074115
3068387
3072624
3059475
3066552
3046395
3048341
3035925
3044041
3032179
3041886
3019689
3024569
3019980
3018582
2999363
2998061
2991501
2984621
2986742
2982629
2970503
2961004
2959243
2948626
2951604
2947596
2941902
2930073
2927132
2923466
2912614
2910671
2901662
2899648
2888248
2894460
2875289
2879222
2869198
2865432
2842927
2849086
2830269
2827433
2815833
2808138
2809211
2805002
2803574
2787389
2792449
2781516
2771356
2760648
2751388
2747861
2737509
2726046
2726259
2719424
2703926
2690480
2688233
2675352
2663959
2663519
2665114
2642105
2652904
2634407
2626425
2614240
2603666
2601615
2597799
2582273
2567452
2562008
2563511
2556111
2540595
2535952
2532596
2517032
2509304
2492577
2490774
2486681
2484705
2465508
2450627
2439115
2436947
2432315
2414970
2407031
2392858
2386516
2382136
2384975
2358517
2345544
2336851
2340189
2327585
2309888
2309337
2294428
2285349
2276676
2282835
2261533
2245132
2239969
2229551
2223732
2200492
2195799
2196600
2180671
2174407
2163839
2146692
2136847
2128130
2124274
2108554
2108079
2092280
2083268
2072187
2061075
2050801
2049737
2031148
2026794
2011504
2009930
1991337
1982054
1973918
1967762
1959523
1942448
1933049
1924417
1908118
1910234
1909199
1890117
1879864
1871944
1852394
1858969
1836307
1835487
1824872
1812938
1810487
1794721
1783266
1775224
1764982
1756395
1752084
1735393
1733410
1712263
1706045
1695657
1682932
1674751
1664973
1660171
1649978
1640727
1631506
1624165
1607686
1602836
1598966
1585406
1575001
1564844
1549204
1550066
1526851
1526494
1520574
1504965
1499369
1486980
1473905
1481754
1465305
1448027
1441896
1430928
1424861
1411529
1412069
1389832
1381714
1379119
1365950
1360606
1344480
1337829
1338423
1326766
1314394
1305390
1303711
1284961
1277819
1268201
1262583
1253398
1246030
1241426
1235260
1223265
1205059
1205994
1196197
1187762
1186142
1175075
1155056
1148359
1141129
1136092
1129854
1113371
1119901
1104952
1085681
1087885
1076963
1062852
1061138
1051714
1040305
1033581
1027073
1022696
1015611
1012820
 996049
 989930
 988407
 977761
 971405
 961454
 958000
 950056
 937672
 941030
 928970
 916670
 907974
 901316
 899716
 881158
 876902
 870720
 869080
 858350
 856358
 850108
 834029
 832068
 822464
 817592
 810995
 804360
 794565
 794570
 782680
 776101
 769403
 762897
 756336
 753576
 744917
 737838
 725796
 722381
 715982
 713092
 702566
 696796
 692233
 688855
 677508
 672910
 666457
 664489
 662908
 654870
 643326
 642815
 632806
 631906
 620644
 617404
 610145
 602484
 600073
 595929
 586945
 581013
 577574
 569878
 564966
 560346
 554979
 555131
 542842
 540262
 536214
 530884
 521736
 520671
 511529
 509587
 503553
 502085
 491682
 489687
 481968
 481619
 473282
 467165
 464404
 462411
 454790
 449842
 449127
 442592
 440723
 436003
 426324
 424919
 415432
 418609
 407866
 407347
 402690
 397403
 399058
 387793
 389539
 385246
 381095
 375334
 373440
 368403
 363573
 360384
 352083
 350220
 348848
 344757
 336487
 336796
 332326
 330531
 325657
 321506
 317844
 314743
 311235
 307262
 304789
 300876
 295794
 293501
 292876
 287980
 285843
 279430
 279384
 273877
 271133
 271771
 266155
 264711
 259396
 256444
 255872
 248772
 249826
 247116
 240401
 241831
 236305
 235338
 232182
 228875
 225840
 226412
 218522
 221631
 215260
 210562
 209621
 210177
 209147
 203617
 200830
 198062
 193677
 191841
 191403
 187639
 187194
 184390
 182524
 180426
 178628
 175057
 171783
 170226
 166413
 168398
 161987
 162667
 160190
 156680
 155718
 155487
 152054
 150631
 148432
 148188
 144277
 142911
 141896
 139245
 141033
 135122
 133570
 132280
 129955
 128166
 127552
 125490
 124099
 123065
 120048
 121035
 119417
 115606
 114957
 112965
 109785
 108599
 107971
 107415
 104372
 104210
 103920
 101237
 100090
  97450
  98365
  95725
  93975
  93630
  90531
  91759
  88593
  88567
  87283
  85477
  85914
  82324
  82386
  80106
  80773
  76828
  76599
  76383
  74456
  74180
  72635
  71352
  72465
  68573
  68301
  67686
  67259
  65310
  63541
  62223
  63984
  61926
  61902
  61344
  60500
  58751
  58235
  57079
  56831
  56139
  54800
  54239
  53082
  50781
  52224
  50545
  48491
  48947
  48003
  47837
  46464
  45514
  45496
  45783
  43684
  43614
  43368
  41690
  41489
  40340
  40088
  38394
  38827
  38497
  37295
  37138
  37323
  35686
  34590
  34445
  34109
  34810
  33923
  33811
  32144
  32845
  32070
  32486
  30293
  30687
  29703
  29577
  29199
  28296
  27591
  27853
  26646
  27283
  26232
  26850
  26158
  24480
  25640
  24116
  23768
  23412
  23942
  22361
  22294
  21797
  22939
  21373
  22103
  20678
  20230
  20073
  20460
  21245
  19754
  18725
  18565
  18813
  18694
  18159
  17369
  17441
  16506
  16682
  16510
  17387
  15727
  15547
  16068
  14643
  14502
  14582
  13958
  13638
  13620
  13741
  13643
  13064
  13119
  12084
  12454
  12164
  11936
  11714
  12323
  11259
  11412
  11465
  10678
  10507
  10436
  10401
  10011
   9569
   9481
   9549
   9619
   9095
   9308
   8673
   9035
   9099
   8593
   8701
   8284
   7773
   7986
   7466
   7793
   7287
   7509
   7604
   6944
   7087
   7111
   6999
   6379
   6660
   7088
   6484
   6476
   6115
   5807
   6216
   5545
   5485
   5416
   5385
   5122
   5711
   4879
   4705
   5564
   4948
   4892
   5145
   4895
   4656
   4534
   4743
   4434
   4149
   4117
   4073
   4110
   3866
   4095
   4132
   3982
   3816
   3756
   3499
   3474
   3820
   3275
   3359
   3158
   3504
   2985
   3177
   3167
   3003
   2953
   2899
   2866
   2742
   2636
   2771
   2610
   2508
   2352
   2495
   2347
   2327
   2094
   2585
   2044
   2119
   1976
   2010
   2186
   1839
   1801
   1889
   1647
   1872
   1732
   1646
   1816
   1757
   1438
   1690
   1762
   1623
   1841
   1549
   1367
   1357
   1474
   1453
   1352
   1272
   1329
   1391
   1171
   1019
   1132
   1086
   1133
   1022
   1070
   1171
   1011
    991
   1138
   1135
   1019
   1006
    800
    917
    801
   1002
    941
   1036
    843
    719
    881
    802
    782
    680
    651
    719
    612
    739
    609
    557
    440
    474
    522
    518
    400
    568
    504
    689
    481
    561
    475
    442
    490
    435
    412
    393
    490
    457
    380
    329
    498
    323
    434
    407
    251
    360
    403
    257
    284
    323
    319
    239
    314
    330
    317
    247
    388
    367
    270
    239
    243
    251
    192
    241
    227
    152
    219
    285
    173
    196
    265
    159
    168
    146
    137
    121
    290
    133
    187
    148
    125
    125
    152
    201
     72
    166
    103
    175
    132
     92
    107
    194
    140
     80
    133
     82
     79
     76
     81
    126
    131
    150
    155
     53
     99
    154
     89
    134
     94
     58
     90
    106
     19
     55
     59
    102
    117
     87
     66
     93
     35
     84
     35
     34
     52
     54
     62
     56
     64
     75
     32
     94
     57
     52
     25
     79
     62
     76
      7
     43
     23
    101
     48
     19
     30
     21
     25
     27
     46
     35
     12
     44
     49
     11
      8
     11
     22
     23
     16
     16
      5
     59
     16
     17
      2
     16
     11
      0
     20
      1
     28
      0
     14
      9
     24
      3
     19
      5
     11
      1
      0
     20
     12
     27
     16
      0
      2
      0
      8
      0
      8
      5
      9
     10
     13
      0
      0
     10
     13
      0
      8
      2
      1
      1
      7
     10
      2
      0
      0
      0
      4
      0
      0
      0
      0
      7
      0
      0
      0
      0
      0
      0
     15
      7
      0
      4
      0
      8
      2
      0
      4
      0
      0
      0
      0
      0
      0
      0
      0
      0
      6
      0
      0
      0
      0
      0
      0
      0
      0
      0
      0
      0
      0
      0
      0
      0
      0
      0
      0
      0
      0
      0
      0
      0
      0
      0
      0
      0
      0
      0
      0
      0
      0
      0
      0
      0
      0
      0
      0
      0
      0
      0
      0
      0
      0
      0
      0
      0
      0
      0
      0
      0
      0
      0
      0
      0
      0
      0
      0
      0
      0
      0
      0
      0
      0
      0
      0
      0
      0
      0
      0
      0
      0
      0
      0
      0
      0
      0
      0
      0
      0
      0
      0
      0
      0
      0
      0
      0
      0
      0
      0
      0
      0
      0
      0
      0
      0
      0
      0
      0
      0
      0
      0
      0
      0
      0
      0
      0
      0
      0
      0
      0
      0
      0
      0
      0
      0
      0
      0
      0
      0
      0
      0
      0
      0
      0
      0
      0
      0
      0
      0
      0
      0
      0
      0
      0
      0
      0
      0
      0
      0
      0
      0
      0
      0
      0
      0
      0
      0
      0
      0
      0
      0
      0
      0
      0
      0
      0
      0
      0
      0
      0
      0
      0
      0
      0
      0
      0
      0
      0
      0
      0
      0
      0
      0
      0
      0
      0
      0
      0
      0
      0
      0
      0
      0
      0
      0
      0
      0
      0
      0
      0
      0
      0
      0
      0
      0
      0
      0
      0
      0
      0
      0
      0
      0
      0
      0
      0
      0
      0
      0
      0
      0
      0
      0
      0
      0
      0
      0
      0
      0
      0
      0
      0
      0
      0
      0
      0
      0
      0
      0
      0
      0
      0
      0
      0
      0
      0
      0
      0
      0
      0
      0
      0
      0
      0
      0
      0
      0
      0
      0
      0
      0
      0
      0
      0
      0
      0
      0
      0
      0
      0
      0
      0
      0
      0
      0
      0
      0
      0
      0
      0
      0
      0
      0
      0
      0
      0
      0
      0
      0
      0
      0
      0
      0
      0
      0
      0
      0
      0
      0
      0
      0
      0
      0
      0
      0
      0
      0
      0
      0
      0
      0
      0
      0
      0
      0
      0
      0
      0
      0
      0
      0
      0
      0
      0
      0
      0
      0
      0
      0
      0
      0
      0
      0
      0
      0
      0
      0
      0
      0
      0
      0
      0
      0
      0
      0
      0
      0
      0
      0
      0
      0
      0
      0
      0
      0
      0
      0
      0
      0
      0
      0
      0
      0
      0
      0
      0
      0
      0
      0
      0
      0
      0
      0
      0
      0
      0
      0
      0
      0
      0
      0
      0
      0
      0
      0
      0
      0
      0
      0
      0
      0
      0
      0
      0
      0
      0
      0
      0
      0
      0
      0
      0
      0
      0
      0
      0
      0
      0
      0
      0
      0
      0
      0
      0
      0
      0
      0
      0
      0
      0
      0
      0
      0
      0
      0
      0
      0
      0
      0
      0
      0
      0
      0
      0
      0
      0
      0
      0
      0
      0
      0
      0
      0
      0
      0
      0
      0
      0
      0
      0
      0
      0
      0
      0
      0
      0
      0
      0
      0
      0
      0
      0
      0
      0
      0
      0
      0
      0
      0
      0
      0
      0
      0
      0
      0
      0
      0
      0
      0
      0
      0
      0
      0
      0
      0
      0
      0
      0
      0
      0
      0
      0
      0
      0
      0
      0
      0
      0
      0
      0
      0
      0
      0
      0
      0
      0
      0
      0
      0
      0
      0
      0
      0
      0
      0
      0
      0
      0
      0
      0
      0
      0
      0
      0
      0
      0
      0
      0
      0
      0
      0
      0
      0
      0
      0
      0
      0
      0
      0
      0
      0
      0
      0
      0
      0
      0
      0
      0
      0
      0
      0
      0
      0
      0
      0
      0
      0
      0
      0
      0
      0
      0
      0
      0
      0
      0
      0
      0
      0
      0
      0
      0
      0
      0
      0
      0
      0
      0
      0
      0
      0
      0
      0
      0
      0
      0
      0
      0
      0
      0
      0
      0
      0
      0
      0
      0
      0
      0
      0
      0
      0
      0
      0
      0
      0
      0
      0
      0
      0
      0
      0
      0
      0
      0
      0
      0
      0
      0
      0
      0
      0
      0
      0
      0
      0
      0
      0
      0
      0
      0
      0
      0
      0
      0
      0
      0
      0
      0
      0
      0
      0
      0
      0
      0
      0
      0
      0
      0
      0
      0
      0
      0
      0
      0
      0
      0
      0
      0
      0
      0
      0
      0
      0
      0
      0
      0
      0
      0
      0
      0
      0
      0
      0
      0
      0
      0
      0
      0
      0
      0
      0
      0
      0
      0
      0
      0
      0
      0
      0
      0
      0
      0
      0
      0
      0
      0
      0
      0
      0
      0
      0
      0
      0
      0
      0
      0
      0
      0
      0
      0
      0
      0
      0
      0
      0
      0
      0
      0
      0
      0
      0
      0
      0
      0
      0
      0
      0
      0
      0
      0
      0
      0
      0
      0
      0
      0
      0
      0
      0
      0
      0
      0
      0
      0
      0
      0
      0
      0
      0
      0
      0
      0
      0
      0
      0
      0
      0
      0
      0
      0
      0
      0
      0
      0
      0
      0
      0
      0
      0
      0
      0
      0
      0
      0
      0
      0
      0
      0
      0
      0
      0
      0
      0
      0
      0
      0
      0
      0
      0
      0
      0
      0
      0
      0
      0
      0
      0
      0
      0
      0
      0
      0
      0
      0
      0
      0
      0
      0
      0
      0
      0
      0
      0
      0
      0
      0
      0
      0
      0
      0
      0
      0
      0
      0
      0
      0
      0
      0
      0
      0
      0
      0
      0
      0
      0
      0
      0
      0
      0
      0
      0
      0
      0
      0
      0
      0
      0
      0
      0
      0
      0
      0
      0
      0
      0
      0
      0
      0
      0
      0
      0
      0
      0
      0
      0
      0
      0
      0
      0
      0
      0
      0
      0
      0
      0
      0
      0
      0
      0
      0
      0
      0
      0
      0
      0
      0
      0
      0
      0
      0
      0
      0
      0
      0
      0
      0
      0
      0
      0
      0
      0
      0
      0
      0
      0
      0
      0
      0
      0
      0
      0
      0
      0
      0
      0
      0
      0
      0
      0
      0
      0
      0
      0
      0
      0
      0
      0
      0
      0
      0
      0
      0
      0
      0
      0
      0
      0
      0
      0
      0
      0
      0
      0
      0
      0
      0
      0
      0
      0
      0
      0
      0
      0
      0
      0
      0
      0
      0
      0
      0
      0
      0
      0
      0
      0
      0
      0
      0
      0
      0
      0
      0
      0
      0
      0
      0
      0
      0
      0
      0
      0
      0
      0
      0
      0
      0
      0
      0
      0
      0
      0
      0
      0
      0
      0
      0
      0
      0
      0
      0
      0
      0
      0
      0
      0
      0
      0
      0
      0
      0
      0
      0
      0
      0
      0
      0
      0
      0
      0
      0
      0
      0
      0
      0
      0
      0
      0
      0
      0
      0
      0
      0
      0
      0
      0
      0
      0
      0
      0
      0
      0
      0
      0
      0
      0
      0
      0
      0
      0
      0
      0
      0
      0
      0
      0
      0
      0
      0
      0
      0
      0
      0
      0
      0
      0
      0
      0
      0
      0
      0
      0
      0
      0
      0
      0
      0
      0
      0
      0
      0
      0
      0
      0
      0
      0
      0
      0
      0
      0
      0
      0
      0
      0
      0
      0
      0
      0
      0
      0
      0
      0
      0
      0
      0
      0
      0
      0
      0
      0
      0
      0
      0
      0
      0
      0
      0
      0
      0
      0
      0
      0
      0
      0
      0
      0
      0
      0
      0
      0
      0
      0
      0
      0
      0
      0
      0
      0
      0
      0
      0
      0
      0
      0
      0
      0
      0
      0
      0
      0
      0
      0
      0
      0
      0
      0
      0
      0
      0
      0
      0
      0
      0
      0
      0
      0
      0
      0
      0
      0
      0
      0
      0
      0
      0
      0
      0
      0
      0
      0
      0
      0
      0
      0
      0
      0
      0
      0
      0
      0
      0
      0
      0
      0
      0
      0
      0
      0
      0
      0
      0
      0
      0
      0
      0
      0
      0
      0
      0
      0
      0
      0
      0
      0
      0
      0
      0
      0
      0
      0
      0
      0
      0
      0
      0
      0
      0
      0
      0
      0
      0
      0
      0
      0
      0
      0
      0
      0
      0
      0
      0
      0
      0
      0
      0
      0
      0
      0
      0
      0
      0
      0
      0
      0
      0
      0
      0
      0
      0
      0
      0
      0
      0
      0
      0
      0
      0
      0
      0
      0
      0
      0
      0
      0
      0
      0
      0
      0
      0
      0
      0
      0
      0
      0
      0
      0
      0
      0
      0
      0
      0
      0
      0
      0
      0
      0
      0
      0
      0
      0
      0
      0
      0
      0
      0
      0
      0
      0
      0
      0
      0
      0
      0
      0
      0
      0
      0
      0
      0
      0
      0
      0
      0
      0
      0
      0
      0
      0
      0
      0
      0
      0
      0
      0
      0
      0
      0
      0
      0
      0
      0
      0
      0
      0
      0
      0
      0
      0
      0
      0
      0
      0
      0
      0
      0
      0
      0
      0
      0
      0
      0
      0
      0
      0
      0
      0
      0
      0
      0
      0
      0
      0
      0
      0
      0
      0
      0
      0
      0
      0
      0
      0
      0
      0
      0
      0
      0
      0
      0
      0
      0
      0
      0
      0
      0
      0
      0
      0
      0
      0
      0
      0
      0
      0
      0
      0
      0
      0
      0
      0
      0
      0
      0
      0
      0
      0
      0
      0
      0
      0
      0
      0
      0
      0
      0
      0
      0
      0
      0
      0
      0
      0
      0
      0
      0
      0
      0
      0
      0
      0
      0
      0
      0
      0
      0
      0
      0
      0
      0
      0
      0
      0
      0
      0
      0
      0
      0
      0
      0
      0
      0
      0
      0
      0
      0
      0
      0
      0
      0
      0
      0
      0
      0
      0
      0
      0
      0
      0
      0
      0
      0
      0
      0
      0
      0
      0
      0
      0
      0
      0
      0
      0
      0
      0
      0
      0
      0
      0
      0
      0
      0
      0
      0
      0
      0
      0
      0
      0
      0
      0
      0
      0
      0
      0
      0
      0
      0
      0
