        0
   832497
  2492237
  4147664
  5701049
  7384173
  8925288
 10567363
 12112115
 13702710
 15174574
 16724778
 18212685
 19814853
 21160734
 22485842
 23943746
 25297283
 26739491
 28191807
 29526128
 30875644
 32270071
 33704698
 35169595
 36558511
 37992297
 39333420
 40867056
 42320664
 43947709
 45437647
 46950170
 48466422
 50018010
 51636323
 53263798
 54793350
 56375802
 58090536
 59640042
 61202052
 62663689
 64069396
 65627405
 67079907
 68415800
 69698050
 70983201
 72192121
 73383512
 74464609
 75581879
 76378358
 77402304
 78300611
 79173990
 79949171
 80584429
 81436634
 82077025
 82568690
 83456824
 83860135
 84565699
 85338793
 85995784
 86758019
 87327900
 88301210
 88929917
 89761123
 90746369
 91686748
 92704483
 93661025
 94736084
 95790270
 96876464
 97770533
 98710313
 99802228
100907949
101706117
102435627
103405522
104048466
104405777
104830935
105140833
105233579
105103281
104565903
104226419
103762723
102634804
101729292
100330744
 98596846
 96720027
 94913268
 92788455
 90322736
 87630882
 84971980
 82061241
 79038538
 75805626
 72319184
 69134645
 65692188
 62098812
 58677983
 55198437
 51750824
 48337510
 44974614
 41770710
 38598473
 35538815
 32485835
 29738195
 27092414
 24620798
 22263684
 19966049
 17951368
 16040952
 14302398
 12642641
 11218614
  9855534
  8640811
  7542745
  6590634
  5709747
  4943427
  4281699
  3648516
  3104861
  2678511
  2261793
  1928672
  1629712
  1371314
  1145783
   950949
   794291
   672675
   554629
   470646
   398054
   319935
   264621
   227282
   191466
   162709
   135248
   115020
    98291
    80247
    71934
    63423
    53217
    52845
    45865
    39095
    38101
    33565
    31892
    30622
    29398
    28049
    24084
    25003
    24931
    19912
    20072
    20715
    19318
    19127
    16985
    16592
    16551
    18694
    17058
    16288
    15702
    15451
    14463
    14133
    13325
    11995
    11129
    11213
     9217
    11861
    11511
    11786
     9947
     9498
    10204
     9148
     8047
     8488
     9523
    11538
    10967
     9547
     8409
     8691
     9446
     7224
     9140
     7001
     7920
     6722
     5855
     7056
     6842
     6423
     6855
     5242
     6231
     6900
     6167
     6595
     6088
     6152
     5071
     5725
     4047
     4686
     5958
     4974
     4557
     4777
     4575
     4432
     4664
     4523
     5290
     4779
     4388
     3797
     4143
     3988
     4160
     3885
     3918
     2843
     3173
     3189
     4211
     3300
     3649
     3769
     3723
     3240
     3328
     3715
     2567
     3007
     2831
     3032
     2808
     2257
     3116
     3029
     2704
     3004
     2708
     2251
     1903
     2077
     1951
     2661
     2687
     2031
     2812
     3236
     2679
     3780
     2213
     2952
     2067
     2487
     2665
     2528
     1641
     2611
     2525
     2677
     2418
     2301
     1799
     1763
     2148
     1524
     2264
     1707
     1738
     2369
     2635
     1637
     1843
     1498
     1593
     1040
     1137
     1556
     2019
     1813
     1761
     1087
     1619
     1516
     2035
     1756
     1857
     1392
     1280
     1619
     1071
     1053
     1591
     1654
     1649
     1355
     1210
      982
      988
     1550
     1694
      912
     1513
     1892
     1417
     1100
      933
     1386
     1804
     1386
     1480
     1465
     1358
     1816
      635
     1024
      997
     1024
     1210
     1101
      850
     1221
     1112
      986
     1108
     1076
      862
     1239
     1079
     1156
     1189
      898
      985
     1198
     1200
      857
     1133
     1287
     1173
      983
      582
     1224
      889
      568
      700
      918
      564
      633
      396
      783
     1376
     1058
      428
      709
      568
     1085
      651
      891
     1206
      626
      948
     1085
      494
      416
      677
      812
      263
      435
     1100
      624
      213
     1108
     1038
      916
     1128
      875
      506
      387
      726
     1045
      897
      534
      421
      752
      329
      843
      432
      870
      797
      672
      478
      582
      447
      261
      147
      468
      350
     1149
      505
      385
      594
      360
      886
      609
      503
      310
      212
      407
      153
      257
      436
      297
      919
      173
      284
      635
      243
      577
      456
      872
      252
     1192
      476
      986
      200
      910
      717
      345
      215
      530
      425
      157
      408
      349
      371
      896
      399
      669
      714
      701
      649
      582
      185
      322
      246
      501
      807
      146
      309
      429
      303
      383
      332
      721
      469
      419
      653
      489
      473
      176
       83
      129
      576
      413
      494
      301
      124
      111
      225
      514
      162
      345
      392
      288
      413
      174
      255
      565
      250
      243
      442
      327
      242
      392
       46
      414
       86
      100
      281
      504
      555
      136
      144
      180
      234
      689
      379
      309
      469
      247
      194
      380
      333
      143
      802
      102
      380
      368
      188
      217
      553
      366
      231
      256
       37
      100
      109
      242
      379
      119
      556
      442
      380
      216
      327
      156
      268
      152
      297
      404
      128
      358
      829
      252
      276
      196
      271
      117
      241
      401
      112
      234
      181
       53
      371
      365
      352
      141
      216
      111
      242
       50
      340
      268
      384
      191
      143
       78
      161
      225
      273
       59
       63
      122
      286
      122
       83
      101
      271
      622
      556
       66
      401
      329
      193
      296
       16
      104
      223
      444
      254
      144
      174
      118
      152
      194
      281
      428
      226
      237
      263
      352
      421
      278
       86
      197
      187
      228
      283
      262
      167
       41
      203
      179
      323
      262
      347
      153
       75
        0
      307
       16
      123
       67
       13
       99
       27
      134
      372
        0
      297
       11
      112
      116
      208
      237
      330
      331
       62
      181
       92
       37
      669
      267
      337
       68
      252
      105
      276
      341
      488
      619
      396
       63
       95
      163
      175
      163
       65
      212
       57
      151
       51
       43
      209
      311
       96
      352
      139
      392
      206
       78
       93
      156
       50
      126
      275
      243
      198
      108
      258
      156
      233
      159
      216
       94
        8
       74
      163
       99
      216
       87
      116
      146
      123
       42
      277
      295
        0
      126
       20
      137
      217
      401
      203
        0
       96
      186
      155
       99
       58
       29
       98
      395
       13
      183
      154
       53
       71
      142
       37
       82
      132
       22
       92
      149
      325
      287
      139
        0
       82
      174
      271
      396
       56
      115
      229
       99
      250
      254
       64
      255
      155
       99
       93
      176
      144
      241
      176
      174
        0
      174
       29
       41
      108
       97
       13
      331
      244
       24
      229
      147
      214
      175
       85
      204
      158
      145
       62
       99
      155
      101
      110
      155
       21
       95
      140
        4
       32
       62
       84
      365
       50
      241
       91
        0
        0
        0
       56
      164
      358
      169
       82
       18
        0
        0
       47
       16
      142
       55
        8
       29
      119
      295
      255
      141
       84
      193
       98
       17
       49
        6
      290
      166
      172
      274
        0
        0
      361
      436
      207
      203
       30
       35
       60
      122
       79
        0
       16
      171
       91
       21
      139
      104
        5
      107
      406
       99
       92
      324
       11
      241
      390
      133
       53
       88
      140
      196
      155
      167
       92
       72
       41
      108
       68
      106
      109
      269
      177
      132
       58
       21
       34
        0
      137
      147
      135
      111
        0
       19
       91
       61
      437
        0
      133
        0
        0
        0
       67
       88
       84
        0
        0
       97
        0
       76
        4
      137
       65
       47
        0
        4
       46
       68
        0
      138
        6
        2
       50
      210
       91
       64
       88
        0
       33
        7
        8
      197
      231
       63
        0
      196
       14
        0
       60
      117
      174
      161
       24
       32
        0
        0
       59
       75
        3
      119
        2
      388
       44
       97
       52
      117
      157
       37
        0
      292
       67
       26
      107
      251
       22
      144
        0
      225
       18
      250
      103
       92
        0
      269
      130
      257
       55
        0
      109
        0
       25
       93
       23
        9
        0
      137
       71
        9
       52
       24
       52
        0
        0
        0
      167
      231
        0
        0
      205
      131
        0
