       0
       0
       0
       0
       0
       0
       0
       0
       0
       0
      25
       7
       0
      10
      10
       0
      20
      24
      72
      38
      49
      28
      13
       1
      44
      59
      49
      82
      77
      41
      90
      68
      74
      65
      93
      81
     160
     155
     130
      93
     172
     146
     142
     181
     217
     223
     130
     287
     215
     299
     187
     241
     235
     351
     509
     317
     366
     343
     459
     436
     436
     423
     298
     540
     336
     503
     494
     531
     345
     606
     637
     536
     572
     687
     519
     629
     607
     567
     774
     692
     607
     599
     969
     865
     796
     699
     833
     866
     953
     971
    1106
     814
     883
     903
     874
    1204
    1190
     995
     878
    1015
    1029
    1097
    1186
    1133
    1483
    1302
    1242
    1402
    1146
    1194
    1416
    1228
    1249
    1449
    1474
    1839
    1678
    1612
    1608
    1486
    2312
    1797
    2045
    1706
    1701
    1857
    1855
    2047
    2022
    2015
    2019
    2164
    2148
    2061
    2045
    2262
    2086
    2083
    2237
    2299
    2430
    2470
    2123
    2418
    2255
    2431
    2735
    2581
    3059
    2746
    2864
    2664
    3061
    2846
    2931
    3021
    3221
    2946
    3067
    3397
    3087
    3312
    3395
    3547
    3496
    3782
    3276
    3322
    3255
    3905
    3184
    3842
    4127
    3864
    3984
    4280
    4622
    4186
    4109
    4440
    4291
    4255
    4407
    4268
    4359
    4546
    4165
    5294
    4677
    5105
    4632
    4956
    4973
    4758
    5215
    5397
    5151
    5907
    5234
    5411
    4921
    5724
    5356
    5715
    6122
    5563
    6048
    6336
    5838
    5901
    5766
    5975
    6964
    7145
    6877
    6562
    6653
    6304
    7258
    7362
    7552
    6835
    7111
    6895
    7845
    7213
    7153
    7576
    8155
    8243
    7592
    7960
    8410
    8282
    8147
    8320
    8154
    8338
    8505
    9443
    8516
    8548
    8573
    9373
   10100
    8945
    9584
    9188
    9335
    9902
    9064
   10491
    9805
   10811
   10089
   10591
   10370
   10683
   10421
   10621
   11308
   10503
   11468
   10870
   11883
   11847
   11875
   11438
   11926
   11886
   12781
   11877
   12218
   12192
   12864
   12979
   12230
   13388
   12192
   13505
   13366
   14116
   13589
   13504
   13416
   13317
   14129
   13405
   14132
   15264
   14361
   14580
   14592
   14692
   15212
   15855
   15083
   15809
   16059
   16129
   15583
   16316
   17151
   16994
   17044
   16433
   17299
   17528
   16046
   17644
   17589
   17940
   17486
   17524
   17663
   18189
   19593
   18442
   18846
   19579
   19445
   19231
   19049
   20405
   20238
   20797
   20647
   19769
   21020
   20813
   21115
   21893
   21635
   21008
   21701
   21729
   22845
   22683
   22932
   22575
   23065
   23521
   23220
   23642
   23955
   23737
   22994
   23814
   24879
   24095
   26006
   25382
   25578
   26481
   25945
   25752
   26104
   26830
   27187
   27291
   27437
   26969
   27268
   29021
   28516
   28806
   28766
   29112
   29602
   28122
   29381
   30283
   29021
   29896
   30591
   30722
   31373
   29894
   31631
   31137
   32475
   32541
   33032
   33073
   32270
   32697
16810800
   33291
   34447
   34052
   35012
   34182
   34534
   35798
   36248
   36887
   37266
   34983
   35819
   36046
   36211
   37374
   36649
   37997
   38057
   38851
   40247
   38128
   39862
   39726
   38902
   38361
   41874
   39577
   41935
   40497
   41551
   41096
   41020
   42399
   43587
   43554
   43905
   44586
   43057
   46903
   46022
   45890
   44603
   46299
   45174
   48481
   46767
   48669
   48722
   48489
   47872
   49338
   48519
   49511
   49490
   50150
   51179
   50542
   51046
   50370
   52825
   52359
   54485
   53172
   53677
   54172
   54324
   54643
   55935
   55894
   56505
   56486
   56870
   57867
   59006
   58371
   59754
   61412
   59618
   60139
   59069
   60454
   61436
   60476
   61729
   62626
   62841
   63835
   62166
   63938
   66467
   64989
   64471
   67175
   66690
   67544
   66647
   69380
   66691
   67395
   69625
   69231
   72685
   70322
   70035
   71112
   72402
   70963
   72436
   74326
   72768
   72970
   73234
   74891
   76139
   75965
   76147
   78660
   76576
   76941
   78584
   80922
   78974
   78122
   80313
   80264
   81561
   84009
   80344
   82557
   84734
   85493
   83659
   85459
   87938
   87313
   86745
   87776
   87994
   88911
   89469
   89376
   89146
   90556
   90286
   92023
   94080
   93693
   90726
   92912
   94897
   95076
   97524
   96839
   97441
   96370
   97623
   97101
   99819
   98550
  100961
   99496
  100490
  100486
  101138
  101931
  106596
  103138
  103860
  103973
  106189
  104284
  105639
  107621
  106885
  110735
  109434
  110995
  108075
  112375
  112227
  111378
  112656
  112359
  114721
  114174
  117194
  118164
  116004
  119803
  120301
  120665
  120188
  121430
  121257
  120822
  121655
  123930
  124118
  126259
  125070
  126207
  125515
  126427
  125064
  127999
  128988
  132199
  128621
  131378
  132734
  131532
  135374
  133356
  130093
  135419
  137458
  136656
  138207
  137996
  137927
  140343
  140586
  140771
  141467
  143256
  144353
  142364
  146049
  149847
  148970
  147770
  149428
  150784
  149921
  152345
  154093
  151332
  154440
  150105
  153672
  154368
  156611
  154776
  159153
  156602
  156642
  161032
  162292
  160903
  158834
  163305
  166283
  163539
  162275
  168498
  167364
  166482
  169331
  170645
  168200
  174985
  171603
  174454
  174352
  176048
  179415
  183225
  179877
  178779
  177620
  179562
  180550
  184128
  183943
  184747
  187395
  186383
  185548
  189378
  187159
  187467
  190530
  190538
  188702
  190107
  197038
  194729
  194854
  189087
  197570
  199864
  199666
  197703
  200778
  202280
  204340
  206384
  207219
  206131
  205959
  205858
  207441
  208323
  207338
  213228
  209111
  213282
  214108
  214908
  216339
  216490
  215186
  216359
  220596
  219942
  218501
  221174
  226254
  226345
  224751
  224066
  229077
  228852
  227118
  232976
  234415
  234695
  231141
  233976
  236766
  234398
  235771
  236623
  237805
  239433
  242529
  245143
  247256
  244462
  246990
  248722
  247213
  247704
  253247
  249223
  250819
  250153
  251518
  253958
  255702
  254589
  256163
  262084
  262520
  262947
  263399
  261869
  264617
  265915
  266325
  268000
  270519
  268073
  269938
  273982
  272732
  273996
  279065
  279594
  280990
  278841
  278068
  284471
  281940
  284429
  284151
  282410
  288550
  285133
  286763
  287284
  290964
  293982
  294271
  298794
  296677
  298031
  300479
  300361
17073101
  303073
  293790
  305842
  306551
  309969
  309962
  310827
  314112
  307604
  312011
  313319
  313766
  313597
  317450
  319225
  318727
  324510
  322296
  322038
  321771
  324859
  324673
  332551
  330675
  328525
  331464
  327381
  336748
  335776
  338193
  335778
  337143
  341333
  342212
  346969
  341615
  348431
  343322
  345238
  347457
  348028
  351942
  352812
  351732
  351543
  353265
  356936
  358193
  359805
  362571
  359308
  365443
  363215
  369677
  367251
17145433
  371050
  372503
  371507
  371911
  374565
  378960
  379983
  378730
  379204
  383774
  382919
  381920
  382463
  381304
  384849
  392405
  389716
  390662
  391573
  394914
  394547
  394360
  397018
  403438
  400813
  399873
  404527
  405358
  402426
  404225
  406696
  406757
  406553
  412805
  416482
  413830
  415355
  416457
  418166
  419780
  417696
  422614
  420851
  425093
  423466
  426086
  427503
  433149
  430326
  429029
  434541
  434643
  432055
  437655
  433955
  441241
  440676
  442260
  441208
  444745
  445036
  444850
  449528
  449974
  449226
  447924
  451821
  452432
  453590
  460675
  459673
  459260
  461895
  459740
  464101
  460998
  469210
  466043
  464460
  465567
  465736
  470701
  476595
  474014
  479145
  477649
  479784
  483021
  477374
  482168
  482654
  489995
  488190
  489409
  488884
  491527
  488287
  492026
  492387
  497838
  497944
  500573
  495406
  496547
  497847
  503815
  506760
  507600
  507621
  510784
  511289
  505646
  508678
  514944
  513227
  515016
  516718
  519287
  518497
  519124
  519528
  522127
  527059
  528854
  528962
  527520
  533851
  532376
  532588
  534269
  539051
  529752
  538832
  533240
  541604
  542442
  541683
  542792
  544652
  545223
  551750
  548052
  552761
  553142
  555702
  549348
  555699
  557413
  557265
  562155
  561241
  558476
  561154
  559349
  561567
  562542
  564515
  571403
  573534
  570049
  573671
  572395
  572551
  579338
  577382
  577641
  582198
  582958
  582005
  580050
  581920
  585678
  579366
  586566
  587136
  589622
  592712
  594361
  592601
  594039
  593113
  602953
  599072
  599558
  601153
  604707
  598805
  602569
  601086
  614030
  607608
  614173
  610902
  614688
  616706
  615994
  613745
  617599
  616165
  615039
  617831
  616385
  629615
  617883
  620411
17402867
  631840
  628075
  627871
  625095
  633740
  637640
  635667
  634616
  632205
  634392
  638207
  633409
  647403
  642018
  642312
  648247
  636718
  646238
  645505
  647159
  650343
  646809
  649824
  653284
  653664
  655493
  658893
  664337
  653782
  655411
  662136
  662620
  661582
  664801
  667553
  667491
17445714
  665041
  667748
  664228
  671613
  669083
  669085
  676270
  676780
  679097
  673450
  681942
  680921
  680313
  678503
  681488
  679243
  684044
  685489
  689536
  683494
  681861
  687164
  689981
  689898
  692727
  695723
  692555
  695642
  698287
  697917
  708266
  702388
  704993
  703321
  699498
  704501
  700369
  702865
  709133
17487377
  708661
  707859
  704775
  707008
  709768
  708801
  709872
  712004
  717638
  718336
  715608
  716583
  712659
  718191
  717742
  724264
  722586
  725028
  725034
  720359
  729991
  724704
  724857
  729793
  719643
  733119
  725253
  739223
  731502
  734713
  736930
  732236
  732473
  737785
  734401
  746851
  739890
  737949
  742775
  737692
  739475
  740051
  748608
  738966
  748289
  743064
  742493
  752777
  753511
  742835
  747557
  756456
  755660
  748343
  755422
  748029
  761674
  756791
  753573
  754635
  754706
  756780
  753757
  762912
  754946
  760869
  762738
  757683
  754400
  766659
  761295
  765427
  763098
  764761
  766607
  766206
  766312
  762935
  766235
  768212
  772671
  767124
  773732
  775573
  777947
  766360
  771690
  778345
  775098
  778333
  778700
  773671
  777112
  778078
  776213
  781632
  783775
  786829
  775407
  780487
  783432
  779031
  774743
  784704
  778714
  778515
  778749
  786324
  788858
  786883
  788889
  783274
  788304
  791353
  788982
  791121
  795168
  795435
  783983
  790280
  789471
  789804
  789967
  788469
  791931
  789048
  788670
  790774
  791903
  790282
  790235
  790463
  793885
  795917
  800799
  793652
  790747
  801123
  793587
  800175
  795847
  800307
  803002
  800744
  801803
  794759
  795504
  792267
  803729
  798450
  801053
  801462
  800311
  803504
  798641
  802599
  794583
  807254
  800682
  800564
  798917
  805967
  806491
  806373
  811420
  805570
  805877
  803067
  810982
  804944
  807426
  806161
  804164
  808645
  802728
  800594
  806750
  806455
  809659
  805471
  808952
  804602
  806319
  806578
  810331
  809623
  805123
  801152
  812470
  809038
  806916
  808374
  813529
  803381
  803743
  803520
  810135
  806222
  809451
  795815
  800537
  810200
  807183
  808672
  809755
  808043
  801538
  811273
  806464
  806652
  808080
  805899
  808833
  816732
  808501
  803905
  810567
  808130
  805811
  803345
  808555
  804866
  799161
  805602
  804713
  812840
  812116
  808526
  807877
  803610
  808565
  806605
  805550
  804237
  807717
  805895
  810366
  806181
  805679
  807556
  807814
  805486
  807925
  807658
  804579
  802532
  806555
  800653
17579867
  802497
  801328
  794234
  801015
  799837
  808872
  811538
  801679
  799273
  800149
  798506
  802337
  808196
  797976
  800754
  799963
  796390
  795478
  798758
  797977
  799785
  801449
17574152
  797730
  796250
  795485
  798002
  791334
  800766
  801521
  793083
  797029
  792543
  796861
  796603
  792255
  792598
  795397
  796297
  791769
  783194
  793627
  789375
  784434
  789498
  792874
  784353
  786933
  791552
  791564
  784198
  786917
  784373
  785618
  781591
  784711
  777026
  791850
  786215
  784001
  778196
  785383
  780625
  779724
  779575
17549215
  774653
  774432
  783555
  774933
  776030
  778971
  772206
  773435
  774071
  775764
  767828
  772101
  766495
  767415
  767826
  770970
  764870
  769594
  765197
  767925
  762995
  767173
  769096
  765795
  762866
  760378
  760152
  755969
  759850
  754192
  752544
  760588
  759916
  761794
  767253
  755404
  752545
  751248
  751983
  751428
  747820
  747041
  747579
  745131
  745839
  748757
  754591
  747345
  748161
  751853
  741607
  740243
  750409
  742314
  736321
  742943
  736112
  734683
  736111
  735780
  733912
  737579
  737304
  734001
  731513
  735151
  729689
  725658
  731403
  735635
  731499
  726943
  733485
  720150
  725381
  724770
  723777
  727804
  718017
  726004
  723775
  715729
  725365
  722433
  717590
  724033
  719469
  717168
  716775
  714983
  717373
  711042
  708761
  710026
  709566
17488943
  704071
  704428
  709175
  708019
  707326
  703825
  698478
  701114
  700330
  703172
  699061
  701029
  694018
  696504
  702930
  696187
  695054
  695274
  687781
  689909
  686942
  689738
  690670
  688571
  689349
  688660
  685805
  685773
  686050
  682505
  672790
  683308
  678974
  678505
  678663
  673976
  674315
  675665
  676620
  672207
  668209
  670658
  666171
  665022
  668352
  671527
  663780
  664608
  663653
  663253
  661601
  661712
  658350
  659360
  656937
  657339
  659508
  653674
  650702
  647934
  654364
  647313
  644639
  648332
  645580
  643525
  645882
  638755
  643031
  642712
  639369
  642494
  639211
  636475
  635618
  638242
  634283
  633776
  628950
  633610
  629368
  627389
  625488
  626470
17401857
  622318
  624382
  624299
  621540
  622330
  617103
  616489
  613720
  614139
  616666
  612557
  614440
  604365
  608244
  609109
  608511
  606476
  610176
  611855
  600021
  604896
  604908
  605390
  603840
  595306
  602182
  597609
  591229
  594567
  591834
  590244
  585829
  590713
  585034
  586425
  586104
  583808
  586067
  580019
  580056
  578957
  574322
  578497
  574919
  575675
  565195
  576547
  566191
  569723
  567201
  570061
  573632
  567083
17348296
  564535
  567486
  560369
  564548
  562157
  562657
  555794
  557587
  553781
  554805
  554850
  555322
  547060
  547334
  545566
  546398
  544714
  547078
  541229
  543822
  539617
  543703
  539080
  534814
  537267
  532372
  535466
  538079
  532291
  529719
  531354
  525610
  527089
  524769
  517782
  521194
  527313
  524797
  520844
  521644
  517854
  518292
  513589
  513925
  514582
  508955
  512756
  504652
  508123
  509684
  507609
  508334
  504738
  508405
  503380
  497856
  500706
  499063
  499195
  498184
  491879
  496819
  491491
  486402
  492178
  488233
  487881
  488145
  486486
  481861
  484899
  483928
  478452
  485509
  476243
  477423
  478764
  474059
  473776
  473194
  472598
  470362
  473046
  465900
  465214
  465015
  465103
  466221
  459279
  463200
  460765
  456619
  459011
  456398
  453385
  449265
  451719
  449720
  451940
  448170
17221555
  439136
  446608
  440394
  443187
  438667
  443220
  432302
  437292
  435635
  438187
  433068
  433054
  433633
  432738
  432677
  426873
  427666
  422446
  426916
  425003
  421123
  421545
  421263
  414330
  418065
  421159
  412521
  415911
  419084
  410522
  412072
  407997
  406885
  409861
  407132
  399767
  401577
  402971
  400014
  406378
  397860
  398779
  400518
  400964
  395559
  395583
  391861
  394363
  394851
  387728
  387798
  387381
  386012
  386843
  386339
  381871
  376355
  382941
  377734
  380454
  371818
  373639
  375445
  373725
  372852
  371461
  372084
  371408
  367327
  368154
  365486
  364626
  358806
  363933
  359843
  364544
  360588
  359583
  355727
  359522
  353649
  352503
  354410
  349444
  348632
  346303
  348116
  345242
  348008
  342929
  340939
  341690
  342719
  340844
  333984
  337350
  336063
  336309
  336155
  332400
  329269
  328562
  331955
  326825
  329225
  328121
  329099
  325346
  325196
  325475
  325042
  323931
  321290
  318817
  316764
  318716
  318914
  313261
17092394
  313062
  308550
  310446
  310718
  308092
17089051
  306044
  307261
  305497
  302505
  301278
  301074
  300799
  297693
  297432
  294374
  297688
  293940
  293355
  294929
17067427
  289980
  290053
  290118
  290661
  285928
  284609
  283989
  282820
  284417
  280010
  278391
  281757
  279952
  277516
  274663
  277364
  276118
  277839
  275753
  272177
  277112
  270156
  267973
  268536
  268013
  267849
  265149
  262809
  270953
  262832
  263448
  261525
  260870
  263372
  260962
  256612
  255510
  257746
  255971
  254744
  252046
  253420
  252807
  249196
  249489
  248529
  250657
  250007
  241589
  246370
  241942
  245369
  239664
  243210
  242781
  240626
  241962
  239700
  236588
  232599
  235966
  234306
  231122
  232474
  230243
  230675
  229481
  225576
  225678
  226357
  226350
  225393
  221944
  223313
  223049
  220133
  224144
  218558
  221102
  220893
  217083
  218582
  217150
  215332
  214396
  213409
  214447
  212994
  209198
  211661
  207242
  209426
  210231
  207908
  205706
  203025
  205847
  204697
  205395
  202347
  200914
  201775
  200960
  202554
  197500
  197066
  194400
  194991
  194259
  194699
  192227
  188987
  187599
  189482
  190059
  186799
  189380
  191936
  188342
  188523
  187083
  183345
  185585
  184447
  186823
  184239
  184897
  183345
  179724
  180726
  177814
  178001
  178122
  176368
  177066
  176292
  171708
  174023
  173450
16948240
  168907
  169796
  168676
  167720
  168632
  166858
  164697
  166753
  166594
  166317
  165190
  163313
  163202
  159123
  160019
  163351
  158413
  158201
  159384
  158678
  156445
  157284
  153903
  153383
  151857
  154517
  152131
  152189
  152074
  150196
  150492
  150395
  148914
  149243
  150953
  149929
  146104
  147865
  148145
  147366
  144285
  146469
  144969
  143344
  143195
  142989
  138908
  141405
  140734
  138075
  139975
  138321
  136635
  136213
  136917
  134006
16914414
  133211
  134557
  131479
  129419
  130475
  130457
  131635
  130758
  130084
  128037
  128281
  128789
  127310
  128288
  124316
  125073
  125411
  125654
  122693
  124927
  124339
  123031
  118968
  121884
  120450
  117183
  118105
  115960
  117714
  118649
  117638
  116853
  118510
  115877
  116657
  113230
  114746
16890710
  115587
  109940
  113984
  110927
  111420
  110857
  110481
  107103
  108526
  108706
  107894
  105702
  108406
  107234
  105151
16882023
  102210
  103831
  104469
  102663
  103587
  103634
  100887
  101142
   99530
   98954
  100084
  100708
   99011
   95723
   96677
   97718
   96929
   97287
   94591
   94680
   95389
   95091
   94909
   93321
   93302
   91016
   92903
   93443
   91529
   89837
   89538
   90544
   89658
   89435
   89301
   87628
   88998
   87267
   86064
   86851
   87685
   85586
   86070
   82843
   85827
   83230
   82200
   83527
   82227
   82852
   81069
   80308
   79790
   79694
   80110
   78397
   78850
   79110
   79011
   78154
   75607
   75740
   76102
   76141
   74624
   76753
   74074
   74883
   74478
   75911
   73467
   72706
   72912
   70335
   72532
   72581
   69985
   70352
   70703
   69337
   70324
   70051
   69638
   69352
   68046
   66740
   66638
   66993
   68163
   66887
   67382
   65243
   66807
   66054
   64690
16841943
   64847
   64084
   63595
   62527
   62497
   62979
   63901
   61019
   62484
   60618
   59689
   60973
   60653
   61003
   58740
   58257
   58643
   59433
   59298
   58117
   58015
   58040
   56200
   56691
   58120
   54956
   55319
   54844
   55737
   55941
   54917
   54755
   54408
   53908
   54181
   52502
   52976
   52784
   52226
   53869
   50971
   51511
   49883
   49742
   49876
   50677
   49147
   49574
   50633
   49850
   48955
   48268
   49101
   48475
   46514
   48561
   47355
   47360
   46547
   47242
   45637
   46794
   45905
   45429
   44693
   43827
   44891
   44700
   45712
   43892
   43900
   44204
   44279
   41569
   42572
   42198
   44308
   42665
   41704
   42106
   41505
   42575
   41001
   40957
   42353
   41101
   38855
   39203
   38243
   40205
   40757
   37747
   39418
   38345
   38969
   37329
   38359
   36457
   35669
   36267
   35731
   36660
   36031
   35436
   35946
   34485
   34535
   35577
   34807
   34823
   34304
   33692
   35459
   34162
   33165
   33025
   33175
16812131
   33920
   33210
   32662
   32332
   33475
   32661
   32378
   32433
   31434
   31647
   30893
   30665
   32135
   31038
   30981
   30918
   30315
   31267
   30532
   28933
   30319
   28394
   28825
   30028
   29079
   29494
   29467
   29634
   28229
   28770
   26648
   27846
   27939
   27575
   26719
   28281
   27906
   26741
   26896
   25588
   26752
   25571
   24734
   24642
   25147
   25324
   24787
   24914
   25540
   24200
   24750
   24761
16801882
   24575
   23945
   24476
   23130
   22849
   23164
16800802
   22888
   22779
   23391
   22783
   21520
   22416
   21335
   21852
   22297
   21666
   21731
   20800
   21694
   22184
   20768
   21182
   20910
   20255
   19998
   21001
   20816
   20719
   20126
   19644
   20631
   19486
   18959
   18775
   19269
   19592
   19137
   19011
   19207
   18306
   18876
   17964
   18275
   19299
   18684
   18325
   17931
   16680
   18075
   17596
   17710
   17405
   17366
   16926
   16672
   17362
   16806
   16927
   17349
   16509
   16716
   16764
   16194
   16463
   14504
   16053
   16153
   15270
   14929
   15707
   15543
   14922
   15430
   15435
   15346
   15100
   14600
   14711
16792684
   14705
   13711
   14473
   14646
   13846
   14174
   14463
   13737
   13522
   13370
   13091
16790551
   13906
   12607
   13670
   12899
   12582
   12331
   12966
   12455
   12978
   13268
   12382
   12079
   11791
   12680
   12050
   12057
   12093
   12967
   10872
   12051
   12035
   11773
   11681
   11417
   11539
   11601
   11046
   10841
   11316
   10303
   10636
   10526
   10408
16787652
   10418
   10471
   11396
    9919
   10410
   10403
   10733
    9540
   10096
    9795
    9089
   10638
   10405
    9855
   10327
    9423
    9376
    8831
    9310
    8715
    9470
    9244
    9547
    8527
    9129
    8852
    8725
    8663
    8776
    8619
    8136
    7992
    8648
    8982
    8377
    8789
    8439
    8296
    8496
    8246
    8014
    7366
    7903
    8161
    8199
    7540
    7760
    7567
    7599
    7546
    7208
    7772
    7302
    7754
    7133
    7298
    7778
    7684
    6734
    7107
    6317
    6969
    7046
    6604
    6677
    7101
    6385
    7209
    6947
    6598
    6764
    6693
    6385
    5780
    6391
    5902
    6101
    6464
    6468
16783686
    6249
    6297
    5944
    4998
    5939
    5845
    5292
    5326
    5824
    5874
    5353
16782835
    5727
    5478
    6134
    5890
    5193
    5428
    5115
    5453
    5284
    5272
    5018
    5131
    4962
    5149
    5149
    5167
    5253
    4775
    5037
    4534
    4702
    5331
    5151
    4685
    4584
    4778
    4490
    4396
    3923
    4714
16781841
    4325
    4408
    4119
    4008
    4175
    4147
    3684
    4056
    4447
    3877
    3696
    3813
    4142
    3491
    4052
    4259
    4066
    3905
    4155
    3405
    3828
    3132
    3694
    3422
    4064
    3741
    3736
    3872
    3319
    3326
    3364
    3890
    3592
    3371
    3428
    2880
    3378
    3509
    3199
    2940
    3340
    3541
    3128
    3247
    3126
    3010
    3190
    2672
    3287
    2783
    2642
    2866
    2759
    3233
    3231
    3019
    3049
    2670
    3304
    2942
    2787
    2958
    2517
    2362
    2518
    2863
    2413
    2963
    2454
    2561
    3061
    2625
    2285
    2409
    2251
    2180
    2562
    2392
    2249
    2374
    2239
    2492
    2103
    2611
    2373
    2054
    2314
    2228
    2453
    1943
    2038
    2575
    2169
    2375
    2161
    2299
    2116
    2276
    1675
    2377
    1843
    1931
    1923
    2059
    2061
    1758
    2049
    1898
    2132
    2074
    1894
    2097
    1914
    1360
    2000
    1957
    1934
    1578
    1583
    2092
    1700
    1638
    1645
    1404
    1698
    1571
    1250
    1455
    1234
    1590
    1334
    1397
    1756
    1537
    1507
    1238
    1479
    1535
    1671
    1464
16778448
    1348
    1242
    1378
    1388
    1339
    1594
    1341
    1317
    1167
    1212
    1002
    1548
    1329
    1118
    1319
    1430
    1242
    1248
    1164
16778273
    1268
    1292
    1149
    1256
    1206
16778114
    1240
     964
    1123
    1122
    1093
    1153
    1096
     913
    1020
    1087
     937
     824
     901
    1154
    1042
     817
    1045
     915
    1034
     782
    1095
     922
     851
     990
     913
    1029
     923
     756
    1018
     802
     976
     838
     711
     891
     811
     791
     657
     944
16778227
     775
     997
     611
    1045
     763
     905
     846
     735
     661
     720
     797
     687
     756
     958
     953
     508
     745
     844
     978
     656
     833
     707
     964
     598
16777983
     629
     814
     673
     617
     582
     751
     652
     700
     808
     597
     627
     677
     495
     679
     563
     656
     626
     568
     546
     582
     529
     843
     597
     547
     532
     590
     634
     698
     360
     591
     577
     428
     542
     410
     454
     405
     431
     550
     361
     440
     445
     534
     455
     401
     395
     463
     466
     366
     481
33554933
     461
     684
     570
     242
     333
     504
     532
     351
16777526
     322
     322
     319
     332
     308
     302
     567
16777612
     353
     324
     413
     240
     364
     345
     231
     246
     393
     317
     334
     218
     439
     333
     326
     317
     272
     233
     274
     211
     282
     264
     307
     343
     160
     289
     290
     162
