1.06148
1.02804
1.02176
0.986222
0.99414
0.959574
0.943269
0.939066
0.931491
0.956314
0.910587
0.930429
0.919612
0.926986
0.905407
0.888859
0.895371
0.911362
0.89725
0.891042
0.889385
0.897359
0.888955
0.883875
0.891333
0.885474
0.8796
0.877442
0.878554
0.887831
0.870779
0.870154
0.883728
0.877722
0.88999
0.869456
0.874585
0.888315
0.894583
0.889199
0.892833
0.887571
0.886368
0.874451
0.87707
0.879487
0.879358
0.869761
0.885489
0.846027
0.87072
0.885992
0.887016
0.884227
0.908739
0.857877
0.89849
0.886037
0.882027
0.894567
0.888253
0.889184
0.891701
0.872712
0.899452
0.907304
0.886193
0.903461
0.882057
0.896216
0.92716
0.891959
0.894045
0.891349
0.881676
0.901219
0.889111
0.908891
0.901302
0.917722
0.907246
0.888998
0.902285
0.898022
0.90058
0.913279
0.905978
0.905262
0.911675
0.90664
0.90527
0.910773
0.904695
0.922313
0.916476
0.892077
0.901142
0.906799
0.892711
0.909172
