20.5335
20.1615
20.1099
20.2535
20.2901
20.0728
19.8712
19.6733
19.522
19.4321
19.2892
19.1893
19.1258
19.1223
19.1774
19.2518
19.2879
19.3239
19.3042
19.258
19.1934
19.1531
19.1346
19.1037
19.1096
19.1277
19.1135
19.0825
19.0561
19.056
19.0418
19.0568
19.0636
19.0632
19.0617
19.0665
19.0604
19.0594
19.0584
19.0554
19.037
19.0483
19.0551
19.0463
19.0371
19.0329
19.0287
19.0393
19.0477
19.0431
19.0416
19.0279
19.0385
19.0339
19.0483
19.0362
19.0484
19.036
19.0317
19.0411
19.0313
19.0328
19.032
19.032
19.0453
19.0267
19.0353
19.0251
19.0294
19.0344
19.0227
19.0441
19.0366
19.0352
19.0384
19.0229
19.0258
19.0306
19.0268
19.0334
19.0277
19.0396
19.0431
19.0265
19.0224
19.0347
19.021
19.0334
19.03
19.0199
19.0164
19.0313
19.028
19.0303
19.0304
19.0356
19.0324
19.0348
19.045
19.0281
19.0378
19.0258
19.0305
19.0256
19.0211
19.025
19.0248
19.0176
19.0186
19.0429
19.0286
19.036
19.0286
19.0303
19.0211
19.0246
19.0307
19.0232
19.03
19.0244
19.0314
19.0227
19.0221
19.0128
19.0375
19.0229
19.0335
19.0231
19.0301
19.0212
19.0249
19.0342
19.0278
19.0251
19.032
19.036
19.0287
19.0218
19.0311
19.0146
19.0245
19.0232
19.0333
19.0487
19.0272
19.0304
19.0165
19.0265
19.0222
19.0342
19.0337
19.0283
19.0127
19.036
19.035
19.0432
19.0291
19.0287
19.0191
19.0375
19.0248
19.0215
19.0246
19.0255
19.0252
19.0337
19.0166
19.0363
19.0194
19.0284
19.0207
19.0218
19.0222
19.0277
19.0255
19.0197
19.0211
19.0309
19.019
19.0199
19.0267
19.0229
19.029
19.0252
19.0307
19.0324
19.0325
19.0389
19.0168
19.0305
19.019
19.0349
19.026
19.0293
19.0315
19.0319
19.0306
19.0235
19.0252
19.0253
19.0106
19.023
19.0256
19.0173
19.0202
19.0241
19.0234
19.0278
19.0082
19.0323
19.0225
19.0196
19.0303
19.0282
19.0111
19.0277
19.0363
19.0362
19.0198
19.0257
19.0165
19.0299
19.0352
19.0238
19.0314
19.021
19.032
19.0248
19.0289
19.0175
19.0213
19.0114
19.0342
19.0188
19.023
19.0176
19.025
19.0277
19.0184
19.0321
19.0252
19.0185
19.0176
19.0241
19.0261
19.0242
19.0153
19.0415
19.0318
19.0377
19.027
19.0223
19.0321
19.0252
19.0258
19.0319
19.0269
19.0179
19.0264
19.0332
19.0332
19.0295
19.0252
19.0259
19.0252
19.0234
19.0131
19.0178
19.0169
19.0373
19.0246
19.0198
19.0217
19.02
19.016
19.0085
19.0207
19.0254
19.0156
19.0134
19.0243
19.0243
19.0284
19.037
19.0286
19.0236
19.021
19.0376
19.0368
19.0357
19.0112
19.0268
19.0273
19.0202
19.0254
19.0321
19.0305
19.0207
19.0261
19.0273
19.0198
19.0416
19.0314
19.0262
19.0309
19.0353
19.0354
19.0264
19.0213
19.0291
19.0206
19.0228
19.0265
19.0352
19.0295
19.0167
19.0211
19.0272
19.0235
19.0272
19.0199
19.0278
19.0265
19.0254
19.0425
19.0287
19.0296
19.024
19.0173
19.0223
19.0356
19.0122
19.0308
19.0245
19.0222
19.0293
19.0189
19.0347
19.0188
19.0264
19.0223
19.028
19.0204
19.0165
19.0166
19.0133
19.0284
19.0273
19.0336
19.0277
19.0198
19.0193
19.0071
19.0117
19.0238
19.0253
19.0142
19.0399
19.0211
19.0271
19.0207
19.0287
19.018
19.0336
19.0333
19.0351
19.0353
19.0216
19.0228
19.0226
19.021
19.036
19.03
19.0408
19.029
19.0088
19.023
19.0323
19.0169
19.0237
19.0184
19.0254
19.021
19.019
19.0267
19.0227
19.0169
19.0259
19.027
19.0279
19.0179
19.0221
19.0236
19.0238
19.0158
19.0216
19.0259
19.0246
19.0237
19.0389
19.026
19.0184
19.0208
19.0216
19.023
19.029
19.0234
19.0262
19.0249
19.0165
19.0223
19.0319
19.0196
19.0244
19.0283
19.0299
19.0251
19.0214
19.0275
19.0211
19.024
19.0279
19.0266
19.0224
19.0159
19.0277
19.0285
19.015
19.0233
19.0281
19.0285
19.0151
19.0269
19.0193
19.0329
19.0291
19.0237
19.0308
19.0245
19.0219
19.0211
19.0382
19.0322
19.0158
19.0221
19.0151
19.0212
19.0251
19.0107
19.0193
19.0286
19.0261
19.0177
19.01
19.0251
19.0256
19.0281
19.0131
19.0242
19.042
19.0246
19.0281
19.0195
19.0283
19.0194
19.0196
19.0352
19.0225
19.0279
19.02
19.0364
19.0328
19.0295
19.0374
19.0334
19.0149
19.0245
19.0116
19.0252
19.0185
19.0235
19.0443
19.0216
19.0174
19.029
19.032
19.0229
19.032
19.0276
19.0263
19.0226
19.0286
19.0237
19.0232
19.0356
19.019
19.0343
19.0282
19.0267
19.0242
19.0306
19.0256
19.041
19.0206
19.0257
19.0153
19.0293
19.0239
19.0294
19.0285
19.0354
19.024
19.0225
19.0235
19.0318
19.0335
19.0321
19.024
19.0192
19.0282
19.0324
19.03
19.0363
19.0419
19.0349
19.021
19.0229
19.0278
19.0325
19.026
19.0301
19.0191
19.0284
19.0251
19.0211
19.0319
19.0328
19.0316
19.0282
19.0303
19.0289
19.0268
19.0285
19.024
19.0301
19.0295
19.02
19.0214
19.0222
19.0232
19.0249
19.0134
19.0305
19.0245
19.0222
19.0351
19.0365
19.0276
19.0366
19.0341
19.0243
19.0198
19.0267
19.0129
19.014
19.0264
19.0253
19.0257
19.0227
19.029
19.0299
19.0225
19.0321
19.0363
19.0289
19.0243
19.0288
19.0321
19.0154
19.0209
19.0288
19.0283
19.0307
19.0303
19.0257
19.0141
19.0164
19.0337
19.0229
19.0254
19.0328
19.0261
19.0184
19.0298
19.0183
19.0335
19.0271
19.0201
19.0365
19.03
19.0363
19.0274
19.0224
19.0357
19.0234
19.0222
19.0315
19.0411
19.017
19.0365
19.023
19.0311
19.023
19.035
19.0265
19.0325
19.0285
19.0217
19.0183
19.0357
19.0478
19.0192
19.0229
19.0211
19.0191
19.0259
19.0214
19.0309
19.0209
19.0235
19.0272
19.0315
19.0161
19.0276
19.0373
19.0191
19.0274
19.0244
19.0349
19.0154
19.0175
19.0205
19.0169
19.0165
19.0403
19.03
19.0287
19.017
19.03
19.027
19.023
19.0241
19.0265
19.0313
19.0259
19.0262
19.0322
19.0231
19.0268
19.0337
19.0267
19.0321
19.0171
19.0394
19.0262
19.0259
19.0231
19.0312
19.0331
19.0273
19.0143
19.025
19.0254
19.0074
19.0338
19.0273
19.0173
19.0307
19.0284
19.0308
19.0284
19.0132
19.0325
19.0254
19.0296
19.0243
19.0403
19.0227
19.0349
19.0349
19.0243
19.0159
19.0348
19.0374
19.0283
19.0202
19.034
19.0247
19.0238
19.0324
19.0309
19.0445
19.0349
19.0371
19.027
19.0279
19.0291
19.0343
19.0336
19.023
19.0293
19.0133
19.0359
19.0222
19.0329
19.0342
19.0297
19.0253
19.0216
19.0397
19.0293
19.0245
19.0326
19.0281
19.0327
19.0445
19.0365
19.0246
19.0222
19.0371
19.035
19.0359
19.0385
19.0231
19.0286
19.0308
19.0297
19.0267
19.0303
19.0314
19.0374
19.0236
19.0336
19.0331
19.0292
19.0334
19.0152
19.0326
19.0392
19.0374
19.0287
19.0145
19.0356
19.0333
19.0317
19.0247
19.022
19.026
19.0272
19.0309
19.0263
19.0253
19.0244
19.0331
19.0399
19.0222
19.0372
19.0243
19.027
19.0261
19.0374
19.035
19.0513
19.0223
19.0321
19.0516
19.045
19.0213
19.0336
19.035
19.0255
19.0323
19.0369
19.0135
19.0266
19.0151
19.0234
19.023
19.0301
19.0228
19.0242
19.0254
19.0322
19.0288
19.0194
19.0302
19.0239
19.0363
19.0334
19.0219
19.0285
19.0288
19.0255
19.0241
19.0351
19.0198
19.0284
19.0273
19.026
19.023
19.0233
19.037
19.03
19.0318
19.0343
19.0345
19.0347
19.0292
19.043
19.0294
19.0211
19.0297
19.0252
19.0488
19.0313
19.0293
19.0288
19.0321
19.0258
19.0184
19.0267
19.0305
19.0334
19.0282
19.0339
19.0201
19.0241
19.0243
19.0299
19.0308
19.0167
19.0297
19.016
19.0351
19.0216
19.0235
19.0267
19.0245
19.035
19.0288
19.0212
19.0295
19.0287
19.0275
19.0522
19.0304
19.0255
19.0335
19.033
19.026
19.0153
19.0321
19.0306
19.0191
19.0249
19.0228
19.0273
19.0363
19.0244
19.0346
19.0341
19.0374
19.0293
19.03
19.019
19.0275
19.0219
19.022
19.0261
19.0299
19.0283
19.0332
19.0195
19.0206
19.0171
19.0203
19.0382
19.0303
19.0236
19.0303
19.0218
19.0253
19.0105
19.0281
19.0204
19.042
19.0397
19.0409
19.0304
19.0284
19.0385
19.0375
19.0305
19.0208
19.0136
19.0228
19.019
19.0342
19.0278
19.0232
19.0184
19.0236
19.0212
19.0316
19.0313
19.0197
19.028
19.0248
19.0277
19.0261
19.0362
19.025
19.0149
19.0215
19.0272
19.0198
19.0285
19.0324
19.0274
19.0301
19.0184
19.0311
19.0377
19.0294
19.0129
19.033
19.0307
19.0276
19.0298
19.0118
19.0151
19.0322
19.0227
19.0292
19.0281
19.0231
19.0192
19.0257
19.0349
19.0243
19.0205
19.0291
19.0283
19.0276
19.0323
19.0226
19.0276
19.0332
19.0278
19.0204
19.0298
19.0384
19.0293
19.0241
19.0178
19.0247
19.0246
19.0246
19.0163
19.0248
19.0324
19.0175
19.0234
19.0214
19.031
19.0336
19.0271
19.0279
19.0201
19.0151
19.0367
19.0248
19.0285
19.0301
19.0252
19.0372
19.0388
19.0252
19.0216
19.0324
19.0336
19.0278
19.0253
19.0376
19.0381
19.0367
19.0287
19.0266
19.0343
19.0317
19.0319
19.035
19.034
19.0269
19.0257
19.0358
19.0389
19.0364
19.0399
19.0412
19.0283
19.0428
19.0293
19.0335
19.0248
19.0267
19.0245
19.0218
19.0421
19.03
19.0225
19.0403
19.0269
19.023
19.0252
19.015
19.0346
19.0306
19.0263
19.0317
19.0307
19.0266
19.0197
19.0303
19.0402
19.0296
19.0234
19.0232
19.0332
19.0265
19.0501
19.0239
19.0193
19.0374
19.0199
19.0147
19.0325
19.0342
19.0186
19.0272
19.0343
19.0307
19.0371
19.027
19.0342
19.015
19.0308
19.0309
19.0385
19.0445
19.0202
19.0243
19.0245
19.0336
19.0349
19.0389
19.0352
19.0197
19.0283
19.0406
19.0328
19.0227
19.0106
19.0253
19.0212
19.033
19.0328
19.0262
19.0243
19.0211
19.0326
19.0253
19.0331
19.0129
19.0199
19.0215
19.0186
19.009
19.025
19.0347
19.0261
19.0247
19.018
19.0364
19.027
19.0334
19.0297
19.015
19.0195
19.0221
19.0286
19.0239
19.0186
19.0222
19.0332
19.0322
19.0228
19.0236
19.0268
19.0379
19.0273
19.0178
19.0289
19.0426
19.0285
19.0361
19.0456
19.0295
19.0413
19.0323
19.0235
19.039
19.0346
19.0345
19.0396
19.0308
19.0292
19.0322
19.0281
19.0301
19.0259
19.038
19.03
19.0291
19.0222
19.0233
19.0156
19.0307
19.0194
19.0374
19.0304
19.0232
19.0227
19.0309
19.0416
19.0346
19.036
19.0239
19.0266
19.0193
19.032
19.0316
19.0311
19.0265
19.0285
19.0233
19.0281
19.0265
19.0389
19.0357
19.0517
19.0395
19.0362
19.025
19.033
19.0393
19.021
19.0416
19.036
19.0393
19.0552
19.0375
19.0349
19.035
19.0199
19.0503
19.0489
19.0208
19.0388
19.0306
19.0277
19.049
19.0346
19.0163
19.0236
19.0343
19.0352
19.03
19.0234
19.0359
19.028
19.0349
19.0615
19.0261
19.0344
19.0374
19.038
19.0442
19.0333
19.0314
19.0237
19.0218
19.0218
19.0353
19.0336
19.0309
19.0273
19.0263
19.032
19.0415
19.0295
19.0351
19.0236
19.0338
19.04
19.0387
19.0266
19.0416
19.0249
19.0278
19.0377
19.0348
19.0267
19.0263
19.0238
19.0221
19.0347
19.0298
19.0129
19.0305
19.0231
19.0301
19.0238
19.0375
19.0301
19.0287
19.04
19.0225
19.0322
19.031
19.0277
19.0328
19.0323
19.0161
19.0237
19.0447
19.0316
19.0152
19.0193
19.0162
19.0335
19.027
19.03
19.0315
19.029
19.0296
19.0211
19.0235
19.0334
19.0194
19.0267
19.0177
19.0295
19.026
19.0258
19.0332
19.0291
19.0269
19.02
19.0249
19.0296
19.0371
19.0196
19.0203
19.0195
19.0208
19.0308
19.0373
19.0301
19.0287
19.0288
19.038
19.0244
19.0202
19.0265
19.016
19.0364
19.0232
19.0329
19.0252
19.0181
19.0381
19.0511
19.025
19.027
19.0286
19.0274
19.0357
19.017
19.037
19.0385
19.0271
19.0292
19.0188
19.021
19.0421
19.0258
19.0259
19.0267
19.0237
19.0298
19.0228
19.0251
19.0256
19.0353
19.0257
19.0235
19.0246
19.0207
19.0334
19.0309
19.0355
19.0263
19.0231
19.019
19.0257
19.0266
19.02
19.029
19.0253
19.0191
19.0351
19.0207
19.0375
19.0401
19.0313
19.0424
19.0241
19.0456
19.0383
19.0382
19.0414
19.0377
19.03
19.0289
19.0319
19.0362
19.0343
19.0323
19.0319
19.0186
19.0396
19.028
19.0242
19.0221
19.0242
19.0344
19.0158
19.029
19.0245
19.0255
19.0444
19.0262
19.0279
19.0223
19.0395
19.0256
19.0191
19.0215
19.0216
19.0215
19.0323
19.0252
19.0221
19.0193
19.034
19.0336
19.0248
19.0289
19.0216
19.0162
19.0183
19.0304
19.0332
19.023
19.033
19.0204
19.0315
19.0367
19.0396
19.0232
19.0272
19.0222
19.0438
19.019
19.0258
19.0242
19.0261
19.0214
19.0244
19.0294
19.0222
19.029
19.0334
19.0185
19.0171
19.0359
19.0253
19.0341
19.0357
19.0281
19.0256
19.0392
19.0223
19.0268
19.0262
19.027
19.0476
19.0204
19.0384
19.0272
19.0257
19.026
19.0277
19.0306
19.0231
19.0287
19.0263
19.0357
19.0227
19.0269
19.0282
19.0317
19.0204
19.0315
19.0224
19.0259
19.0264
19.0391
19.044
19.0255
19.0251
19.0289
19.0293
19.0471
19.0339
19.0294
19.0251
19.028
19.0467
19.0219
19.0258
19.0237
19.0375
19.038
19.0384
19.0285
19.0345
19.0306
19.0397
19.0258
19.0225
19.0341
19.033
19.0238
19.0227
19.0342
19.0232
19.0304
19.0355
19.023
19.0208
19.0314
19.0448
19.0197
19.0234
19.0213
19.0306
19.0373
19.0388
19.0143
19.0266
19.0273
19.0302
19.0273
19.0218
19.0417
19.0317
19.0429
19.027
19.0358
19.0245
19.0314
19.0292
19.0289
19.0273
19.0211
19.0292
19.0258
19.0411
19.0237
19.0286
19.0262
19.026
19.022
19.0292
19.0424
19.0246
19.0331
19.0378
19.03
19.0358
19.031
19.0192
19.0326
19.0203
19.0232
19.027
19.0236
19.0238
19.0318
19.0334
19.0278
19.0225
19.0076
19.0311
19.0288
19.0252
19.0149
19.038
19.0263
19.0367
19.0334
19.0194
19.0217
19.029
19.0354
19.0299
19.012
19.0181
19.0276
19.034
19.0345
19.0243
19.037
19.0316
19.0153
19.0216
19.0273
19.0236
19.0259
19.031
19.0276
19.0196
19.0127
19.0163
19.0174
19.0224
19.029
19.0251
19.0257
19.0275
19.0393
19.0372
19.0349
19.0321
19.0242
19.039
19.0184
19.0307
19.0237
19.0343
19.0353
19.0293
19.0304
19.0259
19.0235
19.0189
19.0316
19.0272
19.0258
19.0234
19.0429
19.0257
19.0306
19.0236
19.0299
19.0293
19.03
19.0399
19.0156
19.0347
19.0352
19.0225
19.0255
19.0275
19.0175
19.0395
19.0328
19.0334
19.046
19.0247
19.0356
19.0293
19.047
19.0299
19.0448
19.0421
19.0322
19.0364
19.0432
19.0251
19.0234
19.0167
19.0265
19.0208
19.033
19.0413
19.0405
19.0412
19.0468
19.0252
19.0362
19.0379
19.0244
19.0233
19.0218
19.025
19.0221
19.0331
19.0237
19.0289
19.0248
19.0255
19.0518
19.0322
19.0394
19.0369
19.0356
19.034
19.0254
19.0271
19.0292
19.0392
19.0294
19.0415
19.0294
19.0314
19.0318
19.0463
19.0403
19.0272
19.0247
19.0299
19.0481
19.0272
19.032
19.0324
19.0489
19.0232
19.0315
19.0223
19.0401
19.0457
19.0498
19.0437
19.0207
19.0286
19.0231
19.046
19.0299
19.0234
19.0315
19.0354
19.0437
19.0349
19.0359
19.0511
19.0462
19.0438
19.0238
19.0282
19.0335
19.0465
19.0297
19.0189
19.0398
19.0272
19.0382
19.0415
19.0247
19.0254
19.0302
19.0274
19.0251
19.0341
19.0377
19.0391
19.0321
19.0384
19.0289
19.027
19.031
19.0319
19.0418
19.0286
19.0191
19.0226
19.0381
19.0245
19.0218
19.0216
19.0249
19.0281
19.0339
19.0432
19.0222
19.0299
19.0319
19.026
19.0296
19.0264
19.0277
19.0278
19.0214
19.0314
19.0334
19.0272
19.0297
19.0183
19.016
19.0321
19.0294
19.0174
19.0276
19.0312
19.0304
19.0284
19.0222
19.0327
19.0337
19.0249
19.0377
19.0229
19.0117
19.0214
19.0307
19.0335
19.0334
19.0169
19.0335
19.0236
19.0395
19.037
19.0263
19.0258
19.0201
19.0274
19.0167
19.0431
19.0222
19.0457
19.0329
19.0341
19.0559
19.0256
19.0382
19.0315
19.0357
19.0295
19.026
19.0425
19.036
19.0257
19.038
19.0405
19.0394
19.0521
19.0226
19.0278
19.0324
19.037
19.0406
19.0261
19.0197
19.0332
19.0267
19.0411
19.0207
19.0205
19.0108
19.0344
19.0251
19.0271
19.0281
19.0183
19.0284
19.0327
19.0299
19.0225
19.0283
19.0398
19.0246
19.0231
19.0245
19.0355
19.0401
19.0469
19.0344
19.0336
19.0357
19.0335
19.0445
19.0247
19.0351
19.0297
19.0393
19.0295
19.0311
19.0235
19.0292
19.0359
19.0383
19.0241
19.0364
19.0251
19.0364
19.036
19.0146
19.0354
19.0268
19.0193
19.0256
19.026
19.0226
19.0272
19.0339
19.0302
19.0312
19.0214
19.0277
19.0156
19.0239
19.0254
19.0248
19.0219
19.0213
19.037
19.0298
19.028
19.0321
19.02
19.0283
19.0343
19.0279
19.0397
19.0388
19.032
19.0178
19.0422
19.0247
19.0221
19.039
19.0441
19.0337
19.0052
19.0313
19.0183
19.0273
19.0172
19.0253
19.0434
19.0392
19.0254
19.0282
19.0342
19.0379
19.0295
19.0331
19.0323
19.031
19.0299
19.021
19.0337
19.0318
19.0475
19.0466
19.0237
19.0379
19.0286
19.0334
19.053
19.0303
19.0296
19.0396
19.0388
19.0439
19.0359
19.0271
19.0262
19.028
19.0339
19.0296
19.0276
19.0385
19.0255
19.0128
19.0369
19.0347
19.0263
19.039
19.0323
19.037
19.0401
19.0524
19.037
19.0317
19.0401
19.029
19.0245
19.0364
19.0253
19.0412
19.0341
19.0479
19.0333
19.0272
19.0388
19.0263
19.0406
19.0326
19.0374
19.0283
19.035
19.0382
19.0293
19.0241
19.0329
19.0248
19.0311
19.0374
19.0203
19.02
19.021
19.0233
19.0325
19.0483
19.0156
19.0303
19.0354
19.0341
19.0281
19.0286
19.023
19.0346
19.0374
19.0258
19.0343
19.0187
19.0279
19.0439
19.029
19.0115
19.0301
19.0448
19.0276
19.022
19.0308
19.043
19.0481
19.0374
19.0428
19.0263
19.0312
19.0283
19.0352
19.0373
19.0275
19.036
19.0144
19.0294
19.0239
19.0356
19.0293
19.0268
19.0094
19.0272
19.0317
19.0218
19.0168
19.0254
19.0303
19.0186
19.0435
19.044
19.0194
19.0253
19.03
19.0253
19.0185
19.0267
19.0155
19.0332
19.0417
19.034
19.0373
19.0285
19.0316
19.0387
19.0408
19.0343
19.037
19.0263
19.0267
19.0423
19.0369
19.0241
19.0347
19.0248
19.0208
19.0303
19.0333
19.0378
19.0356
19.0262
19.0247
19.0336
19.0355
19.04
19.0262
19.036
19.0264
19.0484
19.031
19.0331
19.0347
19.0327
19.0599
19.0184
19.0528
19.0312
19.0294
19.0726
19.0252
19.0423
19.0241
19.0435
19.0492
19.0353
19.0419
19.038
19.043
19.0267
19.024
19.0303
19.0313
19.0596
19.0346
19.0321
19.0325
19.0442
19.0341
19.0291
19.0343
19.0304
19.0422
19.0429
19.0373
19.0371
19.019
19.0491
19.0341
19.0279
19.0222
19.036
19.0312
19.0296
19.0257
19.0238
19.0236
19.0313
19.0418
19.0272
19.0281
19.0175
19.0325
19.0403
19.0306
19.0252
19.0229
19.0302
19.0249
19.0241
19.0287
19.0298
19.0266
19.0228
19.0348
19.0267
19.0386
19.018
19.0187
19.0361
19.0348
19.0404
19.0376
19.0169
19.0318
19.0344
19.0292
19.0198
19.0235
19.0229
19.0392
19.0454
19.0336
19.0149
19.0236
19.0276
19.0241
19.024
19.0282
19.0318
19.0312
19.0276
19.032
19.0432
19.028
19.045
19.0467
19.0189
19.0436
19.0221
19.0283
19.0369
19.0358
19.0252
19.0231
19.0478
19.0216
19.0502
19.035
19.0428
19.0483
19.0257
19.045
19.0297
19.0395
19.0237
19.0268
19.0224
19.023
19.0401
19.0314
19.0202
19.016
19.0235
19.035
19.0337
19.0351
19.0288
19.0199
19.0381
19.0326
19.0218
19.0149
19.0332
19.0264
19.0199
19.0352
19.0205
19.0378
19.023
19.0242
19.0403
19.0272
19.0402
19.0071
19.0208
19.0351
19.0315
19.0312
19.0264
19.0352
19.0248
19.0248
19.0216
19.0292
19.0439
19.0462
19.0303
19.0306
19.0183
19.0382
19.0268
19.0258
19.0286
19.0404
19.017
19.0264
19.0135
19.0374
19.0372
19.0199
19.0259
19.0266
19.0269
19.026
19.0352
19.0311
19.0137
19.0278
19.0255
19.0312
19.0203
19.0283
19.0313
19.0338
19.0301
19.0403
19.0235
19.0233
19.0414
19.0527
19.0356
19.0368
19.0373
19.0202
19.0352
19.0196
19.0265
19.0327
19.0268
19.0317
19.0307
19.0366
19.0348
19.0309
19.0185
19.0257
19.0169
19.0325
19.0363
19.0221
19.023
19.0254
19.0336
19.0288
19.0292
19.0182
19.0316
19.017
19.0241
19.0429
19.0298
19.033
19.0394
19.0164
19.015
19.0274
19.0299
19.0315
19.0303
19.024
19.0317
19.0311
19.028
19.0311
19.0255
19.0389
19.0347
19.0118
19.0345
19.0356
19.0264
19.0428
19.0272
19.0083
19.0286
19.0301
19.0309
19.0341
19.0312
19.0309
19.0296
19.0237
19.0175
19.04
19.0399
19.0386
19.0196
19.0361
19.0323
19.0182
19.0261
19.0348
19.0337
19.0243
19.0162
19.0264
19.0384
19.0307
19.0309
19.049
19.0261
19.0403
19.0112
19.0396
19.0232
19.0369
19.0263
19.0204
19.0365
19.0433
19.0505
19.0281
19.039
19.0211
19.0358
19.0447
19.0262
19.0241
19.0287
19.0462
19.0427
19.0342
19.0533
19.0355
19.0532
19.0448
19.0398
19.033
19.0367
19.0452
19.0196
19.0268
19.0146
19.0422
19.0426
19.0384
19.0269
19.0323
19.0523
19.0279
19.026
19.0313
19.0337
19.0428
19.041
19.0379
19.0233
19.0302
19.0351
19.032
19.0318
19.029
19.0514
19.0258
19.0417
19.0258
19.0523
19.0252
19.0211
19.0452
19.0273
19.0481
19.036
19.0324
19.0511
19.0321
19.063
19.0255
19.0282
19.0368
19.033
19.0321
19.0295
19.0315
19.0229
19.0331
19.0199
19.0293
19.0264
19.0244
19.0396
19.0276
19.0309
19.0151
19.036
19.0224
19.0271
19.0342
19.0318
19.0357
19.0391
19.0402
19.0319
19.0169
19.0372
19.0355
19.0247
19.0213
19.0436
19.0301
19.0305
19.044
19.0313
19.0391
19.0343
19.0406
19.0286
19.0325
19.0263
19.0365
19.0318
19.0207
19.0327
19.0227
19.0365
19.0221
19.0312
19.0312
19.0231
19.0247
19.0221
19.0326
19.0199
19.0265
19.0498
19.0349
19.0404
19.041
19.0309
19.0202
19.0399
19.0224
19.0195
19.0219
19.0252
19.0354
19.0242
19.0403
19.03
19.0312
19.0316
19.0267
19.0298
19.0288
19.0324
19.0372
19.0244
19.0402
19.023
19.0321
19.026
19.0367
19.0283
19.0291
19.0464
19.0188
19.0262
19.0333
19.0221
19.0082
19.028
19.0306
19.033
19.0295
19.0133
19.0384
19.0309
19.0403
19.0298
19.0331
19.0282
19.0218
19.0312
19.0355
19.0434
19.031
19.043
19.0421
19.0448
19.024
19.0274
19.0426
19.0373
19.0366
19.0342
19.0539
19.0337
19.0367
19.0314
19.0314
19.0395
19.032
19.0254
19.0269
19.0589
19.0337
19.0479
19.0293
19.0447
19.025
19.0268
19.0318
19.0335
19.0345
19.028
19.0252
19.0429
19.0425
19.0177
19.0268
19.0344
19.0286
19.0389
19.0319
19.0268
19.0204
19.0267
19.0189
19.0388
19.0378
19.0285
19.0352
19.0282
19.0254
19.0297
19.023
19.025
19.0439
19.0421
19.0274
19.0426
19.0272
19.0298
19.0243
19.0246
19.0272
19.0162
19.0255
19.0202
19.037
19.0315
19.0264
19.0362
19.04
19.0274
19.0309
19.0259
19.0224
19.044
19.0396
19.0251
19.0306
19.0435
19.0389
19.0376
19.0376
19.0286
19.0304
19.0232
19.0302
19.0166
19.0234
19.0329
19.0284
19.0313
19.0299
19.0171
19.0232
19.0297
19.0274
19.0204
19.0297
19.0332
19.037
19.0263
19.0308
19.0325
19.0264
19.0302
19.0327
19.0209
19.0354
19.0273
19.026
19.0331
19.0272
19.0311
19.0326
19.0327
19.0321
19.0092
19.0215
19.0271
19.028
19.0204
19.0124
19.0362
19.0324
19.0421
19.024
19.0499
19.0422
19.0371
19.0254
19.0465
19.0484
19.0211
19.0421
19.0368
19.05
19.0509
19.0176
19.0082
19.0286
19.0469
19.0457
19.024
19.028
19.0395
19.047
19.0274
19.0272
19.036
19.0335
19.0276
19.0258
19.0358
19.0328
19.0463
19.0264
19.0428
19.0207
19.0484
19.0281
19.0361
19.032
19.0308
19.0263
19.0403
19.0279
19.0403
19.0456
19.0407
19.0363
19.0276
19.0179
19.028
19.0457
19.0209
19.0293
19.0239
19.0227
19.0248
19.0238
19.034
19.0301
19.0453
19.0298
19.0202
19.0351
19.0381
19.0402
19.0371
19.0232
19.035
19.0206
19.0308
19.0208
19.0215
19.0222
19.0401
19.0277
19.0259
19.0307
19.0305
19.0266
19.0218
19.0385
19.0419
19.027
19.0246
19.0274
19.0194
19.034
19.0351
19.0367
19.0382
19.0281
19.0263
19.0366
19.0334
19.0318
19.0322
19.0363
19.0301
19.0401
19.0284
19.0456
19.0182
19.0465
19.0365
19.0425
19.0287
19.0352
19.0386
19.0197
19.041
19.0282
19.0339
19.0296
19.0338
19.0441
19.0323
19.0403
19.0264
19.0393
19.0404
19.026
19.0276
19.0319
19.0141
19.0407
19.0448
19.0319
19.0355
19.0238
19.0546
19.0356
19.0417
19.0291
19.0451
19.0483
19.0276
19.0231
19.0231
19.0383
19.0451
19.0195
19.0357
19.03
19.0497
19.029
19.0317
19.0181
19.0297
19.0186
19.0208
19.0285
19.0291
19.0345
19.033
19.027
19.036
19.0183
19.0168
19.0359
19.0071
19.0297
19.0359
19.0325
19.0417
19.0299
19.0243
19.0384
19.035
19.0254
19.0321
19.0317
19.0215
19.0402
19.0282
19.0391
19.0443
19.0294
19.0367
19.0205
19.0293
19.0298
19.035
19.0371
19.0272
19.0261
19.0194
19.0306
19.0308
19.029
19.0329
19.0369
19.0422
19.0141
19.0307
19.025
19.0305
19.0396
19.021
19.02
19.0164
19.0282
19.0321
19.0355
19.0317
19.0294
19.0299
19.0224
19.0308
19.0198
19.0251
19.0273
19.0216
19.041
19.0339
19.0501
19.0306
19.034
19.0392
19.026
19.0371
19.039
19.0384
19.0178
19.056
19.0188
19.0434
19.0261
19.04
19.0274
19.0384
19.0287
19.0413
19.0361
19.026
19.0196
19.0293
19.0308
19.0386
19.0439
19.0165
19.0082
19.0193
19.0298
19.0399
19.0352
19.0241
19.0265
19.0257
19.0401
19.0268
19.0325
19.0424
19.0263
19.0223
19.0274
19.0263
19.0257
19.0271
19.0383
19.0323
19.0454
19.0324
19.029
19.0177
19.0452
19.0307
19.0228
19.0329
19.0281
19.0322
19.0328
19.0469
19.0194
19.0274
19.0348
19.0447
19.0318
19.0255
19.0508
19.0241
19.028
19.0338
19.0344
19.0451
19.0313
19.0305
19.0357
19.0386
19.0627
19.0505
19.0446
19.0367
19.0485
19.0242
19.0272
19.0336
19.0257
19.0368
19.0447
19.0299
19.0339
19.033
19.0468
19.0314
19.0398
19.0437
19.0402
19.0641
19.0282
19.0678
19.0324
19.0725
19.0219
19.0525
19.0386
19.0578
19.0433
19.0337
19.0411
19.0194
19.0423
19.036
19.0327
19.0266
19.0384
19.031
19.0318
19.0262
19.0405
19.0348
19.0226
19.0315
19.0295
19.0267
19.0489
19.0258
19.0286
19.0406
19.0269
19.0489
19.0218
19.0291
19.0364
19.0439
19.0308
19.0448
19.0422
19.026
19.0433
19.0398
19.0427
19.0252
19.0273
19.0343
19.0353
19.0356
19.027
19.0554
19.0387
19.0248
19.0255
19.0416
19.0384
19.0285
19.036
19.0345
19.0357
19.0331
19.026
19.0352
19.0293
19.032
19.0324
19.0179
19.0308
19.0328
19.0391
19.0437
19.0341
19.0281
19.0565
19.0385
19.0328
19.0265
19.0195
19.0297
19.0381
19.0325
19.0279
19.0323
19.0282
19.0278
19.0267
19.0244
19.0279
19.0253
19.0234
19.0226
19.0241
