1541.49
1396.53
1377.31
1369.29
1365.5
1363.08
1361.28
1361.21
1360.48
1360.03
1359.35
1359.02
1359.2
1358.82
1359.58
1358.84
1358.63
1359.22
1358.64
1358.38
1359.01
1358.85
1358.2
1358.61
1358.98
1357.88
1357.65
1358.17
1358.02
1357.49
1358.41
1357.72
1358.61
1358.53
1357.67
1357.31
1357.42
1357.65
1357.7
1357.42
1357.84
1357.85
1358.06
1357.99
1357.58
1358.11
1359.37
1357.11
1357.44
1357.56
1356.65
1357.36
1357
1355.93
1356.9
1357.21
1357.25
1356.92
1357.38
1357.29
1356.5
1356.48
1356.58
1356.4
1356.26
1357.32
1355.93
1356.19
1355.98
1357.36
1356.59
1355.63
1356.36
1356.54
1356.57
1355.99
1356.24
1356.29
1356.53
1356.15
1355.64
1356.04
1356.08
1355.84
1355.5
1355.43
1356.26
1356.09
1355.74
1355.69
1355.82
1355.47
1355.57
1355.34
1354.92
1356.07
1355.27
1355.4
1355.15
1355.07
1355.42
1354.96
1355.46
1355.29
1355.43
1355.01
1355.04
1355.77
1355.29
1354.95
1355.43
1354.62
1354.71
1354.68
1355.21
1355.01
1354.62
1354.01
1354.07
1354.33
1354.79
1354.4
1356.42
1354.51
1355.15
1354.33
1354.48
1354.72
1354.16
1354.16
1354.74
1353.89
1354.12
1353.77
1353.47
1353.78
1353.89
1353.73
1354.59
1353.66
1353.38
1353.85
1353.9
1353.34
1353.59
1353.41
1353.93
1353.76
1353.7
1354.02
1353.66
1353.05
1353.75
1353.66
1352.84
1352.86
1353.34
1353.09
1353.17
1353.17
1353.13
1353.17
1353.2
1352.88
1353.88
1352.72
1353.12
1353.15
1352.71
1353.25
1352.74
1353.51
1352.85
1352.72
1353.55
1352.67
1352.67
1352.53
1353.7
1352.38
1352.08
1352.09
1353.65
1352.31
1353.79
1352.51
1352.69
1352.58
1353.11
1352.91
1353.04
1352.09
1352.47
1352.75
1352.69
1352.29
1351.93
1352.29
1351.95
1352.36
1352.35
1352.53
1352.07
1351.84
1352.28
1352.65
1352.25
1352.08
1352.16
1352.13
1351.67
1351.8
1352.05
1352.07
1351.94
1351.73
1352.28
1352.21
1352.01
1352.54
1352.54
1351.67
1351.48
1352.08
1351.18
1351.59
1352.61
1351.5
1351.45
1351.77
1352.05
1351.85
1351.8
1351.73
1351.77
1351.64
1351.81
1351.77
1352.01
1351.96
1351.77
1351.74
1351.8
1352.06
1352.16
1351.69
1351.9
1351.32
1351.17
1351.44
1352.07
1351.82
1351.88
1351.4
1351.5
1351.75
1352.05
1352.23
1351.7
1351.61
1351.22
1352.29
1351.4
1351.11
1351.88
1351.25
1351.92
1351.66
1351.18
1351.11
1351.18
1351.58
1351.86
1351.69
1352
1351.08
1351.31
1351.49
1351.87
1351.57
1351.39
1351.99
1351.45
1351.67
1351.56
1351.01
1351.38
1351.41
1351.34
1351.44
1351.58
1351.17
1351.14
1351.36
1351.71
1351.52
1351.41
1351.69
1351.21
1351.19
1351.19
1351.44
1351.35
1351.3
1351.42
1351.49
1351.56
1351.43
1351.41
1351.49
1350.76
1351.5
1351.17
1351.04
1351.19
1351.5
1351.11
1351.15
1351.47
1350.77
1351.47
1351.52
1351.25
1351.39
1351.59
1351.45
1351.36
1351.2
1351.48
1351.63
1351
1351.1
1351.71
1351.12
1351.68
1351.36
1351.42
1351.3
1351.43
1351.57
1350.74
1350.93
1351.75
1351.16
1351.42
1351.07
1351.93
1350.98
1351.43
1351.28
1351.78
1351.58
1350.88
1351.77
1351.69
1350.94
1351.56
1351.75
1351.29
1351.47
1351.68
1350.94
1351.18
1350.77
1351.02
1351.32
1351.32
1351.25
1351.09
1351.08
1351.25
1350.66
1351.52
1351.79
1351.35
1351.26
1350.86
1350.97
1351.22
1351.14
1351.52
1350.68
1351.25
1351.5
1352.23
1351.47
1351.16
1351.26
1351.46
1351.43
1351.49
1351.17
1351.04
1351.61
1351.45
1351.7
1351.65
1351.54
1351.1
1351.26
1351.68
1351.64
1351.7
1351.91
1351.63
1351.5
1351.51
1351.27
1351.75
1352.07
1351.29
1352.03
1351.4
1351.51
1351.69
1351.29
1351.8
1351.85
1352.08
1351.2
1351.88
1352.09
1351.28
1351.96
1352.02
1351.29
1352.07
1352
1352.34
1352.4
1351.58
1351.07
1351.82
1351.24
1351.45
1351.24
1352.03
1351.44
1351.81
1351.65
1351.77
1351.38
1351.71
1351.69
1351.7
1351.69
1351.43
1351.91
1352.3
1351.71
1352.1
1351.88
1351.5
1352.09
1351.27
1351.26
1351.72
1351.7
1351.82
1351.84
1351.68
1351.83
1351.82
1351.31
1352.19
1351.79
1351.82
1351.48
1352.08
1351.73
1352.25
1351.64
1351.57
1351.83
1351.81
1351.83
1352.03
1351.69
1351.74
1352.13
1352.07
1351.64
1352.32
1352.05
1351.89
1352.12
1352.59
1352.55
1351.83
1352.14
1352
1351.6
1351.53
1352.17
1351.75
1351.89
1351.71
1351.28
1351.78
1351.57
1352.11
1352.52
1352.08
1351.35
1352.19
1352.35
1352.5
1351.98
1351.88
1351.67
1352.49
1352.09
1351.88
1351.96
1352.09
1352.05
1352.2
1352.34
1352.22
1351.65
1351.68
1351.42
1352.11
1351.76
1352.1
1351.92
1351.76
1351.71
1351.9
1353.33
1351.99
1352.46
1351.83
1351.81
1352.04
1352.02
1352.18
1352.04
1351.95
1352.09
1352.7
1351.93
1351.49
1352.32
1352.02
1352.2
1352.03
1352.23
1352.18
1351.77
1352.6
1351.92
1351.62
1352.18
1351.94
1352.07
1352.22
1351.6
1352.08
1351.92
1351.96
1352.21
1352.49
1352.82
1352.22
1352.49
1352.21
1352.64
1352.34
1352.24
1352.37
1352.65
1352.4
1352.45
1352.3
1352.32
1352.4
1352.46
1351.9
1352.48
1352.49
1352.21
1351.99
1352.09
1352.91
1352.52
1352.49
1352.4
1352.03
1352.37
1352.75
1352.53
1352.4
1352.29
1352.8
1352.53
1352.21
1352.44
1352.58
1352.49
1352.8
1352.49
1352.66
1352.78
1352.47
1353.14
1352.74
1352.51
1352.41
1352.4
1352.34
1352.16
1352.52
1352.9
1352.63
1352.63
1352.89
1352.94
1352.69
1352.65
1353.02
1352.97
1352.5
1352.86
1352.45
1352.97
1352.65
1353.05
1352.82
1352.31
1352.46
1352.84
1352.33
1352.36
1352.53
1352.71
1352.6
1352.36
1352.55
1352.86
1352.77
1352.78
1352.48
1352.46
1353.11
1352.49
1352.97
1352.56
1353.43
1352.89
1353.09
1352.64
1353.14
1352.63
1352.39
1352.41
1352.63
1352.64
1352.71
1352.84
1352.79
1353.46
1353.04
1352.89
1352.4
1352.78
1352.6
1352.61
1353.7
1352.77
1352.84
1353.07
1353.03
1353.23
1352.86
1353.24
1353.09
1352.68
1353.04
1352.75
1353.02
1353.5
1353.47
1353.16
1353.09
1353.27
1353.18
1353.24
1353.49
1352.69
1353.1
1352.58
1353.3
1352.96
1352.98
1353.09
1352.95
1353.14
1352.95
1353.2
1352.98
1353.11
1353.05
1352.85
1352.71
1353.43
1353.05
1353.02
1352.95
1353.1
1352.51
1353.82
1353.14
1353.34
1353.45
1353.5
1376.11
1353.69
1352.64
1352.66
1353.32
1352.61
1353.2
1353.53
1353.52
1353.13
1353.23
1353.42
1353.36
1352.83
1353.05
1353.48
1353.44
1353.2
1352.99
1353.5
1352.79
1353.18
1353.52
1353.53
1352.99
1353.45
1353.17
1353.64
1353.48
1353.5
1353.74
1353.75
1353.81
1353.42
1353.79
1353.35
1353.28
1353.73
1353.34
1353.47
1353.58
1353.63
1353.31
1353.67
1353.48
1353.81
1353.52
1353.4
1353.3
1353.74
1354.21
1353.74
1353.57
1352.79
1353.49
1353.66
1353.98
1353.61
1353.7
1353.36
1353.62
1353.53
1353.23
1353.15
1353.33
1353.48
1353.46
1353.41
1353.55
1353.61
1353.26
1353.61
1353.53
1353.49
1353.42
1353.6
1353.77
1353.35
1353.27
1353.67
1354.04
1353.87
1354.2
1353.45
1353.17
1353.53
1353.13
1353.25
1354.24
1353.66
1353.56
1353.49
1353.44
1353.86
1353.7
1353.81
1353.95
1353.88
1354.29
1353.9
1353.53
1353.45
1354.11
1353.91
1353.8
1353.42
1353.84
1353.89
1353.53
1353.74
1353.7
1353.56
1353.96
1353.92
1353.91
1353.9
1353.87
1353.89
1353.53
1354.24
1353.59
1353.73
1353.67
1353.51
1353.55
1353.73
1353.33
1353.99
1354.07
1353.98
1354.11
1353.64
1353.44
1353.7
1353.6
1353.64
1353.73
1353.65
1353.71
1353.7
1353.66
1354.3
1353.7
1353.78
1353.43
1353.75
1353.98
1354.21
1353.78
1353.39
1354.25
1354.25
1354.22
1354.11
1353.97
1353.92
1354.26
1353.68
1353.38
1353.76
1354.15
1353.9
1353.86
1354.08
1354.17
1353.72
1354.12
1353.55
1353.35
1353.57
1353.73
1354.11
1353.66
1353.85
1353.73
1353.3
1353.95
1353.97
1354.24
1354.1
1353.73
1353.81
1354.28
1353.8
1354.28
1354.01
1354.17
1354.18
1354.07
1353.81
1354
1354.38
1354.25
1354.06
1354.12
1353.91
1353.78
1354.13
1354.1
1353.69
1354.15
1354.05
1354.23
1354.09
1354.49
1354.17
1354.13
1354.46
1354.07
1354.03
1354.06
1354.27
1353.97
1354.19
1354.24
1353.76
1353.88
1353.84
1354.19
1354.51
1354.5
1353.78
1354.03
1354.43
1354.17
1353.78
1353.76
1354.22
1354.39
1353.56
1353.97
1353.88
1354.42
1354.34
1354.01
1353.84
1354.49
1353.88
1353.94
1354.08
1353.46
1354.15
1354.37
1354.04
1354.09
1354.15
1354.01
1353.73
1353.9
1353.9
1354.48
1353.87
1353.92
1353.93
1353.85
1354.04
1353.53
1353.93
1354.09
1354.22
1353.68
1353.84
1353.88
1354.07
1354.12
1353.94
1354.15
1353.61
1353.24
1353.92
1353.75
1353.99
1353.74
1354.09
1354.84
1354.1
1354.3
1354.1
1354.18
1354.23
1353.8
1354.25
1354.03
1354.05
1354.2
1353.84
1354.17
1354.19
1354.22
1354.2
1353.87
1353.74
1354.05
1354.23
1354.2
1354.26
1354.12
1353.82
1354.13
1354.42
1354.09
1353.33
1354.44
1354.15
1354.46
1354.24
1353.89
1353.97
1353.71
1354.01
1354.03
1353.62
1354.22
1354.46
1354.35
1354.16
1354.33
1354.53
1354.58
1354.08
1354.16
1354.55
1353.93
1354.39
1354.24
1354.17
1354.07
1354.18
1354.1
1354.72
1354.24
1354.22
1354.6
1353.77
1354.28
1353.96
1353.97
1354.62
1354.03
1354.41
1354.05
1354.12
1354.14
1354.04
1354.37
1353.97
1354.25
1354.25
1353.98
1354.5
1354.93
1354.37
1354.29
1354.14
1354.38
1354.46
1353.7
1353.89
1353.9
1354.13
1354.59
1354.4
1354.42
1354.43
1353.9
1354.04
1354.41
1353.94
1354.75
1354.34
1354.35
1354.25
1354.07
1354.11
1354.77
1354.41
1354.27
1354.52
1354.35
1354.47
1354.46
1354.55
1354.46
1354.56
1354.15
1354.9
1354.24
1354.45
1355.21
1354.6
1354.4
1354.1
1354.06
1354.07
1354.37
1354.14
1354.58
1354.96
1354.49
1354.5
1354.1
1354.34
1354.11
1354.19
1354.6
1354.54
1354.92
1354.68
1354.17
1354.95
1354.09
1354.56
1354.38
1354.34
1354.4
1354.32
1354.43
1354.65
1354.33
1354.44
1354.39
1354.39
1354.67
1354.33
1354.5
1354.82
1354.57
1353.88
1354.74
1354.37
1354.12
1354.38
1354.3
1354.45
1354.55
1354.74
1354.31
1354.76
1354.21
1354.59
1354.23
1354.58
1354.26
1354.57
1354.25
1354.72
1354.18
1354.41
1354.46
1354.4
1354.62
1354.26
1354.26
1354.47
1354.08
1354
1354.75
1354.73
1353.89
1354.99
1354.86
1354.93
1354.46
1354.41
1354.5
1354.15
1354.16
1354.94
1354.54
1354.46
1354.16
1354.42
1354.4
1354.49
1354.28
1354.8
1354.86
1354.67
1354.69
1354.14
1355.04
1354.86
1354.55
1354.56
1354.41
1354.51
1354.63
1354.77
1354.71
1354.31
1354.68
1354.59
1354.46
1354.7
1354.26
1354.58
1354.68
1354.74
1354.49
1354.46
1354.69
1354.8
1354.76
1354.48
1354.81
1354.25
1354.4
1354.49
1354.4
1354.57
1354.68
1354.14
1354.88
1354.95
1354.31
1354.54
1354.85
1354.3
1355.04
1354.77
1354.6
1354.74
1354.26
1354.53
1354.53
1354.62
1354.58
1354.58
1355.17
1354.28
1354.95
1354.19
1354.88
1354.73
1354.97
1355.06
1354.66
1354.75
1355.05
1354.55
1354.89
1354.77
1354.71
1354.92
1355.12
1354.87
1354.64
1354.67
1354.37
1355
1354.54
1354.77
1354.73
1354.8
1354.78
1354.34
1354.4
1354.93
1355.26
1355.02
1354.88
1354.65
1354.9
1354.81
1354.5
1354.45
1355.13
1354.93
1354.99
1354.66
1354.88
1354.96
1355.92
1355.28
1354.54
1355.1
1355.12
1354.76
1355.02
1354.41
1355.04
1355.14
1354.86
1354.43
1354.48
1354.44
1354.74
1354.51
1355.04
1355.53
1355.23
1354.6
1354.99
1354.58
1354.96
1354.93
1356.66
1354.92
1355.22
1355.09
1355.1
1354.7
1354.96
1355.12
1355.06
1355.15
1355.1
1354.81
1354.94
1355.14
1355.01
1354.38
1355
1354.92
1355.15
1355.03
1355.19
1354.82
1355.23
1354.99
1354.69
1355.02
1355.1
1356.12
1355.22
1354.87
1354.72
1354.98
1354.79
1355.09
1355.05
1355.07
1354.62
1355.54
1355.13
1355.15
1354.88
1354.86
1354.48
1354.4
1355.26
1355.22
1354.78
1355.08
1355.32
1354.85
1355.17
1354.5
1355.02
1355.19
1354.94
1354.68
1355
1355.29
1354.97
1355.06
1355.28
1354.82
1354.9
1354.93
1354.79
1355.16
1355.45
1354.97
1354.76
1355.34
1354.88
1355.01
1355.25
1354.83
1354.95
1355.19
1354.97
1355.3
1355.05
1354.5
1354.85
1355.3
1354.97
1355.51
1355.06
1354.84
1354.98
1354.81
1354.99
1354.98
1355.08
1355.23
1355.05
1355.28
1354.62
1354.94
1354.85
1355.07
1354.92
1355.23
1354.73
1355.17
1354.9
1354.65
1355.32
1355.23
1355
1354.99
1355.2
1355.65
1354.93
1354.88
1354.88
1354.67
1354.92
1354.87
1354.91
1354.63
1355.09
1354.87
1355.12
1355.63
1355.19
1354.73
1355.19
1354.98
1354.92
1354.96
1354.94
1354.63
1355.06
1354.67
1355.09
1355.27
1354.65
1354.94
1354.91
1355.08
1354.72
1355.35
1355.21
1354.81
1355.04
1355.23
1355.03
1354.82
1354.46
1354.98
1355.17
1355.32
1355
1355.41
1355.42
1354.68
1355.2
1354.9
1355.32
1355.37
1354.87
1354.87
1354.89
1354.66
1355.09
1355.05
1355.37
1354.68
1355.01
1354.93
1355.1
1354.98
1355.24
1354.75
1355.32
1354.84
1355.04
1354.85
1354.83
1354.89
1355.19
1354.59
1354.89
1354.92
1354.88
1354.71
1354.82
1355.14
1354.92
1355.18
1355.09
1355.06
1354.84
1355.06
1355.38
1355.28
1354.87
1354.98
1354.78
1354.82
1355.26
1355.58
1355.15
1355.32
1354.96
1355.16
1355.23
1354.89
1354.92
1355.13
1354.97
1355.07
1354.75
1355.12
1354.77
1354.82
1354.77
1354.68
1355
1355.07
1354.88
1355.28
1355.35
1354.94
1354.87
1354.98
1355.43
1354.83
1355.22
1354.77
1354.87
1355.03
1355.13
1355.17
1355.53
1355.24
1355.24
1354.83
1355.11
1355.12
1354.97
1355.14
1355.5
1354.8
1355.11
1354.76
1355.25
1354.95
1355.08
1354.89
1355.05
1355.02
1354.64
1355.22
1355.54
1355.3
1354.69
1355.05
1355.29
1354.72
1355.06
1354.52
1355.18
1354.9
1354.33
1354.82
1355
1355.3
1354.64
1354.83
1355.42
1355.03
1354.97
1354.59
1355.17
1354.83
1354.58
1354.58
1355.09
1354.71
1354.97
1355.01
1355.01
1355.15
1355.62
1355.61
1355.32
1355.54
1355.11
1355.6
1355.24
1354.81
1354.93
1354.68
1355.09
1355.2
1355.24
1354.98
1354.71
1354.61
1354.97
1355.02
1355.24
1355.3
1354.85
1355.47
1355.17
1355.05
1354.87
1355.81
1355.02
1355.22
1355.26
1354.93
1354.78
1354.99
1355.16
1355.21
1355.05
1355.23
1355.18
1355.26
1355.01
1355.01
1354.97
1355.01
1355.24
1355.19
1355.26
1355.33
1355.18
1355.61
1355.1
1354.98
1354.86
1355.19
1354.84
1355.48
1355.54
1354.84
1354.84
1354.79
1355.13
1355.05
1354.88
1355.3
1354.7
1354.74
1355.2
1354.72
1354.97
1355.47
1355.34
1355.06
1354.97
1355.02
1355.43
1354.95
1354.79
1354.89
1355.27
1355.62
1354.88
1354.72
1354.88
1354.54
1355.29
1354.94
1355.54
1355.13
1355.04
1354.76
1355.27
1355.41
1355.23
1354.58
1354.87
1355.21
1354.62
1355.18
1355.08
1354.98
1354.7
1354.7
1354.86
1354.73
1355.24
1355.05
1354.99
1355.06
1354.65
1355.14
1355.35
1354.52
1355.1
1355.26
1354.65
1354.97
1355.59
1355.16
1354.55
1354.88
1355.04
1355.41
1354.91
1355.67
1354.66
1355.05
1354.69
1354.58
1354.81
1354.57
1354.65
1354.72
1354.77
1354.72
1354.99
1354.79
1354.86
1355.38
1354.94
1354.79
1355.2
1355.13
1354.85
1354.54
1354.8
1354.74
1354.93
1355.14
1355.53
1354.83
1355
1354.97
1355.53
1354.51
1355.11
1354.84
1354.78
1355.22
1355.07
1355.29
1355.04
1354.72
1354.6
1355.06
1354.73
1354.44
1354.87
1354.36
1354.81
1354.82
1354.72
1355.15
1355.42
1354.58
1354.74
1354.66
1355.09
1355
1355.56
1354.91
1355.34
1354.7
1354.69
1354.64
1354.83
1354.86
1354.79
1354.8
1354.7
1355.11
1354.85
1354.65
1354.82
1354.75
1355.06
1355
1354.79
1355.37
1354.86
1355.43
1355.09
1355.04
1354.84
1354.78
1355.03
1354.85
1354.81
1354.65
1355.07
1355
1355.11
1354.92
1354.52
1354.88
1354.98
1354.84
1354.83
1355.04
1354.87
1354.71
1354.93
1354.69
1354.65
1354.83
1354.59
1355.18
1355.03
1355.1
1355.27
1355.27
1355.13
1354.88
1354.92
1355.14
1354.48
1355.04
1354.64
1355.23
1354.62
1354.84
1355.31
1354.57
1355.31
1354.52
1354.59
1355.15
1356.35
1355.26
1355.16
1354.91
1354.8
1355.09
1355.33
1355.25
1355.14
1354.9
1355.16
1355.22
1354.43
1355.21
1355.29
1355.14
1354.74
1355.43
1355.09
1354.83
1355.01
1355.25
1355.28
1355.34
1354.87
1354.71
1355.49
1355.36
1355.14
1355.06
1355.21
1354.85
1354.99
1354.63
1355.04
1355
1355.17
1355.23
1354.99
1354.89
1355.26
1355.31
1354.83
1354.98
1354.91
1355.46
1354.98
1355.19
1354.75
1354.95
1354.79
1355.01
1354.58
1354.92
1355.2
1355.41
1354.85
1355.14
1355.36
1355.11
1354.8
1355.01
1354.36
1354.98
1355.14
1355.28
1355.16
1354.9
1355.77
1355.05
1355.48
1355.21
1355.28
1355.25
1354.72
1355.25
1354.88
1354.79
1354.75
1354.9
1355.29
1355.34
1355.77
1355.82
1355.79
1355.46
1355.31
1355.48
1354.96
1355.32
1355.51
1355.77
1355.32
1355.66
1355.32
1355.24
1355.79
1355.55
1355.66
1355.31
1355.45
1355.51
1355.36
1355.44
1355.24
1355.13
1355.09
1355.17
1355.4
1355.35
1355.6
1355.01
1355.27
1355.45
1355.43
1355.31
1355.32
1355.35
1356.01
1355.42
1355.53
1355.37
1355.31
1355.49
1355.22
1355.5
1354.88
1355.37
1355.42
1355.32
1355.21
1355.57
1355.67
1355.36
1355.07
1355.6
1355.4
1355.33
1355.54
1355.69
1355.51
1355.31
1355.04
1355.33
1356
1355.61
1355.83
1355.14
1355.27
1355.25
1355.82
1355.27
1355.44
1355.36
1355.39
1355.19
1355.24
1355.4
1355.31
1355.45
1355.34
1355.37
