1366.54
1358.69
1360.15
1361.32
1359.84
1359.61
1359.24
1359.49
1360.58
1360.42
1359.64
1362.57
1359.57
1359.42
1359.58
1359.4
1360.93
1359.69
1360.17
1358.87
1357.93
1358.86
1360.07
1359.52
1360.66
1360.41
1359.64
1358.44
1360.78
1358.14
1359.58
1360.72
1360.14
1358.98
1359.26
1361.98
1360.43
1360.62
1360.41
1359.46
1357.77
1359.33
1359.89
1360.8
1360.61
1360.43
1360.96
1360.94
1361.75
1358.77
1359.52
1358.98
1358.88
1358.54
1360.92
1359.66
1360.91
1358.95
1360.1
1359.65
1359.41
1360.83
1360.56
1359.42
1361.41
1360.26
1359.46
1359.37
1360.71
1360.44
1360.65
1359.26
1361.07
1360.41
1360.69
1360.13
1360.81
1361.28
1361.53
1361.32
1360.66
1361.22
1360.2
