200.898
200.536
200.693
200.532
200.603
200.779
200.546
200.644
200.519
200.666
200.695
200.593
200.45
200.513
200.511
200.186
200.264
200.429
200.534
200.282
200.077
200.212
200.029
200.16
199.95
200.252
200.162
199.872
200.211
199.948
200.101
200.078
200.079
200.117
200.022
200.051
200.229
200.083
200.194
200.487
200.175
199.958
199.96
200.136
200.376
200.239
199.982
199.848
199.965
200.281
200.13
199.819
199.862
199.803
199.69
199.297
199.61
199.34
199.569
199.369
199.361
199.717
199.68
199.46
199.244
199.645
199.604
199.679
199.53
199.396
199.445
199.334
199.657
199.418
199.324
199.513
199.406
199.383
199.079
199.206
198.99
198.957
199.079
198.857
198.732
198.819
199.081
199.094
199.115
198.812
199.021
198.966
199.032
199.206
199.002
198.98
198.917
198.99
198.893
198.886
198.899
198.805
199.246
198.672
198.798
198.812
198.773
198.825
198.531
198.824
198.68
198.781
198.616
198.634
198.653
198.516
198.765
198.519
198.373
198.581
198.345
198.449
198.58
198.568
198.534
198.565
198.431
198.614
198.238
198.585
198.287
198.165
198.554
198.293
198.144
198.404
198.421
198.325
198.425
198.245
198.234
198.216
198.234
197.983
198.276
198.222
197.949
197.916
197.815
197.778
197.907
197.757
197.274
197.884
197.484
197.521
197.334
197.546
197.613
197.425
197.41
197.307
197.465
197.164
197.107
197.366
197.403
197.37
197.378
197.469
197.109
197.206
197.209
197.092
197.382
197.279
197.198
197.284
197.087
197.036
197.042
196.946
197.289
196.942
197.1
196.845
197.292
196.886
196.984
196.898
196.901
196.854
196.971
197.109
196.928
196.714
196.739
196.918
196.767
196.684
196.602
196.699
196.763
196.615
196.631
196.452
196.733
196.508
196.512
196.42
196.41
196.467
196.355
196.591
196.588
196.403
196.449
196.638
196.533
196.453
196.258
196.549
196.188
196.271
196.295
196.346
196.231
195.835
195.919
195.792
195.629
196.077
195.932
195.923
195.993
195.902
195.869
195.805
195.607
195.563
195.556
195.419
195.496
195.472
195.29
195.751
195.308
195.401
195.073
195.297
195.317
195.309
195.275
195.261
195.454
195.18
195.264
195.288
195.232
195.373
195.18
195.244
195.159
195.102
195.099
195.184
195.222
194.99
194.944
195.181
195.033
194.913
195.107
195.246
194.928
195.086
195.059
194.954
194.837
194.833
194.812
194.732
194.79
194.625
194.666
194.428
194.537
194.425
194.513
194.46
194.548
194.583
194.42
194.379
194.422
194.296
194.267
194.084
194.09
194.29
194.237
194.078
194.085
193.992
193.946
193.897
193.961
193.868
193.891
193.845
193.781
193.762
193.907
193.829
194.042
193.744
193.809
193.733
193.875
193.889
193.91
194.106
194.012
193.905
193.859
193.808
193.862
193.932
193.597
193.755
193.637
193.641
193.677
193.931
193.546
193.856
193.771
193.739
193.723
193.601
193.689
193.609
193.639
193.753
193.661
193.837
193.721
193.7
193.837
193.831
193.641
193.731
193.602
193.627
193.702
193.621
193.537
193.371
193.475
193.47
193.376
193.306
193.404
193.448
193.529
193.341
193.378
193.386
193.268
193.26
193.203
193.386
193.332
193.154
193.055
193.208
193.095
193.23
193.207
193.188
193.46
192.992
193.149
193.078
193.189
192.973
193.104
192.924
192.966
192.75
192.718
192.803
192.89
192.779
192.776
192.849
192.796
192.94
192.942
192.761
192.762
192.889
192.746
192.783
192.714
192.665
192.775
192.565
192.751
192.825
192.865
192.908
192.666
192.889
192.805
193.048
192.873
192.859
192.67
192.72
192.84
192.662
192.65
192.742
192.805
192.787
192.763
192.788
192.58
192.551
192.593
192.754
192.53
192.572
192.331
192.58
192.629
192.594
192.59
192.667
192.695
192.601
192.602
192.519
192.469
192.526
192.47
192.539
192.38
192.518
192.349
192.4
192.428
192.283
192.329
192.378
192.374
192.487
192.259
192.345
192.297
192.354
192.251
192.246
192.26
192.478
192.436
192.181
192.236
192.209
192.355
192.315
192.393
192.265
192.313
192.297
192.049
192.347
192.361
192.019
192.07
192.229
192.194
192.164
192.029
192.164
191.87
192.133
191.884
192.196
192.102
192.29
192.347
192.22
192.063
192.065
191.955
191.917
191.935
192.129
191.988
192
192.167
191.831
192.017
192.091
192.011
192.051
191.956
191.959
191.841
191.927
191.951
191.896
191.856
192.044
191.949
191.896
191.914
191.779
191.917
191.803
191.954
191.85
191.822
191.696
191.752
191.855
191.715
191.673
191.751
191.532
191.698
191.644
191.542
191.588
191.611
191.639
191.498
191.492
191.446
191.519
191.484
191.389
191.488
191.493
191.279
191.268
191.185
191.364
191.265
191.358
191.365
191.259
191.488
191.297
191.308
191.206
191.116
191.103
190.901
191.045
191.194
191.112
190.807
191.077
190.978
191.044
191.023
190.819
191.024
191.017
191.055
190.959
191.027
190.945
190.824
191.036
191.008
191.031
190.976
191.053
190.928
190.746
190.972
190.937
190.932
190.963
190.672
190.848
190.7
190.823
190.767
190.736
190.928
190.784
190.869
190.818
190.747
190.807
190.861
190.69
190.863
190.589
190.711
190.809
190.673
190.668
190.494
190.59
190.675
190.687
190.593
190.429
190.476
190.668
190.445
190.472
190.565
190.461
190.44
190.414
190.471
190.474
190.505
190.515
190.583
190.491
190.463
190.99
197.908
198.384
197.931
198.337
198.043
198.134
197.955
198.033
198.141
198.023
198.123
197.804
197.984
197.892
197.977
197.767
197.782
197.647
197.641
197.591
197.886
197.585
197.664
197.756
197.433
197.463
197.628
197.445
197.286
197.066
196.915
197.307
197.155
197.381
197.18
197.062
197.14
196.988
197.197
197.177
197.248
197.381
197.022
197.382
197.536
197.225
197.498
197.347
197.054
197.392
197.19
197.392
197.307
197.287
197.148
197.212
196.982
197.204
196.982
197.059
196.847
197.05
196.826
196.841
196.769
196.629
196.895
196.806
196.643
196.77
196.894
197.011
196.756
196.67
196.983
196.88
196.832
196.785
196.759
196.673
196.615
196.74
196.464
196.66
196.577
196.523
196.291
196.556
196.373
196.236
196.411
196.09
196.278
196.143
196.528
196.395
196.23
196.342
196.332
196.238
196.295
196.207
196.385
196.39
196.189
196.326
196.381
196.383
196.286
196.281
196.363
196.41
196.23
196.408
196.11
196.248
196.328
196.037
196.363
196.366
196.206
196.297
196.158
196.295
196.283
196.325
196.242
196.357
196.096
196.088
196.176
196.279
196.141
195.993
196.016
196.213
196.063
195.942
196.022
196.031
195.872
196.228
196.057
196.01
196.049
195.626
195.766
195.826
196.005
195.815
195.755
195.992
195.786
196.047
195.81
195.886
195.863
195.812
196.002
196.065
195.788
195.982
196.158
196.152
195.935
195.855
196.067
196.036
196.167
196.161
195.84
196.122
196.075
196.083
195.751
195.693
195.637
195.782
195.943
195.782
195.978
195.994
195.93
195.904
195.867
195.779
195.711
196.064
195.819
195.7
195.642
195.779
195.626
195.731
195.64
195.604
195.468
195.456
195.39
195.56
195.663
195.543
195.509
195.66
195.516
195.873
195.726
195.679
195.712
195.701
195.468
195.665
195.725
195.281
195.567
195.482
195.212
195.263
195.017
195.091
194.984
194.996
194.85
195.1
194.73
194.558
194.731
194.632
194.572
194.529
194.305
194.371
194.448
194.418
194.458
194.489
194.394
194.196
194.398
194.331
194.35
194.403
194.388
194.446
194.38
194.492
194.341
194.13
194.328
194.141
194.146
194.214
194.387
194.202
194.215
194.266
194.151
194.075
194.145
194.189
194.224
194.205
194.292
194.085
193.984
193.822
193.873
194.146
193.94
193.795
193.689
193.915
193.858
193.882
193.921
194.099
194.033
193.859
194.067
193.988
193.823
193.972
194.081
194.029
193.931
193.909
193.973
193.518
193.839
193.852
193.885
193.803
193.705
193.83
193.882
193.569
193.655
193.638
193.576
193.733
193.851
193.676
193.883
193.792
193.796
193.67
193.65
193.659
193.492
193.622
193.54
193.474
193.444
193.502
193.407
193.525
193.317
193.565
193.348
193.497
193.465
193.696
193.627
193.436
193.528
193.624
193.437
193.419
193.355
193.51
193.256
193.372
193.367
193.303
193.401
193.535
193.235
193.417
193.429
193.291
193.354
193.102
193.182
193.329
193.171
193.102
193.077
193.14
193.014
193.175
192.898
192.974
192.951
193.041
192.968
193.147
193.014
193.036
192.908
192.987
192.953
192.821
193.02
192.966
192.881
192.836
192.816
192.856
192.845
192.987
192.66
192.859
192.842
192.866
192.703
192.737
192.822
192.613
192.81
192.842
192.929
192.848
192.905
192.784
192.742
193.047
192.865
192.864
192.957
192.837
192.93
192.747
192.902
192.93
192.722
192.768
192.87
192.877
192.92
192.857
192.792
192.828
192.893
192.708
192.636
192.627
192.409
192.487
192.523
192.546
192.592
192.453
192.639
192.673
192.511
192.58
192.658
192.551
192.544
192.451
192.726
192.713
192.536
192.653
192.515
192.596
192.467
192.583
192.53
192.451
192.462
192.527
192.52
192.505
192.462
192.592
192.709
192.607
192.69
192.642
192.789
192.847
192.592
192.656
192.798
192.704
192.759
192.661
192.635
192.622
192.616
192.535
192.552
192.608
192.514
192.566
192.619
192.475
192.528
192.515
192.682
192.673
192.581
192.537
192.344
192.333
192.22
192.326
192.34
192.428
192.357
192.458
192.352
192.121
192.317
192.053
192.381
192.33
192.547
192.385
192.364
192.44
192.41
192.329
192.306
192.539
192.595
192.395
192.339
192.31
192.25
192.17
192.167
192.262
192.288
192.293
192.294
192.424
192.295
192.384
192.227
192.282
192.277
192.185
192.249
192.124
192.069
192.135
192.146
192.082
192.064
192.154
192.019
192.065
192.072
192.117
192
192.037
192.114
191.971
192.071
192.036
192.145
192.088
192.018
192.297
192.05
191.909
191.896
191.886
191.718
192.023
191.803
191.86
192.069
192.142
191.956
192.016
192.049
192.108
192.024
192.041
191.813
192.018
191.955
191.951
191.957
191.899
191.981
192.087
192.072
191.873
192.122
192.011
192.17
192.155
191.997
191.941
192.021
192.001
191.901
191.871
191.989
191.876
191.762
191.878
192.159
191.934
192.098
192.009
191.778
191.933
191.857
191.767
191.672
192.02
191.747
191.64
191.753
191.854
191.792
191.724
191.71
191.697
191.693
191.706
191.73
191.804
191.867
191.814
191.962
191.7
191.829
191.673
191.706
191.712
191.718
191.698
191.511
191.608
191.606
191.46
191.52
191.317
191.482
191.497
191.481
191.462
191.464
191.277
191.36
191.4
191.295
191.322
191.43
191.295
191.175
191.307
191.126
191.193
191.09
191.298
191.071
191.177
191.206
191.287
191.321
191.094
191.032
191.038
190.93
191.001
191.067
191.037
191.004
190.961
190.936
190.964
190.98
191.011
190.943
191.139
190.826
190.98
190.874
190.965
190.693
190.723
190.951
190.906
190.869
190.756
190.875
190.683
190.802
190.846
190.798
190.803
190.961
190.876
190.796
190.691
190.796
190.735
190.684
190.903
190.827
190.723
190.842
190.735
190.946
190.93
190.873
190.798
190.935
190.79
190.986
190.88
190.807
190.767
190.776
190.696
190.751
190.831
190.883
190.824
190.696
190.652
190.676
190.8
190.757
190.724
190.795
190.52
190.663
190.553
190.62
190.721
190.632
190.676
190.633
190.653
190.692
190.674
190.676
190.742
190.655
190.634
190.712
191.756
190.538
190.655
190.479
190.484
190.593
190.513
190.659
190.453
190.519
190.633
190.492
190.483
190.504
190.585
190.376
190.568
190.436
190.527
190.405
190.344
190.422
190.314
190.188
190.342
190.384
190.313
190.324
190.335
190.171
190.333
190.185
190.354
190.313
190.213
190.204
190.225
190.014
190.116
190.121
190.214
189.979
190.174
190.168
190.153
190.039
190.112
190.139
189.956
190.081
190.117
190.067
190.081
190.143
190.075
190.107
190.124
190.05
190.106
190.083
189.948
189.899
189.914
189.902
189.898
189.8
189.833
189.909
189.752
189.829
189.799
189.803
189.845
189.892
189.72
189.811
190.048
189.881
189.879
189.706
189.725
189.736
189.765
189.789
189.739
189.658
189.875
189.792
189.695
189.691
189.675
189.565
189.67
189.747
189.681
189.559
189.666
189.567
189.551
189.584
189.528
189.399
189.5
189.593
189.577
189.537
189.412
189.737
189.313
189.479
189.441
189.565
189.527
189.428
189.526
189.334
189.466
189.561
189.373
189.439
189.415
189.333
189.424
189.421
189.34
189.399
189.374
189.421
189.496
189.442
189.455
189.526
189.517
189.476
189.504
189.414
189.348
189.278
189.352
189.377
189.395
189.38
189.374
189.448
189.4
189.39
189.366
189.215
189.339
189.495
189.374
189.244
189.219
189.224
189.326
189.313
189.243
189.214
189.246
189.626
189.24
189.286
189.249
189.318
189.279
189.301
189.333
189.326
189.45
189.227
189.302
189.288
189.305
189.465
189.309
189.19
189.162
189.19
189.244
189.225
189.166
189.162
189.113
189.598
189.227
189.165
189.172
189.115
189.081
189.037
189.041
189.027
189.104
189.084
189.067
189.001
189.045
189.053
188.973
188.976
188.955
189.029
188.933
188.858
188.947
189.041
188.931
189.041
188.91
188.879
188.939
188.786
189.657
188.899
188.965
188.938
188.938
188.913
188.863
188.932
188.874
188.931
188.901
188.929
188.854
188.807
188.913
188.829
188.931
188.871
188.957
188.877
188.969
188.929
188.919
188.891
189
188.859
188.901
188.939
188.916
188.999
188.929
188.896
188.92
188.947
188.964
188.856
188.951
188.821
188.901
188.921
188.827
188.943
188.924
188.936
188.956
188.92
188.835
188.875
188.794
188.774
188.84
188.816
188.914
188.86
188.894
188.886
188.851
188.739
188.825
188.739
188.793
188.864
188.719
188.761
188.771
188.647
188.646
189.538
188.93
188.565
188.574
188.732
188.579
188.64
188.528
188.59
188.528
188.562
188.544
188.573
188.574
188.442
188.564
188.51
188.555
188.406
188.517
188.57
188.536
188.548
188.554
188.6
188.536
188.538
188.492
188.423
188.47
188.48
188.485
188.498
188.556
188.422
188.451
188.492
188.495
188.43
188.45
188.488
188.492
188.43
188.411
188.383
188.418
188.405
188.5
188.368
188.459
188.449
188.351
188.327
188.465
188.393
188.609
188.404
188.375
188.376
188.325
188.379
188.303
188.372
188.383
188.357
188.324
188.356
188.373
188.254
188.364
188.347
188.246
188.297
188.292
188.27
188.354
188.36
188.359
188.277
188.25
188.253
188.277
188.268
188.232
188.364
188.327
188.338
188.342
189.038
188.363
188.31
188.256
189.328
188.29
188.23
188.26
188.22
188.299
188.343
188.233
188.158
188.175
188.245
188.278
188.206
188.18
188.262
188.174
188.203
188.213
188.27
188.276
188.115
188.18
188.259
188.23
188.292
188.206
188.182
188.199
188.188
188.161
188.194
188.167
188.151
188.129
188.197
188.193
188.173
188.099
188.194
188.158
188.083
188.182
188.088
188.092
188.032
188.022
188.145
188.052
188.161
188.096
188.052
188.069
188.094
188.071
188.068
188.154
188.092
188.065
188.073
188.088
188.053
188.062
188.077
188.048
188.033
188.111
188.071
188.106
187.994
188.017
188.03
188.028
187.978
187.988
188.035
188.044
187.909
187.96
187.983
187.939
187.973
187.9
187.917
187.949
187.975
187.906
187.911
187.909
187.887
187.941
187.851
187.897
187.878
187.913
187.912
187.933
187.877
187.876
187.894
187.934
187.909
187.968
187.935
187.941
187.869
188.005
187.87
187.942
187.845
187.828
187.838
187.878
187.879
187.907
187.876
187.871
187.903
187.854
187.825
187.864
187.831
187.855
187.89
187.814
187.849
187.811
187.932
187.938
187.996
188.027
187.949
187.998
187.98
187.955
188.002
187.966
188.002
188.065
187.997
187.939
187.938
187.895
187.971
187.954
187.926
187.988
187.967
188.016
187.918
187.98
187.958
188.008
188.034
188.001
187.975
187.976
188.053
188.086
187.969
187.963
187.986
188
187.949
187.915
187.96
187.978
187.971
187.976
187.932
188.03
187.993
187.967
187.901
188.008
187.949
187.924
187.959
188.009
187.892
187.931
187.929
187.978
187.961
188.029
187.922
187.96
187.919
187.935
188.055
187.982
188.02
187.957
187.91
187.962
187.893
187.918
187.886
187.892
187.915
188.017
187.981
187.98
187.993
188.024
187.88
187.925
187.873
187.854
187.901
187.916
187.904
187.887
187.91
187.951
187.933
187.899
187.88
187.914
187.865
187.934
187.889
187.837
187.844
187.854
187.873
187.855
187.837
187.861
187.882
187.894
187.869
187.829
187.784
187.81
187.864
187.885
187.925
187.813
187.878
188
187.822
187.802
187.793
187.853
187.806
187.923
187.842
187.852
187.845
187.895
187.881
187.84
187.855
187.85
187.867
187.867
187.86
187.829
187.869
187.874
187.82
187.862
187.868
187.853
187.83
187.795
188.016
187.784
187.821
187.85
187.873
187.831
187.869
187.818
187.797
187.827
187.828
187.798
187.787
187.821
187.797
187.832
187.852
187.76
187.835
187.804
187.871
187.809
187.831
187.797
188.151
187.842
187.778
187.799
187.797
187.808
187.792
187.789
187.73
187.834
187.835
187.778
187.794
187.768
187.795
187.784
187.768
187.747
187.787
187.74
187.767
187.789
187.749
187.803
187.78
187.768
187.752
187.744
187.732
187.693
187.671
188.125
187.727
187.761
187.771
187.704
187.727
187.741
187.754
187.743
187.721
187.721
187.705
187.712
187.743
187.683
187.674
187.677
187.739
187.754
187.731
187.615
187.684
188.011
187.712
187.68
187.73
187.683
187.738
187.766
187.696
187.723
187.684
187.743
187.769
187.76
187.723
187.657
187.765
187.77
187.722
187.689
187.763
187.722
187.756
187.726
187.742
187.715
187.763
187.716
187.671
187.805
187.681
187.67
187.682
187.675
187.693
187.708
187.686
187.677
187.668
187.666
187.711
187.674
187.636
187.643
187.727
187.636
187.615
187.638
187.646
190.32
187.652
187.662
187.662
187.665
187.666
187.617
187.601
187.713
187.699
187.67
187.638
187.654
187.659
187.655
187.67
187.68
187.649
187.666
187.709
187.664
187.668
187.638
187.61
187.665
187.648
187.635
187.671
187.6
187.586
187.767
187.643
187.619
187.626
187.592
187.661
187.691
187.691
187.642
187.686
187.604
187.682
187.685
187.62
187.665
187.675
187.598
187.69
187.657
187.624
187.693
187.654
187.651
187.656
187.643
187.63
187.685
187.633
187.62
187.666
187.608
187.609
187.633
187.642
187.689
187.612
187.701
187.598
187.571
187.6
187.607
187.557
187.637
187.657
187.684
187.635
187.579
187.561
187.608
187.844
187.573
187.663
187.616
187.585
187.602
187.612
187.541
187.582
187.617
187.611
187.564
187.591
187.589
187.63
187.625
187.581
187.596
187.624
187.564
187.602
187.575
187.607
187.578
187.595
187.581
187.578
187.62
187.616
187.596
187.592
187.523
187.868
187.548
187.52
187.572
187.611
187.549
187.578
187.571
187.578
187.494
187.599
187.629
187.563
187.603
187.549
187.519
187.592
187.522
187.553
187.577
187.556
187.586
187.605
187.543
187.555
187.54
187.562
187.562
187.539
187.786
187.548
187.622
187.589
187.574
187.517
187.553
187.553
187.538
187.574
187.559
188.248
187.549
187.492
187.528
187.512
187.459
193.071
187.483
187.703
187.45
187.478
187.459
187.456
187.49
187.461
187.415
187.496
187.463
187.437
187.477
187.437
187.458
187.386
187.458
187.583
187.458
187.507
187.494
187.488
187.493
187.472
187.45
187.511
187.482
187.522
187.536
187.473
187.468
187.457
187.79
187.426
187.432
187.441
187.494
187.453
187.482
187.463
187.469
187.473
187.488
187.461
187.461
187.467
187.496
187.474
187.466
187.533
187.462
187.459
187.468
187.471
187.476
187.45
187.494
187.483
187.478
187.503
187.465
187.471
187.495
187.425
187.445
187.444
187.481
187.47
187.441
187.444
187.478
187.482
187.448
187.458
187.421
187.415
187.474
187.497
187.435
187.496
188.093
187.443
187.498
187.456
187.454
187.48
187.477
187.492
187.463
187.491
187.433
187.469
187.472
187.457
187.449
187.477
187.444
187.541
187.508
187.517
187.495
187.479
187.484
187.453
187.452
187.473
187.481
187.443
187.525
187.46
187.47
187.462
187.493
187.461
187.476
187.473
187.507
187.469
187.455
187.445
187.458
187.511
187.472
187.436
187.454
187.463
187.459
187.462
187.498
187.46
187.439
187.458
187.472
187.439
187.464
187.456
187.468
187.454
187.47
187.501
187.491
187.469
187.519
187.434
187.494
187.512
187.462
187.462
187.47
187.484
187.464
187.423
187.567
187.542
187.477
187.438
187.486
187.49
187.485
187.484
187.461
187.438
187.437
187.457
187.484
187.446
187.49
187.437
187.448
187.451
187.468
187.44
187.451
187.447
187.466
187.507
187.468
187.462
187.455
187.452
187.455
187.437
187.454
187.457
187.469
187.499
187.467
187.494
187.467
187.451
187.475
187.46
187.467
187.473
187.447
187.455
187.475
187.418
187.443
187.479
187.425
187.464
187.468
187.458
187.42
187.426
187.467
187.452
187.451
187.485
187.459
187.465
187.469
187.412
187.435
187.43
187.421
187.455
187.472
187.411
187.446
187.466
187.465
187.502
187.425
187.469
187.431
187.446
187.461
187.448
187.484
187.456
187.451
187.459
187.454
187.413
187.455
187.435
187.44
187.452
187.602
187.453
187.455
187.491
187.489
187.42
187.457
187.452
187.443
187.443
187.428
187.44
187.449
187.435
187.442
187.45
187.477
187.426
187.456
187.451
187.438
187.414
187.446
187.463
187.487
187.432
187.442
187.468
187.441
187.447
187.45
187.422
187.445
187.431
187.487
187.46
187.421
187.422
187.448
187.448
187.416
187.438
187.447
187.385
187.462
187.446
187.437
187.456
187.436
187.422
187.683
187.468
187.469
187.48
187.402
187.461
187.427
187.422
187.422
187.457
187.447
187.444
187.407
187.415
188.301
187.45
187.434
187.4
187.427
187.435
187.437
187.453
187.471
187.488
188.667
187.458
187.447
187.474
187.444
187.449
187.472
187.503
187.472
187.484
187.449
187.495
187.472
187.46
187.481
187.463
187.474
187.481
187.495
187.465
187.437
187.461
187.486
187.472
187.479
187.48
187.492
187.482
187.478
187.472
187.491
187.478
187.512
187.456
187.491
187.481
187.484
187.432
187.467
187.497
187.449
187.451
187.5
187.496
187.451
187.489
187.454
187.449
187.475
187.471
187.518
187.483
187.503
187.431
187.492
187.464
187.494
187.465
187.481
187.468
187.51
187.522
187.461
187.547
187.495
187.452
187.461
187.428
187.494
187.506
187.493
187.491
187.482
187.471
187.469
187.483
187.499
187.452
187.496
187.494
187.466
187.499
187.492
187.48
187.503
187.506
187.48
187.491
187.489
187.487
187.48
187.484
187.491
187.497
187.504
187.543
187.458
187.474
187.446
187.48
187.508
187.503
187.48
187.411
187.479
187.485
187.563
187.479
187.437
187.534
187.469
187.46
187.463
187.46
187.445
187.52
187.44
187.461
187.464
187.442
187.438
187.518
187.468
187.51
187.462
187.507
187.456
187.515
187.45
187.437
187.437
188.347
195.819
195.565
195.503
195.543
195.466
195.363
195.341
195.511
195.286
195.046
195.144
195.272
195.24
194.957
194.798
195.036
194.924
194.723
194.928
195.03
195.097
194.973
195.017
194.992
195.081
194.931
195.021
194.944
195.03
194.879
194.918
194.939
194.962
194.916
195.143
194.851
194.968
194.921
194.851
194.769
194.702
194.657
194.75
194.633
194.749
194.788
194.738
194.887
194.884
195.03
194.64
194.728
194.565
194.587
194.778
194.966
194.795
194.848
194.907
194.799
194.864
194.761
194.849
194.936
194.839
195.006
194.935
194.817
194.705
194.981
194.889
194.999
194.857
194.664
194.704
194.667
194.813
194.771
194.594
194.558
194.585
194.597
194.251
194.551
194.498
194.479
194.521
194.495
194.399
194.349
194.307
194.361
194.445
194.512
194.324
194.387
194.56
194.596
194.397
194.364
194.386
194.54
194.31
194.336
194.275
194.188
194.327
194.128
194.202
194.053
194.196
194.193
194.204
194.153
194.184
194.126
194.076
193.97
193.807
194.017
193.977
193.934
193.963
193.932
194.051
193.944
194.079
193.938
193.88
193.86
193.895
193.813
193.697
193.553
193.528
193.659
193.666
193.636
193.563
193.836
193.624
193.696
193.648
193.671
193.572
193.642
193.548
193.626
193.575
193.684
193.492
193.44
193.404
193.516
193.423
193.571
193.408
193.403
193.515
193.418
193.396
193.369
193.447
193.352
193.398
193.48
193.367
193.315
193.435
193.36
193.351
193.37
193.362
193.389
193.42
193.069
193.11
193.182
193.227
193.143
193.108
193.323
193.301
193.153
193.01
193.075
193.088
192.964
193.027
193.012
193.081
193.116
193.1
193.007
193.264
193.11
193.337
193.065
193.155
193.009
192.892
192.74
192.955
192.855
192.851
192.647
192.781
192.764
192.826
192.628
192.925
192.991
192.783
192.762
192.923
192.776
193.012
192.848
193.025
192.71
192.813
192.823
192.882
192.803
192.983
192.648
192.793
192.692
192.668
192.437
192.574
192.426
192.558
192.532
192.543
192.524
192.546
192.667
192.489
192.453
192.323
192.261
192.478
192.306
192.327
192.265
192.202
192.168
192.167
192.23
192.232
192.188
192.059
191.967
191.973
192.132
192.092
191.996
191.94
192.056
192.232
192.076
192.169
191.993
191.991
192.055
191.796
191.944
191.931
191.966
191.896
192.07
191.942
191.947
192.011
191.978
191.953
191.762
191.984
191.932
191.86
192.034
191.983
191.856
191.859
191.855
191.849
192.044
191.876
191.738
191.786
191.689
191.634
191.684
191.543
191.608
191.505
191.522
191.688
191.579
191.793
191.72
191.736
191.496
191.524
191.505
191.502
191.616
191.579
191.552
191.54
191.348
191.443
191.458
191.405
191.36
191.379
191.186
191.414
191.301
191.315
191.331
191.272
191.329
191.367
191.236
191.264
191.35
191.363
191.277
191.365
191.058
191.218
191.129
191.174
191.363
191.363
191.284
191.255
191.361
191.219
191.408
191.053
191.222
191.214
191.239
191.282
191.165
191.261
191.208
191.099
191.055
191.041
190.841
191.001
190.865
190.863
190.959
190.852
190.916
190.743
190.817
190.725
190.769
190.809
190.745
190.838
190.801
190.659
190.72
190.718
190.602
190.645
190.695
190.505
190.44
190.59
190.616
190.597
190.31
190.394
190.328
190.375
190.469
190.512
190.253
190.275
190.283
190.349
190.31
190.196
190.394
190.189
190.368
190.249
190.246
190.279
190.104
190.247
190.205
190.076
190.175
190.033
190.065
189.989
190.054
190.047
190.082
190.001
190.069
190.096
190.132
190.192
190.036
190.02
189.991
189.975
190.005
189.93
190.007
190.035
190.119
189.93
190.031
190.117
190.044
189.957
190.083
190.001
190.17
190.054
190.022
190.037
190.009
190.064
189.979
189.946
190.004
190.016
189.909
189.938
189.911
189.9
189.773
189.805
189.923
189.797
189.839
189.827
189.933
189.786
189.628
189.739
189.577
189.71
189.635
189.58
189.724
189.618
189.775
189.642
189.557
189.539
189.536
189.504
189.564
189.489
189.623
189.501
189.597
189.609
189.636
189.733
189.753
189.756
189.647
189.699
189.873
189.597
189.577
189.55
189.713
189.984
189.9
189.887
189.728
189.883
189.893
189.834
189.825
189.804
189.77
189.66
189.729
189.784
189.748
189.673
189.639
189.797
189.56
189.651
189.634
189.56
189.519
189.447
189.379
189.527
189.538
189.574
189.561
189.563
189.339
189.404
189.473
189.374
189.509
189.479
189.411
189.437
189.363
189.366
189.309
189.214
189.145
189.181
189.185
189.126
189.118
189.107
189.131
189.094
189.154
189.139
189.139
189.074
188.971
189.027
188.977
189.018
189.102
189.107
189.048
188.932
188.913
188.848
188.852
188.915
189.023
189.104
188.959
189.032
189.037
189.005
188.997
189.083
189.007
189.061
188.979
188.992
188.981
188.949
188.936
189.002
188.93
188.86
189.016
189.022
189.048
189.02
189.024
188.95
189.058
188.92
189.017
188.86
188.994
189.035
188.956
189.009
189.044
188.992
188.997
189.018
188.909
189.038
188.967
188.997
189.033
188.907
189.014
188.862
188.926
188.877
188.907
188.933
188.958
189.005
188.864
188.949
188.886
188.956
188.952
189.083
188.961
189.029
188.927
188.891
188.9
188.907
188.969
188.999
188.885
189.017
188.965
189.011
189
188.983
189.018
189.025
188.981
188.955
188.939
188.987
188.975
188.949
189.062
188.909
188.934
188.968
189.113
189.01
188.917
188.949
188.992
188.935
188.924
189.028
189.007
188.894
188.989
188.858
188.82
188.856
189.011
188.89
188.932
188.866
189.114
193.179
193.212
193.182
192.999
192.926
193.012
192.962
193.118
193.049
193.195
193.042
192.943
192.9
192.933
192.797
192.959
192.912
192.853
192.905
192.908
192.81
192.929
192.863
192.952
192.873
192.919
192.829
192.598
192.688
192.771
192.671
192.536
192.664
192.739
192.448
192.497
192.529
192.589
192.648
192.61
192.459
192.441
192.382
192.3
192.22
192.254
192.182
192.058
192.188
192.096
192.16
192.065
192.217
192.291
192.109
192.33
192.205
192.229
192.208
192.225
192.274
192.102
192.142
192.016
192.159
191.991
191.999
192.07
192.181
192.018
192.076
192.038
192.028
192.031
191.841
191.815
191.89
191.83
191.883
191.803
191.726
191.879
191.578
191.845
191.763
191.919
191.855
191.919
191.866
191.715
191.743
191.618
191.696
191.57
191.545
191.493
191.45
191.488
191.589
191.441
191.449
191.384
191.333
191.377
191.306
191.364
191.383
191.301
191.299
191.207
191.19
191.043
191.152
191.087
191.14
191.047
191.048
191.105
190.988
191.09
190.999
190.953
190.921
190.924
190.937
190.978
190.984
190.988
190.819
190.897
190.796
190.962
190.971
190.757
190.816
190.661
190.602
190.622
190.58
190.666
190.55
190.525
190.475
190.626
190.533
190.397
190.421
190.376
190.296
190.371
190.366
190.365
190.245
190.272
190.207
190.245
190.183
190.184
190.063
190.101
190.122
190.054
190.023
190.073
190.089
190.097
190.047
189.917
190.051
189.995
189.971
189.883
189.839
189.877
189.758
189.761
189.77
189.702
189.833
189.833
189.73
189.795
189.6
189.584
189.546
189.693
189.605
189.647
189.709
189.75
189.783
189.717
189.713
189.797
189.628
189.622
189.497
189.602
189.568
189.588
189.634
189.512
189.575
189.525
189.606
189.475
189.408
189.496
189.542
189.493
189.395
189.382
189.493
189.435
189.414
189.375
189.333
189.402
189.387
189.376
189.384
189.379
189.325
189.413
189.33
189.441
189.342
189.391
189.301
189.466
189.332
189.243
189.363
189.305
189.337
189.27
189.285
189.353
189.287
189.273
189.341
189.268
189.335
189.408
189.358
189.389
189.461
189.48
189.556
189.458
189.431
189.291
189.386
189.357
189.457
189.452
189.396
189.323
189.398
189.316
189.361
189.471
189.425
189.41
189.337
189.353
189.397
189.356
189.276
189.289
189.404
189.361
189.359
189.169
189.28
189.292
189.201
189.283
189.15
189.223
189.19
189.217
189.237
189.293
189.282
189.203
189.205
189.127
189.062
189.141
189.099
189.112
189.074
189.033
188.93
188.922
188.998
188.881
188.856
188.967
188.953
188.847
188.896
188.95
188.872
188.941
188.836
188.815
188.877
188.818
188.799
188.795
188.761
188.75
188.669
188.637
188.665
188.624
188.645
188.595
188.556
188.683
188.586
188.544
188.52
188.484
188.459
188.375
188.403
188.436
188.399
188.348
188.449
188.369
188.43
188.422
188.463
188.409
188.43
188.323
188.435
188.456
188.368
188.517
188.523
188.449
188.399
188.419
188.399
188.398
188.439
188.391
188.385
188.29
188.361
188.228
188.222
188.171
188.235
188.189
188.166
188.117
188.14
188.008
188.09
188.085
188.098
188.132
188.156
188.089
188.083
188.07
188.192
188.097
188.06
188.045
188.012
188.07
188.12
188.036
188.027
187.984
187.891
187.946
187.885
187.883
187.881
187.901
187.859
187.897
187.922
187.932
187.92
187.91
187.897
187.872
187.835
187.906
187.942
187.876
187.884
187.985
187.913
187.909
187.829
187.918
187.889
187.931
187.899
187.934
187.941
187.918
187.928
187.917
187.894
187.942
187.881
187.962
187.957
187.906
187.895
187.878
187.896
187.976
187.864
187.868
187.918
187.77
187.845
187.852
187.809
187.817
187.801
187.818
187.845
187.859
187.816
187.871
187.819
187.822
187.83
187.87
187.762
187.769
187.812
187.806
187.799
187.864
187.809
187.779
187.803
187.789
187.767
187.857
187.856
187.78
187.755
187.754
187.826
187.791
187.778
187.767
187.814
187.793
187.847
187.747
187.78
187.776
187.813
187.758
187.749
187.813
187.75
187.754
187.79
187.757
187.78
187.744
187.758
187.752
187.785
187.74
187.745
187.797
187.742
187.847
187.757
187.705
187.722
187.722
187.711
187.767
187.703
187.778
187.733
187.794
187.752
187.811
187.791
187.779
187.807
187.732
187.727
187.705
187.633
187.739
187.716
187.732
187.753
187.716
187.779
187.684
187.734
187.742
187.702
187.717
187.639
187.684
187.727
187.671
187.748
187.602
187.717
187.676
187.677
187.692
187.693
187.686
187.698
187.759
187.626
187.748
187.589
187.638
187.635
187.641
187.581
187.616
187.648
187.667
187.621
187.689
187.659
187.669
187.688
187.701
187.629
187.612
187.617
187.623
187.686
187.66
187.739
187.665
187.667
187.692
187.638
187.645
187.602
187.701
187.586
187.573
187.64
187.604
187.58
187.633
187.707
187.67
187.692
187.716
187.667
187.642
187.641
187.646
187.69
187.641
187.667
187.67
187.723
187.646
187.692
187.69
187.686
187.624
187.645
187.625
187.682
187.613
187.625
187.631
187.648
187.674
187.646
187.602
187.724
187.728
187.743
187.722
187.69
187.712
187.72
187.682
187.746
187.724
187.717
187.682
187.706
187.734
187.777
187.764
187.767
187.736
187.689
187.769
187.725
187.773
187.761
187.725
187.71
187.733
187.707
187.721
187.71
187.76
187.735
187.69
187.727
187.741
187.675
187.663
187.714
187.67
187.662
187.715
187.676
187.659
187.683
187.713
187.702
187.689
187.792
187.759
187.706
187.699
187.7
187.714
187.668
187.742
187.706
187.706
187.734
187.737
187.711
187.69
187.744
187.772
187.778
187.83
187.811
187.765
187.716
187.797
187.777
187.794
187.749
187.731
187.779
187.76
187.738
187.781
187.819
187.807
187.761
187.805
187.796
187.816
187.84
187.725
187.748
187.755
187.721
187.733
187.679
187.763
187.641
187.763
187.65
187.729
187.666
187.704
187.635
187.73
187.765
187.676
187.664
187.631
187.766
187.717
187.669
187.733
187.725
187.718
187.731
187.706
187.709
187.677
187.698
187.654
187.665
187.638
187.687
187.625
187.705
187.645
187.662
187.62
187.668
187.643
187.596
187.591
187.678
187.607
187.626
187.63
187.616
187.577
187.602
187.658
187.672
187.681
187.674
187.57
187.637
187.574
187.637
187.603
187.581
187.639
187.588
187.626
187.549
187.582
187.653
187.642
187.625
187.613
187.636
187.666
187.646
187.719
187.636
187.696
187.629
187.601
187.657
187.673
187.597
187.597
187.588
187.668
187.683
187.685
187.6
187.664
187.656
187.657
187.64
187.65
187.627
187.625
187.596
187.594
187.655
187.665
187.654
187.677
187.603
187.565
187.637
187.601
187.543
187.63
187.565
187.566
187.563
187.549
187.551
187.539
187.584
187.541
187.581
187.614
187.597
187.56
187.56
187.556
187.564
187.629
187.601
187.602
187.598
187.59
187.56
187.596
187.553
187.603
187.55
187.594
187.586
187.599
187.615
187.582
187.547
187.549
187.587
187.604
187.606
187.575
187.553
187.573
187.572
187.549
187.5
187.604
187.61
187.665
187.656
187.604
187.617
187.616
187.629
187.688
187.592
187.603
187.628
187.642
187.597
187.71
187.585
187.566
187.615
187.541
187.611
187.583
187.582
187.597
187.547
187.503
187.545
187.54
187.623
187.63
187.583
187.62
187.566
187.589
187.64
187.638
187.635
187.654
187.583
187.548
187.611
187.597
187.616
187.589
187.684
187.592
187.567
187.636
187.617
187.623
187.616
187.687
187.637
187.619
187.603
187.62
187.612
187.644
187.634
187.622
187.654
187.615
187.572
187.665
187.67
187.617
187.667
187.659
187.575
187.627
187.633
187.595
187.613
187.596
187.571
187.614
187.587
187.64
187.573
187.579
187.614
187.548
187.583
187.558
187.558
187.541
187.549
187.535
187.527
187.551
187.492
187.513
187.494
187.5
187.532
187.558
187.568
187.538
187.545
187.542
187.524
187.513
187.55
187.501
187.519
187.531
187.563
187.511
187.545
187.534
187.565
187.538
187.493
187.53
187.538
187.534
187.548
187.555
187.571
187.532
187.519
187.49
187.526
187.534
187.53
187.607
187.502
187.53
187.519
187.535
187.536
187.509
187.515
187.526
187.564
187.509
187.534
187.551
187.516
187.493
187.529
187.581
187.487
187.533
187.553
187.506
187.519
187.527
187.591
187.526
187.555
187.574
187.533
187.571
187.578
187.502
187.511
187.503
187.494
187.489
187.509
187.516
187.511
187.513
187.507
187.481
187.51
187.508
187.526
187.486
187.491
187.442
187.52
187.499
187.558
187.502
187.506
187.513
187.492
187.531
187.545
187.51
187.525
187.553
187.495
187.462
187.534
187.468
187.52
187.454
187.471
187.468
187.484
187.538
187.463
187.48
187.491
187.483
187.514
187.485
187.518
187.548
187.519
187.488
187.537
187.541
187.54
187.543
187.561
187.535
187.561
187.558
187.559
187.622
187.589
187.615
187.56
187.554
187.61
187.607
187.57
187.648
187.624
187.63
187.589
187.565
187.617
187.595
187.566
187.611
187.653
187.655
187.678
187.58
187.545
187.65
187.643
187.607
187.622
187.582
187.615
187.619
187.627
187.576
187.59
187.551
187.596
187.595
187.599
187.57
187.627
187.585
187.618
187.557
187.582
187.638
187.616
187.552
187.593
187.523
187.525
187.537
187.507
187.52
187.504
187.528
187.498
187.559
187.475
187.559
187.52
187.435
187.534
187.579
187.5
187.46
187.507
187.499
187.541
187.499
187.526
187.52
187.464
187.475
187.462
187.429
187.451
187.477
187.495
187.528
187.478
187.499
187.503
187.553
187.462
187.491
187.479
187.494
187.488
187.487
187.488
187.528
187.464
187.528
187.489
187.454
187.485
187.426
187.493
187.416
187.486
187.479
187.466
187.479
187.45
187.522
187.504
187.48
187.49
187.46
187.493
187.407
187.477
187.468
187.481
187.478
187.465
187.476
187.528
187.457
187.517
187.499
187.522
187.498
187.508
187.507
187.524
187.516
187.592
187.493
187.486
187.471
187.463
187.495
187.451
187.453
187.456
187.447
187.477
187.457
187.472
187.465
187.461
187.484
187.502
187.441
187.483
187.442
187.437
187.428
187.447
187.44
187.485
187.54
187.445
187.49
187.46
187.528
187.515
187.482
187.525
187.567
187.503
187.47
187.523
187.507
187.486
187.481
187.472
187.473
187.478
187.538
187.522
187.427
187.531
187.477
187.433
187.485
187.459
187.49
187.464
187.486
187.485
187.47
187.498
187.499
187.443
187.497
187.503
187.547
187.572
187.512
187.479
187.502
187.523
187.467
187.471
187.478
187.474
187.467
187.466
187.48
187.431
187.448
187.441
187.504
187.523
187.502
187.505
187.486
187.458
187.507
187.454
187.471
187.449
187.488
187.406
187.46
187.415
187.463
187.496
187.5
187.454
187.493
187.551
187.451
187.473
187.468
187.476
187.547
187.451
187.501
187.477
187.464
187.438
187.495
187.51
187.528
187.446
187.469
187.435
187.452
187.47
187.508
187.48
187.471
187.488
187.455
187.501
187.5
187.562
187.491
187.55
187.532
187.515
187.553
187.543
187.508
187.551
187.583
187.473
187.472
187.55
187.503
187.525
187.498
187.519
187.54
187.536
187.541
187.6
187.556
187.538
187.531
187.567
187.574
187.598
187.536
187.565
187.564
187.592
187.534
187.529
187.494
187.496
187.471
187.519
187.536
187.489
187.555
187.524
187.586
187.498
187.552
187.548
187.492
187.533
187.587
187.59
187.531
187.562
187.577
187.578
187.45
187.551
187.5
187.499
187.512
187.486
187.509
187.547
187.487
187.473
187.515
187.48
187.48
187.479
187.43
187.458
187.555
187.488
187.48
187.479
187.469
187.441
187.439
187.503
187.439
187.419
187.48
187.532
187.477
187.489
187.464
187.478
187.422
187.47
187.462
187.535
187.486
187.495
187.478
187.45
187.424
187.49
187.495
187.506
187.43
187.497
187.46
187.494
187.482
187.49
187.538
187.472
187.502
187.438
187.507
187.444
187.462
187.433
187.468
187.461
187.481
187.434
187.489
187.434
187.473
187.455
187.461
187.449
187.476
187.408
187.428
187.426
187.416
187.452
187.447
187.471
187.446
187.477
187.478
187.495
187.431
187.437
187.451
187.406
187.452
187.457
187.532
187.453
187.455
187.483
187.468
187.475
187.463
187.422
187.43
187.41
187.479
187.41
187.369
187.423
187.423
187.414
187.452
187.431
187.44
187.397
187.449
187.461
187.381
187.407
187.399
187.403
187.442
187.44
187.433
187.551
187.417
187.432
187.418
187.385
187.395
187.395
187.376
187.396
187.366
187.386
187.382
187.387
187.358
187.411
187.364
187.381
187.403
187.388
187.424
187.408
187.383
187.402
187.398
187.43
187.441
187.4
187.388
187.382
187.438
187.403
187.397
187.445
187.413
187.432
187.373
187.433
187.442
187.407
187.458
187.411
187.404
187.427
187.41
187.382
187.417
187.392
187.426
187.424
187.39
187.42
187.365
187.394
187.438
187.42
187.419
187.429
187.394
187.394
187.418
187.439
187.431
187.409
187.384
187.414
187.356
187.428
187.451
187.419
187.412
187.395
187.402
187.393
187.412
187.382
187.398
187.363
187.361
187.375
187.409
187.401
187.436
187.393
187.442
187.399
187.411
187.373
187.386
187.432
187.391
187.441
187.355
187.394
187.386
187.389
187.361
187.388
187.428
187.361
187.393
187.373
187.397
187.426
187.368
187.386
187.386
187.338
187.331
187.378
187.404
187.366
187.394
187.411
187.415
187.383
187.324
187.377
187.345
187.396
187.356
187.408
187.33
187.388
187.39
187.378
187.408
187.399
187.391
187.412
187.386
187.334
187.382
187.376
187.36
187.344
187.353
187.368
187.389
187.365
187.351
187.378
187.395
187.361
187.391
187.372
187.374
187.366
187.375
187.4
187.419
187.373
187.409
187.384
187.425
187.323
187.366
187.352
187.406
187.346
187.356
187.39
187.366
187.346
187.407
187.395
187.429
187.37
187.359
187.359
187.417
187.413
187.332
187.357
187.373
187.336
187.355
187.418
187.618
187.367
187.368
187.413
187.321
187.374
187.404
187.38
187.386
187.39
187.387
187.368
187.385
187.37
187.346
187.379
187.393
187.371
187.375
187.398
187.407
187.458
187.356
187.351
187.322
187.424
187.349
187.35
187.379
187.359
187.388
187.33
187.342
187.399
187.378
187.348
187.391
187.339
187.366
187.393
187.374
187.347
187.413
187.408
187.393
187.373
187.377
187.413
187.409
187.43
187.388
187.371
187.318
187.404
187.366
187.347
187.363
187.365
187.386
187.384
187.422
187.407
187.453
187.376
187.383
187.367
187.399
187.405
187.351
187.409
187.354
187.348
187.338
187.399
187.388
187.365
187.335
187.406
187.339
187.391
187.363
187.413
187.424
187.364
187.388
187.349
187.377
187.405
187.389
187.391
187.395
187.355
187.367
187.381
187.402
187.34
187.399
187.378
187.351
187.387
187.393
187.363
187.376
187.441
187.376
187.379
187.362
187.362
187.379
187.344
187.393
187.376
187.434
187.347
187.427
187.386
187.366
187.335
187.371
187.376
187.416
187.391
187.396
187.37
187.36
187.364
187.394
187.421
187.4
187.383
187.469
187.415
187.386
187.397
187.395
187.395
187.416
187.395
187.422
187.36
187.374
187.41
187.379
187.408
187.413
187.433
187.436
187.432
187.42
187.453
187.364
187.456
187.49
187.383
187.428
187.474
187.437
187.429
187.454
187.481
187.425
187.463
187.424
187.443
187.451
187.415
187.492
187.439
187.404
187.433
187.452
187.45
187.489
187.444
187.494
187.51
187.553
187.432
187.496
187.471
187.444
187.449
187.438
187.534
187.449
187.436
187.426
187.421
187.453
187.454
187.491
187.417
187.446
187.465
187.387
187.412
187.408
187.403
187.397
187.443
187.46
187.45
187.461
187.436
187.442
187.428
187.443
187.439
187.444
187.395
187.394
187.442
187.409
187.389
187.369
187.35
187.41
187.385
187.41
187.46
187.43
187.431
187.402
187.407
187.395
187.463
187.418
187.401
187.45
187.393
187.455
187.431
187.435
187.445
187.429
187.481
187.447
187.498
187.438
187.444
187.475
187.456
187.424
187.43
187.474
187.508
187.522
187.417
187.416
187.499
187.472
187.506
187.548
187.506
187.515
187.494
187.548
187.555
187.54
187.698
187.513
187.54
187.527
187.567
187.585
187.6
187.585
187.589
187.575
187.588
187.584
187.579
187.605
187.557
187.581
187.562
187.551
187.645
187.681
187.599
187.65
187.595
187.601
187.672
187.599
187.609
187.575
187.55
187.521
187.578
187.544
187.489
187.521
187.558
187.533
187.469
187.508
187.521
187.515
187.506
187.545
187.507
187.558
187.518
187.589
187.532
187.501
187.484
187.477
187.515
187.406
187.493
187.473
187.455
187.448
187.455
187.458
187.441
187.465
187.492
187.439
187.404
187.483
187.469
187.454
187.453
187.489
187.452
187.425
187.452
187.457
187.412
187.464
187.487
187.426
187.457
187.461
187.457
187.461
187.399
187.473
187.415
187.441
187.376
187.405
187.411
187.449
187.409
187.426
187.471
187.443
187.467
187.429
187.464
187.445
187.478
187.441
187.428
187.471
187.456
187.424
187.396
187.475
187.488
187.424
187.448
187.375
187.408
187.455
187.408
187.393
187.434
187.371
187.396
187.395
187.383
187.433
187.36
187.415
187.382
187.349
187.367
187.4
187.395
187.39
187.391
187.356
187.35
187.377
187.341
187.379
187.376
187.355
187.397
187.376
187.426
187.383
187.351
187.364
187.387
187.424
187.37
187.347
187.333
187.346
187.365
187.368
187.343
187.378
187.379
187.394
187.353
187.385
187.428
187.38
187.367
187.352
187.357
187.332
187.369
187.365
187.337
187.354
187.382
187.414
187.372
187.358
187.37
187.431
187.351
187.378
187.368
187.398
187.391
187.41
187.385
187.425
187.414
187.362
187.353
187.377
187.424
187.37
187.389
187.346
187.401
187.365
187.367
187.392
187.383
187.403
187.394
187.415
187.373
187.367
187.377
187.376
187.389
187.359
187.392
187.362
187.374
187.375
187.388
187.383
187.432
187.389
187.378
187.394
187.381
187.378
187.355
187.313
187.38
187.348
187.408
187.428
187.381
187.346
187.438
187.347
187.418
187.346
187.38
187.389
187.368
187.405
187.392
187.386
187.389
187.536
187.438
187.393
187.369
187.412
187.404
187.351
187.433
187.386
187.338
187.369
187.37
187.365
187.398
187.401
187.37
187.393
187.383
187.399
187.442
187.323
187.429
187.458
187.369
187.398
187.398
187.39
187.405
187.428
187.443
187.392
187.485
187.395
187.353
187.354
187.372
187.492
187.442
187.356
187.353
187.4
187.414
187.394
187.396
187.416
187.361
187.428
187.385
187.427
187.391
187.413
187.398
187.425
187.387
187.446
187.386
187.448
187.418
187.416
187.471
187.481
187.459
187.402
187.38
187.398
187.45
187.444
187.435
187.519
187.456
187.436
187.442
187.423
187.391
187.407
187.465
187.475
187.403
187.517
187.441
187.501
187.468
187.474
187.463
187.478
187.528
187.44
187.501
187.46
187.507
187.524
187.602
187.465
187.525
187.496
187.542
187.543
187.552
187.497
187.498
187.512
187.574
187.529
187.491
187.512
187.495
187.541
187.572
187.49
187.492
187.574
187.512
187.504
187.552
187.554
187.569
187.644
187.627
187.606
187.644
187.565
187.566
187.561
187.675
187.606
187.593
187.605
187.628
187.586
187.591
187.51
187.568
187.541
187.53
187.548
187.527
187.499
187.564
187.574
187.55
187.568
187.544
187.568
187.502
187.528
187.532
187.499
187.575
187.618
187.532
187.6
187.648
187.626
187.654
187.611
187.56
187.612
187.558
187.547
187.541
187.503
187.47
187.514
187.534
187.54
187.467
187.502
187.529
187.518
187.487
187.466
187.464
187.401
187.483
187.452
187.503
187.536
187.513
187.498
187.522
187.568
187.536
187.496
187.492
187.486
187.509
187.498
187.502
187.52
187.589
187.561
187.518
187.501
187.563
187.489
187.503
187.508
187.452
187.488
187.463
187.428
187.5
187.488
187.524
187.461
187.51
187.575
187.537
187.508
187.628
187.59
187.56
187.528
187.527
187.529
187.495
187.543
187.538
187.541
187.51
187.545
187.561
187.563
187.538
187.541
187.553
187.583
187.633
187.547
187.601
187.497
187.594
187.567
187.516
187.557
187.581
187.516
187.567
187.581
187.541
187.519
187.55
187.557
187.671
187.505
187.515
187.509
187.497
187.455
187.509
187.468
187.465
187.521
187.505
187.509
187.525
187.536
187.491
187.486
187.543
187.517
187.495
187.5
187.56
187.56
187.464
187.494
187.505
187.46
187.469
187.444
187.521
187.499
187.445
187.423
187.467
187.519
187.42
187.476
187.492
187.488
187.534
187.458
187.497
187.458
187.531
187.517
187.491
187.454
187.475
187.482
187.463
187.451
187.436
187.449
187.483
187.426
187.465
187.437
187.437
187.481
187.449
187.449
187.419
187.385
187.476
187.409
187.461
187.39
187.4
187.433
187.459
187.44
187.454
187.381
187.394
187.366
187.378
187.417
187.382
187.414
187.356
187.464
187.451
187.386
187.39
187.421
187.39
187.344
187.388
187.375
187.399
187.386
187.433
187.387
187.437
187.368
187.367
187.374
187.435
187.396
187.419
187.399
187.423
187.353
187.357
187.347
187.347
187.344
187.388
187.371
187.367
187.44
187.402
187.407
187.384
187.403
187.375
187.396
187.344
187.393
187.364
187.392
187.447
187.346
187.347
187.416
187.339
187.352
187.367
187.384
187.446
187.41
187.387
187.389
187.372
187.348
187.385
187.377
187.4
187.428
187.342
187.317
187.382
187.393
187.417
187.419
187.389
187.376
187.427
187.397
187.372
187.365
187.364
187.365
187.385
187.37
187.345
187.381
187.373
187.401
187.397
187.408
187.364
187.399
187.456
187.403
187.407
187.368
187.424
187.364
187.386
187.373
187.383
187.372
187.402
187.397
187.372
187.381
187.406
187.421
187.343
187.398
187.371
187.419
187.392
187.339
187.404
187.389
187.527
187.41
187.393
187.332
187.376
187.367
187.398
187.345
187.354
187.361
187.371
187.356
187.371
187.424
187.411
187.38
187.394
187.416
187.366
187.366
187.383
187.324
187.37
187.357
187.395
187.383
187.339
187.382
187.342
187.347
187.372
187.392
187.431
187.364
187.394
187.383
187.43
187.417
187.416
187.429
187.383
187.375
187.365
187.384
187.353
187.314
187.351
187.403
187.375
187.42
187.365
187.376
187.373
187.34
187.358
187.427
187.467
187.364
187.449
187.403
187.392
187.391
187.412
187.36
187.42
187.373
187.399
187.4
187.425
187.445
187.345
187.393
187.368
187.402
187.412
187.368
187.405
187.396
187.399
187.383
187.379
187.397
187.422
187.391
187.388
187.361
187.376
187.397
187.399
187.331
187.357
187.454
187.415
187.385
187.4
187.406
187.422
187.386
187.436
187.368
187.419
187.383
187.394
187.463
187.487
187.33
187.354
187.347
187.375
187.359
187.557
187.413
187.376
187.423
187.463
187.39
187.39
187.422
187.44
187.409
187.412
187.441
187.476
187.431
187.448
187.395
187.417
187.363
187.383
187.382
187.394
187.349
187.356
187.367
187.407
187.378
187.381
187.432
187.402
187.398
187.395
187.407
187.402
187.38
187.42
187.366
187.37
187.421
187.356
187.392
187.421
187.466
187.364
187.397
187.362
187.397
187.41
187.38
187.376
187.377
187.377
187.344
187.392
187.389
187.453
187.394
187.415
187.371
187.383
187.332
187.358
187.437
187.349
187.381
187.388
187.41
187.373
187.388
187.37
187.391
187.345
187.377
187.397
187.418
187.395
187.508
187.366
187.419
187.381
187.395
187.384
187.388
187.384
187.377
187.387
187.375
187.392
187.401
187.392
187.408
187.369
187.422
187.391
187.352
187.333
187.414
187.352
187.409
187.429
187.361
187.464
187.398
187.394
187.406
187.381
187.428
187.421
187.353
187.402
187.392
187.413
187.321
187.415
187.405
187.36
187.432
187.384
187.362
187.389
187.389
187.398
187.44
187.41
187.368
187.375
187.383
187.353
187.409
187.375
187.417
187.385
187.379
187.389
187.42
187.358
187.404
187.442
187.36
187.422
187.46
187.426
187.401
187.449
187.424
187.405
187.431
187.447
187.471
187.434
187.417
187.482
187.443
187.499
187.446
187.519
187.504
187.346
187.379
187.379
187.386
187.349
187.438
187.398
187.43
187.425
187.438
187.34
187.379
187.408
187.365
187.365
187.415
187.443
187.394
187.452
187.38
187.412
187.396
187.386
187.431
187.437
187.411
187.389
187.381
187.473
187.393
187.401
187.384
187.394
187.396
187.389
187.421
187.432
187.41
187.355
187.381
187.35
187.392
187.436
187.404
187.351
187.381
187.393
187.411
187.409
187.442
187.44
187.436
187.412
187.364
187.415
187.372
187.432
187.398
187.414
187.38
187.386
187.413
187.393
187.429
187.42
187.407
187.452
187.436
187.48
187.411
187.443
187.454
187.389
187.432
187.387
187.478
187.421
187.432
187.382
187.354
187.426
187.448
187.455
187.42
187.402
187.4
187.382
187.414
187.397
187.382
187.414
187.38
187.442
187.423
187.408
187.373
187.443
187.459
187.405
187.387
187.436
187.401
187.413
187.395
187.423
187.412
187.422
187.416
187.444
187.403
187.417
187.417
187.401
187.41
187.411
187.388
187.438
187.442
187.406
187.41
187.354
187.369
187.396
187.332
187.394
187.352
187.383
187.426
187.412
187.374
187.435
187.431
187.609
187.433
187.396
187.424
187.388
187.414
187.412
187.384
187.393
187.415
187.444
187.468
187.419
187.404
187.432
187.4
187.457
187.391
187.463
187.442
187.41
187.409
187.434
187.411
187.472
187.438
187.435
187.412
187.432
187.386
187.381
187.434
187.424
187.456
187.43
187.375
187.436
187.425
187.397
187.474
187.425
187.424
187.444
187.403
187.401
187.377
187.423
187.407
187.365
187.384
187.428
187.385
187.411
187.416
187.44
187.333
187.398
187.375
187.372
187.416
187.408
187.415
187.42
187.369
187.371
187.41
187.381
187.45
187.375
187.457
187.475
187.386
187.412
187.403
187.337
187.387
187.394
187.38
187.397
187.393
187.45
187.382
187.43
187.437
187.406
187.411
187.437
187.38
187.374
187.424
187.384
187.395
187.381
187.4
187.424
187.366
187.385
187.407
187.395
187.402
187.385
187.382
187.365
187.387
187.396
187.435
187.401
187.424
187.383
187.385
187.384
187.426
187.445
187.387
187.345
187.418
187.448
187.435
187.368
187.401
187.366
187.549
187.787
187.795
187.836
187.754
187.777
187.763
187.768
187.725
187.737
187.729
187.676
187.715
187.724
187.619
187.69
187.691
187.687
187.672
187.699
187.743
187.736
187.724
187.698
187.625
187.711
187.687
187.72
187.722
187.797
187.706
187.846
187.851
187.796
187.771
187.866
187.899
187.84
187.847
187.785
187.793
187.789
187.844
187.887
187.903
187.797
187.789
187.788
187.822
187.876
187.958
187.939
187.945
187.913
187.864
187.858
187.932
187.887
187.916
187.895
187.913
187.854
187.861
187.924
187.89
187.894
187.969
187.956
187.958
188.03
187.984
187.94
187.875
187.878
187.922
187.987
187.907
187.957
187.983
187.924
187.956
187.86
187.866
187.888
187.94
187.882
187.905
187.851
187.819
187.829
187.794
187.778
187.779
187.807
187.828
187.807
187.852
187.744
187.772
187.783
187.789
187.773
187.736
187.766
187.74
187.681
187.68
187.715
187.68
187.621
187.707
187.661
187.628
187.645
187.648
187.707
187.658
187.563
187.652
187.664
187.665
187.671
187.6
187.61
187.538
187.62
187.629
187.58
187.575
187.527
187.544
187.584
187.588
187.57
187.594
187.612
187.535
187.594
187.596
187.645
187.613
187.573
187.522
187.545
187.496
187.509
187.542
187.604
187.565
187.605
187.546
187.574
187.628
187.606
187.505
187.555
187.54
187.611
187.5
187.604
187.58
187.559
187.659
187.564
187.591
187.656
187.595
187.607
187.654
187.618
187.623
187.572
187.634
187.564
187.62
187.628
187.537
187.539
187.592
187.602
187.609
187.555
187.575
187.588
187.6
187.61
187.589
187.56
187.629
187.621
187.621
187.577
187.567
187.576
187.558
187.482
187.584
187.535
187.636
187.483
187.578
187.51
187.533
187.545
187.555
187.532
187.496
187.541
187.59
187.636
187.558
187.573
187.572
187.629
187.559
187.617
187.578
187.522
187.588
187.541
187.567
187.53
187.493
187.591
187.583
187.514
187.603
187.506
187.565
187.547
187.553
187.499
187.531
187.538
187.515
187.519
187.479
187.471
187.453
187.516
187.516
187.425
187.513
187.548
187.544
187.492
187.466
187.453
187.465
187.49
187.463
187.462
187.484
187.5
187.511
187.424
187.484
187.476
187.456
187.435
187.48
187.459
187.471
187.416
187.487
187.476
187.451
187.411
187.45
187.475
187.499
187.457
187.513
187.5
187.535
187.477
187.471
187.521
187.435
187.532
187.477
187.452
187.482
187.445
187.486
187.418
187.403
187.448
187.47
187.476
187.458
187.422
187.414
187.454
187.432
187.457
187.47
187.447
187.429
187.474
187.516
187.424
187.46
187.409
187.447
187.418
187.465
187.394
187.469
187.47
187.424
187.469
187.414
187.506
187.472
187.456
187.429
187.49
187.364
187.468
187.408
187.493
187.431
187.438
187.464
187.442
187.534
187.445
187.474
187.438
187.389
187.479
187.443
187.404
187.407
187.429
187.381
187.44
187.387
187.437
187.458
187.405
187.431
187.427
187.43
187.491
187.398
187.43
187.477
187.483
187.367
187.496
187.401
187.445
187.385
187.406
187.45
187.454
187.467
187.559
187.474
187.461
187.4
187.378
187.444
187.4
187.507
187.405
187.431
187.42
187.425
187.436
187.448
187.462
187.418
187.38
187.451
187.461
187.443
187.425
187.396
187.443
187.422
187.457
187.445
187.458
187.438
187.448
187.434
187.405
187.42
187.456
187.433
187.443
187.413
187.449
187.472
187.472
187.459
187.478
187.427
187.429
187.475
187.469
187.468
187.416
187.422
187.47
187.43
187.438
187.46
187.464
187.428
187.473
187.492
187.463
187.407
187.45
187.448
187.423
187.459
187.417
187.432
187.428
187.403
187.422
187.516
187.489
187.454
187.367
187.41
187.486
187.432
187.458
187.448
187.396
187.42
187.472
187.464
187.416
187.424
187.409
187.445
187.453
187.429
187.388
187.438
187.49
187.387
187.421
187.477
187.484
187.473
187.445
187.425
187.48
187.452
187.443
187.431
187.465
187.42
187.44
187.393
187.548
187.461
187.426
187.453
187.42
187.442
187.478
187.46
187.475
187.443
187.439
187.485
187.447
187.416
187.416
187.453
187.475
187.405
187.456
187.43
187.437
187.367
187.436
187.439
187.405
187.422
187.447
187.439
187.45
187.412
187.471
187.438
187.42
187.49
187.422
187.479
187.455
187.439
187.388
187.859
187.462
187.427
187.43
187.433
187.426
187.472
187.448
187.419
187.483
187.464
187.38
187.485
187.451
187.49
187.476
187.429
187.464
187.484
187.51
187.47
187.447
187.392
187.414
187.432
187.383
187.461
187.457
187.464
187.471
187.477
187.402
187.433
187.424
187.418
187.454
187.423
187.462
187.453
187.467
187.44
187.486
187.412
187.438
187.419
187.467
187.432
187.448
187.433
187.423
187.398
187.477
187.394
187.436
187.388
187.379
187.667
187.412
187.436
187.393
187.45
187.453
187.464
187.5
187.461
187.41
187.459
187.43
187.386
187.437
187.413
187.448
187.427
187.468
187.468
187.424
187.421
187.38
187.423
187.392
187.46
187.443
187.427
187.461
187.458
187.429
187.436
187.46
187.451
187.448
187.441
187.38
187.468
187.448
187.427
187.42
187.424
187.392
187.482
187.401
187.389
187.417
187.403
187.475
187.425
187.452
187.446
187.387
187.483
187.443
187.454
187.45
187.454
187.379
187.445
187.465
187.464
187.439
187.479
187.392
187.5
187.433
187.405
187.432
187.457
187.399
187.437
187.431
187.462
187.488
187.461
187.45
187.475
187.476
187.443
187.432
187.497
187.465
187.42
187.505
187.393
187.438
187.394
187.537
187.411
187.435
187.419
187.449
187.471
187.446
187.429
187.502
187.421
187.392
187.436
187.429
187.412
187.445
187.438
187.449
187.42
187.424
187.492
187.421
187.426
187.405
187.451
187.451
187.441
187.458
187.46
187.389
187.479
187.468
187.396
187.402
187.453
187.402
187.419
187.409
187.395
187.475
187.443
187.423
187.395
187.397
187.456
187.403
187.488
187.431
187.452
187.404
187.43
187.468
187.403
187.458
187.377
187.452
187.453
187.429
187.433
187.49
187.428
187.444
187.401
187.446
187.429
187.391
187.452
187.426
187.452
187.468
187.42
187.472
187.476
187.442
187.403
187.432
187.466
187.423
187.434
187.46
187.434
187.466
187.364
187.454
187.455
187.418
187.406
187.409
187.437
187.394
187.438
187.418
187.43
187.468
187.475
187.402
187.46
187.444
187.454
187.486
187.406
187.44
187.398
187.411
187.46
187.413
187.433
187.458
187.445
187.473
187.468
187.425
187.452
187.465
187.452
187.446
187.429
187.434
187.429
187.436
187.491
187.521
187.426
187.482
187.432
187.444
187.412
187.41
187.437
187.419
187.398
187.424
187.382
187.412
187.43
187.378
187.395
187.391
187.415
187.396
187.34
187.401
187.455
187.391
187.406
187.403
187.392
187.434
187.404
187.399
187.452
187.425
187.442
187.487
187.43
187.364
187.402
187.461
187.453
187.413
187.441
187.447
187.418
187.387
187.402
187.39
187.396
187.44
187.369
187.44
187.396
187.474
187.407
187.451
187.437
187.452
187.45
187.382
187.448
187.464
187.411
187.39
187.434
187.4
187.449
187.417
187.445
187.425
187.378
187.486
187.441
187.437
187.403
187.461
187.405
187.368
187.431
187.44
187.389
187.417
187.452
187.398
187.427
187.436
187.426
187.406
187.435
187.41
187.431
187.42
187.383
187.479
187.432
187.374
187.427
187.498
187.458
187.343
187.466
187.413
187.496
187.433
187.47
187.396
187.463
187.423
187.386
187.373
187.413
187.473
187.384
187.437
187.44
187.431
187.473
187.425
187.376
187.47
187.423
187.416
187.433
187.399
187.353
187.412
187.401
187.43
187.484
187.41
187.438
187.461
187.408
187.436
187.468
187.392
187.442
187.411
187.461
187.401
187.441
187.45
187.457
187.479
187.462
187.394
187.424
187.441
187.421
187.497
187.388
187.414
187.447
187.476
187.465
187.446
187.447
187.501
187.438
187.448
187.43
187.437
187.464
187.436
187.421
187.386
187.404
187.444
187.395
187.467
187.456
187.425
187.446
187.421
187.384
187.428
187.411
187.414
187.467
187.428
187.406
187.427
187.487
187.466
187.42
187.381
187.403
187.447
187.406
187.445
187.456
187.457
187.423
187.415
187.397
187.379
187.472
187.46
187.454
187.468
187.428
187.394
187.395
187.395
187.418
187.45
187.399
187.416
187.411
187.42
187.49
187.394
187.417
187.442
187.42
187.395
187.385
187.413
187.437
187.445
187.459
187.448
187.438
187.443
187.426
187.427
187.415
187.408
187.445
187.399
187.414
187.414
187.457
187.425
187.355
187.414
187.476
187.379
187.491
187.388
187.404
187.439
187.474
187.457
187.425
187.459
187.378
187.387
187.432
187.46
187.472
187.47
187.424
187.392
187.425
187.427
187.383
187.466
187.439
187.414
187.394
187.404
187.459
187.417
187.43
187.386
187.399
187.419
187.392
187.469
187.463
187.465
187.414
187.429
187.361
187.379
187.444
187.373
187.381
187.386
187.461
187.402
187.368
187.464
187.452
187.39
187.442
187.466
187.419
187.435
187.368
187.419
187.392
187.407
187.435
187.419
187.418
187.404
187.449
187.41
187.44
187.468
187.429
187.436
187.42
187.4
187.416
187.385
187.383
187.362
187.408
187.42
187.396
187.411
187.41
187.421
187.415
187.414
187.443
187.422
187.433
187.433
187.433
187.388
187.415
187.405
187.461
187.373
187.411
187.421
187.409
187.475
187.425
187.396
187.453
187.424
187.379
187.391
187.355
187.421
187.417
187.465
187.391
187.462
187.433
187.459
187.435
187.417
187.462
187.45
187.425
187.447
187.437
187.453
187.475
187.423
187.485
187.429
187.464
187.42
187.428
187.419
187.462
187.445
187.42
187.446
187.437
187.443
187.383
187.37
187.422
187.429
187.392
187.416
187.437
187.466
187.4
187.411
187.4
187.439
187.461
187.401
187.398
187.384
187.414
187.454
187.395
187.413
187.395
187.416
187.411
187.389
187.396
187.452
187.406
187.391
187.353
187.43
187.411
187.384
187.448
187.466
187.388
187.449
187.354
187.404
187.449
187.405
187.393
187.378
187.458
187.412
187.426
187.442
187.407
187.435
187.409
187.408
187.384
187.398
187.446
187.445
187.405
187.425
187.386
187.423
187.451
187.402
187.41
187.442
187.453
187.419
187.452
187.459
187.448
187.453
187.426
187.396
187.475
187.371
187.401
187.437
187.443
187.447
187.429
187.444
187.464
187.391
187.39
187.404
187.428
187.39
187.37
187.388
188.65
187.417
187.424
187.37
187.447
187.454
187.444
187.413
187.478
187.428
187.493
187.467
187.467
187.444
187.473
187.43
187.493
187.515
187.481
187.456
187.455
187.431
187.49
187.477
187.47
187.481
187.449
187.52
187.496
187.46
187.495
187.456
187.467
187.554
187.457
187.499
187.475
187.409
187.433
187.468
187.479
187.388
187.409
187.505
187.422
187.426
187.429
187.44
187.45
187.423
187.432
187.469
187.382
187.426
187.486
187.423
187.397
187.423
187.448
187.454
187.413
187.432
187.392
187.409
187.442
187.394
187.372
187.448
187.439
187.468
187.426
187.377
187.42
187.407
187.442
187.382
187.408
187.385
187.412
187.412
187.377
187.412
187.394
187.403
187.382
187.402
187.48
187.453
187.421
187.449
187.43
187.427
187.411
187.439
187.418
187.39
187.407
187.406
187.438
187.437
187.421
187.408
187.424
187.427
187.451
187.434
187.387
187.444
187.424
187.394
187.437
187.394
187.426
187.433
187.432
187.442
187.468
187.45
187.456
187.399
187.428
187.426
187.454
187.416
187.403
187.423
187.418
187.472
187.463
187.447
187.465
187.45
187.486
187.396
187.426
187.465
187.456
187.441
187.502
187.462
187.456
187.512
187.413
187.404
187.42
187.454
187.452
187.465
187.431
187.435
187.414
187.418
187.44
187.492
187.46
187.494
187.44
187.484
187.439
187.472
187.447
187.474
187.426
187.47
187.481
187.458
187.435
187.443
187.427
187.475
187.446
187.473
187.412
187.457
187.467
187.462
187.4
187.454
187.506
187.409
187.436
187.491
187.43
187.408
187.409
187.439
187.422
187.421
187.394
187.385
187.364
187.432
187.386
187.386
187.382
187.461
187.401
187.379
187.411
187.43
187.457
187.382
187.428
187.393
187.423
187.424
187.426
187.458
187.459
187.403
187.436
187.459
187.416
187.406
187.667
189.968
189.855
190.026
189.943
189.95
190.004
189.865
189.857
189.938
189.924
189.998
190.075
190.159
190.068
190.248
190.122
190.093
190.004
190.015
189.995
189.904
189.903
189.947
189.887
189.942
190.03
190.05
189.935
189.94
190.095
189.939
190.295
190.276
190.219
190.191
190.193
190.128
190.168
190.012
190.127
189.999
189.996
189.926
190.055
189.991
190.208
190.107
190.212
190.336
190.196
190.269
190.137
190.281
190.235
190.384
190.317
190.268
190.274
190.268
190.338
190.295
190.349
190.388
190.238
190.319
190.239
190.205
190.375
190.301
190.277
190.308
190.183
190.17
190.157
190.093
189.546
189.601
189.738
189.709
189.532
189.588
189.691
189.646
189.636
189.593
189.581
189.482
189.485
189.56
189.512
189.449
189.466
189.461
189.471
189.306
189.57
189.393
189.39
189.382
189.278
189.276
189.266
189.181
189.226
189.229
189.183
189.245
189.254
189.24
189.322
189.232
189.221
189.203
189.205
189.261
189.186
189.225
189.242
189.045
189.101
189.128
187.232
189.132
189.093
189.168
189.039
189.097
188.969
188.972
188.955
189.116
189.089
189.202
189.119
189.138
189.257
189.254
189.234
189.25
189.207
189.272
189.232
189.31
189.31
189.213
189.316
189.298
189.243
189.457
189.292
189.145
189.189
189.131
189.199
189.047
189.01
188.914
189
188.892
188.886
188.821
188.878
188.607
188.922
188.868
188.808
188.803
188.777
188.767
188.683
188.725
188.66
188.783
188.701
188.621
188.632
188.639
188.667
188.717
188.713
188.726
188.689
188.738
188.748
188.77
188.832
188.81
188.851
188.831
188.825
188.957
188.832
188.885
188.892
188.915
188.886
188.779
188.907
188.867
188.634
188.724
188.647
188.693
188.697
188.586
188.522
188.507
188.468
188.453
188.436
188.597
188.59
188.48
188.518
188.479
188.482
188.61
188.519
188.571
188.489
188.549
188.444
188.496
188.502
188.314
188.529
188.514
188.395
188.456
188.537
188.492
188.433
188.393
188.42
188.469
188.418
188.332
188.457
188.45
188.452
188.423
188.515
188.496
188.397
188.416
188.395
188.401
188.449
188.539
188.399
188.4
188.33
188.432
188.437
188.343
188.411
188.446
188.46
188.481
188.358
188.449
188.432
188.343
188.355
188.47
188.357
188.409
188.57
188.601
188.511
188.431
188.315
188.368
188.379
188.374
188.38
188.498
188.321
188.434
188.335
188.223
188.468
188.411
188.47
188.366
188.349
188.315
188.249
188.278
188.263
188.263
188.195
188.19
188.198
188.285
188.22
188.212
188.32
188.175
188.295
188.277
188.359
188.363
188.269
188.308
188.275
188.271
188.307
188.334
188.371
188.388
188.36
188.359
188.34
188.394
188.296
188.441
188.395
188.323
188.274
188.358
188.283
188.274
188.286
188.198
188.367
188.331
188.297
188.293
188.418
188.309
188.432
188.375
188.399
188.42
188.324
188.371
188.446
188.398
188.338
188.373
188.412
188.453
188.324
188.479
188.335
188.239
188.265
188.173
188.322
188.291
188.185
188.219
188.287
188.344
188.457
188.41
188.303
188.297
188.207
188.337
188.329
188.382
188.3
188.327
188.307
188.258
188.278
188.302
188.18
188.323
188.306
188.304
188.252
188.204
188.217
188.253
188.123
188.184
188.226
188.002
188.027
188.088
188.103
188.118
188.166
188.174
188.099
188.15
188.179
188.233
188.139
188.264
188.106
188.152
188.284
188.224
188.203
188.296
188.22
188.139
188.12
188.177
188.038
188.114
188.105
188.08
188.075
188.011
188.054
188.025
188.054
187.951
187.986
187.99
187.966
188.026
187.947
188.092
187.932
188.073
188.024
188.004
188.017
188.078
188.105
188.081
188.018
187.905
187.952
187.935
187.963
187.887
187.96
187.866
187.964
187.927
187.906
187.928
187.883
187.866
187.899
187.928
187.898
187.939
187.81
187.764
187.853
187.836
187.837
187.806
187.75
187.741
187.808
187.775
187.801
187.819
187.725
187.745
187.775
187.649
187.854
187.812
187.791
187.764
187.742
187.799
187.674
187.677
187.782
187.72
187.737
187.763
187.697
187.704
187.656
187.769
187.74
187.869
187.673
187.794
187.61
187.744
187.649
187.801
187.665
187.692
187.707
187.761
187.657
187.812
187.823
187.806
187.712
187.797
187.754
187.809
188.033
187.854
187.934
187.847
188.106
187.91
187.933
188.024
188.054
188.254
188.23
188.096
188.025
188.094
188.042
188.068
187.945
188.213
188.446
188.446
188.201
188.313
188.2
187.97
188.014
188.131
188.117
187.936
187.891
187.819
187.681
187.758
187.772
187.803
187.675
187.836
187.81
187.814
187.901
187.764
187.938
188.07
188.262
188.345
188.43
188.346
188.395
189.079
188.591
188.708
188.275
188.12
188.189
188.302
188.405
188.476
188.617
188.623
188.501
188.345
188.165
188.202
188.111
188.126
188.066
188.119
188.012
188.333
188.022
187.864
187.843
187.943
188.034
188.009
188.113
188.244
188.087
188.372
188.053
187.943
188.161
188.082
188.055
187.779
187.789
187.777
187.856
187.786
187.707
187.674
187.796
187.714
187.759
187.832
187.824
187.747
187.841
187.892
187.976
187.786
187.822
187.707
188.009
188.115
187.859
187.974
187.984
187.952
188.039
188.06
188.102
188.108
188.057
188.321
187.877
187.988
187.943
187.965
188.108
187.889
187.796
187.912
187.862
187.828
188.001
187.924
187.823
187.906
187.878
187.953
187.846
187.91
187.785
187.815
187.704
187.83
187.917
187.832
187.879
188.064
187.877
188.014
187.945
187.957
187.856
187.85
187.94
187.783
187.733
187.714
187.801
187.658
187.806
187.745
187.729
187.763
187.755
187.784
187.694
187.727
187.638
187.643
187.689
187.762
187.72
187.683
187.757
187.847
187.673
187.693
187.672
187.912
187.805
187.739
187.731
187.667
187.679
187.715
187.733
187.803
187.713
187.733
187.639
187.638
187.731
187.693
187.757
187.673
187.716
187.594
187.724
187.675
187.641
187.742
187.651
187.617
187.705
187.609
187.621
187.735
187.69
187.764
187.716
187.634
187.737
187.75
187.746
187.698
187.634
187.741
187.746
187.704
187.751
187.8
187.686
187.712
187.852
187.772
187.796
187.778
187.674
187.752
187.726
187.788
187.795
187.845
187.849
187.791
187.86
187.821
187.758
187.833
187.842
187.766
187.78
187.806
187.704
187.732
187.642
187.641
187.654
187.576
187.737
187.664
187.665
187.665
187.666
187.707
187.746
187.741
187.625
187.735
187.701
187.695
187.588
187.693
187.741
187.676
187.627
187.645
187.681
187.59
187.645
187.637
187.74
187.657
187.732
187.711
187.655
187.701
187.74
187.738
187.724
187.632
187.679
187.751
187.764
187.673
187.124
187.738
187.679
187.645
187.719
187.679
187.799
187.636
187.633
187.72
187.603
187.668
187.712
187.688
187.703
187.763
187.769
187.822
187.779
187.657
187.72
187.73
187.699
187.755
187.75
187.778
187.757
187.814
187.774
187.727
187.768
187.72
187.758
187.764
187.744
187.717
187.756
187.702
187.767
187.781
187.769
187.684
187.726
187.742
187.655
187.711
187.697
187.704
187.666
187.566
187.718
187.601
187.675
187.743
187.65
187.582
187.624
187.675
187.684
187.683
187.715
187.752
187.63
187.628
187.751
187.69
187.733
187.604
187.662
187.669
187.667
187.619
187.663
187.662
187.691
187.657
187.668
187.667
187.628
187.591
187.617
187.677
187.694
187.59
187.681
187.746
187.611
187.581
187.652
187.669
187.587
187.61
187.674
187.548
187.669
187.65
187.653
187.672
187.62
187.639
187.59
187.593
187.6
187.589
187.746
187.684
187.672
187.679
187.725
187.658
187.773
187.689
187.66
187.61
187.662
187.631
187.609
187.735
187.701
187.702
187.696
187.635
187.693
187.653
187.7
187.694
187.618
187.681
187.6
187.605
187.682
187.618
187.662
187.712
187.7
187.659
187.563
187.653
187.653
187.7
187.601
187.709
187.669
187.66
187.607
187.639
187.636
187.641
187.764
187.639
187.642
187.628
187.628
187.669
187.689
187.633
187.698
187.691
187.625
187.668
187.662
187.63
187.612
187.633
187.588
187.665
187.633
187.602
187.676
187.693
187.744
187.655
187.667
187.717
187.76
187.73
187.723
187.68
187.713
187.733
187.7
187.733
187.737
187.749
187.7
187.766
187.654
187.706
187.665
187.669
187.651
187.638
187.73
187.708
187.611
187.655
187.681
187.701
187.704
187.631
187.709
187.669
187.747
187.74
187.677
187.639
187.672
187.722
187.653
187.657
187.631
187.658
187.737
187.691
187.583
187.517
187.72
187.633
187.623
187.625
187.746
187.624
187.628
187.674
187.681
187.62
187.632
187.613
187.648
187.706
187.673
187.655
187.687
187.644
187.636
187.681
187.656
187.694
187.705
187.623
187.719
187.572
187.657
187.707
187.735
187.64
187.662
187.648
187.679
187.725
187.643
187.7
187.64
187.721
187.711
187.657
187.722
187.675
187.656
187.705
187.589
187.697
187.691
187.718
187.619
187.602
187.68
187.683
187.6
187.649
187.671
187.592
187.643
187.639
187.617
187.659
187.624
187.624
187.694
187.703
187.583
187.741
187.654
187.62
187.692
187.626
187.65
187.652
187.64
187.634
187.635
187.695
187.718
187.719
187.635
187.736
187.736
187.743
187.716
187.762
187.789
187.81
187.636
187.767
187.728
187.707
187.723
187.747
187.735
187.708
187.725
187.756
187.812
187.735
187.8
187.784
187.797
187.77
187.81
187.747
187.798
187.791
187.852
187.78
187.816
187.864
187.842
187.823
187.855
187.828
187.771
187.752
187.773
187.721
187.62
187.706
187.732
187.702
187.663
187.664
187.696
187.623
187.596
187.706
187.675
187.7
187.83
187.666
187.688
187.659
187.674
187.709
187.747
187.684
187.769
187.798
187.68
187.755
187.725
187.742
187.763
187.777
187.748
187.758
187.707
187.757
187.619
187.637
187.742
187.706
187.763
187.711
187.738
187.737
187.707
187.702
187.691
187.657
187.719
187.675
187.716
187.797
187.736
187.746
187.834
187.793
187.62
187.785
187.765
187.765
187.719
187.736
187.855
187.817
187.747
187.772
187.745
187.762
187.722
187.677
187.733
187.714
187.694
187.697
187.728
187.704
187.73
187.788
187.744
187.805
187.742
187.71
187.703
187.718
187.784
187.734
187.78
187.765
187.764
187.733
187.795
187.705
187.683
187.689
187.777
187.673
187.728
187.736
187.719
187.73
187.786
187.741
187.782
187.765
187.87
187.747
187.734
187.819
187.724
187.762
187.797
187.73
187.763
187.759
187.804
187.725
187.74
187.745
187.797
187.707
187.855
187.666
187.672
187.76
187.665
187.741
187.736
187.731
187.764
187.741
187.683
187.608
187.708
187.714
187.704
187.678
187.672
187.765
187.671
187.647
187.673
187.681
187.717
187.645
187.669
187.754
187.699
187.722
187.654
187.756
187.726
187.718
187.679
187.65
187.673
187.695
187.591
187.629
187.784
187.645
187.609
187.721
187.637
187.695
187.636
187.619
187.611
187.702
187.586
187.71
187.635
187.671
187.661
187.69
187.553
187.663
187.604
187.62
187.723
187.628
187.657
187.641
187.631
187.583
187.594
187.581
187.672
187.559
187.599
187.69
187.629
187.736
187.48
187.775
187.799
187.792
187.757
187.762
187.81
187.747
187.761
187.726
187.817
187.767
187.741
187.844
187.703
187.752
187.784
187.791
187.797
187.717
187.709
187.734
187.815
187.725
187.709
187.751
187.677
187.779
187.741
187.737
187.788
187.816
187.759
187.69
187.691
187.693
187.683
187.722
187.761
187.729
187.833
187.705
187.702
187.668
187.605
187.619
187.696
187.654
187.647
187.609
187.671
187.648
187.624
187.561
187.617
187.678
187.62
187.622
187.656
187.588
187.662
187.585
187.588
187.564
187.558
187.585
187.565
187.572
187.614
187.652
187.632
187.563
187.576
187.635
187.562
187.552
187.527
187.586
187.61
187.597
187.597
187.551
187.602
187.617
187.602
187.606
187.552
187.628
187.679
187.612
187.6
187.595
187.622
187.605
187.621
187.686
187.525
187.611
187.619
187.579
187.627
187.6
187.568
187.604
187.658
187.639
187.593
187.572
187.657
187.538
187.58
187.616
187.659
187.592
187.638
187.614
187.619
187.523
187.576
187.561
187.698
187.618
187.56
187.662
187.54
187.531
187.613
187.552
187.601
187.633
187.543
187.542
187.543
187.557
187.567
187.612
187.581
187.626
187.578
187.636
187.581
187.614
187.551
187.659
187.566
187.602
187.578
187.612
187.626
187.597
187.533
187.618
187.609
187.545
187.555
187.679
187.549
187.62
187.556
187.59
187.558
187.591
187.624
187.523
187.556
187.579
187.554
187.576
187.623
187.579
187.578
187.539
187.582
187.509
187.533
187.506
187.572
187.577
187.592
187.579
187.56
187.576
187.566
187.522
187.585
187.547
187.462
187.574
187.608
187.494
187.553
187.581
187.618
187.651
187.678
187.555
187.573
187.535
187.689
187.565
187.691
187.621
187.642
187.584
187.65
187.718
187.584
187.58
187.646
187.687
187.56
187.657
187.69
187.645
187.583
187.704
187.689
187.628
187.661
187.651
187.67
187.695
187.701
187.644
187.607
187.774
187.665
187.752
187.765
187.781
187.807
187.653
187.672
187.668
187.726
187.715
187.785
187.695
187.903
187.968
187.869
187.995
187.933
187.781
187.843
187.746
187.723
187.78
187.793
187.726
187.785
187.669
187.724
187.7
187.837
187.693
187.712
187.82
187.772
187.975
187.902
188.04
187.938
187.979
187.98
187.932
188.015
187.86
187.885
187.875
187.872
187.784
187.751
187.845
187.665
187.721
187.789
187.82
187.78
187.652
187.876
187.822
187.83
187.668
187.718
187.77
187.664
187.766
187.675
187.731
187.658
187.744
187.697
187.695
187.631
187.688
187.642
187.675
187.648
187.652
187.746
187.668
187.722
187.72
187.582
187.624
187.668
187.692
187.68
187.647
187.697
187.516
187.662
187.667
187.598
187.555
187.739
187.591
187.638
187.609
187.667
187.67
187.681
187.627
187.653
187.704
187.636
187.629
187.609
187.609
187.709
187.636
187.721
187.633
187.768
187.693
187.69
187.654
187.684
187.624
187.649
187.673
187.657
187.669
187.684
187.717
187.726
187.619
187.639
187.609
187.641
187.635
187.594
187.628
187.65
187.603
187.646
187.674
187.639
187.636
187.7
187.716
187.687
187.777
187.815
187.786
187.793
187.802
187.759
187.7
187.714
187.621
187.836
187.641
187.854
187.748
187.845
187.916
187.931
187.963
188.039
188.025
187.886
187.966
188.044
187.93
188.051
187.931
187.78
187.862
187.766
187.784
187.749
187.817
187.873
187.85
187.86
187.888
187.857
187.872
187.824
187.878
187.919
187.903
187.91
187.924
188.013
187.886
187.912
187.928
187.926
187.986
187.894
187.93
188.102
187.954
187.995
188.042
188.086
188.064
188.205
188.056
188.081
188.085
187.967
188.015
188.086
188.036
188.202
188.083
187.942
187.965
187.933
187.994
187.901
187.795
187.869
187.898
187.887
187.842
187.765
187.802
187.95
187.834
188.045
188.018
187.962
187.918
188.019
188.008
188.2
188.03
187.967
188.08
188.04
188.103
188.052
188.22
188.124
188.14
188.341
188.349
188.432
188.614
188.556
188.585
188.615
188.732
188.848
188.796
188.901
188.796
188.833
188.734
188.765
188.812
188.692
188.664
188.45
188.398
188.381
188.582
188.682
188.748
188.631
188.968
188.802
188.458
188.661
188.739
189.211
188.892
188.76
188.923
189.235
189.03
189.131
189.208
189.6
189.767
190.003
191.288
189.985
190.27
191.191
191.043
191.108
189.895
190.909
190.233
190.205
190.954
190.128
190.01
189.918
190.199
189.965
190.179
191.607
190.199
189.609
190.099
189.464
189.273
189.022
188.91
188.863
188.393
188.495
188.112
188.174
188.135
188.416
188.224
188.423
188.435
188.529
188.306
188.247
188.356
187.986
188.057
188.075
188.037
188.092
188.139
188.116
187.904
188.203
188.041
188.013
187.982
187.98
187.954
187.987
187.973
188.005
188.2
188.196
188.112
187.974
187.874
188.009
188.041
188.018
188.028
188.022
188.083
188.142
188.224
188.171
188.208
187.959
188.143
188.183
188.227
188.199
188.348
188.374
188.239
188.53
188.467
188.426
188.32
188.51
188.382
188.304
188.584
188.332
188.433
188.402
188.568
188.346
188.537
188.587
188.551
188.531
188.627
188.562
188.758
188.931
189.511
188.174
188.371
188.375
188.341
188.361
188.236
188.125
188.231
188.17
187.95
187.975
187.889
187.943
187.931
188.025
187.912
188.059
187.944
187.911
187.937
187.683
187.8
187.733
187.664
187.634
187.712
187.739
187.836
187.783
187.729
187.731
187.714
187.658
187.764
187.642
187.843
187.702
187.866
187.767
187.78
187.837
187.864
187.804
187.856
187.865
187.839
187.723
187.754
187.748
187.633
187.7
187.697
187.855
187.699
187.747
187.728
187.605
187.688
187.65
187.679
187.602
187.676
187.62
187.643
187.579
187.607
187.597
187.674
187.624
187.668
187.712
187.668
187.685
187.623
187.634
187.689
187.663
187.738
187.631
187.717
187.617
187.601
187.623
187.642
187.655
187.624
187.634
187.598
187.659
187.524
187.63
187.605
187.547
187.594
187.594
187.534
187.599
187.578
187.611
187.608
187.555
187.628
187.622
187.626
187.598
187.593
187.645
187.507
187.61
187.577
187.609
187.668
187.578
187.608
187.663
187.629
187.676
187.519
187.734
187.657
187.742
187.614
187.748
187.752
187.78
187.742
187.619
187.794
187.79
187.811
187.984
188.028
187.967
187.977
187.961
187.917
187.912
187.921
187.87
187.888
187.981
187.92
188.094
187.958
187.964
188.15
188.004
188.118
188.072
188.074
188.111
188.096
188.055
188.101
188.179
188.162
188.338
188.354
188.123
188.244
187.911
187.875
187.781
187.777
187.779
187.835
187.877
187.942
187.87
188.01
187.986
187.98
188.179
188.1
188.179
188.212
188.123
187.898
187.975
187.956
187.913
187.861
187.807
187.936
187.821
187.73
187.813
187.874
187.772
187.802
187.894
187.77
187.866
187.74
187.831
187.794
187.948
187.878
187.867
187.975
188.075
187.945
187.988
187.997
188.026
187.947
187.902
187.884
187.851
187.766
187.77
187.844
187.826
187.864
187.892
187.809
187.889
187.919
188.036
187.966
187.896
188.054
188.054
187.98
188.018
188.039
187.979
188.067
188.062
188.03
187.986
187.981
187.985
187.985
187.98
188.03
187.919
187.766
187.826
187.9
187.925
187.968
187.923
187.927
187.93
187.907
187.918
187.916
187.943
187.898
187.925
187.894
