33.615
33.5314
33.5269
30.5624
29.4196
28.7533
28.3445
28.183
28.2509
28.0286
28.0806
28.0048
28.038
28.0256
28.1085
28.099
28.3369
28.2136
28.0942
28.0891
28.0703
28.1151
28.1511
28.0307
27.9512
27.8942
27.8201
27.8957
27.903
27.6769
27.6899
27.6936
27.6461
27.7342
27.5553
27.6634
27.5026
27.4587
27.32
27.3886
27.3049
27.2817
27.336
27.2556
27.2628
27.2958
27.2973
27.3179
27.2824
27.3312
27.2642
27.2622
27.2663
27.2352
27.2297
27.2337
27.3114
27.1751
27.1961
27.2949
27.2233
27.1789
27.2545
27.2872
27.2377
27.261
27.2623
27.1692
27.2458
27.2043
27.2135
27.2637
27.2399
27.3999
27.3501
27.4754
27.3101
27.2435
27.2566
27.1745
27.0822
27.0969
27.109
27.1254
26.989
27.0463
26.9302
26.9624
26.9376
26.8983
26.9389
26.9047
26.9231
26.8555
26.909
26.9104
26.8822
26.839
26.8702
26.8548
26.8131
26.8367
26.9105
26.8489
26.7226
26.7237
26.7344
26.7467
26.7453
26.7519
26.7528
26.8267
26.7409
26.7449
26.7277
26.7307
26.7327
26.7074
26.688
26.6782
26.7496
26.7044
26.7276
26.7241
26.7113
26.7328
26.7278
26.7439
26.7482
26.6847
26.6576
26.6818
26.6349
26.6684
26.6498
26.6051
26.6342
26.6565
26.6619
26.6552
26.6317
26.6158
26.6304
26.6449
26.704
26.6105
26.5837
26.5996
26.5921
26.5858
26.5801
26.5743
26.5509
26.563
26.5351
26.5166
26.5169
26.4981
26.5338
26.5184
26.529
26.5191
26.5221
26.4839
26.4998
26.4546
26.4776
26.4709
26.4747
26.5098
26.495
26.4507
26.4548
26.4534
26.4655
26.4621
26.4547
26.395
26.4096
26.4077
26.3927
26.4146
26.4215
26.4335
26.3932
26.4353
26.4299
26.4118
26.4237
26.405
26.3808
26.4148
26.3787
26.4422
26.4278
26.4375
26.4158
26.4251
26.4263
26.431
26.4191
26.4157
26.4064
26.4045
26.4334
26.3987
26.4188
26.3924
26.4109
26.379
26.3921
26.4065
26.4034
26.387
26.3825
26.3653
26.3619
26.3439
26.3535
26.3676
26.3974
26.3448
26.3438
26.3554
26.3731
26.3458
26.3391
26.3454
26.339
26.3109
26.3194
26.3473
26.3558
26.3614
26.3131
26.299
26.3497
26.3365
26.322
26.3393
26.314
26.3109
26.3348
26.3351
26.3516
26.3371
26.2657
26.3255
26.3048
26.2811
26.2874
26.2596
26.2451
26.2732
26.2902
26.2545
26.2554
26.2719
26.2872
26.2711
26.2556
26.2801
26.2428
26.2835
26.2608
26.2726
26.2579
26.2496
26.2639
26.2721
26.2653
26.2176
26.2256
26.2631
26.2562
26.2761
26.2533
26.2572
26.2828
26.2787
26.2987
26.253
26.2748
26.2851
26.2881
26.2518
26.2662
26.2598
26.2856
26.2951
26.2746
26.2615
26.2556
26.2605
26.2711
26.2755
26.2503
26.2423
26.2416
26.2513
26.2392
26.2717
26.2544
26.2673
26.2039
26.2405
26.2239
26.2105
26.2451
26.2333
26.2044
26.2422
26.2059
26.2348
26.1863
26.2285
26.2091
26.2175
26.2312
26.2138
26.2089
26.2396
26.2086
26.2154
26.1971
26.2139
26.2362
26.1798
26.1967
26.2141
26.21
26.1796
26.2068
26.1979
26.2235
26.1979
26.1846
26.2038
26.1841
26.1706
26.2298
26.2054
26.1546
26.1767
26.2015
26.1916
26.1746
26.21
26.2033
26.1904
26.1996
26.2331
26.1913
26.1993
26.2149
26.1928
26.2148
26.2077
26.2089
26.195
26.1904
26.1759
26.2012
26.1884
26.1988
26.234
26.1718
26.175
26.184
26.1856
26.2184
26.1982
26.192
26.2048
26.2033
26.1706
26.2108
26.2271
26.2
26.1838
26.1715
26.1843
26.2191
26.1756
26.1765
26.2071
26.1985
26.1805
26.1777
26.1856
26.1703
26.1891
26.1816
26.1791
26.1701
26.1718
26.1848
26.1727
26.1569
26.173
26.1918
26.1866
26.1596
26.1643
26.172
26.1665
26.161
26.1839
26.142
26.1851
26.1913
26.1758
26.1819
26.1715
26.1288
26.1415
26.1296
26.1656
26.1721
26.1258
26.1567
26.1636
26.169
26.1589
26.1659
26.152
26.1484
26.1562
26.1213
26.1562
26.1549
26.1343
26.1366
26.129
26.1611
26.147
26.1504
26.1255
26.1718
26.1411
26.1295
26.1503
26.1402
26.149
26.1344
26.1501
26.1428
26.1595
26.1497
26.1516
26.1784
26.1308
26.1393
26.1493
26.1528
26.1429
26.1394
26.1422
26.1305
26.143
26.1452
26.1436
26.1477
26.1452
26.1261
26.1215
26.1441
26.1609
26.127
26.1451
26.145
26.1576
26.1389
26.1419
26.1389
26.1539
26.1207
26.1276
26.1379
26.1526
26.1655
26.1378
26.1362
26.1579
26.134
26.122
26.1327
26.1213
26.1583
26.1294
26.1456
26.1311
26.1395
26.1213
26.1077
26.1652
26.1507
26.1409
26.1283
26.158
26.1359
26.1287
26.1281
26.1177
26.148
26.1006
26.14
26.1273
26.1189
26.1517
26.1313
26.1198
26.1455
26.1183
26.1383
26.0961
26.122
26.1224
26.115
26.1154
26.1201
26.1249
26.1405
26.1343
26.1426
26.1285
26.1252
26.105
26.1164
26.1011
26.1056
26.0957
26.1084
26.139
26.133
26.1083
26.1223
26.1223
26.1
26.1199
26.0966
26.1082
26.0931
26.1042
26.1374
26.1307
26.1288
26.0878
26.0973
26.1046
26.1025
26.129
26.0957
26.1332
26.1192
26.1206
26.0976
26.1069
26.1172
26.081
26.1043
26.1165
26.1118
26.1151
26.0969
26.1025
26.096
26.0934
26.1087
26.0926
26.1192
26.1012
26.0681
26.1173
26.0837
26.0757
26.0934
26.0951
26.1004
26.0788
26.0683
26.0875
26.1123
26.0818
26.0866
26.0793
26.113
26.1021
26.0762
26.0884
26.0724
26.0759
26.0817
26.0732
26.0871
26.0774
26.0811
26.0867
26.0913
26.108
26.0825
26.0995
26.0565
26.1059
26.0949
26.076
26.1038
26.1324
26.0779
26.0644
26.0818
26.0732
26.0659
26.0894
26.0522
26.0733
26.0675
26.0698
26.0723
26.0791
26.0678
26.1065
26.1207
26.0836
26.0745
26.0602
26.0806
26.0812
26.065
26.0857
26.0892
26.0612
26.0844
26.0642
26.0677
26.0874
26.0761
26.0936
26.0723
26.0777
26.0746
26.0566
26.0596
26.0628
26.07
26.0643
26.0793
26.0848
26.1211
26.0679
26.0642
26.0898
26.0865
26.0786
26.0565
26.0775
26.0649
26.0785
26.0889
26.0623
26.0693
26.1047
26.0551
26.0566
26.023
26.0888
26.0398
26.0812
26.0798
26.0411
26.0506
26.0681
26.068
26.0373
26.0306
26.0245
26.0513
26.0777
26.0558
26.0889
26.0495
26.0458
26.0482
26.0608
26.0603
26.0616
26.0512
26.0745
26.0537
26.0472
26.0809
26.0831
26.0279
26.0535
26.054
26.058
26.0324
26.057
26.0313
26.0789
26.0585
26.0572
26.0505
26.039
26.0607
26.0528
26.027
26.0295
26.0184
26.055
26.0543
26.0429
26.0533
26.0537
26.0673
26.0744
26.042
26.0777
26.0782
26.0483
26.0367
26.0628
26.0619
26.0716
26.0512
26.0666
26.0599
26.0554
26.0535
26.0689
26.0562
26.0565
26.0601
26.0475
26.0565
26.0539
26.0512
26.0645
26.0215
26.0563
26.0328
26.0562
26.0613
26.032
26.0283
26.0388
26.0534
26.0337
26.0544
26.0726
26.0464
26.0443
26.0496
26.064
26.0491
26.0583
26.0544
26.067
26.0571
26.071
26.0558
26.0733
26.0511
26.0587
26.0436
26.0419
26.0286
26.0488
26.051
26.05
26.0682
26.0561
26.0259
26.0496
26.041
26.0292
26.0688
26.0448
26.0608
26.0558
26.0145
26.043
26.043
26.0565
26.0358
26.0389
26.0304
26.05
26.0553
26.0536
26.0418
26.0546
26.0315
26.0475
26.0073
26.0425
26.0603
26.0482
26.0327
26.0394
26.0396
26.0398
26.0167
26.0338
26.0302
26.0407
26.027
26.0477
26.0474
26.0511
26.0382
26.0605
26.0581
26.0648
26.0372
26.0483
26.0391
26.0415
26.0297
26.0575
26.0567
26.0634
26.0232
26.0565
26.0454
26.053
26.0539
26.041
26.0493
26.0161
26.0174
26.0218
26.0238
26.0366
26.0498
26.0438
26.0248
26.0556
26.0099
26.0392
26.0586
26.0573
26.011
26.0238
26.0288
26.0638
26.0459
26.0366
26.0149
26.0314
26.0184
26.045
26.0423
26.0206
26.0538
26.0575
26.0318
26.0081
26.0226
26.0488
26.0267
26.0226
26.0342
26.0476
26.0661
26.0243
26.0353
26.0308
26.0104
26.0398
26.0477
26.0327
26.0245
26.0217
26.0113
26.0332
26.0234
26.0253
26.0482
26.0086
26.0186
26.0435
26.0067
26.0348
26.0273
26.0232
26.0238
26.0318
26.0371
26.0252
26.0178
26.0407
26.0143
26.0525
26.0411
26.0199
26.0444
26.0103
26.0253
26.035
26.0169
26.0263
26.0388
26.0087
26.0381
26.0019
26.0265
26.0518
26.0389
26.0275
26.0157
26.0249
26.0462
26.0449
26.0319
26.0401
26.0582
26.0226
26.01
26.0299
26.0328
26.0376
26.041
26.0313
26.0265
26.0261
26.0232
26.0293
26.0166
26.039
26.0313
26.0331
26.0305
25.9941
26.0415
26.0396
26.0162
25.9974
26.0183
26.0224
26.0359
26.0372
26.0236
26.0097
26.0154
26.0254
26.0245
26.013
26.0348
26.0086
26.0228
26.0278
26.0313
26.0332
26.0251
26.0329
26.0228
26.0279
26.0221
26.017
26.0205
26.0516
25.9808
26.019
26.04
26.028
26.0019
26.0305
26.0111
26.0189
25.9969
26.0193
26.0101
26.03
26.0164
26.0107
26.0144
26.0204
26.0232
26.0229
26.0134
26.0188
26.0156
26.0208
26.0086
25.9922
26.0342
26.0101
26.0367
26.0229
26.0165
26.0209
26.0196
26.0166
26.0186
26.0155
26.016
26.0206
26.0141
26.017
