       0
   62026
  192827
  324813
  453529
  588169
  716262
  864786
  986715
 1128399
 1238832
 1375734
 1504034
 1643087
 1777212
 1898907
 2030580
 2177952
 2319843
 2439540
 2568089
 2704591
 2857265
 3006301
 3132588
 3277740
 3406159
 3540171
 3688735
 3847819
 3974733
 4119733
 4270369
 4396035
 4545439
 4688603
 4826640
 4973364
 5120455
 5272574
 5443930
 5595998
 5717950
 5842245
 6014752
 6162882
 6294107
 6459116
 6619437
 6755379
 6879976
 7093895
 7212500
 7387138
 7540170
 7670279
 7834800
 7981234
 8116560
 8279203
 8447479
 8597407
 8760005
 8895159
 9061523
 9203035
 9328424
 9484497
 9652675
 9818607
 9945252
10098010
10252718
10355851
10527424
10661144
10848121
10978919
11112111
11304627
11409924
11531270
11722106
11830051
11946691
12121679
12232701
12315310
12523285
12611539
12774419
12879387
13006347
13163405
13273492
13386177
13518525
13614437
13760942
13861392
13998460
14119221
14236392
14369996
14440305
14609469
14662353
14730560
14850630
14957927
15126827
15198051
15273111
15374668
15461433
15599519
15679664
15758293
15888011
15971878
16078438
16168729
16210021
16308495
16401175
16482889
16580097
16667908
16753476
16827033
16937453
17026697
17095060
17120724
17273757
17362247
17364356
17502786
17560284
17629136
17737844
17757901
17908106
17937520
18028837
18131348
18173165
18296584
18353576
18452106
18528432
18607170
18750464
18841201
18902141
19013253
19120203
19144365
19311105
19312956
19405543
19540728
19587734
19732660
19755501
19932980
20014866
20169370
20243053
20331869
20444166
20552650
20684101
20745556
20833777
20939901
21036325
21170574
21308493
21401280
21558456
21609304
21765113
21921876
21989390
22121086
22232165
22335655
22469584
22572042
22692122
22844497
22982777
23120123
23162980
23390748
23409619
23571421
23728442
23794559
23880175
24006463
24096960
24232354
24366176
24528713
24571666
24675093
24769660
24859140
24944283
25105821
25199190
25335404
25392583
25417804
25541047
25583859
25700354
25716277
25828690
25908531
25978124
26078817
26090794
26138564
26211035
26227643
26309274
26307211
26375640
26427012
26394382
26409692
26396773
26442805
26432288
26479683
26419934
26426537
26383073
26333511
26326897
26306538
26160019
26168201
26152696
26059867
25919011
25817755
25795355
25758912
25615014
25511004
25374719
25244493
25102322
25001976
24829412
24673319
24613830
24391957
24189262
24095672
23879638
23722576
23539411
23313182
23142653
22925216
22756901
22468670
22246573
22108682
21775290
21557284
21265000
21056926
20818212
20603104
20331374
20084499
19741750
19511539
19174963
18950220
18672218
18331628
18059014
17775823
17528056
17158013
16872422
16608449
16296068
15948470
15691160
15389972
15072151
14795744
14493431
14195462
13923126
13594332
13272267
12957555
12688899
12377285
12076278
11838527
11512921
11225423
10941756
10696369
10339926
10067377
 9821673
 9560869
 9315662
 9041574
 8776162
 8525855
 8258951
 8042548
 7807711
 7554280
 7314861
 7048712
 6863706
 6619294
 6398126
 6202839
 5995448
 5775219
 5576201
 5379186
 5182186
 5017126
 4850363
 4689528
 4493625
 4299645
 4146420
 4010867
 3832684
 3680490
 3556922
 3408691
 3237721
 3145542
 3007733
 2895622
 2777432
 2650964
 2526423
 2431904
 2329971
 2216498
 2117631
 2033690
 1937154
 1838071
 1751070
 1677530
 1579815
 1518692
 1462102
 1388043
 1314541
 1252590
 1186873
 1121792
 1072294
 1010383
  957132
  914153
  868905
  830049
  781749
  736651
  707369
  666655
  630465
  594891
  564575
  532014
  507853
  482261
  443687
  417184
  389627
  377775
  353915
  334636
  319010
  290655
  274585
  263067
  245275
  235209
  216109
  205231
  195257
  179484
  165448
  156556
  149718
  139187
  126981
  121380
  112511
  105743
   97841
   92891
   86109
   82416
   75190
   72152
   68560
   61670
   56822
   54345
   51545
   46793
   47244
   40449
   38004
   35291
   32948
   31203
   27100
   28290
   25552
   23827
   21128
   19418
   18435
   17105
   14566
   13408
   12243
   11028
   10294
   10985
    9459
    9814
    7708
    7080
    5790
    6859
    6716
    5510
    5480
    4647
    4124
    3888
    3280
    3365
    2911
    2743
    2742
    2148
    1882
    1610
    1812
    1468
    1395
    1249
    1237
    1032
     919
     789
     855
     284
     902
     362
     762
     370
     356
     561
     321
     581
     566
     542
     357
     246
     140
      90
     146
     229
     389
     390
     209
     230
      49
     196
      91
     223
     134
      77
     177
      77
     139
      23
      93
      37
      17
      55
       7
     170
      12
      18
      26
     121
      11
      30
      20
      75
      16
     179
      61
      19
      32
     145
       9
      90
      58
      91
      26
      98
     136
      51
      27
       0
       0
       9
      19
       0
       0
      57
      29
      40
      49
      43
      28
      45
      18
      39
      91
      74
      28
      40
      28
       5
     154
      63
      12
     108
     216
      42
      57
       4
      23
      21
      16
      13
      73
      57
      49
      94
      61
      26
     112
      51
      71
      26
      94
      74
      68
     161
      10
      40
     164
     122
      43
       8
      17
     107
      66
     137
      65
       0
      43
     155
      32
      64
       0
       0
      54
       0
       0
       0
       0
      13
      21
      89
      32
      74
       1
       0
       0
      25
      32
      83
      20
       0
      10
       2
      74
      14
      25
       8
      11
      45
      18
      70
       0
       0
      67
       0
      38
     109
       3
       8
       0
      51
      18
       0
      66
       8
      19
      16
       0
       0
       0
       0
      23
      12
      12
      31
      19
      47
     158
      25
     102
       0
      49
     115
       0
       0
      45
      17
      10
      92
       0
      15
       0
       0
       0
      16
       2
     111
       0
      14
      94
       0
       4
       0
      21
       7
      55
       0
       0
      30
       0
       0
      69
      10
       0
       1
       0
       0
      99
       0
       0
       0
      14
       0
      16
       0
       0
       0
      23
       0
       3
      33
      43
       0
      53
      33
       0
       0
       0
       0
       0
      40
       0
      35
      12
       0
       0
      33
       0
       0
       0
       0
       0
       1
      30
       0
      13
       0
      44
      64
       0
       0
      36
      13
       3
       0
       0
       7
       0
      58
       0
       0
       0
       6
      64
       5
       0
       0
       0
       0
       0
       0
       0
       0
       3
       0
       0
       0
       0
      29
       0
      18
       0
       0
       8
       0
      15
       0
      49
       0
       3
       0
       0
       3
      10
      55
       0
       0
       0
      12
      16
       0
       0
       0
       0
       0
       0
       0
       0
       0
       0
      29
       0
       0
       4
       0
     121
      32
      34
       5
      47
       0
       0
       0
       0
       0
       0
       0
      40
       8
      95
      24
       0
       0
      28
       0
       0
       0
       0
       0
       3
      69
       5
       0
      52
       0
     129
       0
       0
       0
       0
       0
       0
       0
       2
       0
      16
      44
       0
       0
      43
       0
       0
       0
       0
      34
       0
       0
       0
     130
       9
      11
      56
       2
      62
       0
       0
       0
       4
      34
       0
       0
       0
       0
       9
       0
      18
       0
       0
       0
       0
       0
       0
       0
       0
       0
       0
       0
       7
       2
      63
       0
       0
       0
       0
       0
       0
       0
       0
       0
      39
      80
       0
       0
       0
       0
       0
      20
       3
       0
       0
       0
       0
       0
       0
      13
       0
      34
      51
       0
       5
      16
       1
       0
      13
       1
      17
       0
       0
       0
       0
       0
       0
       0
      48
       0
       0
      88
      11
       6
      57
      47
      32
       0
      10
       0
       0
       0
       0
       0
      18
       0
       4
       0
      34
      45
      42
       0
       0
       0
       0
       1
       0
       0
       0
      93
       0
       0
       0
       0
      10
       0
       0
       0
       0
      17
      27
       1
       0
       0
       0
       0
       0
       0
       0
       0
      24
       0
      38
      31
      32
      26
      29
       0
       8
       0
       0
       3
       0
       0
      34
       0
       0
       0
       0
       0
