831.43
779.436
774.945
774.346
775.493
775.192
775.02
774.536
774.836
774.724
774.442
774.11
774.095
772.842
774.317
774.667
774.615
774.436
774.878
776.067
775.039
773.523
774.062
773.511
773.686
774.264
773.999
773.592
773.858
773.544
774.303
773.734
773.971
773.837
773.647
773.769
773.12
773.136
773.669
772.906
774.805
774.361
774.794
773.679
773.544
773.859
773.276
772.968
773.909
773.601
773.632
772.278
774.457
775.139
773.757
773.642
773.809
774.018
774.837
774.739
773.665
774.022
773.551
773.811
773.775
773.71
773.388
773.795
773.447
773.443
773.097
773.006
773.552
774.205
773.528
774.216
773.996
773.972
773.785
773.51
773.26
772.947
772.819
773.334
774.434
774.091
774.023
773.443
773.38
773.632
773.398
773.739
773.579
774.026
773.951
773.866
772.889
772.565
772.964
773.663
773.997
773.504
773.853
773.103
773.228
773.459
773.36
773.973
773.22
773.158
773.771
773.081
773.204
772.711
772.287
772.718
772.884
772.674
773.316
772.904
773.46
772.477
772.067
772.215
773.057
773.35
773.273
772.776
773.434
773.584
772.327
772.679
772.301
772.876
773.466
773.318
773.265
772.96
772.383
772.597
772.432
772.883
772.502
772.784
771.675
772.896
772.813
772.946
773.136
773.447
772.604
773.232
772.206
772.548
772.653
771.761
773.016
772.344
772.408
771.156
771.763
771.621
771.639
772.448
772.848
772.042
772.649
772.761
772.45
772.747
772.52
772.271
771.702
770.916
772.061
772.061
772.236
771.96
772.067
770.91
770.722
771.382
771.817
771.844
771.481
772.749
772.32
772.191
771.207
771.787
771.602
771.025
772.502
772.322
771.513
771.859
772.234
771.653
771.622
771.087
771.809
771.549
770.922
771.601
772.122
772.093
771.335
771.072
771.449
771.761
771.235
771.507
772.104
771.356
770.693
770.625
770.59
770.735
770.734
772.147
771.33
770.974
771.67
770.929
771.021
770.891
771.623
770.76
771.646
771.36
771.595
770.697
770.072
770.439
770.448
770.804
771.285
771.807
771.517
770.143
770.59
771.5
771.023
770.718
770.645
770.725
770.756
770.172
770.254
770.8
770.773
771.319
770.929
771.012
771.506
771.87
771.063
770.681
770.843
770.628
770.407
771.223
770.43
770.808
771.765
770.864
771.189
770.366
771.606
770.312
769.884
770.161
769.871
769.953
770.43
771.184
770.67
769.26
770.437
769.93
769.492
770.843
769.47
769.775
770.48
770.047
770.098
770.419
770.091
770.65
770.27
769.718
769.852
769.871
769.402
769.91
769.821
770.152
770.221
770.403
770.25
770.823
770.354
769.319
770.708
770.317
769.227
769.264
769.61
768.831
769.502
769.773
769.591
769.563
770.733
769.983
770.108
770.553
770.289
769.649
769.509
768.909
770.375
770.151
769.718
770.399
769.702
769.205
769.056
769.144
769.206
769.421
769.454
770.069
769.331
769.753
768.755
768.859
768.804
769.301
768.469
769.483
768.783
770.041
768.493
768.449
768.289
768.624
768.164
767.381
768.434
769.035
769.858
769.043
769.222
769.341
769.201
769.394
769.699
768.855
768.992
769.681
768.939
768.505
769.224
769.433
768.068
768.485
768.779
768.056
768.349
769.665
768.35
769.071
767.392
767.504
767.8
767.875
767.878
767.733
768.652
767.854
769.14
768.336
768.297
768.229
768.619
768.314
767.87
767.789
767.573
768.69
768.238
767.876
768.079
768.018
768.332
768.142
768.526
768.055
768.215
767.679
768.077
768.22
767.006
766.418
767.659
767.918
767.942
767.665
767.178
767.423
767.907
768.096
767.59
767.927
767.059
767.962
767.432
766.947
767.85
767.641
766.843
767.176
768.28
767.564
767.07
766.946
766.18
766.771
767.371
767.728
767.683
766.843
767.132
767.284
767.475
766.678
767.324
767.62
767.234
767.697
766.414
766.705
767.21
766.902
767.717
767.297
767.255
766.919
766.673
766.619
766.986
766.85
767.566
767.323
766.196
766.914
766.323
766.719
766.833
767.343
766.751
767.163
766.487
766.319
766.629
766.157
766.702
766.634
766.122
766.931
767.118
765.951
766.568
765.541
765.991
765.762
765.95
765.752
766.407
766.602
766.451
766.597
766.221
766.046
766.548
766.552
765.773
766.342
766.285
766.467
766.989
766.477
765.622
764.81
764.876
764.878
765.787
765.23
765.31
765.869
765.921
765.961
765.352
766.052
767.536
766.607
765.067
765.699
767.188
767.217
765.841
765.886
765.704
765.328
765.114
765.814
765.404
765.74
764.92
765.144
764.718
765.407
764.88
765.851
764.667
765.012
766.01
765.541
764.765
764.699
765.099
765
765.382
764.717
764.644
765.04
764.039
765.078
764.982
764.87
765.49
765.493
765.337
764.458
764.405
765.403
765.509
765.178
764.738
764.899
764.079
763.966
764.05
765.605
765.388
764.225
764.421
764.405
764.456
764.268
764.608
764.695
764.235
764.429
763.464
763.921
763.51
765.335
764.842
764.117
763.783
764.685
764.702
764.22
764.223
764.622
764.109
763.817
764.114
763.683
764.68
763.671
764.231
764.268
763.673
763.729
763.762
764.096
764.619
762.891
762.458
762.737
762.79
763.185
763.603
764.08
763.001
762.255
762.888
763.863
763.902
763.362
763.681
764.425
763.404
763.156
763.422
763.788
764.007
763.891
764.069
763.379
762.624
762.595
763.365
763.689
763.831
763.063
762.56
763.281
763.092
762.767
763.08
763.305
762.72
763.016
763.098
763.179
763.285
762.75
762.89
762.936
762.444
762.895
762.888
762.374
761.304
761.611
762.862
762.625
762.636
762.449
762.833
763.064
761.663
762.737
763.186
762.772
762.775
762.155
761.815
762.361
762.098
762.134
761.986
762.906
763.508
763.233
762.505
762.301
762.358
762.602
762.841
762.169
761.419
761.119
761.404
762.213
761.998
762.407
762.294
762.188
760.939
761.763
762.16
762.311
761.852
761.623
761.216
761.826
762.647
761.579
761.089
761.329
761.697
761.274
762.054
761.297
761.308
761.287
761.399
761.668
761.401
762.116
761.379
760.976
761.137
761.365
761.559
761.705
761.192
761.413
761.473
761.666
761.592
761.646
761.318
761.729
761.393
761.103
761.041
761.464
760.614
760.823
761.451
760.602
760.979
760.873
760.767
761.151
761.166
761.065
760.716
760.987
761.253
760.341
759.328
760.841
760.798
760.687
759.457
759.945
760.608
761.166
761.143
760.918
761.264
761.222
760.487
760.876
760.843
760.417
761.196
760.735
760.351
760.096
760.633
760.475
761.018
761.48
760.468
761.226
759.645
761.246
760.598
759.704
759.111
759.6
760.064
759.881
759.862
760.243
760.241
760.449
760.69
760.022
760.112
759.855
760.254
759.516
759.761
758.609
759.658
760.327
760.012
760.128
760.217
760.116
760.896
760.374
759.483
759.435
760.222
760.457
759.768
760.269
760.095
759.875
759.837
760.401
760.281
759.347
758.98
759.966
759.223
758.867
758.823
759.066
759.395
759.517
759.067
759.217
759.293
759.142
758.532
759.176
758.773
759.156
759.057
759.412
758.871
758.822
759.084
759.173
758.882
759.159
758.614
758.522
759.068
758.706
759.388
759.111
758.911
758.487
758.84
758.993
759.019
759.026
758.434
757.801
757.832
758.515
758.36
758.968
758.833
758.587
759.031
759.1
758.727
757.995
758.257
759.441
758.861
759.968
758.024
758.602
758.327
758.318
758.128
757.243
758.284
758.204
758.808
757.788
758.424
757.78
757.715
757.389
757.128
757.404
757.645
758.399
757.591
757.775
757.296
757.967
757.763
757.866
758.464
757.755
757.464
757.643
757.693
757.529
757.669
757.672
757.075
757.773
757.287
758.103
757.38
757.333
757.317
757.162
757.334
757.029
756.775
757.857
757.007
757.773
758.335
758.05
757.957
757.771
757.532
757.18
757.5
757.304
757.074
757.477
757.309
756.805
756.876
756.075
757.386
757.827
757.636
757.758
757.712
757.035
756.701
757.157
756.94
756.624
756.696
756.583
756.994
757.083
756.574
756.779
757.015
756.484
756.254
756.938
756.725
757.348
757.621
756.521
756.498
755.773
756.772
756.828
756.327
756.763
756.279
756.796
756.865
756.935
757.175
756.67
756.683
756.218
757.445
756.478
756.388
757.443
755.707
755.673
756.229
756.869
756.708
755.885
756.157
756.581
755.837
755.718
755.652
756.272
756.609
756.206
756.817
756.625
756.257
756.467
756.339
756.374
755.009
755.363
755.687
755.934
756.19
755.31
755.652
755.661
755.478
755.892
756.276
755.937
755.91
755.92
755.942
756.373
756.244
756.23
756.36
756.104
755.406
755.013
755.694
755.629
755.679
756.009
756.201
756.197
755.594
756.175
756.182
755.782
754.923
755.588
755.263
755.396
755.558
755.551
755.634
755.044
754.866
755.249
755.894
755.51
754.99
755.705
756.056
755.042
754.814
754.997
756.092
755.749
755.122
755.121
754.365
755.277
755.874
755.291
755.322
754.74
754.84
755.348
755.218
755.26
755.082
754.598
754.979
754.861
755.506
755.719
754.862
755.647
754.932
755.507
755.435
755.257
754.917
755.305
753.93
754.42
754.654
755.046
754.683
754.98
754.317
754.705
754.649
754.799
754.601
754.189
754.52
754.85
754.82
754.498
754.692
755.214
754.851
754.222
753.996
754.699
754.706
753.98
754.499
753.409
754.557
754.272
753.96
753.983
754.476
754.406
754.854
754.53
754.444
754.427
755.163
754.759
754.956
753.644
753.551
754.209
753.936
754.382
754.686
755.006
754.719
754.455
753.991
753.541
753.904
753.903
753.213
753.949
753.842
753.676
753.793
753.37
753.321
753.446
752.848
753.098
754.269
753.541
753.258
753.161
754.175
753.372
753.822
754.919
753.124
753.658
754.495
753.706
753.204
753.64
753.14
753.347
753.33
754.008
753.374
753.485
753.453
753.922
754.176
752.828
752.661
753.494
753.268
754.198
753.676
753.034
752.617
753.025
753.253
752.99
753.965
752.669
752.777
753.086
752.897
753.026
753.667
753.142
753.274
752.63
753.354
752.927
752.695
752.93
752.828
752.812
752.719
751.951
752.138
751.766
752.747
752.4
752.578
753.07
752.952
751.962
752.558
752.339
752.058
751.981
752.508
753.026
753.625
752.662
751.979
752.129
752.672
751.879
752.376
752.362
752.257
751.688
751.452
751.775
752.217
752.189
752.207
752.369
752.179
752.054
752.039
751.153
751.882
751.597
751.907
751.796
751.873
751.853
751.082
752.086
751.695
751.875
751.026
751.976
752.545
751.339
752.089
752.286
751.834
752.675
752.08
752.186
751.471
751.568
751.481
751.666
750.921
751.465
751.969
750.972
750.403
751.248
751.425
751.554
751.685
750.985
751.899
751.35
751.335
751.312
751.58
751.572
752.516
750.463
751.22
750.407
750.486
751.94
751.961
751.924
751.316
751.376
750.9
750.754
751.179
751.777
751.189
750.818
750.674
751.27
750.527
751.201
751.202
751.511
751.568
750.297
750.942
751.006
750.924
751.041
750.635
750.784
750.917
751.283
750.8
750.284
750.806
749.869
750.197
750.488
750.397
750.522
750.534
750.629
750.885
751.244
750.617
750.458
750.289
750.209
750.55
751.143
751.269
750.291
750.19
750.636
750.22
749.748
750.478
750.135
749.927
750.524
750.297
750.658
750.525
750.555
749.482
749.71
749.448
749.966
750.636
750.158
749.847
750.963
749.859
749.772
749.168
749.26
749.908
749.739
749.571
749.666
749.335
749.546
749.464
749.744
749.492
749.073
749.864
749.977
750.005
750.265
749.513
749.021
749.436
749.828
750.096
749.618
750.137
748.954
748.414
749.206
750.18
749.75
749.527
749.229
749.386
749.78
749.315
749.498
749.556
748.912
748.911
748.955
749.246
749.223
749.167
748.884
749.915
750.131
748.891
749.149
749.132
748.868
748.891
748.051
748.288
749.06
748.731
748.522
749.411
749.065
749.171
747.82
748.757
748.88
748.397
747.622
748.69
749.118
749.733
749.654
748.736
748.539
748.499
748.237
749.06
749.211
748.234
748.924
748.427
748.94
748.977
748.615
748.319
748.245
748.435
749.134
749.245
748.621
748.76
748.144
747.766
748.861
749.009
748.456
748.876
748.637
748.425
748.694
748.86
748.752
749.109
748.84
748.613
748.999
748.53
747.792
748.125
749.466
749.246
748.886
748.01
748.168
747.91
748.614
748.11
748.161
748.541
748.044
748.219
748.251
749.04
748.928
748.345
747.62
747.721
748.228
748.181
748.211
748.447
748.434
747.844
748.515
748.672
748.347
747.622
747.784
747.497
747.936
747.385
747.833
746.855
747.319
747.924
748.663
747.658
748.287
748.373
747.99
747.288
747.99
748.195
748.128
747.072
747.279
747.264
747.527
747.926
747.518
748.06
748.485
748.091
748.036
747.993
748.044
748.282
747.39
747.979
747.904
747.662
747.564
747.607
748.064
748.56
747.742
748.243
747.332
746.577
746.918
747.034
748.109
747.284
747.025
747.289
747.68
747.196
746.859
747.535
746.784
747.371
748.168
747.668
747.508
747.459
746.806
747.62
747.692
747.544
747.458
746.454
746.944
746.686
746.733
747.049
747.036
746.884
745.857
746.641
746.567
746.85
746.849
746.934
746.812
746.067
746.874
746.399
746.309
746.482
746.98
747.283
746.635
746.589
746.297
746.375
746.479
747.024
746.306
747.321
746.688
747.092
746.81
746.48
746.816
746.594
746.927
746.319
746.634
746.154
745.821
747.255
746.478
746.647
746.089
746.608
747.057
746.836
746.76
746.186
746.131
746.867
746.445
748.21
746.543
746.155
745.694
745.657
746.015
746.144
746.682
745.997
746.468
746.643
745.809
745.943
746.558
746.209
746.019
745.574
746.475
746.053
746.559
745.43
755.011
747.294
746.492
746.131
745.416
745.325
745.774
745.793
746.318
745.625
746.276
746.492
746.074
746.531
746.344
746.797
747.095
746.59
745.396
745.756
745.746
745.736
745.983
746.447
747.372
745.881
745.94
745.663
745.531
745.64
745.641
746.051
746.462
746.129
745.954
746.187
745.941
746.325
746.288
746.627
746.347
745.766
746.117
745.673
745.802
745.162
745.974
745.535
745.199
745.949
745.899
745.213
745.357
745.545
745.681
746.592
745.48
746.133
746.193
746.143
745.906
745.845
745.311
745.854
745.949
745.437
745.996
746.32
746.3
745.95
745.913
746.166
745.855
745.788
746.702
745.897
745.702
745.695
745.787
746.501
745.622
745.176
746.138
745.07
745.493
745.317
745.966
745.176
745.576
745.936
746.073
745.599
745.275
745.613
745.459
745.571
745.755
746.014
745.129
744.744
744.939
744.648
745.668
745.703
744.895
745.362
746.078
745.355
745.62
745.079
745.349
745.217
745.164
744.955
745.025
745.157
744.756
744.974
745.799
745.098
745.081
745.341
744.893
745.383
744.96
745.287
745.144
745.987
745.18
744.97
744.826
745.108
745.557
745.526
745.178
745.309
745.001
745.401
745.283
744.857
745.229
745.132
744.969
745.299
745.103
744.472
745.105
744.419
744.872
745.129
744.982
745.038
744.74
744.643
745.125
744.839
744.67
744.475
745.127
744.531
744.468
744.736
744.858
744.784
745.227
744.661
744.738
744.443
745.08
744.568
744.787
744.765
744.727
744.719
744.68
744.216
744.684
744.35
744.657
744.317
743.817
743.926
744.289
744.705
744.662
744.387
744.579
744.745
744.188
744.577
744.217
743.531
744.133
744.305
745.041
744.021
744.384
744.575
744.041
744.401
744.008
743.579
743.862
744.289
743.718
743.971
743.83
744.461
744.684
743.582
744.677
743.943
743.584
743.758
744.516
744.165
744.017
743.439
744.023
743.811
743.643
744.065
744.496
743.609
743.669
743.625
743.773
744.075
744.033
744.354
744.587
744.286
743.849
743.128
743.491
744.181
744.578
744.273
743.715
743.476
743.737
744.52
743.775
743.577
743.596
744.302
743.29
743.78
743.837
743.476
743.63
743.278
742.67
744.297
743.922
743.006
743.219
744.229
743.148
743.429
743.435
742.866
742.831
742.459
742.73
743.117
744.004
743.848
742.958
743.042
742.494
743.414
742.872
743.1
743.77
743.551
743.148
742.761
742.926
743.592
743.354
742.829
742.885
743.821
742.855
743.573
742.958
742.472
743.495
742.967
742.834
743.144
742.805
743.378
743.354
743.177
743.147
743.027
742.945
742.42
742.367
743.334
743.175
742.272
742.809
742.326
741.804
742.6
743.146
743.454
742.603
742.72
742.196
742.983
742.189
742.381
742.439
742.618
743.158
742.923
742.722
743.185
742.588
743.155
742.451
742.48
743.394
742.425
742.849
742.893
742.643
742.406
742.629
742.618
742.479
742.314
742.449
742.633
742.166
742.258
742.196
741.898
742.443
742.573
742.375
742.452
742.188
742.138
742.963
743.241
742.374
742.563
742.64
742.515
742.175
741.628
742.206
742.068
742.067
741.611
742.224
742.031
742.786
742.475
742.48
742.002
741.817
741.763
741.946
741.627
741.831
741.509
741.93
741.958
742.023
742.449
742.893
742.138
742.134
742.139
742.479
742.577
742.174
741.551
742.171
741.564
742.098
742.014
741.334
741.43
741.845
742.332
741.765
741.699
741.778
741.238
741.134
741.493
741.284
741.897
742.509
741.927
741.858
741.437
740.927
741.542
741.808
740.971
741.858
742.02
741.248
741.467
741.94
741.352
740.826
741.261
741.668
741.246
742.526
741.52
741.327
741.635
741.412
741.833
742.057
741.354
740.963
741.674
741.403
741.566
742.093
741.272
741.69
741.392
741.898
741.618
741.457
741.009
741.468
740.939
741.399
741.115
740.984
741.223
740.482
741.407
741.837
740.676
741.477
741.336
741.41
741.167
740.838
740.494
740.467
740.702
741.129
741.625
741.043
740.907
740.414
740.944
740.711
740.207
740.485
740.442
740.913
741.304
741.172
740.842
741.116
740.37
740.108
740.458
740.837
740.538
740.488
740.242
740.718
740.771
740.632
740.811
740.197
741.026
740.533
739.612
740.18
741.079
740.364
740.568
740.571
740.853
741.269
740.865
739.874
740.164
740.298
740.219
740.335
740.441
740.297
740.095
739.384
740.055
740.703
740.793
740.098
740.953
740.634
740.022
740.438
740.404
741.062
740.164
740.633
740.383
739.946
740.639
740.326
740.229
740.727
740.199
740.713
740.721
740.385
740.224
740.337
739.87
740.625
740.64
739.81
739.893
740.397
740.121
739.683
739.87
740.243
740.182
739.061
739.914
739.339
739.68
739.409
740.274
740.403
739.809
739.686
739.728
739.698
739.602
739.535
739.742
739.719
739.431
739.607
739.712
740.098
739.78
740.034
739.261
739.682
739.493
739.534
739.847
739.961
739.454
739.786
739.652
739.139
740.028
739.369
739.909
739.91
739.583
739.883
740.028
739.562
739.321
739.792
740.095
739.673
739.63
739.514
739.792
739.287
739.824
739.768
739.076
739.284
739.51
739.903
739.335
739.088
739.218
739.528
739.728
739.089
739.237
739.562
739.557
739.367
739.339
739.296
739.245
738.967
739.312
738.788
738.458
739.033
738.908
740.007
739.358
739.046
738.745
738.455
738.947
738.588
738.78
739.44
739.379
739.525
738.818
739.397
738.61
738.203
738.353
738.645
738.791
738.782
739.197
738.357
738.83
738.632
738.837
739.206
738.961
738.819
738.733
739.315
738.555
738.57
738.681
738.209
739.068
738.699
738.457
738.639
738.435
738.3
738.726
738.755
738.789
739.36
739.059
738.145
737.798
738.837
738.751
737.911
738.402
737.636
739.129
738.354
738.622
738.378
737.94
737.898
737.275
738.351
738.109
738.473
738.003
738.7
738.551
738.796
737.896
737.916
738.009
738.185
738.661
737.955
738.382
739.009
738.267
738.601
737.701
738.08
738.208
738.183
738.34
738.454
738.201
737.146
737.725
737.675
737.24
737.813
738.111
737.802
737.675
738.067
738.563
738.899
738.264
737.813
737.79
737.066
737.631
737.222
738.011
737.613
738.162
737.502
737.804
737.722
736.994
737.631
737.544
737.172
737.571
736.994
737.425
737.674
737.203
736.768
737.252
737.794
737.38
738.267
737.745
737.235
737.552
737.385
737.354
737.13
736.805
737.152
737.62
737.359
737.32
736.97
737.447
737.432
736.967
737.207
737.205
737.453
738.174
737.101
737.155
736.778
737.482
737.244
737.709
736.681
737.581
737.448
737.241
737.475
737.978
738.358
736.868
736.482
736.667
737.233
737.407
737.009
737.445
737.507
736.895
736.926
737.261
737.183
736.489
736.812
737.474
737.463
736.778
737.049
736.555
737.255
737.193
736.351
736.946
737.48
736.978
737.468
737.088
737.286
736.422
737.072
736.932
736.627
737.359
736.935
736.88
736.929
736.574
737.108
736.804
736.471
736.321
737.454
736.474
736.541
736.609
736.526
736.458
736.152
736.114
736.993
736.648
736.729
736.579
737.712
736.815
736.46
736.237
737.357
736.932
736.706
736.442
736.162
736.299
735.765
736.038
736.179
736.007
736.46
736.078
736.333
736.872
735.466
736.011
736.274
736.266
736.481
736.441
736.608
736.869
736.624
736.449
736.532
736.313
736.31
736.144
736.24
735.843
736.002
735.902
735.564
736.047
735.963
735.889
736.22
736.27
736.028
736.107
736.174
735.763
735.569
735.687
735.482
736.22
736.213
736.29
735.791
735.633
735.892
736.152
735.713
735.775
735.611
736.17
736.079
735.408
735.644
735.828
735.849
735.523
736.385
735.635
735.846
735.657
735.67
735.524
735.431
734.929
734.671
735.575
736.079
736.01
735.988
735.245
735.417
735.898
735.552
735.525
736.174
736.232
735.512
736.218
735.576
735.993
735.659
736.002
735.612
735.313
735.263
735.277
735.352
734.949
734.747
735.343
735.081
735.411
735.382
734.998
735.28
735.102
734.88
735.525
735.018
735.584
734.932
735.036
735.578
735.15
735.216
735.033
735.408
734.794
734.689
734.624
735.255
734.554
734.932
734.683
734.931
735.058
734.738
734.742
734.34
734.665
734.222
734.552
734.282
734.483
734.692
734.92
734.798
734.512
734.86
734.656
734.817
734.884
734.787
734.301
734.424
733.965
734.527
733.745
733.961
734.592
734.195
735.007
734.663
734.088
734.217
734.609
734.631
734.366
734.128
734.718
734.079
734.726
734.908
734.507
734.69
734.807
734.218
734.903
734.835
734.21
734.544
734.104
734.013
733.285
734.34
734.435
734.658
735.101
733.066
733.353
734.166
734.389
733.495
733.377
734.051
733.993
733.753
734.176
734.21
733.935
734.516
733.74
733.859
734.01
734.074
734.259
733.797
733.68
734.288
734.521
734.356
734.16
734.378
734.304
734.185
733.247
733.403
733.659
734.42
733.565
733.669
733.303
733.223
733.985
733.423
733.242
733.944
733.734
733.902
733.993
732.818
733.84
733.901
734.309
733.696
733.033
733.096
733.529
732.962
733.421
733.563
733.535
733.844
733.435
733.208
733.117
733.08
733.422
733.092
733.554
733.243
733.246
733.762
733.704
732.986
733.157
732.633
733.507
733.29
733.162
733.503
733.201
732.844
733.683
733.34
733.847
733.457
732.595
733.179
733.641
733.741
733.333
733.181
733.175
732.681
732.764
732.584
733.254
733.451
732.857
733.39
733.05
732.645
733.178
733.009
733.054
733.264
732.934
732.808
732.835
733.402
733.183
732.793
732.269
733.202
733.288
733.405
732.925
732.769
732.791
733.069
732.945
733.016
732.822
732.554
732.63
732.819
732.678
732.904
732.454
732.524
732.631
732.531
732.457
732.756
732.41
732.808
732.669
732.391
732.345
732.091
732.774
732.591
732.568
732.774
732.659
732.924
732.468
731.718
732.587
732.169
731.842
732.458
731.572
732.279
732.32
731.895
731.832
731.839
732.516
732.202
732.018
731.621
732.505
731.626
731.778
731.905
731.708
732.321
732.11
732.33
731.983
732.198
732.312
732.018
732.052
730.774
731.496
731.521
732.181
732.04
731.685
731.897
731.411
731.836
731.72
731.042
731.687
731.454
731.656
731.817
731.416
731.498
731.544
731.016
731.231
731.45
731.682
731.98
731.816
732.103
731.209
731.856
731.288
731.97
731.12
731.499
731.324
731.744
731.309
730.83
731.985
731.549
730.822
731.568
731.066
730.996
731.269
731.55
731.295
731.132
731.294
731.174
731.257
730.558
731.248
731.11
730.542
730.545
731.385
731.433
731.62
730.909
730.975
731.17
731.127
731.222
730.56
730.594
730.603
731.568
731.068
730.702
730.877
730.411
731.381
731.101
730.848
730.871
731.038
730.859
731.039
731.122
730.852
730.992
730.787
730.868
730.781
730.151
730.725
730.454
730.439
730.961
730.191
730.679
731.377
731.076
730.665
730.655
730.908
730.401
731.056
731
729.781
729.738
730.37
730.778
730.653
730.405
730.8
731.307
730.289
730.41
730.671
730.072
729.89
730.399
730.486
730.97
729.757
729.437
730.142
730.37
730.169
730.292
730.316
730.539
730.156
730.409
729.825
730.355
730.05
730.68
730.251
730.344
730.938
730.161
729.951
729.993
729.984
729.72
729.976
729.563
729.622
730.234
729.965
730.029
729.704
729.776
729.84
729.661
729.567
729.937
729.767
730.077
730.113
730.063
729.82
729.645
729.373
729.929
729.983
729.501
729.858
730.016
729.896
729.097
729.776
730.004
729.614
729.655
730.029
729.266
729.34
729.43
729.544
729.414
729.176
729.69
729.3
729.561
730.079
729.007
729.31
729.925
729.578
729.569
730.322
729.409
729.445
729.525
729.024
729.227
729.172
729
728.962
729.291
729.012
729.349
729.184
729.468
729.091
729.047
729.497
728.808
728.624
728.974
729.224
729.514
729.146
728.615
729.118
728.466
728.716
729.285
729.342
729.166
729.16
729.22
729.262
728.467
728.543
728.573
728.97
729.634
728.73
728.808
729.608
729.558
728.407
728.555
728.614
728.937
729.194
728.49
728.377
728.643
728.286
728.516
728.718
728.525
729.272
728.834
729.013
728.465
728.2
728.778
728.894
728.988
728.73
728.065
728.604
728.703
728.573
728.337
728.582
728.617
728.445
728.713
728.528
728.24
727.95
728.237
728.014
728.56
728.382
728.502
728.298
727.762
727.945
728.116
727.949
727.615
728.241
728.387
727.772
727.961
728.996
728.189
728.522
728.498
728.149
728.277
727.964
728.891
731.053
728.474
728.314
727.979
728.104
728.292
727.826
727.791
727.775
728.016
728.322
727.995
727.57
727.881
728.268
727.647
727.767
728.189
727.665
727.557
727.68
728.39
727.987
728.254
727.773
727.437
727.705
728.203
727.804
728.142
727.625
727.696
727.588
727.593
727.157
727.573
727.939
727.803
727.204
727.697
727.622
727.606
727.348
727.275
728.184
727.612
728.111
727.689
727.567
727.849
727.98
727.383
727.536
727.967
726.758
727.547
727.724
727.308
727.443
726.99
726.761
726.829
726.983
726.686
726.794
726.818
727.613
727.523
727.686
727.422
727.011
727.259
727.175
727.217
727.229
726.959
726.833
727.299
726.882
726.916
726.973
726.755
727.237
726.31
726.733
727.238
726.384
726.448
726.779
726.749
726.701
726.773
726.736
727.104
726.882
727.188
726.608
726.294
726.3
726.955
726.947
727.329
727.237
726.335
726.638
726.964
726.565
726.678
726.925
726.877
726.91
726.52
726.269
726.188
726.117
726.573
726.504
726.55
726.485
726.02
726.445
726.145
726.539
726.019
726.092
726.233
725.945
725.538
726.199
726.552
726.499
726.439
726.155
726.038
726.232
726.291
726.46
726.136
726.199
726.321
725.917
725.771
726.211
725.761
726.184
726.315
726.495
726.022
725.849
726.381
725.987
725.822
725.791
725.54
725.838
725.531
726.112
725.936
725.529
725.83
726.146
725.597
725.923
725.56
726.08
725.542
725.676
725.718
725.556
725.417
725.46
726.07
726.166
725.831
726.105
725.779
725.193
725.145
725.829
725.87
725.28
725.321
724.956
725.559
726.243
725.374
725.719
725.889
725.496
725.782
725.17
725.313
725.46
724.765
724.801
725.025
724.982
725.739
725.735
725.63
725.155
725.048
724.974
725.184
725.092
725.08
725.151
725.483
724.848
725.453
725.19
724.872
724.584
725.48
724.949
724.544
724.571
725.02
724.844
725.029
724.237
724.914
725.015
725.047
724.444
724.501
724.782
724.121
724.174
724.915
724.583
725.15
724.873
724.736
724.713
724.851
724.726
724.667
723.997
724.791
724.465
724.467
724.407
724.786
724.946
724.734
724.389
724.035
724.081
724.45
724.362
724.03
724.816
724.209
724.123
724.247
724.616
724.28
724.462
724.718
724.447
724.214
724.572
724.434
724.327
724.241
724.264
724.202
724.398
724.472
723.794
724.094
723.595
724.117
724.113
724.14
723.945
724.352
724.418
724.49
724.377
724.16
723.962
723.475
723.809
723.876
724.474
723.433
723.568
723.818
723.88
723.742
723.465
723.87
724.052
723.655
724.177
723.714
724.032
723.522
723.482
723.788
723.203
723.32
722.891
723.452
723.804
723.285
723.778
723.695
723.343
723.809
723.671
723.955
723.193
723.397
723.193
723.284
723.475
723.439
723.259
723.784
723.966
723.195
722.934
723.517
723.349
723.683
723.343
722.942
722.408
723.413
723.428
723.657
722.864
723.35
723.448
723.016
723.22
723.041
722.865
722.994
722.272
722.785
723.25
723.459
723.084
722.952
723.38
723.17
722.952
722.963
723.115
722.995
723.129
723.212
723.017
722.321
722.499
722.846
722.638
723.063
723.045
722.595
722.702
722.836
722.615
722.447
722.977
722.624
722.702
723.039
722.479
722.462
722.462
722.424
722.229
722.437
722.424
723.69
722.823
722.27
722
722.043
722.158
721.956
722.42
722.169
722.352
722.411
722.931
722.067
722.624
722.662
722.46
722.605
722.358
721.854
722.429
722.118
722.39
722.399
722.241
721.925
721.822
722.043
722.218
721.953
722.126
721.974
722.687
722.482
722.453
722.021
721.733
721.837
721.831
721.569
721.966
721.919
721.734
721.869
721.667
721.434
721.839
721.779
721.907
721.928
721.306
721.683
721.724
721.637
721.859
722.025
722.135
721.928
721.942
722.374
722.034
721.43
722.188
721.781
721.66
721.678
721.435
721.324
721.391
721.316
721.242
721.828
721.197
721.087
721.962
721.641
721.539
721.285
721.074
721.817
721.772
721.571
721.496
722.033
721.73
720.726
721.658
721.553
721.531
720.877
721.278
721.683
720.976
721.532
721.152
721.27
721.043
720.846
721.088
721.017
720.848
720.897
721.487
721.387
721.152
720.982
720.758
720.529
720.635
720.769
720.663
720.991
720.721
720.983
720.805
721.1
720.942
720.813
721.059
720.852
721.011
720.871
720.615
720.837
720.151
720.292
720.433
721.321
721.018
720.898
720.76
720.645
720.764
720.478
720.71
720.665
720.444
720.637
720.917
720.901
720.869
719.944
720.247
720.23
720.504
720.215
720.664
720.185
720.555
720.572
720.529
720.134
720.785
720.847
720.093
720.04
720.061
720.306
720.525
720.414
720.269
720.305
720.175
720.599
720.56
720.135
720.4
720.456
719.907
720.233
719.808
720.428
720.456
720.337
719.846
719.659
719.784
719.895
720.167
720.012
719.966
720.073
719.764
720.13
720.137
719.661
719.721
719.738
719.831
719.844
719.609
719.63
719.02
719.642
719.911
719.923
719.684
719.354
719.14
719.576
719.869
719.354
719.722
719.745
719.39
719.719
718.864
719.118
719.427
719.273
719.287
719.418
719.938
719.381
718.968
719.535
719.579
719.635
719.571
719.348
719.753
719.545
719.183
719.091
719.28
718.959
719.193
719.099
719.006
718.902
719.106
719.613
719.345
719.504
719.011
719.48
718.877
718.97
719.254
718.768
718.688
719.589
719.02
719.271
719.089
718.801
718.817
718.682
718.654
718.75
718.621
719.128
718.922
719.155
719.413
719.017
718.867
718.554
719.116
718.896
719.363
718.529
718.634
719.252
718.789
718.267
718.613
718.683
718.82
718.592
718.548
718.213
718.194
718.626
718.407
718.411
717.976
718.15
718.467
718.18
718.075
718.256
717.922
718.668
718.859
718.387
718.753
718.205
718.213
718.316
717.984
718.253
718.898
718.488
719.171
718.293
718.207
718.191
718.593
718.553
718.543
718.296
718.077
717.908
718.276
717.934
718.135
718.062
717.897
718.008
717.938
718.027
717.317
717.479
717.665
718.186
718.266
718.163
717.872
717.799
717.547
717.737
717.757
717.88
717.578
717.916
717.791
717.967
718.243
718.32
717.977
717.731
717.527
717.353
717.414
717.869
717.688
718.304
718.441
717.719
717.454
717.893
717.492
717.644
717.829
717.363
717.279
717.423
717.562
717.582
717.534
717.028
717.708
717.03
717.423
717.479
720.202
718.355
717.898
717.184
717.554
716.906
717.56
717.159
717.352
717.351
717.209
717.249
717.174
717.354
717.019
717.191
717.441
717.443
717.012
716.919
717.016
717.27
717.533
717.271
717.503
717.168
716.846
717.142
717.249
717.204
716.774
716.837
716.895
717.025
717.416
716.839
716.719
716.563
716.677
716.568
716.458
717.225
716.926
716.767
716.565
717.019
716.891
716.488
716.76
717.051
716.969
716.563
716.574
716.308
716.689
716.976
716.681
716.664
716.77
716.628
716.168
716.223
716.477
716.326
716.356
716.713
716.622
716.802
716.338
715.756
716.407
716.468
716.104
716.215
716.243
716.41
716.701
716.563
716.602
716.348
716.159
715.99
716.08
715.943
715.86
716.35
716.126
716.111
716.496
716.715
716.062
716.347
716.276
716.027
715.845
715.895
716.474
715.961
715.888
715.693
716.177
715.661
715.845
716.018
715.63
716.051
716.164
716.129
715.873
715.765
715.581
715.641
715.614
715.861
715.644
715.612
715.82
715.567
716.006
715.805
716.133
715.385
715.876
715.852
715.762
715.483
715.463
716.062
716.02
718.024
716.103
715.533
715.913
715.404
715.515
715.54
715.653
715.251
715.401
715.552
715.373
715.174
715.532
715.371
715.375
715.194
715.338
715.404
714.934
715.141
715.419
715.191
715.329
715.173
715.247
715.449
715.027
715.73
715.453
714.964
715.126
715.054
715.159
715.195
715.034
715.201
714.666
714.506
714.582
716.268
715.022
714.915
714.638
715.119
715.025
714.424
714.6
714.735
714.943
715.003
715.147
714.968
715.881
715.039
714.848
714.99
714.807
715.083
714.259
714.747
714.503
714.817
715.378
715.116
714.339
714.227
714.471
714.577
714.999
714.659
714.849
715.19
714.522
714.462
714.615
713.882
713.852
714.35
714.468
714.209
714.091
714.411
714.174
714.098
714.101
714.386
714.794
714.896
714.445
714.521
714.044
714.322
714.383
713.969
714.34
714.295
714.632
714.126
714.361
714.211
714.162
714.046
714.269
714.502
714.077
713.833
713.815
714.177
714.031
713.785
713.798
714.072
713.64
714.059
713.886
713.845
713.902
713.722
713.476
713.889
713.532
713.761
713.3
713.425
714.098
714.011
713.744
714.463
714.16
713.894
713.569
713.752
713.6
713.497
713.289
713.373
713.942
713.93
713.918
713.314
713.576
713.795
713.625
713.78
713.626
713.351
713.441
713.292
713.165
713.705
713.532
713.632
713.736
713.694
713.502
713.226
713.704
713.14
712.616
713.091
713.507
713.229
713.151
712.649
712.835
713.284
713.116
713.043
713.395
713.067
713.416
712.83
712.924
712.764
713.535
713.285
712.783
713.21
712.892
712.757
713.499
712.952
712.86
712.784
712.81
712.895
712.618
712.687
712.388
712.645
712.636
712.506
712.713
712.592
712.615
712.878
712.602
712.798
712.859
712.451
712.84
712.632
712.541
712.831
712.506
712.736
712.578
712.181
712.371
712.425
712.435
712.619
712.833
712.915
712.445
712.379
712.593
712.628
712.368
712.847
712.396
712.363
712.673
712.682
712.312
712.232
712.275
712.213
711.97
712.153
711.998
712.09
711.801
712.173
712.238
712.126
712.299
711.91
711.97
711.73
712.042
711.725
711.859
712.124
711.941
712.137
711.912
711.367
711.68
711.816
711.925
712.304
712.248
711.488
711.836
711.983
712.048
711.613
711.503
711.635
711.952
711.695
711.593
711.7
711.882
711.606
711.857
712.048
711.525
711.824
711.719
711.742
711.745
711.513
711.054
710.919
711.803
711.58
711.869
711.222
711.326
711.316
711.433
711.244
711.316
711.294
711.456
711.265
711.281
711.338
711.061
711.324
711.483
711.254
710.8
711.727
711.203
710.979
711.199
711.275
711.003
711.135
711.06
711.121
711.148
711.046
711.308
711.41
711.056
710.822
710.688
710.854
711.332
711.233
710.751
710.594
710.962
711.057
710.292
710.583
710.962
710.423
710.8
710.77
710.738
710.661
710.435
710.293
710.363
710.675
711.353
711.007
710.655
710.871
710.213
711.248
710.295
710.89
710.435
710.423
710.414
710.654
710.983
710.693
710.329
710.515
710.934
710.718
710.905
710.309
710.368
710.471
710.9
710.624
710.602
710.673
710.077
710.328
710.299
710.248
710.137
710.16
710.361
710.5
710.369
710.238
710.254
709.597
709.827
709.777
710.226
709.996
710.184
710.086
710.177
710.458
710.222
709.9
710.004
710.34
709.973
710.011
710.215
709.851
709.602
709.771
709.672
709.841
709.632
710.145
709.748
709.951
710.219
709.81
709.85
709.758
709.508
709.951
709.69
709.309
709.868
709.646
709.621
709.983
709.79
709.597
709.607
709.688
709.768
709.239
710.128
709.239
709.606
709.636
709.433
709.798
709.387
709.466
709.323
709.133
709.365
709.253
709.19
709.451
709.362
709.405
709.044
709.279
709.462
708.863
709.601
709.263
709.629
709.538
709.516
709.336
709.081
708.98
709.073
708.96
709.257
708.912
708.701
709.038
709.217
708.915
709.007
708.956
709.022
709.029
708.873
708.927
708.727
708.427
708.687
709.053
709.296
709.016
709.286
708.914
708.918
709.408
708.862
708.807
708.328
708.585
708.483
708.898
708.347
708.734
709.307
709.069
708.853
708.693
708.741
708.578
708.548
708.876
708.326
708.218
708.494
708.028
708.098
708.719
708.826
707.99
708.399
708.497
708.448
708.14
708.274
708.51
707.867
708.052
708.525
708.494
708.243
708.639
708.195
708.1
708.354
708.145
707.502
707.941
708.633
708.119
708.026
708.268
708.098
708.143
707.658
708.214
707.783
708.014
707.746
707.682
707.632
707.587
707.949
708.443
708.022
708.1
708.009
707.878
708.315
708.015
707.878
708.122
707.826
707.873
707.818
707.544
707.679
707.793
707.402
707.61
707.733
707.485
707.628
707.306
707.529
707.711
707.388
707.816
707.409
707.231
707.377
707.8
708.031
707.754
707.89
707.941
707.87
707.301
707.555
706.985
707.052
707.305
707.682
707.093
707.416
706.977
707.438
707.157
707.242
707.101
707.624
707.682
707.366
706.821
707.194
707.207
707.433
706.635
707.04
706.868
707.33
707.243
706.996
706.983
707.221
707.241
707.111
706.927
707.309
707.119
707.168
706.844
707.157
706.733
706.707
706.842
706.839
706.634
706.387
706.967
706.838
706.952
706.729
706.978
706.686
706.686
706.702
707.12
706.975
706.704
706.942
707.068
706.59
706.597
706.241
706.51
706.293
706.626
706.83
706.653
706.297
706.594
706.394
706.399
706.311
705.96
705.768
706.056
706.143
706.226
706.358
706.449
706.414
706.275
706.407
706.356
706.31
706.513
705.976
705.964
706.744
706.335
706.449
706.095
706.412
706.39
706.07
705.746
705.948
705.931
706.026
706.137
705.906
705.958
705.749
705.782
705.998
706.032
705.669
705.867
705.757
705.826
705.704
705.948
706.014
706.05
705.881
705.828
705.765
706.067
705.761
705.829
706.116
705.868
705.639
705.87
705.668
705.463
705.6
706.249
705.861
705.527
705.666
705.31
705.765
705.236
705.647
705.277
705.283
705.499
705.647
705.803
705.462
705.576
705.128
705.675
705.485
705.454
705.351
705.016
705.396
705.329
705.528
705.333
705.204
705.284
705.075
705.298
704.931
705.116
705.156
705.173
704.957
705.055
704.505
705.095
705.153
704.792
704.634
704.989
705.306
704.958
705.082
704.875
705.1
705.353
704.83
704.904
704.937
704.822
705.097
704.815
704.665
704.954
704.764
705.163
705.097
704.948
704.628
704.566
704.92
704.918
704.608
704.671
704.566
704.676
704.945
705.03
704.775
704.534
704.514
704.724
704.656
704.316
704.492
704.743
704.691
704.229
704.422
704.385
704.662
704.507
704.387
704.813
704.336
704.627
704.492
704.221
704.639
704.117
704.463
704.643
704.543
704.111
704.444
704.247
704.157
704.254
704.336
704.243
704.179
704.429
704.186
704.343
704.09
704.186
704.181
703.843
703.979
703.948
704.111
704.036
704.022
704.031
704.263
703.845
703.859
703.735
703.809
704.196
704.099
704.229
703.934
703.666
704.218
703.941
703.984
703.869
703.698
703.887
703.657
703.566
703.882
703.981
703.65
703.516
703.773
703.522
703.772
703.557
703.449
703.854
703.615
703.459
703.782
703.592
703.72
703.64
703.87
703.701
703.886
703.982
703.877
703.538
703.279
703.48
703.712
703.513
702.961
703.036
702.746
703.185
703.154
702.821
702.949
703.085
703.242
703.48
703.543
703.19
703.35
703.006
702.828
703.127
703.295
702.986
703.209
703.316
703.159
702.75
703.03
703.641
702.933
703.138
703.074
702.657
702.931
703.02
703.133
702.914
703.279
703.473
702.92
703.041
702.982
703.01
702.726
702.504
702.728
702.858
702.484
702.791
703.109
703.268
702.709
702.687
702.481
702.762
702.697
702.683
702.296
702.598
702.142
702.642
702.764
702.661
702.639
702.924
702.579
702.59
702.623
702.46
702.38
702.343
702.346
702.742
702.227
702.621
702.648
702.357
702.788
702.363
702.196
702.077
702.472
702.34
702.231
701.885
702.277
702.388
702.221
702.481
702.32
702.122
702.698
702.636
702.411
702.244
701.97
702.025
702.032
701.946
702.235
702.402
701.762
702.212
701.992
701.587
701.627
701.75
701.65
701.677
702.143
701.832
701.776
701.722
701.552
701.187
701.661
701.625
701.646
701.873
701.593
701.978
701.833
701.878
701.525
701.987
701.632
701.547
701.298
701.887
701.828
701.59
701.816
701.602
701.497
701.568
701.611
701.497
701.309
701.325
701.435
701.999
701.358
701.492
701.666
701.624
701.57
701.32
701.035
701.274
701.802
701.415
701.564
701.465
701.462
701.142
701.435
701.006
700.962
701.198
701.178
701.096
701.011
700.877
700.948
701.041
700.944
701.054
700.893
700.974
701.1
700.892
701.054
701.221
701.005
700.62
700.947
701.209
700.974
700.987
700.749
700.986
701.145
701.108
701.041
701.035
700.962
700.632
700.661
700.729
700.621
700.787
700.73
700.582
700.451
700.69
700.934
700.901
700.515
700.601
700.662
700.957
700.884
700.367
700.621
700.549
700.602
700.301
700.42
700.513
700.582
700.082
700.564
700.264
700.63
700.621
700.247
700.035
700.211
700.343
700.459
700.507
700.642
700.243
700.373
700.615
700.103
700.325
700.228
700.458
700.354
700.235
700.168
700.288
700.486
700.28
700.402
700.255
700.31
700.244
700.136
700.01
700.02
699.976
699.954
700.047
699.84
699.799
699.946
700.118
699.872
700.149
699.895
700.075
699.924
699.953
699.826
699.913
699.985
699.772
699.849
700.052
700.02
699.916
699.944
699.902
699.699
699.564
699.976
699.88
699.677
699.386
699.761
699.439
699.371
699.619
699.684
699.735
699.727
699.825
699.803
699.832
699.604
699.655
699.344
699.471
699.704
699.72
699.763
699.634
699.576
699.807
699.674
699.504
698.898
699.406
699.212
699.131
699.352
699.42
699.244
699.109
699.216
699.271
699.461
699.097
698.993
699.199
698.923
699.105
699.28
699.228
699.127
698.922
699.11
698.987
699.242
698.996
698.775
699.177
698.811
698.881
698.768
699.159
699.175
699.155
699.006
698.705
698.642
698.859
698.826
699.058
699.036
699.306
698.708
698.655
698.805
698.714
698.9
698.994
698.798
698.84
698.825
698.716
698.89
698.979
698.612
698.545
698.604
698.562
698.625
698.605
698.72
698.655
698.587
698.769
698.629
698.792
698.78
698.283
698.193
698.33
698.407
698.59
698.26
698.07
698.396
698.42
698.611
698.521
698.693
698.415
698.153
698.336
698.845
698.361
698.422
698.325
698.327
698.13
698.268
698.272
698.478
698.205
698.316
698.302
698.062
697.916
698.146
698.354
698.087
698.337
698.338
698.156
697.941
697.973
697.988
698.107
698.287
697.942
698.201
697.903
697.869
697.954
697.917
697.991
697.905
697.602
697.637
697.833
697.417
697.749
697.795
697.712
697.714
697.859
697.872
697.927
697.688
697.492
697.507
697.732
697.492
697.646
697.807
697.526
697.606
697.678
697.818
697.776
697.406
697.68
697.922
697.369
697.331
697.547
697.306
697.71
697.384
697.498
697.808
697.332
697.357
697.219
697.335
697.392
697.37
697.343
697.333
697.34
697.145
697.367
697.21
697.14
696.962
697.19
697.19
696.978
697.226
697.183
697.107
697.387
697.286
697.002
697.079
697.098
697.336
696.938
696.977
696.682
696.835
697.134
697.028
696.812
697.158
696.663
696.839
696.835
696.898
697.009
696.852
697.102
697.036
697.03
696.821
696.861
696.822
696.697
696.653
696.843
696.717
696.653
696.941
696.488
696.615
696.771
696.549
696.689
696.56
696.582
696.782
696.876
696.862
696.59
696.644
696.363
696.432
696.572
696.446
696.456
696.232
696.677
696.557
696.384
696.344
696.015
696.265
696.167
696.425
696.627
696.199
696.047
696.134
696.103
696.159
696.202
695.918
695.699
695.942
696.096
696.242
696.002
695.918
696.098
696.143
695.94
695.912
695.806
696.052
695.977
695.883
695.918
696.206
695.85
695.878
696.287
695.886
695.819
695.952
695.879
696.005
696.057
695.87
696.035
696.006
696.113
696.083
696.108
696.103
695.926
695.94
695.74
695.957
695.745
695.76
695.813
695.824
695.811
695.383
695.907
695.984
695.602
695.738
696.09
695.748
695.551
696.01
695.572
695.366
695.611
695.779
695.656
695.535
695.33
695.615
695.517
695.592
695.324
695.227
695.416
695.393
695.148
695.411
695.276
695.154
695.473
695.553
695.483
695.66
695.614
695.297
695.506
695.326
695.118
695.37
695.183
695.482
695.125
695.142
694.805
695.083
695.267
694.913
694.905
695.1
694.877
695.441
695.043
694.997
694.99
695.082
695.011
694.807
695.03
695.159
695.088
695.056
695.063
694.801
695.001
695.033
695.066
694.931
695.072
694.933
694.96
695.014
694.718
694.585
694.773
694.494
694.969
694.875
694.906
695.07
694.578
694.529
694.683
694.356
694.583
694.747
694.629
694.313
694.478
694.701
694.527
694.665
694.779
694.6
694.589
694.671
694.929
694.611
694.499
694.496
694.652
694.473
694.119
694.586
694.375
694.6
694.283
694.734
694.521
694.102
694.57
694.492
694.45
694.323
694.321
694.545
694.416
694.355
694.358
694.158
694.178
694.262
694.354
694.237
694.027
694.227
693.972
693.958
694.172
694.497
694.29
694.096
694.043
693.936
694.076
693.937
694.019
694.041
693.969
693.957
693.874
693.8
694.066
693.973
694.026
694.035
694.015
694.151
694.079
693.804
693.698
693.67
693.978
693.899
693.731
693.856
693.981
693.604
693.885
693.667
693.48
693.661
693.673
693.827
693.692
693.571
693.584
693.653
693.815
693.573
693.547
693.549
693.349
693.179
693.279
693.558
693.665
693.463
693.546
693.739
693.58
693.65
693.414
693.444
693.538
693.163
693.422
693.493
693.382
693.357
693.596
693.56
693.362
693.35
693.688
693.085
693.483
693.295
693.377
693.295
693.302
693.214
693.321
693.318
693.085
692.858
692.943
693.251
692.917
693.124
693.168
693.213
693.035
693.317
692.942
692.748
693.073
693.09
693.134
693.033
693.113
693.177
692.85
692.96
692.797
692.863
693.106
692.977
693.014
692.918
692.736
693.003
693.056
692.806
693.017
692.983
693.09
693.076
693.071
692.903
693.28
692.766
692.689
692.689
692.785
692.919
692.827
692.619
692.66
692.776
692.549
692.736
692.661
692.715
692.623
692.621
692.575
692.318
692.529
693.018
692.716
692.979
692.641
692.334
692.399
692.757
692.477
692.412
692.777
692.764
692.611
692.473
692.374
692.57
692.269
692.145
692.199
692.632
692.538
692.381
692.489
692.361
692.35
692.432
692.331
692.261
692.161
692.12
692.288
692.374
692.08
692.007
692.076
692.114
691.951
692.127
691.984
691.757
692.166
692.236
692.021
692.349
692.102
692.002
691.958
692.16
691.961
691.975
692.074
691.855
692.022
692.076
691.714
691.911
691.972
691.628
691.635
691.507
691.817
691.884
691.997
691.646
691.881
691.923
692.083
692.043
691.652
691.69
691.51
691.597
691.753
691.739
691.749
691.471
691.736
691.724
691.56
691.678
691.508
691.678
691.729
691.731
691.553
691.668
691.594
691.73
691.691
691.504
691.344
691.406
691.617
691.57
691.647
691.563
691.385
691.415
691.484
691.487
691.264
691.257
691.383
691.296
691.217
691.266
691.253
691.037
691.389
691.157
691.209
691.174
691.156
691.288
691.252
691.258
691.328
691.127
690.867
691.154
691.135
691.066
691.252
691.167
690.949
691.129
691.148
691.198
691.239
691.347
691.426
691.115
691.08
691.291
691.056
690.91
691.03
691.061
691.087
690.986
690.771
690.951
691.061
690.797
690.836
690.85
691.122
691.107
690.971
690.929
690.808
690.721
690.771
691.002
690.951
690.59
690.805
690.76
690.598
690.53
690.744
690.673
690.751
690.873
690.716
690.616
690.495
690.726
690.562
690.468
690.708
690.769
690.609
690.664
690.662
690.584
690.68
690.779
690.595
690.522
690.423
690.584
690.542
690.384
690.559
690.769
690.521
690.443
690.779
690.463
690.267
690.4
690.277
690.463
690.164
690.455
690.459
690.332
690.285
690.362
690.165
690.329
690.316
690.382
690.346
690.226
690.026
690.245
690.227
690.15
690.365
690.456
690.161
690.18
690.184
690.021
690.36
690.2
690.266
690.247
690.328
690.275
689.966
690.211
690.143
690.254
689.949
690.135
690.047
689.847
689.958
689.996
690.048
690.071
690.021
689.78
689.96
690.033
690.228
690.133
689.908
689.856
689.923
690.053
689.898
689.947
689.835
689.986
689.734
689.662
689.725
690.082
689.956
689.736
689.855
689.733
689.903
689.992
689.577
689.676
689.915
689.837
689.744
689.715
689.768
689.746
689.925
689.664
689.747
689.552
689.492
689.613
689.506
689.38
689.418
689.549
689.507
689.631
689.576
689.507
689.631
689.575
689.648
689.699
689.784
689.58
689.571
689.491
689.421
689.45
689.527
689.504
689.396
689.452
689.323
689.212
689.4
689.42
689.473
689.592
689.5
689.113
689.234
689.33
689.389
689.493
689.327
689.466
689.467
689.404
689.412
689.394
689.253
689.263
688.955
689.37
689.332
689.213
689.261
689.182
689.148
689.181
689.278
689.023
689.237
689.186
689.266
689.229
689.228
689.066
689.205
689.02
689.063
689.169
689.062
688.994
689.068
688.917
688.856
689.039
688.949
689.123
689.215
689.087
689.17
688.905
688.912
688.977
688.914
688.954
689.031
689.061
688.995
688.884
689.061
688.908
688.848
688.725
688.802
688.987
688.648
689.02
688.754
688.801
688.95
688.744
688.69
688.666
688.606
688.618
688.585
688.661
688.631
688.798
688.587
688.616
688.673
688.562
688.633
688.654
688.791
688.511
688.658
688.64
688.63
688.616
688.533
688.608
688.678
688.692
688.576
688.434
688.398
688.612
688.489
688.413
688.468
688.519
688.444
688.463
688.368
688.527
688.723
688.376
688.23
688.506
688.3
688.283
688.333
688.312
688.465
688.388
688.58
688.307
688.345
688.262
688.337
688.445
688.28
688.325
688.301
688.212
688.435
688.526
688.368
688.265
688.04
688.1
688.009
688.232
688.343
688.43
688.09
688.07
688.128
688.288
688.042
688.048
688.032
688.062
688.108
688.165
688.223
688.077
687.856
688.004
687.974
688.068
688.186
688.159
687.963
687.968
687.827
688.051
688.071
688.122
687.823
687.967
688.053
687.92
687.833
687.905
687.873
687.897
687.849
687.876
687.968
687.74
687.825
687.955
687.917
687.771
687.673
687.715
687.967
687.763
687.717
687.732
687.629
687.897
687.818
687.839
687.741
687.797
687.6
687.621
687.652
687.494
687.605
687.43
687.561
687.746
687.67
687.799
687.546
687.531
687.558
687.566
687.554
687.532
687.502
687.695
687.497
687.405
687.401
687.39
687.431
687.482
687.612
687.514
687.38
687.54
688.192
687.577
687.494
687.514
687.386
687.654
687.416
687.601
687.581
687.465
687.319
687.418
687.438
687.317
687.392
687.379
687.378
687.516
687.348
687.325
687.35
687.356
687.519
687.307
687.3
687.023
686.859
687.208
687.252
687.174
687.096
687.131
687.184
687.17
687.331
687.121
687.089
687.022
687.077
687.258
687.249
687.169
687.328
687.21
687.077
686.967
686.954
687.061
687.067
687.049
687.228
686.984
687.121
686.992
687.276
687.048
686.967
686.989
686.982
687.004
686.87
686.997
687.017
686.904
686.961
687.08
687.097
686.827
687.054
686.91
686.906
686.971
686.891
686.949
687.044
686.906
686.917
686.827
687.045
686.855
686.822
686.721
686.931
686.772
686.807
686.837
686.903
686.93
686.923
686.906
686.872
686.921
686.876
686.844
686.823
686.826
686.713
686.646
686.794
686.706
686.648
686.557
686.592
686.693
686.629
686.658
686.7
686.617
686.81
686.654
686.798
686.737
686.614
686.614
686.574
686.571
686.71
686.854
686.565
686.578
686.566
686.717
686.459
686.619
686.572
686.628
686.634
686.753
686.649
686.626
686.452
686.496
686.581
686.485
686.511
686.601
686.447
686.2
686.406
686.332
686.427
686.387
686.465
686.279
686.428
686.387
686.441
686.545
686.275
686.369
686.34
686.441
686.334
686.304
686.488
686.305
686.295
686.22
686.369
686.244
686.291
686.354
686.182
686.267
686.252
686.293
686.125
686.126
686.402
686.352
686.098
686.184
686.447
686.087
686.193
686.087
686.067
686.091
686.087
686.019
686.048
686.179
686.087
686.202
686.2
686.011
685.991
686.109
685.922
686.173
686.155
686.164
685.826
685.979
686.008
685.971
686.123
686.013
686.141
685.973
686.006
685.957
686.037
686.096
686.005
686.02
686.068
685.864
685.888
685.957
686.02
686.129
685.962
685.917
685.999
686.043
685.936
685.818
685.839
685.869
685.863
685.715
685.874
685.963
685.876
687.612
686.597
686.001
685.718
685.878
685.924
685.757
685.806
685.745
685.79
685.81
685.953
685.98
685.814
685.875
685.83
685.913
685.779
685.827
685.803
685.809
685.854
686.025
685.908
685.709
685.734
685.768
685.852
685.918
685.782
685.688
685.797
685.702
685.595
685.706
685.801
685.785
685.683
685.689
685.57
685.656
685.723
685.698
685.721
685.756
685.677
685.833
685.777
685.753
685.632
685.678
685.611
685.605
685.683
685.6
685.543
685.496
685.425
685.593
685.665
685.589
685.528
685.669
685.53
685.508
685.456
685.54
685.54
685.484
685.496
685.598
685.68
685.527
685.479
685.379
685.512
685.461
685.306
685.532
685.403
685.271
685.368
685.525
685.524
685.503
685.473
685.568
685.349
686.375
685.554
685.393
685.455
685.349
685.397
685.4
685.481
685.503
685.399
685.271
685.262
685.284
685.367
685.447
685.49
685.24
685.264
685.339
685.49
685.491
685.377
685.277
685.145
685.209
685.238
685.367
685.175
685.217
685.168
685.225
685.27
685.319
685.153
685.212
685.246
685.199
685.301
685.223
685.218
685.202
685.176
685.01
685.177
685.117
685.126
685.142
685.165
685.033
685.097
685.11
685.17
685.087
685.001
685.028
685.013
684.996
685.059
684.96
685.03
685.13
685.034
684.921
684.79
684.991
685.014
684.947
684.956
684.986
685.094
684.979
684.922
685.026
684.983
684.89
684.896
685.029
685.12
684.971
684.913
684.936
685.002
685.023
684.895
684.838
684.833
684.736
684.887
684.806
684.885
684.886
684.816
684.846
684.914
684.937
684.802
684.761
684.758
684.834
684.848
684.774
684.706
684.717
684.847
684.756
684.814
684.756
684.738
684.744
684.663
684.716
684.755
684.735
684.801
684.757
684.512
684.71
684.678
684.721
684.755
684.766
684.67
684.72
684.695
684.573
684.644
684.771
684.69
684.625
684.723
684.646
684.549
684.618
684.499
684.622
684.479
684.653
684.582
684.684
684.673
684.583
684.473
684.644
684.665
684.569
684.661
684.639
684.551
684.474
684.482
684.51
684.597
684.484
684.354
684.458
684.477
684.542
684.584
684.595
684.634
684.516
684.514
684.489
684.437
684.388
684.536
684.54
684.514
684.436
684.49
684.431
684.429
684.462
684.225
684.394
684.377
684.444
684.449
684.428
684.469
684.191
684.294
684.353
684.468
684.404
684.455
684.383
684.378
684.412
684.278
684.298
684.281
684.349
684.326
684.291
684.353
684.261
684.375
684.263
684.375
684.285
684.177
684.292
684.272
684.34
684.275
684.231
684.293
684.226
684.207
684.209
684.176
684.271
684.432
684.324
684.392
684.21
684.139
684.225
684.059
684.194
684.216
684.3
684.153
684.13
684.183
684.253
684.166
684.161
684.051
684.144
684.195
684.24
684.16
684.114
684.134
684.111
684.093
684.109
684.105
684.084
684.12
684.048
684.169
684.041
684.126
683.963
683.97
684.075
684.043
684.07
684.068
683.985
684.05
684.146
684.17
684.031
684.06
684.04
684.014
683.987
683.932
683.987
683.928
683.877
683.843
683.878
683.953
683.93
683.936
683.928
683.957
683.949
683.82
683.958
683.959
683.897
683.914
683.923
683.911
683.83
683.827
683.819
683.848
683.933
683.831
683.838
683.952
683.948
683.894
683.924
683.937
683.938
683.824
683.756
683.763
683.705
683.802
683.864
683.836
683.854
683.798
683.854
683.714
683.787
683.828
683.798
683.843
683.816
683.828
683.825
683.851
683.735
683.729
683.836
683.833
683.806
683.796
683.826
683.713
683.741
683.738
683.737
683.71
683.669
683.594
683.714
683.761
683.758
683.797
683.735
683.719
683.776
683.744
683.592
683.629
683.734
683.714
683.732
683.699
683.614
683.716
683.739
683.578
683.699
683.645
683.697
683.651
683.645
683.761
683.589
683.601
683.675
683.62
683.658
683.694
683.603
683.495
683.563
683.535
683.589
683.533
683.556
683.554
683.563
683.549
683.605
683.541
683.592
683.631
683.63
683.606
683.635
683.563
683.635
683.739
683.612
683.562
683.654
683.53
683.577
683.561
683.516
683.473
683.471
683.435
683.438
683.517
683.578
683.556
683.556
683.634
683.473
683.501
683.495
683.453
683.453
683.534
683.391
683.493
683.466
683.565
683.514
683.461
683.48
683.458
683.549
683.426
683.478
683.351
683.431
683.47
683.462
683.482
683.46
683.482
683.542
683.397
683.376
683.404
683.416
683.454
683.66
683.362
683.423
683.412
683.396
683.407
683.37
683.307
683.374
683.393
683.363
683.45
683.389
683.422
683.306
683.37
683.377
683.357
683.319
683.375
683.385
683.328
683.337
683.265
683.311
683.411
683.359
683.351
683.353
683.38
683.267
683.321
683.394
683.369
683.377
683.311
683.247
683.254
683.244
683.28
683.272
683.239
683.331
683.315
683.273
683.275
683.261
683.234
683.354
683.275
683.259
683.172
683.28
683.298
683.25
683.237
683.269
683.239
683.17
683.192
683.185
683.241
683.414
683.294
683.322
683.244
683.242
683.261
683.182
683.145
683.192
683.179
683.188
683.165
683.087
683.123
683.058
683.184
683.217
683.254
683.228
683.221
683.228
683.168
683.157
683.131
683.117
683.22
683.095
683.094
683.165
683.172
683.169
683.194
683.09
683.111
683.241
683.131
683.132
683.14
683.135
683.187
683.09
683.195
683.147
683.124
683.13
683.028
683.047
683.095
683.064
683.04
683.102
683.112
683.09
683.093
683.132
683.013
683.109
683.122
683.104
683.173
683.059
682.956
683.009
683.002
683.09
683.062
683.028
683.078
682.991
683.031
682.974
683.007
683.102
683.063
683.06
683.006
683.024
683.04
682.965
682.996
683.038
683.067
683.067
683.052
682.99
683.013
683.026
682.984
683.03
682.996
683.029
683.013
683.014
682.951
682.932
682.981
683.052
683.012
683.054
683.044
682.939
683.009
683.014
682.937
682.919
682.938
682.974
682.984
682.949
682.941
682.938
682.932
682.923
682.967
682.893
682.949
682.879
682.859
682.969
682.911
682.972
682.903
682.922
682.958
682.83
682.845
682.801
682.911
682.961
682.958
682.948
682.889
683.053
682.902
682.927
682.864
682.869
682.872
682.884
682.827
682.892
682.847
682.872
682.906
682.861
682.839
682.829
682.827
682.889
682.876
682.836
682.827
682.859
682.904
682.851
682.832
682.903
682.873
682.861
682.842
682.919
682.86
682.816
682.792
682.81
682.794
682.86
682.759
682.779
682.803
682.75
682.824
682.773
682.839
682.791
682.757
682.864
682.751
682.77
682.839
682.793
682.834
682.765
682.806
682.826
682.841
682.827
682.844
682.881
682.824
682.774
682.802
682.796
682.825
682.807
682.798
682.778
682.783
682.759
682.737
682.765
682.799
682.773
682.796
682.762
682.75
682.832
682.761
682.794
682.822
682.765
682.712
682.746
682.751
682.732
682.766
682.784
682.735
682.745
682.659
682.657
682.709
682.767
682.755
682.673
682.67
682.738
682.779
682.712
682.742
682.746
682.688
682.657
682.623
682.692
682.722
682.658
682.683
682.663
682.682
682.67
682.632
682.646
682.686
682.695
682.699
682.599
682.582
682.682
682.731
682.641
682.678
682.741
682.758
682.725
682.73
682.669
682.769
682.647
682.611
682.661
682.592
682.599
682.7
682.693
682.675
682.662
682.677
682.65
682.72
682.667
682.584
682.648
682.702
682.632
682.627
682.672
682.599
682.625
682.651
682.637
682.647
682.611
682.676
682.74
682.743
682.622
682.624
682.583
682.592
682.627
682.653
682.613
682.695
682.556
682.617
682.647
682.617
682.582
682.631
682.584
682.587
682.607
682.613
682.571
682.618
682.612
682.583
682.572
682.522
682.596
682.613
682.529
682.63
682.653
682.592
682.615
682.66
682.659
682.605
682.619
682.535
682.633
682.609
682.575
682.617
682.525
682.565
682.603
682.581
682.551
682.546
682.538
682.576
682.592
682.586
682.566
682.556
682.523
682.632
682.585
682.608
682.628
682.498
682.594
682.599
682.591
682.556
682.62
682.556
682.549
682.58
682.562
682.558
682.539
682.503
682.564
682.515
682.513
682.531
682.532
682.613
682.565
682.563
682.467
682.459
682.496
682.585
682.547
682.551
682.57
682.556
682.533
682.593
682.523
682.535
682.53
682.521
682.512
682.512
682.491
682.518
682.509
682.486
682.509
682.449
682.495
682.51
682.585
682.548
682.471
682.45
682.55
682.519
682.498
682.473
682.491
682.509
682.53
682.575
682.596
682.535
682.518
682.458
682.474
682.504
682.498
682.521
682.488
682.501
682.465
682.51
682.43
682.468
682.458
682.461
682.523
682.501
682.461
682.497
682.505
682.449
682.478
682.43
682.459
682.502
682.549
682.512
682.599
682.466
682.497
682.531
682.494
682.513
682.493
682.447
682.445
682.427
682.487
682.404
682.47
682.471
682.479
682.427
682.474
682.459
682.417
682.458
682.458
682.513
682.439
682.432
682.407
682.416
682.43
682.462
682.471
682.443
682.391
682.415
682.446
682.416
682.404
682.427
682.402
682.387
682.413
682.475
682.412
682.409
682.437
682.48
682.459
682.431
683.599
683.023
682.496
682.399
682.485
682.481
682.424
682.476
682.509
682.388
682.369
682.418
682.414
682.468
682.49
682.433
682.482
682.44
682.467
682.449
682.468
682.465
682.389
682.399
682.421
682.468
682.421
682.487
682.479
682.404
682.395
682.425
682.368
682.426
682.394
682.412
682.415
682.426
682.354
682.375
682.439
682.429
682.457
682.46
682.404
682.392
682.452
682.459
682.433
682.41
682.408
682.417
682.45
682.401
682.44
682.373
682.379
682.419
682.392
682.472
682.441
682.419
682.394
682.426
682.423
682.379
682.463
682.419
682.398
682.427
682.437
682.465
682.412
682.391
682.408
682.317
682.388
682.427
682.421
682.381
682.33
682.359
682.364
682.362
682.389
682.409
682.445
682.453
682.417
682.404
682.389
682.439
682.355
682.377
682.445
682.41
682.416
682.316
682.352
682.403
682.341
682.357
682.441
682.342
682.402
682.42
682.363
682.337
682.306
682.326
682.286
682.345
682.34
682.323
682.319
682.324
682.343
682.355
682.364
682.354
682.315
682.359
682.325
682.288
682.402
682.298
682.327
682.316
682.356
682.341
682.336
682.324
682.349
682.358
682.373
682.352
682.445
682.371
682.33
682.295
682.342
682.359
682.351
682.354
682.367
682.306
682.327
682.344
682.361
682.339
682.319
682.381
682.371
682.384
682.371
682.329
682.303
682.343
682.437
682.323
682.328
682.357
682.347
682.314
682.343
682.356
682.33
682.341
682.352
682.346
682.346
682.325
682.39
682.379
682.417
682.44
682.373
682.332
682.259
682.327
682.319
682.321
682.302
682.299
682.311
682.32
682.312
682.384
682.413
682.351
682.319
682.316
682.332
682.343
682.298
682.339
682.342
682.288
682.389
682.362
682.319
682.312
682.292
682.357
682.31
682.332
682.348
682.334
682.33
682.312
682.343
682.386
682.352
682.318
682.296
682.304
682.363
682.31
682.281
682.327
682.308
682.25
682.253
682.283
682.273
682.335
682.329
682.354
682.309
682.352
682.309
682.328
682.39
682.373
682.312
682.334
682.357
682.345
682.343
682.313
682.309
682.341
682.306
682.332
682.372
682.353
682.306
682.279
682.293
682.262
682.273
682.278
682.279
682.279
682.297
682.329
682.398
682.322
682.288
682.3
682.3
682.332
682.342
682.353
682.333
682.328
682.259
682.322
682.324
682.338
682.397
682.319
682.332
682.326
682.286
682.374
682.33
682.359
682.326
682.324
682.303
682.323
682.286
682.375
682.265
682.279
682.436
682.297
682.286
682.282
682.372
682.322
682.325
682.292
682.278
682.322
682.314
682.244
682.278
682.298
682.321
682.246
682.313
682.329
682.329
682.268
682.277
682.275
682.264
682.329
682.281
682.288
682.243
682.284
682.306
682.255
682.262
682.287
682.237
682.229
682.277
682.294
682.274
682.322
682.281
682.315
682.405
682.292
682.368
682.278
682.338
682.317
682.294
682.34
682.365
682.259
682.256
682.279
682.281
682.316
682.278
682.29
682.297
682.276
682.302
682.262
682.237
682.306
682.296
682.275
682.356
682.25
682.271
682.304
682.266
682.273
682.271
682.286
682.331
682.246
682.279
682.249
682.21
682.284
682.284
682.321
682.328
682.317
682.272
682.265
682.276
682.288
682.257
682.27
682.26
682.291
682.281
682.322
682.309
682.346
682.37
682.364
682.416
682.336
682.3
682.241
682.305
682.273
682.263
682.265
682.297
682.313
682.242
682.277
682.308
682.247
682.304
682.263
682.252
682.259
682.337
682.291
682.255
682.332
682.303
682.296
682.307
682.312
682.23
682.31
682.266
682.287
682.321
682.225
682.298
682.293
682.285
682.299
682.286
682.296
682.342
682.293
682.27
682.27
682.269
682.247
682.237
682.285
682.316
682.319
682.284
682.259
682.245
682.176
682.268
682.237
682.243
682.295
682.26
682.299
682.338
682.28
682.278
682.299
682.259
682.228
682.369
682.276
682.277
682.325
682.347
682.298
682.244
682.226
682.254
682.278
682.276
682.251
682.227
682.273
682.23
682.263
682.277
682.254
682.335
682.317
682.297
682.278
682.265
682.279
682.265
682.249
682.264
682.291
682.262
682.236
682.243
682.258
682.276
682.307
682.344
682.351
682.27
682.271
682.275
682.274
682.251
682.291
682.273
682.276
682.303
682.317
682.286
682.22
682.321
682.314
682.273
682.27
682.259
682.261
682.272
682.2
682.226
682.261
682.255
682.26
682.294
682.316
682.278
682.239
682.255
682.271
682.231
682.265
682.22
682.235
682.26
682.279
682.229
682.19
682.206
682.24
682.291
682.254
682.232
682.236
682.286
682.267
682.292
682.26
682.255
682.227
682.291
682.265
682.303
682.272
682.285
682.278
682.279
682.275
682.233
682.223
682.28
682.338
682.275
682.314
682.268
682.266
682.259
682.244
682.289
682.295
682.241
682.256
682.231
682.272
682.276
682.314
682.291
682.287
682.266
682.277
682.283
682.273
682.217
682.251
682.286
682.244
682.253
682.274
682.271
682.241
682.245
682.25
682.244
682.257
682.213
682.24
682.267
682.218
682.281
682.285
682.569
682.313
682.311
682.322
682.272
682.257
682.208
682.273
682.289
682.307
682.258
682.309
682.257
682.311
682.267
682.3
682.245
682.225
682.24
682.276
682.249
682.275
682.241
682.236
682.2
682.208
682.277
682.292
682.242
682.267
682.275
682.226
682.271
682.266
682.212
682.234
682.202
682.239
682.25
682.254
682.243
682.267
682.259
682.256
682.279
682.274
682.263
682.252
682.242
682.282
682.262
682.255
682.221
682.232
682.24
682.303
682.252
682.229
683.121
682.384
682.258
682.297
682.261
682.306
682.311
682.338
682.274
682.27
682.275
682.225
682.299
682.261
682.242
682.261
682.281
682.297
682.24
682.245
682.293
682.244
682.264
682.296
682.289
682.269
682.224
682.267
682.259
682.296
682.229
682.238
682.296
682.238
682.315
682.289
682.274
682.27
682.283
682.313
682.302
682.274
682.339
682.236
682.291
682.269
682.291
682.293
682.292
682.262
682.285
682.308
682.266
682.308
682.275
682.306
682.251
682.289
682.292
682.29
682.263
682.205
682.22
682.245
682.235
682.266
682.244
682.313
682.381
682.39
682.278
682.254
682.246
682.334
682.317
682.241
682.21
682.243
682.247
682.282
682.303
682.268
682.267
682.231
682.3
682.312
682.316
682.273
682.221
682.231
682.228
682.212
682.249
682.252
682.293
682.266
682.238
682.239
682.257
682.262
682.216
682.206
682.261
682.249
682.195
682.226
682.228
682.254
682.281
682.282
682.227
682.244
682.23
682.245
682.222
682.218
682.274
682.257
682.243
682.234
682.275
682.252
682.276
682.409
682.284
682.256
682.26
682.329
682.288
682.329
682.26
682.254
682.289
682.239
682.261
682.229
682.305
682.252
682.254
682.228
682.236
682.224
682.221
682.21
682.218
682.242
682.176
682.231
682.299
682.298
682.297
682.254
682.291
682.255
682.262
682.246
682.242
682.251
682.218
682.191
682.201
682.283
682.207
682.228
682.232
682.252
682.254
682.202
682.265
682.283
682.232
682.22
682.206
682.267
682.293
682.271
682.258
682.258
682.246
682.274
682.239
682.224
682.207
682.239
682.188
682.242
682.232
682.252
682.249
682.207
682.203
682.277
682.271
682.24
682.201
682.285
682.293
682.321
682.255
682.225
682.199
682.248
682.238
682.197
682.288
682.239
682.265
682.28
682.275
682.242
682.207
682.234
682.219
682.248
682.263
682.268
682.225
682.19
682.22
682.268
682.277
682.249
682.256
682.269
682.258
682.246
682.267
682.239
682.249
682.284
682.283
682.234
682.215
682.23
682.255
682.231
682.265
682.26
682.235
682.234
682.246
682.27
682.213
682.247
682.281
682.25
682.266
682.284
682.287
682.268
682.327
682.259
682.228
682.296
682.285
682.242
682.25
682.29
682.272
682.233
682.25
682.317
682.235
682.239
682.256
682.231
682.266
682.298
682.252
682.265
682.308
682.277
682.293
682.251
682.288
682.282
682.262
682.259
682.931
682.322
682.317
682.306
682.304
682.274
682.243
682.261
682.294
682.258
682.277
682.246
682.316
682.283
682.26
682.321
682.243
682.242
682.24
682.252
682.239
682.215
682.244
682.255
682.258
682.291
682.248
682.235
682.261
682.238
682.194
682.252
682.262
682.267
682.281
682.298
682.288
682.282
682.235
682.28
682.277
682.23
682.234
682.177
682.257
682.272
682.276
682.273
682.237
682.234
682.3
682.336
682.281
682.264
682.251
682.237
682.281
682.225
682.238
682.261
682.275
682.244
682.261
682.269
682.245
682.212
682.25
682.27
682.26
682.278
682.262
682.215
682.231
682.213
682.221
682.325
682.241
682.211
682.258
682.213
682.236
682.258
682.245
682.279
682.292
682.276
682.246
682.229
682.203
682.213
682.27
682.263
682.249
682.229
682.257
682.207
682.265
682.216
682.228
682.226
682.263
682.274
682.238
682.236
682.255
682.263
682.273
682.191
682.222
682.222
682.278
682.231
682.211
682.26
682.199
682.234
682.211
682.26
682.267
682.281
682.285
682.298
682.304
682.311
682.315
682.251
682.242
682.269
682.249
682.245
682.274
682.222
682.215
682.223
682.256
682.264
682.24
682.206
682.201
682.241
682.27
682.24
682.224
682.29
682.279
682.287
682.224
682.191
682.222
682.248
682.278
682.292
682.289
682.275
682.281
682.285
682.3
682.323
682.297
682.292
682.259
682.232
682.218
682.235
682.246
682.26
682.243
682.257
682.235
682.242
682.211
682.271
682.309
682.222
682.247
682.214
682.236
682.273
682.333
682.26
682.286
682.275
682.306
682.292
682.247
682.205
682.26
682.272
682.357
682.276
682.309
682.476
682.366
682.232
682.219
682.238
682.243
682.218
682.225
682.222
682.258
682.267
682.234
682.239
682.224
682.191
682.247
683.032
682.967
682.308
682.249
682.222
682.248
682.216
682.304
682.304
682.279
682.287
682.285
682.247
682.245
682.231
682.273
682.293
682.278
682.274
682.309
682.281
682.305
682.356
682.291
682.263
682.279
682.282
682.3
682.253
682.28
682.279
682.388
682.33
682.306
682.314
682.308
682.246
682.272
682.236
682.255
682.219
682.236
682.26
682.318
682.293
682.25
682.278
682.22
682.185
682.199
682.241
682.256
682.283
682.241
682.21
682.329
682.257
682.281
682.262
682.235
682.252
682.248
682.226
682.256
682.271
682.23
682.263
682.309
682.276
682.235
682.303
682.233
682.255
682.311
682.274
682.263
682.271
682.233
682.266
682.288
682.273
682.28
682.297
682.27
682.255
682.294
682.286
682.235
682.23
682.261
682.256
682.271
682.302
682.297
682.282
682.256
682.262
682.303
682.256
682.224
682.264
682.278
682.225
682.212
682.225
682.453
682.307
682.256
682.23
682.264
682.292
682.241
682.259
682.285
682.255
682.297
682.238
682.244
682.29
682.249
682.272
682.24
682.252
682.236
682.236
682.26
682.272
682.256
682.237
682.261
682.244
682.252
682.253
682.246
682.245
682.262
682.233
682.202
682.198
682.264
682.245
682.251
682.288
682.245
682.203
682.228
682.222
682.245
682.263
682.305
682.301
682.282
682.262
682.235
682.268
682.276
682.267
682.21
682.235
682.215
682.203
682.28
682.28
682.259
682.295
682.231
682.277
682.268
682.219
682.254
682.255
682.251
682.245
682.271
682.236
682.231
682.277
682.25
682.23
682.249
682.299
682.256
682.281
682.262
682.261
682.265
682.262
682.29
682.224
682.256
682.232
682.274
682.252
682.285
682.264
682.265
682.283
682.236
682.26
682.257
682.243
682.292
682.258
682.279
682.273
682.284
682.263
682.244
682.253
682.291
682.314
682.307
682.303
682.271
682.258
682.306
682.272
682.272
682.244
682.272
682.246
682.245
682.225
682.245
682.328
682.252
682.192
682.216
682.272
682.218
682.234
682.217
682.235
682.269
682.258
682.247
682.31
682.275
682.255
682.291
682.262
682.284
682.242
682.272
682.241
682.251
682.213
682.264
682.209
682.241
682.24
682.241
682.248
682.262
682.253
682.266
682.206
682.219
682.238
682.206
682.223
682.21
682.236
682.272
682.395
682.294
682.231
682.267
682.273
682.256
682.253
682.289
682.272
682.266
682.271
682.379
682.291
682.241
682.264
682.206
682.264
682.259
682.289
682.218
682.231
682.263
682.26
682.242
682.301
682.286
682.282
682.268
682.263
682.236
682.236
682.29
682.272
682.232
682.255
682.254
682.278
682.242
682.237
682.211
682.24
682.223
682.255
682.282
682.259
682.254
682.245
682.254
682.285
682.282
682.281
682.298
682.251
682.293
682.236
682.225
682.243
682.294
682.298
682.24
682.231
682.223
682.157
682.275
682.252
682.327
682.303
682.274
682.28
682.231
682.278
682.298
682.244
682.209
682.287
682.232
682.282
682.241
682.264
682.299
682.343
682.211
682.289
682.288
682.228
682.246
682.209
682.268
682.29
682.299
682.269
682.201
682.219
682.248
682.277
682.213
682.256
682.299
682.227
682.194
682.277
682.254
682.194
682.245
682.232
682.236
682.252
682.27
682.248
682.268
682.267
682.3
682.25
682.244
682.259
682.262
682.253
682.252
682.273
682.269
682.272
682.288
682.279
682.257
682.271
682.29
682.28
682.303
682.253
682.261
682.298
682.283
682.263
682.286
682.302
682.273
682.274
682.248
682.296
682.25
682.255
682.283
682.275
682.301
682.243
682.256
682.239
682.205
682.318
682.303
682.249
682.257
682.261
682.257
682.247
682.228
682.266
682.275
682.243
682.271
682.266
682.26
682.321
682.303
682.257
682.305
682.252
682.23
682.249
682.27
682.206
682.248
682.267
682.215
682.24
682.28
682.246
682.23
682.27
682.231
682.274
682.276
682.247
682.276
682.274
682.276
682.285
682.307
682.311
682.322
682.297
682.266
682.296
682.286
682.273
682.313
682.289
682.256
682.279
682.256
682.247
682.24
682.274
682.264
682.288
682.271
682.312
682.234
682.267
682.233
682.217
682.28
682.284
682.267
682.212
682.211
682.249
682.232
682.235
682.249
682.231
682.214
682.254
682.267
682.261
682.226
682.22
682.244
682.312
682.269
682.224
682.219
682.25
682.262
682.294
682.21
682.192
682.265
682.302
682.24
682.246
682.173
682.191
682.276
682.263
682.318
682.272
682.293
682.322
682.235
682.238
682.26
682.252
682.243
682.21
682.239
682.228
682.3
682.225
682.277
682.315
682.258
682.27
682.235
682.244
682.215
682.228
682.242
682.214
682.257
682.264
682.215
682.204
682.234
682.259
682.241
682.272
682.28
682.41
682.34
682.274
682.314
682.329
682.269
682.274
682.219
682.226
682.297
682.247
682.242
682.196
682.207
682.292
682.29
682.235
682.321
682.254
682.229
682.274
682.243
682.269
682.258
682.263
682.288
682.27
682.236
682.264
682.28
682.274
682.242
682.224
682.221
682.204
682.161
682.245
682.235
682.284
682.257
682.215
682.271
682.283
682.252
682.244
682.242
682.237
682.31
682.311
682.272
682.243
682.268
682.276
682.3
682.27
682.323
682.296
682.274
682.245
682.251
682.194
682.277
682.249
682.286
682.277
682.229
682.284
682.29
682.269
682.263
682.293
682.286
682.229
682.274
682.256
682.269
682.312
682.313
682.263
682.306
682.31
682.294
682.293
682.272
682.288
682.284
682.321
682.283
682.285
682.318
682.281
682.287
682.305
682.251
682.26
682.33
682.295
682.24
682.227
682.275
682.234
682.264
682.255
682.293
682.285
682.243
682.236
682.218
682.203
682.216
682.258
682.252
682.361
682.252
682.235
682.287
682.259
682.282
682.251
682.254
682.286
682.242
682.31
682.27
682.242
682.255
682.283
682.278
682.26
682.277
682.318
682.297
682.276
682.248
682.285
682.234
682.235
682.217
682.218
682.289
682.282
682.292
682.291
682.245
682.238
682.268
682.27
682.276
682.296
682.239
682.269
682.283
682.257
682.304
682.231
682.241
682.647
682.624
682.269
682.266
682.235
682.307
682.271
682.291
682.274
682.296
682.241
682.237
682.258
682.263
682.261
682.278
682.311
682.259
682.249
682.263
682.244
682.271
682.29
682.268
682.295
682.265
682.3
682.259
682.269
682.267
682.212
682.19
682.247
682.241
682.241
682.267
682.212
682.228
682.233
682.237
682.288
682.261
682.206
682.203
682.252
682.212
682.246
682.249
682.254
682.243
682.276
682.256
682.247
682.248
682.242
682.237
682.493
682.321
682.276
682.238
682.251
682.245
682.213
682.252
682.234
682.242
682.255
682.253
682.231
682.277
682.273
682.249
682.276
682.295
682.227
682.255
682.209
682.261
682.242
682.261
682.241
682.27
682.248
682.241
682.273
682.398
682.327
682.221
682.25
682.29
682.298
682.26
682.25
682.316
682.262
682.274
682.228
682.217
682.234
682.239
682.218
682.183
682.231
682.264
682.28
682.292
682.28
682.29
682.301
682.295
682.28
682.215
682.296
682.278
682.267
682.253
682.254
682.309
682.236
682.242
682.268
682.258
682.245
682.256
682.306
682.253
682.296
682.25
682.244
682.271
682.24
682.282
682.322
682.295
682.242
682.27
682.275
682.267
682.243
682.266
682.296
682.29
682.319
682.301
682.256
682.256
682.232
682.292
682.276
682.245
682.262
682.254
682.277
682.258
682.304
682.271
682.26
682.265
682.299
682.262
682.274
682.248
682.242
682.244
682.217
682.232
682.258
682.248
682.252
682.231
682.257
682.209
682.204
682.255
682.229
682.217
682.249
682.216
682.247
682.238
682.322
682.24
682.275
682.243
682.195
682.246
682.226
682.274
682.25
682.276
682.245
682.268
682.213
682.208
682.239
682.25
682.269
682.249
682.298
682.276
682.247
682.229
682.275
682.268
682.277
682.27
682.256
682.281
682.314
682.235
682.29
682.254
682.222
682.226
682.236
682.246
682.249
682.295
682.253
682.248
682.259
682.258
682.266
682.229
682.303
682.246
682.242
682.21
682.265
682.245
682.25
682.225
682.257
682.267
682.27
682.276
682.282
682.315
682.266
682.269
682.281
682.295
682.287
682.292
682.301
682.277
682.253
682.288
682.272
682.289
682.29
682.273
682.303
682.245
682.287
682.228
682.257
682.215
682.26
682.237
682.272
682.288
682.23
682.227
682.194
682.228
682.232
682.244
682.223
682.227
682.261
682.259
682.25
682.25
682.247
682.298
682.264
682.278
682.275
682.303
682.309
682.216
682.204
682.216
682.273
682.293
682.235
682.217
682.274
682.293
682.272
682.275
682.227
682.211
682.237
682.281
682.233
682.278
682.304
682.245
682.206
682.305
682.269
682.305
682.251
682.196
682.224
682.244
682.265
682.252
682.215
682.232
682.268
682.257
682.249
682.311
682.301
682.272
682.269
682.225
682.257
682.284
682.22
682.293
682.235
682.233
682.299
682.248
682.287
682.343
682.321
682.293
682.333
682.304
682.28
682.254
682.302
682.295
682.238
682.243
682.245
682.278
682.236
682.197
682.171
682.203
682.192
682.232
682.295
682.309
682.237
682.272
682.209
682.206
682.198
682.247
682.291
682.257
682.23
682.251
682.217
682.288
682.26
682.254
682.395
682.253
682.221
682.278
682.315
682.272
682.678
682.446
682.267
682.27
682.315
682.261
682.285
682.263
682.272
682.274
682.306
682.298
682.248
682.245
682.262
682.238
682.214
682.299
682.278
682.259
682.253
682.274
682.27
682.242
682.237
682.235
682.272
682.272
682.282
682.266
682.299
682.221
682.252
682.249
682.262
682.256
682.263
682.262
682.229
682.201
682.232
682.286
682.222
682.255
682.243
682.217
682.237
682.275
682.24
682.264
682.271
682.243
682.29
682.26
682.208
682.236
682.287
682.267
682.268
682.294
682.218
682.213
682.205
682.247
682.312
682.286
682.283
682.26
682.234
682.268
682.241
682.24
682.283
682.24
682.244
682.288
682.235
682.219
682.205
682.262
682.243
682.281
682.264
682.314
682.291
682.241
682.29
682.248
682.284
682.276
682.217
682.249
682.217
682.255
682.259
682.301
682.252
682.284
682.273
682.277
682.255
682.238
682.311
682.267
682.283
682.283
682.27
682.234
682.27
682.302
682.323
682.257
682.298
682.341
682.263
682.591
682.333
682.22
682.222
682.242
682.26
682.287
682.17
682.24
682.239
682.256
682.239
682.241
683.087
682.796
682.341
682.217
682.272
682.26
682.272
682.254
682.255
682.25
682.272
682.248
682.248
682.27
682.294
682.261
682.276
682.242
682.236
682.257
682.31
682.278
682.265
682.277
682.322
682.268
682.266
682.308
682.314
682.283
682.26
682.268
682.305
682.3
682.261
682.274
682.25
682.272
682.209
682.213
682.202
682.242
682.247
682.267
682.302
682.254
682.244
682.255
682.236
682.242
682.269
682.292
682.269
682.317
682.204
682.241
682.302
682.269
682.259
682.242
682.232
682.252
682.259
682.237
682.241
682.262
682.295
682.284
682.264
682.236
682.232
682.237
682.232
682.253
682.204
682.227
682.281
682.282
682.29
682.297
682.246
682.268
682.242
682.278
682.25
682.281
682.283
682.259
682.23
682.245
682.277
682.252
682.266
682.285
682.216
682.287
682.254
682.242
682.268
682.292
682.309
682.277
682.232
682.277
682.273
682.245
682.305
682.317
682.302
682.291
682.323
682.249
682.241
682.274
682.308
682.268
682.282
682.304
682.255
682.3
682.252
682.267
682.292
682.239
682.259
682.259
682.278
682.251
682.286
682.3
682.311
682.272
682.239
682.289
682.253
682.221
682.349
682.249
682.305
682.299
682.283
682.313
682.297
682.278
682.267
682.247
682.262
682.266
682.295
682.314
682.313
682.269
682.314
682.316
682.373
682.307
682.282
682.256
682.262
682.268
682.234
682.244
682.331
682.323
682.306
682.288
682.257
682.277
682.28
682.257
682.253
682.304
682.288
682.236
682.319
682.28
682.226
682.264
682.283
682.263
682.251
682.243
682.231
682.168
682.245
682.283
682.267
682.248
682.26
682.271
682.295
682.309
682.294
682.265
682.213
682.269
682.326
682.278
682.311
682.243
682.332
682.282
682.305
682.274
682.276
682.276
682.25
682.267
682.26
682.303
682.323
682.258
682.268
682.226
682.253
682.28
682.188
682.274
682.242
682.279
682.266
682.258
682.276
682.233
682.265
682.259
682.245
682.228
682.26
682.25
682.211
682.22
682.312
682.26
682.254
682.264
682.244
682.232
682.282
682.268
682.271
682.275
682.224
682.218
682.282
682.286
682.263
682.27
682.332
682.287
682.27
682.272
682.299
682.244
682.252
682.276
682.266
682.238
682.236
682.289
682.277
682.246
682.289
682.295
682.251
682.282
682.293
682.263
682.22
682.246
682.276
682.346
682.291
682.239
682.264
682.276
682.267
682.25
682.228
682.281
682.251
682.246
682.239
682.233
682.226
682.268
682.302
682.298
682.269
682.287
682.325
682.265
682.272
682.241
682.262
682.213
682.228
682.259
682.249
682.246
682.263
682.239
682.23
682.291
682.253
682.215
682.289
682.275
682.206
682.23
682.212
682.215
682.253
682.275
682.283
682.23
682.245
682.265
682.243
682.26
682.293
682.276
682.224
682.264
682.266
682.285
682.288
682.257
682.278
682.264
682.256
682.243
682.273
682.274
682.218
682.238
682.262
682.265
682.244
682.269
682.29
682.258
682.3
682.326
682.263
682.291
682.297
682.283
682.282
682.314
682.28
682.29
682.235
682.279
682.263
682.283
682.274
682.29
682.269
682.285
682.292
682.265
682.276
682.262
682.266
682.256
682.277
