      0
   2758
   7893
  12932
  18888
  25049
  29757
  35478
  40411
  43832
  52086
  56837
  63355
  66435
  73342
  77539
  86633
  89238
  94104
  99258
 107381
 110317
 116496
 120898
 121425
 127408
 139500
 146660
 148242
 151803
 162457
 168182
 169312
 174076
 185849
 184582
 187827
 197447
 206243
 204342
 210674
 221454
 225383
 235999
 237616
 242630
 243954
 256001
 256243
 266235
 268617
 277551
 283444
 283454
 290662
 297582
 300420
 304416
 307891
 317301
 323312
 326948
 335946
 338924
 347016
 350852
 355435
 365219
 370235
 380147
 387073
 390349
 388509
 401720
 398879
 404384
 414329
 421788
 413507
 426082
 429491
 448034
 456287
 451748
 461507
 465736
 465983
 468473
 483048
 482707
 493626
 495500
 498521
 507017
 516673
 525928
 529942
 526047
 537480
 541694
 551048
 547320
 560028
 559947
 575159
 579145
 581473
 585280
 587877
 588581
 612343
 616345
 615168
 618982
 631296
 634416
 637213
 647479
 646825
 659696
 655474
 663312
 667754
 670427
 686979
 694349
 702415
 700895
 712095
 708987
 712726
 722680
 732486
 729145
 736049
 750035
 747906
 755177
 756563
 762255
 769113
 778247
 790562
 789334
 797360
 810555
 802576
 808781
 814852
 825159
 827085
 828011
 835491
 840705
 850200
 859862
 866457
 868645
 874335
 888817
 883297
 893100
 901049
 898454
 906287
 918716
 934745
 917402
 930629
 932848
 945400
 953748
 952779
 957957
 969577
 966906
 968551
 981387
 986450
 993417
1010447
1005553
1005988
1024063
1009579
1020467
1031931
1033328
1059901
1053715
1052688
1056695
1073906
1075697
1075251
1077607
1093490
1081387
1114705
1110339
1121196
1104833
1120549
1134337
1145967
1136145
1149637
1148974
1165580
1167330
1167287
1175978
1171084
1186558
1191253
1188220
1193267
1206784
1219535
1229239
1228963
1237597
1240408
1267748
1256401
1255787
1263644
1270301
1278706
1275835
1289796
1297982
1297074
1299006
1309379
1317077
1317968
1324751
1335424
1349812
1356672
1352306
1359935
1362335
1372031
1368093
1383137
1390546
1404524
1391248
1399564
1403034
1406239
1419112
1437636
1432614
1438312
1461131
1435350
1469873
1470880
1480223
1473646
1479379
1481909
1491865
1488914
1490741
1502314
1494084
1526712
1526923
1538499
1536748
1554983
1555985
1560625
1557414
1577293
1583182
1591407
1582638
1597998
1581764
1614084
1612801
1601501
1614585
1609570
1626777
1629425
1643644
1658184
1662501
1663982
1664487
1691573
1668811
1681138
1687376
1708284
1711533
1713406
1705270
1730089
1732895
1730384
1729999
1747249
1763193
1745882
1776199
1781657
1773030
1784370
1809151
1806000
1794780
1793188
1817333
1810491
1832162
1845021
1823913
1847143
1858287
1860939
1852301
1856802
1894657
1887000
1894955
1882439
1915253
1900512
1921245
1922514
1912673
1930141
1935566
1970711
1947378
1958315
1961912
1968761
1961567
1994388
2010840
1998310
1997710
2014668
2012051
2022025
2018906
2020698
2039022
2043638
2040046
2030119
2060706
2048432
2053709
2073544
2080830
2100240
2092005
2089887
2105687
2117473
2102523
2119075
2114788
2138381
2137501
2163373
2151707
2165518
2161240
2170600
2181833
2201640
2201512
2198090
2195403
2214707
2199905
2210550
2223415
2218840
2246351
2238266
2234265
2252537
2261182
2251978
2267239
2249394
2267505
2270516
2287445
2281328
2287888
2310428
2341246
2321022
2330880
2347402
2323854
2348153
2340989
2348778
2367128
2359125
2361013
2399662
2374364
2407220
2409958
2397230
2401234
2414299
2424170
2420707
2426734
2434063
2434201
2435505
2451009
2465514
2471504
2483631
2475187
2457470
2475248
2475018
2491818
2498566
2509178
2509840
2529851
2531441
2541402
2542037
2537526
2533057
2540968
2543542
2582599
2588735
2567711
2591415
2596563
2587617
2617155
2597232
2622885
2624972
2629586
2624474
2649079
2641968
2654616
2644871
2654844
2659420
2662114
2670146
2671703
2697078
2705369
2710314
2688669
2711757
2712562
2730087
2724841
2734532
2724208
2728275
2740396
2750263
2747924
2758352
2782258
2772249
2785667
2770356
2785241
2792855
2815419
2810549
2813490
2839014
2830188
2840601
2841901
2827649
2842302
2868630
2858126
2845329
2863587
2858402
2867217
2853830
2889832
2908001
2893185
2887796
2892829
2903702
2915158
2924090
2921863
2929774
2928111
2916205
2937852
2941014
2945486
2937341
2972644
2979644
2977874
2978788
2989077
3009067
3010119
3013655
3006990
3023634
3021889
3033051
3002227
3020444
3017561
3011392
3039746
3050165
3070028
3070936
3053048
3064120
3079416
3087578
3080780
3084534
3107520
3140396
3116525
3101720
3104658
3128751
3128395
3109622
3126132
3160303
3146563
3147588
3175435
3154889
3149222
3192830
3165429
3193662
3167110
3195657
3170436
3186416
3199978
3220371
3195635
3192505
3230151
3227890
3222012
3251870
3262883
3240800
3249309
3247300
3277867
3267026
3265729
3265372
3281364
3284502
3312305
3300115
3298031
3294963
3318786
3323308
3309509
3316176
3325605
3322616
3344735
3327245
3341903
3327122
3350082
3352456
3368130
3385730
3366376
3363435
3381593
3398506
3389145
3391336
3405756
3409483
3414131
3419841
3408441
3434505
3435972
3429701
3443666
3458583
3436740
3450511
3442535
3465423
3470502
3477560
3461686
3472827
3486493
3492611
3472108
3494901
3521571
3500090
3503819
3510841
3513157
3524835
3543837
3527557
3539339
3542284
3529558
3534957
3557977
3536521
3570028
3548503
3581811
3577327
3585913
3596425
3597188
3571641
3587334
3577716
3583033
3588138
3594584
3587714
3610577
3613092
3656999
3629101
3599307
3626640
3633058
3634330
3640359
3620449
3652534
3648577
3659244
3646229
3666117
3641365
3687125
3665217
3670050
3662747
3680084
3692345
3684106
3687200
3703130
3709701
3718962
3729506
3718478
3737444
3730736
3730542
3735658
3743485
3751566
3753269
3779404
3774666
3755383
3769850
3763492
3775152
3772433
3792816
3787950
3775813
3811892
3794028
3814582
3791301
3821606
3793872
3814110
3837099
3815406
3807828
3833635
3818486
3817241
3871587
3855855
3852035
3854143
3844835
3875216
3858791
3871317
3888786
3891198
3883819
3868918
3897177
3906698
3914593
3919559
3914879
3915556
3903076
3894197
3936191
3914807
3916432
3934986
3932480
3943768
3948416
3956138
3955507
3974517
3973985
3974941
3966311
3971741
4003456
3974585
3969875
4007577
4008233
4002609
4019861
4038287
4018136
4016338
4006135
4038628
4053993
4075114
4065700
4037556
4073502
4084965
4062754
4072598
4074890
4072122
4099412
4078023
4069619
4098768
4133700
4095258
4121000
4118565
4134700
4107843
4127004
4133268
4153238
4149831
4145316
4167371
4148030
4157317
4191875
4163821
4181952
4176198
4178475
4201995
4176955
4190226
4170341
4210740
4188081
4211841
4207345
4229214
4216635
4245416
4234898
4220908
4263936
4243585
4214455
4250777
4267494
4236892
4261612
4287568
4271340
4290589
4302501
4269966
4283171
4293959
4321523
4325614
4336052
4311584
4304276
4350637
4308167
4334775
4343880
4343221
4353594
4348535
4354804
4354529
4332854
4348249
4379379
4375960
4384353
4379457
4375623
4394520
4366234
4399640
4399956
4447042
4426544
4414325
4426600
4435571
4429920
4453974
4447008
4470532
4474722
4458045
4474562
4474241
4478322
4485359
4503230
4457750
4486174
4522200
4510541
4542097
4500400
4537992
4531726
4551465
4544256
4555697
4573730
4556398
4565935
4560519
4564708
4569424
4561798
4589429
4571618
4569208
4595838
4600326
4604014
4619741
4623468
4610631
4652147
4638926
4629426
4656289
4660316
4681251
4659215
4687531
4671000
4675511
4662180
4700257
4718851
4704183
4697535
4696872
4716658
4739197
4722354
4735971
4755768
4730785
4754441
4759563
4736170
4777484
4764302
4760772
4776719
4779045
4781401
4768741
4801674
4794952
4835857
4823558
4816158
4822807
4831163
4830609
4829659
4843296
4842532
4867185
4852167
4872024
4861860
4880945
4887725
4866653
4901382
4888102
4904627
4895223
4905366
4947223
4928736
4924073
4910351
4970742
4933162
4935837
4975285
4949417
4963696
4986934
4966614
4985362
5009359
4985506
4978972
4989237
4986108
5034024
5019135
5028984
5044380
5057405
5035482
5046399
5080115
5057623
5068613
5079487
5098034
5093117
5104674
5117770
5107182
5116612
5139207
5115967
5139496
5136809
5142440
5152157
5133447
5156179
5156712
5178926
5200514
5201651
5166329
5201264
5207324
5190491
5205975
5239550
5249291
5235269
5244201
5235981
5253791
5250110
5262886
5253611
5269950
5289996
5286231
5266005
5291327
5267013
5300695
5301359
5294043
5309767
5313251
5310893
5372445
5322858
5348723
5335460
5344066
5370398
5394543
5397836
5406433
5395689
5381843
5412803
5402036
5410346
5400257
5409138
5405874
5422701
5429986
5433500
5412967
5467942
5469959
5463088
5481386
5480543
5470172
5479517
5498947
5524349
5507757
5529231
5518817
5502616
5541731
5544815
5526903
5545636
5563932
5573462
5579008
5585674
5585635
5560556
5589871
5609521
5609211
5586384
5611914
5601527
5623844
5621074
5631896
5659388
5645119
5612873
5628587
5659503
5633889
5611053
5663277
5670720
5695539
5695017
5682121
5673090
5693034
5710286
5728683
5725270
5777406
5733532
5751726
5752946
5758758
5737278
5741265
5750976
5780115
5770667
5761418
5738469
5742911
5775519
5787073
5773949
5792312
5808541
5791638
5823761
5841576
5811139
5838611
5822016
5825089
5817105
5852639
5820820
5854584
5848550
5861146
5841445
5859080
5849331
5824748
5876552
5866944
5881514
5918219
5883041
5900978
5889802
5874903
5883520
5891692
5906311
5888112
5911067
5885195
5919416
5896966
5912710
5908745
5928839
5917100
5932887
5922868
5933721
5944476
5928926
5939994
5902889
5937024
5955686
5948442
5939363
5938612
5965534
5962722
5961033
5982537
5952909
5958183
5952548
5933857
5967494
5971904
5978325
5947419
5954470
5949988
5951089
5973394
5982771
5955954
5968707
5945148
5974571
5960588
5937726
5936994
5938732
5955108
5974444
5973380
5967458
5969084
5929196
5977680
5968964
5948918
5955792
5955687
5945246
5936152
5943443
5926531
5943507
5978893
5947514
5919221
5957335
5946900
5913775
5928383
5928858
5919935
5878293
5917460
5900971
5893949
5884358
5882523
5910718
5900185
5886162
5918206
5922444
5870218
5905413
5857541
5873704
5866154
5859448
5837216
5860265
5835878
5843632
5839710
5838978
5814405
5837903
5803685
5788361
5811773
5815384
5796153
5800567
5816970
5795914
5767327
5786113
5759878
5773531
5754933
5769556
5754524
5734715
5731226
5714692
5729222
5738808
5721099
5699117
5689172
5673528
5680275
5679147
5665024
5649333
5653692
5641213
5634478
5613827
5617556
5626043
5596011
5616333
5601969
5560355
5548180
5546571
5568144
5556837
5533506
5514513
5511117
5506812
5505426
5487607
5485337
5454390
5446239
5411694
5463410
5406030
5419177
5382009
5390039
5397134
5378227
5325190
5357770
5327565
5328469
5312013
5293744
5292120
5293965
5271681
5250517
5244112
5254492
5232419
5205920
5191195
5193312
5188487
5172352
5146006
5128492
5122215
5131629
5091790
5096037
5059215
5072088
5045649
5026879
5027478
5020974
5016870
4961214
4971043
4962372
4915720
4953441
4899701
4909787
4893760
4870452
4830590
4866992
4855388
4827049
4814573
4792742
4761621
4757370
4726162
4721169
4724349
4671353
4647267
4665336
4640529
4655569
4652540
4586270
4587249
4570643
4562572
4561511
4538841
4514254
4495096
4492840
4469999
4437747
4450160
4399820
4386825
4386237
4362504
4348695
4344379
4302397
4289310
4307546
4295834
4233043
4241677
4218838
4181255
4166821
4159922
4142731
4121827
4118301
4114923
4084657
4069450
4045436
4024082
4016772
3986521
3964042
3947646
3962549
3921087
3911765
3901082
3881230
3858625
3857574
3820716
3810482
3783063
3766916
3743944
3725382
3739007
3691013
3691921
3680034
3650819
3638183
3602536
3583606
3562917
3575568
3536046
3523948
3487611
3486644
3445993
3446188
3434165
3415881
3406021
3387863
3356882
3343468
3327438
3292063
3281713
3281537
3259637
3248621
3237751
3203022
3194347
3155706
3117508
3138191
3104708
3079955
3078123
3048558
3051512
3016153
2999495
2979302
2964087
2947644
2923346
2917584
2925486
2865158
2865705
2857003
2830734
2815433
2797069
2781549
2751805
2718352
2726881
2703524
2703254
2681264
2651114
2634453
2628099
2613366
2590821
2560068
2540455
2526262
2525533
2507550
2495588
2479968
2450081
2454343
2432384
2405149
2388630
2365456
2364964
2318086
2332346
2320231
2284252
2279825
2256693
2218109
2232223
2220576
2192450
2183009
2157295
2151868
2119362
2103665
2108428
2091490
2068979
2054158
2036123
2028907
2002811
1979057
1970258
1948939
1949447
1931387
1927455
1902178
1890120
1867401
1854046
1830413
1846369
1810878
1789557
1768563
1774410
1750647
1746587
1737401
1714443
1699951
1697281
1684341
1661900
1657832
1629923
1609274
1611832
1586341
1580386
1563402
1544389
1528264
1523553
1506529
1492660
1490478
1464086
1451176
1438701
1435444
1422197
1408735
1398511
1379663
1375135
1360140
1344487
1326349
1315907
1308961
1303651
1296181
1271594
1261670
1253444
1240079
1229299
1206114
1211958
1194385
1179318
1161792
1159051
1142257
1136139
1118027
1114826
1105792
1103541
1073964
1074560
1063191
1046864
1035696
1030684
1025835
1011465
1003010
 987435
 982751
 970240
 966514
 944048
 937857
 930640
 921894
 897391
 907551
 896138
 884516
 881920
 858712
 858770
 843655
 848039
 832760
 821028
 807047
 804999
 798302
 780643
 775163
 773905
 757657
 759480
 751850
 730319
 734795
 726118
 712084
 708422
 698556
 688739
 683009
 673338
 680013
 668317
 655486
 651976
 646246
 631623
 624507
 612060
 613800
 611680
 599409
 597921
 591615
 564986
 569583
 560990
 561679
 552836
 541214
 536989
 528752
 522069
 515165
 515255
 502845
 499997
 498777
 490360
 486814
 473643
 469257
 461464
 463633
 455076
 450854
 455495
 442842
 434756
 432682
 424839
 421051
 412553
 411408
 403845
 390838
 395323
 390339
 384669
 379971
 377684
 366069
 371214
 361794
 354670
 354284
 352568
 342638
 337597
 337449
 332389
 322653
 326125
 317840
 312351
 313035
 307458
 304554
 300222
 297843
 292623
 289038
 279705
 279029
 276000
 276525
 269233
 262219
 265448
 260513
 262398
 250016
 245216
 249002
 240107
 235757
 234916
 228988
 229374
 220408
 226157
 218595
 221206
 219329
 212272
 212085
 210059
 202629
 202535
 195481
 193521
 198394
 188083
 181664
 183690
 182592
 175744
 178564
 176477
 172220
 167736
 166614
 160441
 158899
 163189
 158584
 151217
 152301
 155350
 148969
 147629
 140083
 148915
 142412
 137096
 137627
 136796
 129586
 131570
 126809
 123713
 121966
 124032
 119853
 119940
 119872
 117608
 114464
 107133
 105373
 108396
 103117
 104579
 102204
 102360
 101330
 100069
 100305
  98777
  96069
  92211
  91508
  94530
  89076
  87931
  87385
  84848
  82460
  79365
  77061
  81180
  76030
  78029
  75966
  74046
  74202
  70639
  69111
  70686
  69263
  65259
  66316
  65550
  64740
  63013
  63366
  62935
  59878
  62649
  58603
  57812
  56554
  59176
  54498
  57786
  55071
  52904
  55010
  52224
  51463
  51715
  48292
  47399
  47113
  47947
  45462
  44693
  44550
  43069
  44360
  41672
  41392
  40190
  40103
  40335
  39905
  35487
  36963
  36755
  36361
  36760
  35039
  34072
  32104
  33715
  33698
  29687
  31611
  31402
  30478
  30762
  29788
  27252
  30132
  28051
  26643
  27489
  25167
  26340
  26016
  25498
  24055
  25257
  24075
  23461
  21188
  21782
  21758
  21126
  21549
  20362
  20048
  21179
  18463
  19041
  18121
  18103
  19450
  17907
  17139
  16659
  17311
  15672
  14380
  16684
  15523
  14717
  15594
  14362
  14495
  15059
  13402
  13346
  13087
  12993
  13068
  12100
  13059
  12420
  12251
  13174
  11686
  11444
  11420
  10689
  11062
  11945
  10073
  10353
  10582
  10734
   9079
   8748
   7945
   9677
   9153
   9334
   9235
   8633
   9158
   8313
   8054
   7293
   7688
   6223
   7454
   7099
   6196
   7175
   6728
   5947
   6069
   6605
   6274
   7296
   6592
   5955
   5842
   5373
   6019
   4971
   5309
   5150
   4822
   5250
   4338
   4039
   5146
   4401
   4271
   4080
   4149
   3904
   3633
   3672
   4755
   4071
   3595
   3163
   2977
   3447
   3600
   3369
   3208
   3498
   3372
   3360
   2962
   3035
   3476
   3139
   2798
   2668
   3086
   3008
   2565
   2447
   2647
   1926
   2612
   1471
   2168
   1720
   2087
   2607
   2379
   2433
   1748
   1734
   2358
   1964
   2033
   1931
   1508
   1820
   1675
   1506
   1472
   1215
   1433
   1779
   1295
   1550
   1081
   1153
   1384
   1061
   1292
   1472
    883
   1399
   1208
    773
    997
   1077
    972
    974
    774
   1037
    938
   1154
    822
    911
    907
    847
    731
    610
    780
    772
   1001
    760
    616
    802
    945
    637
    408
    458
    593
    647
    370
    535
    270
    536
    513
    578
    367
    606
    389
    474
    410
    306
    653
    343
    344
    495
    439
    594
    484
    368
    456
    390
    268
    452
    361
    472
    184
    292
    295
    388
    140
    208
    370
    196
    469
    183
    240
    163
    150
    231
    168
    308
     80
    226
     72
    157
    261
     60
    135
    196
    347
    142
    161
    175
    170
    174
     97
     59
     90
     49
    438
    235
     88
    134
    120
     61
    111
    117
    171
    292
     12
    159
    101
    150
    133
    110
    141
    141
    332
     62
     88
    152
    116
     68
     89
    122
     78
    141
     94
    159
    137
    124
     89
     68
    143
     80
    168
    135
     42
     81
     22
    163
      0
    103
     78
     12
    121
     55
      0
     25
     98
     29
     24
      0
     93
     24
      0
     73
     30
     28
     37
     15
     38
     56
      5
     37
     75
     25
     55
     58
     32
      0
     51
     69
     11
      0
     75
      0
     41
     37
     36
      0
      0
     36
      7
      0
     85
     26
      0
     17
      0
      0
      0
      0
     22
      0
      0
      0
      0
      0
     26
      0
      0
     14
      0
      0
      0
      0
     46
      0
      0
      3
      0
      0
      0
      0
      4
      0
      0
      0
      0
      0
      0
      0
      0
      9
      0
      0
      0
      0
      0
      0
      0
      0
      0
      0
      0
     12
     44
      0
      0
      0
     36
      0
      0
      0
      0
      0
      0
      0
      0
     43
      0
      0
      0
     68
      0
      2
      0
      0
      0
      0
      0
      0
      0
      0
      0
      0
      0
      0
      0
      0
      0
      0
      0
      0
      0
      0
      0
      0
      0
      0
      0
      0
      0
      0
      0
      0
      0
      0
      0
      0
      0
      0
      0
      0
      0
      0
      0
      0
      0
      0
      0
      0
      0
      0
      0
      0
      0
      0
      0
      0
      0
      0
      0
      0
      0
      0
      0
      0
      0
      0
      0
      0
      0
      0
      0
      0
      0
      0
      0
      0
      0
      0
      0
      0
      0
      0
      0
      0
      0
      0
      0
      0
      0
      0
      0
      0
      0
      0
      0
      0
      0
      0
      0
      0
      0
      0
      0
      0
      0
      0
      0
      0
      0
      0
      0
      0
      0
      0
      0
      0
      0
      0
      0
      0
      0
      0
      0
      0
      0
      0
      0
      0
      0
      0
      0
      0
      0
      0
      0
      0
      0
      0
      0
      0
      0
      0
      0
      0
      0
      0
      0
      0
      0
      0
      0
      0
      0
      0
      0
      0
      0
      0
      0
      0
      0
      0
      0
      0
      0
      0
      0
      0
      0
      0
      0
      0
      0
      0
      0
      0
      0
      0
      0
      0
      0
      0
      0
      0
      0
      0
      0
      0
      0
      0
      0
      0
      0
      0
      0
      0
      0
      0
      0
      0
      0
      0
      0
      0
      0
      0
      0
      0
      0
      0
      0
      0
      0
      0
      0
      0
      0
      0
      0
      0
      0
      0
      0
      0
      0
      0
      0
      0
      0
      0
      0
      0
      0
      0
      0
      0
      0
      0
      0
      0
      0
      0
      0
      0
      0
      0
      0
      0
      0
      0
      0
      0
      0
      0
      0
      0
      0
      0
      0
      0
      0
      0
      0
      0
      0
      0
      0
      0
      0
      0
      0
      0
      0
      0
      0
      0
      0
      0
      0
      0
      0
      0
      0
      0
      0
      0
      0
      0
      0
      0
      0
      0
      0
      0
      0
      0
      0
      0
      0
      0
      0
      0
      0
      0
      0
      0
      0
      0
      0
      0
      0
      0
      0
      0
      0
      0
      0
      0
      0
      0
      0
      0
      0
      0
      0
      0
      0
      0
      0
      0
      0
      0
      0
      0
      0
      0
      0
      0
      0
      0
      0
      0
      0
      0
      0
      0
      0
      0
      0
      0
      0
      0
      0
      0
      0
      0
      0
      0
      0
      0
      0
      0
      0
      0
      0
      0
      0
      0
      0
      0
      0
      0
      0
      0
      0
      0
      0
      0
      0
      0
      0
      0
      0
      0
      0
      0
      0
      0
      0
      0
      0
      0
      0
      0
      0
      0
      0
      0
      0
      0
      0
      0
      0
      0
      0
      0
      0
      0
      0
      0
      0
      0
      0
      0
      0
      0
      0
      0
      0
      0
      0
      0
      0
      0
      0
      0
      0
      0
      0
      0
      0
      0
      0
      0
      0
      0
      0
      0
      0
      0
      0
      0
      0
      0
      0
      0
      0
      0
      0
      0
      0
      0
      0
      0
      0
      0
      0
      0
      0
      0
      0
      0
      0
      0
      0
      0
      0
      0
      0
      0
      0
      0
      0
      0
      0
      0
      0
      0
      0
      0
      0
      0
      0
      0
      0
      0
      0
      0
      0
      0
      0
      0
      0
      0
      0
      0
      0
      0
      0
      0
      0
      0
      0
      0
      0
      0
      0
      0
      0
      0
      0
      0
      0
      0
      0
      0
      0
      0
      0
      0
      0
      0
      0
      0
      0
      0
      0
      0
      0
      0
      0
      0
      0
      0
      0
      0
      0
      0
      0
      0
      0
      0
      0
      0
      0
      0
      0
      0
      0
      0
      0
      0
      0
      0
      0
      0
      0
      0
      0
      0
      0
      0
      0
      0
      0
      0
      0
      0
      0
      0
      0
      0
      0
      0
      0
      0
      0
      0
      0
      0
      0
      0
      0
      0
      0
      0
      0
      0
      0
      0
      0
      0
      0
      0
      0
      0
      0
      0
      0
      0
      0
      0
      0
      0
      0
      0
      0
      0
      0
      0
      0
      0
      0
      0
      0
      0
      0
      0
      0
      0
      0
      0
      0
      0
      0
      0
      0
      0
      0
      0
      0
      0
      0
      0
      0
      0
      0
      0
      0
      0
      0
      0
      0
      0
      0
      0
      0
      0
      0
      0
      0
      0
      0
      0
      0
      0
      0
      0
      0
      0
      0
      0
      0
      0
      0
      0
      0
      0
      0
      0
      0
      0
      0
      0
      0
      0
      0
      0
      0
      0
      0
      0
      0
      0
      0
      0
      0
      0
      0
      0
      0
      0
      0
      0
      0
      0
      0
      0
      0
      0
      0
      0
      0
      0
      0
      0
      0
      0
      0
      0
      0
      0
      0
      0
      0
      0
      0
      0
      0
      0
      0
      0
      0
      0
      0
      0
      0
      0
      0
      0
      0
      0
      0
      0
      0
      0
      0
      0
      0
      0
      0
      0
      0
      0
      0
      0
      0
      0
      0
      0
      0
      0
      0
      0
      0
      0
