      0
     44
      3
     91
     38
    174
    150
    176
    353
    338
    375
    581
    615
    701
    809
    751
    981
   1099
   1115
   1295
   1540
   1469
   1621
   2316
   2344
   2646
   2508
   2762
   3370
   3110
   3645
   3609
   4054
   4327
   4536
   4631
   4815
   5347
   5646
   5448
   6809
   6531
   6498
   7165
   7457
   7860
   7606
   9887
   8544
   9095
   9564
   9370
  10451
  11168
  11683
  11816
  12677
  12957
  13502
  14392
  14401
  15099
  15624
  16461
  16039
  17166
  17748
  17842
  19518
  19567
  19834
  20383
  20889
  22666
  23274
  23558
  22851
  24653
  25563
  26469
  27706
  27192
  28191
  28363
  30031
  30702
  31666
  31725
  32892
  34185
  35001
  35343
  35904
  36457
  37275
  39425
  40134
  41732
  41941
  43667
  45016
  44624
  45363
  47311
  48553
  49067
  51321
  51398
  53364
  52499
  53637
  55976
  56856
  57649
  59587
  60842
  61916
  62778
  64153
  65462
  67442
  67055
  68488
  71860
  72244
  73398
  78096
  75738
  79103
  79188
  80984
  83006
  86224
  84530
  86345
  87283
  92910
  91266
  94159
  97340
  96839
  98045
 101795
 101642
 101639
 105752
 107418
 107195
 111276
 111892
 114350
 116492
 116854
 120307
 121034
 120230
 125476
 125806
 131080
 131256
 131094
 134698
 136064
 141154
 142430
 142506
 147585
 149624
 150975
 152341
 156610
 154737
 158290
 163246
 168362
 168906
 171133
 174000
 170028
 176264
 179979
 180826
 185470
 187429
 188523
 191161
 195580
 195995
 200387
 199238
 206304
 207794
 210346
 211435
 213800
 219037
 219941
 222192
 225915
 229644
 230153
 234405
 241628
 240935
 242952
 250351
 250621
 249486
 254008
 260642
 263646
 266014
 266577
 275675
 271704
 271445
 278981
 288665
 290161
 291060
 291127
 296743
 299626
 301394
 307705
 308164
 312974
 316463
 318056
 321875
 325336
 330525
 332504
 343891
 346872
 349880
 348306
 356549
 359025
 361235
 365947
 370917
 374436
 375527
 383200
 386545
 390284
 400816
 400989
 402117
 402659
 407925
 416745
 419487
 423666
 430121
 429245
 435938
 441765
 447989
 442506
 452607
 456302
 462957
 468825
 466627
 476483
 476077
 487715
 488959
 490457
 499279
 505947
 509000
 506351
 516400
 517128
 524325
 531883
 535880
 544343
 543403
 551630
 553085
 562197
 570272
 570404
 576979
 576266
 586559
 590779
 596490
 598273
 607340
 610955
 616069
 621662
 623172
 628879
 638038
 640019
 641587
 650380
 653594
 657460
 661895
 666291
 677160
 685445
 685916
 688557
 692273
 702235
 716523
 715126
 718025
 721759
 723618
 728837
 736061
 744395
 745443
 752369
 758316
 765784
 768943
 773666
 783065
 787649
 795429
 793681
 805342
 807138
 812992
 817885
 831384
 831599
 844981
 844380
 849062
 848016
 856682
 861690
 865485
 876869
 884698
 879888
 889518
 892846
 900918
 912445
 910086
 916874
 927120
 927734
 933986
 947590
 951572
 953796
 958519
 963908
 972248
 975088
 989933
 993056
 997995
1001086
1007920
1009405
1014558
1021449
1031054
1030573
1036296
1054523
1055041
1061535
1069133
1073764
1080439
1090214
1087284
1096315
1103421
1099499
1115113
1119792
1122147
1133385
1134666
1140621
1143911
1149868
1163213
1162267
1171424
1171473
1177060
1188415
1189202
1206182
1202574
1207177
1219441
1222725
1237593
1235829
1237386
1235731
1246065
1256652
1269626
1272229
1264947
1276432
1278629
1286718
1294490
1296749
1300648
1309850
1316037
1318201
1327477
1334855
1338257
1345122
1353620
1353258
1363309
1362390
1368804
1378736
1385161
1388075
1397171
1397197
1407156
1406122
1416594
1417485
1425133
1428877
1433075
1445410
1449107
1450892
1461574
1465120
1469867
1477706
1480331
1486823
1491990
1489196
1504031
1511494
1510007
1516019
1522726
1516848
1531889
1534477
1527574
1543372
1557861
1552350
1563329
1565669
1574028
1571805
1580427
1581591
1589592
1594977
1600835
1606161
1610034
1606641
1624182
1609505
1620726
1627774
1633029
1631432
1643477
1648462
1649225
1656032
1657427
1670377
1676187
1680066
1669191
1675637
1683701
1696824
1698259
1700160
1707556
1715206
1714884
1721249
1719949
1725190
1731421
1744035
1747475
1743103
1750748
1757759
1756105
1763562
1761672
1763732
1777525
1775962
1772732
1779629
1784231
1794433
1796990
1798418
1799904
1805672
1805028
1812274
1816018
1818503
1813830
1819309
1829882
1824194
1837535
1832335
1845107
1844100
1847476
1852715
1851567
1853636
1871596
1861685
1885273
1864175
1875145
1877396
1887215
1886462
1877127
1888005
1882162
1888233
1885107
1896089
1904787
1904642
1910792
1900649
1919323
1911979
1915074
1905505
1921901
1920227
1925989
1920726
1924876
1935849
1943205
1931479
1940748
1932884
1942173
1936041
1928539
1939302
1946899
1949612
1944821
1955869
1949819
1950237
1944968
1941800
1949293
1955215
1948813
1960580
1957761
1952536
1966989
1959225
1968678
1969526
1968026
1977016
1962383
1969370
1978917
1976589
1984749
1964189
1978828
1975833
1983407
1982981
1979329
1987781
1991157
1993384
1980428
1977098
1991812
1973998
1981854
1982572
1979117
1981062
1981772
1990234
1986138
1983674
1992519
1981256
1988290
1975292
1978154
1974396
1983456
1978555
1987265
1984775
1986937
1980142
1987149
1984894
1990094
1987488
1977507
1982086
1980762
1972900
1982301
1985223
1977652
1978132
1977343
1974056
1979285
1966255
1975412
1971826
1974898
1968907
1969866
1962037
1963869
1971174
1973324
1961394
1957367
1958030
1960692
1947626
1953013
1957532
1940342
1940718
1947476
1942405
1928911
1942600
1932945
1938182
1931605
1929918
1926067
1920209
1933138
1929846
1917190
1915880
1920634
1907281
1909720
1912209
1905518
1912635
1916218
1904126
1899979
1892641
1894527
1899596
1897541
1886187
1880949
1884541
1874788
1890805
1888025
1874056
1874333
1863639
1869334
1862259
1848159
1855289
1858965
1851758
1850627
1842073
1840903
1825123
1828383
1826111
1828916
1813305
1826125
1805680
1804464
1797539
1794578
1798365
1797747
1778873
1782035
1784345
1774203
1766685
1777160
1766449
1767749
1766494
1747768
1740410
1745286
1740821
1726924
1730690
1737684
1729497
1717044
1723781
1720993
1708643
1701287
1703757
1704963
1693559
1698416
1698032
1685295
1677053
1669003
1677160
1663001
1666859
1652066
1646337
1650309
1648599
1636597
1622663
1619046
1622375
1606166
1620496
1605487
1604879
1604401
1606746
1597679
1582353
1577538
1575173
1573581
1567859
1555795
1562244
1545103
1552288
1539594
1539491
1532658
1530612
1525202
1518520
1518432
1508645
1510334
1498004
1493515
1475191
1486611
1484302
1472316
1479638
1466460
1461099
1457339
1452182
1446164
1445271
1445090
1427852
1433078
1423727
1414493
1406826
1401660
1397998
1394143
1378545
1395703
1373152
1372474
1367146
1355504
1348264
1346908
1339053
1336445
1335087
1328566
1321681
1327921
1310086
1309950
1295966
1294851
1285022
1274963
1274560
1277086
1261946
1265524
1255891
1253398
1245223
1243875
1229548
1229328
1217389
1208334
1219034
1205119
1193085
1191887
1190693
1185361
1176408
1173379
1157633
1160513
1148742
1140842
1142830
1133257
1132121
1121132
1115781
1114831
1106036
1104269
1095182
1096097
1081448
1079553
1081089
1064918
1069149
1057791
1061736
1045095
1043176
1045091
1031402
1029531
1027028
1009343
1004141
1003976
1001379
 993848
 990331
 988235
 979577
 978965
 959933
 958146
 958868
 948921
 946804
 944136
 932943
 926532
 925672
 926994
 907284
 907811
 899053
 896464
 881345
 887193
 879791
 877485
 873116
 868269
 860454
 856391
 843283
 848987
 840500
 837961
 826433
 824765
 807844
 814972
 808978
 802280
 798980
 790232
 786564
 776098
 771214
 768535
 759221
 754677
 751633
 752912
 751603
 743375
 736483
 733566
 735237
 722030
 715356
 713338
 710912
 699667
 700467
 695501
 689599
 684316
 674232
 672676
 669396
 665037
 661854
 659054
 647789
 643211
 639267
 637622
 636674
 621666
 621555
 618185
 618466
 607788
 610297
 599140
 599923
 589910
 591146
 583013
 577804
 574288
 569039
 568215
 565352
 560033
 553655
 548547
 547150
 546355
 535766
 535445
 525377
 520973
 524080
 515397
 508916
 510397
 503344
 499106
 500507
 493577
 485350
 485862
 474892
 477960
 475859
 464758
 461863
 462824
 459054
 450572
 453998
 449604
 440380
 439596
 432507
 431623
 425627
 424127
 414276
 416518
 412624
 404938
 401369
 405941
 399048
 398558
 391128
 389195
 381826
 378282
 378952
 374034
 371366
 368502
 359512
 363052
 362088
 356567
 350792
 346719
 345856
 341744
 341333
 339022
 337898
 334206
 330776
 326074
 322160
 319541
 313734
 317924
 308232
 308536
 303009
 305436
 303596
 299321
 295492
 290361
 289360
 284978
 284327
 278529
 279928
 275322
 273269
 269977
 269549
 261471
 260157
 259810
 256838
 253265
 253263
 248855
 245623
 244151
 243898
 238249
 239688
 235132
 232477
 227558
 228689
 222115
 221018
 221026
 215674
 219022
 214001
 214782
 209614
 210038
 204582
 205803
 202255
 199652
 197858
 198795
 193296
 192787
 187810
 186008
 184080
 185054
 183371
 177929
 178977
 177186
 173203
 170947
 172524
 167666
 164130
 165043
 160893
 160612
 159237
 155948
 158815
 156073
 150899
 151026
 150488
 151707
 145303
 144313
 142126
 142717
 143537
 141681
 140124
 136573
 135036
 134351
 128382
 130610
 130346
 127119
 125439
 124838
 121386
 121399
 120796
 120746
 117302
 119966
 115986
 113170
 114917
 112034
 108285
 107454
 106321
 107481
 105141
 105007
 103140
 100280
 100205
 101608
  97801
  97567
  96891
  92189
  93453
  91830
  91322
  92176
  90151
  87948
  88149
  84227
  85400
  83824
  83910
  80917
  81344
  81075
  81285
  80099
  74334
  75268
  76628
  74490
  73867
  74057
  71223
  71399
  70416
  68149
  69180
  67783
  66802
  65930
  64848
  62836
  61045
  60135
  61596
  61267
  59555
  60896
  56374
  57176
  57302
  55378
  55576
  54596
  53280
  52010
  52344
  51141
  50490
  47552
  50319
  48615
  47745
  45879
  46026
  44465
  45763
  44740
  44685
  43470
  43504
  43097
  41752
  40704
  41361
  40177
  38883
  38318
  38012
  35915
  38416
  36873
  36226
  36098
  36043
  34724
  34980
  34974
  34591
  34276
  31121
  32805
  31737
  30628
  31909
  30020
  30781
  29070
  27589
  28958
  28826
  27438
  27092
  27544
  26931
  25800
  26429
  25850
  24169
  25917
  24133
  23995
  24638
  23759
  24220
  23189
  22386
  22040
  21621
  22124
  21425
  21364
  21821
  19485
  20529
  20232
  19896
  19913
  18773
  19269
  18698
  17426
  17499
  17956
  17284
  16906
  15607
  16069
  16020
  15824
  15006
  16174
  15782
  15611
  14944
  14374
  13920
  14197
  14173
  13726
  13336
  13434
  13001
  12966
  12888
  12622
  13775
  11756
  11654
  11472
  11424
  10930
  11159
  10808
   9866
  10511
  10548
   9637
   9631
  10126
  10036
   8753
   8422
   9339
   8775
   8270
   8688
   8224
   7664
   8227
   8134
   7800
   6777
   7186
   7492
   7751
   6999
   7347
   7184
   6294
   6656
   6590
   6343
   6534
   6704
   6515
   6431
   6207
   5838
   6220
   5997
   6337
   6413
   5483
   5474
   5776
   5705
   5240
   5253
   4848
   4564
   4370
   4248
   4400
   4023
   4566
   4568
   4283
   4294
   4429
   3846
   3600
   4621
   3897
   3662
   4146
   3605
   3760
   3301
   3660
   3892
   3739
   3336
   3057
   3087
   3116
   2656
   3202
   2900
   2874
   3008
   2686
   2669
   2659
   2690
   2416
   2557
   2333
   2941
   2494
   2582
   2613
   2379
   2172
   2522
   2161
   1903
   1928
   2212
   1986
   2336
   1593
   1953
   2048
   1724
   1874
   1741
   1793
   1838
   1674
   1361
   1539
   1635
   1406
   1603
   1607
   1168
   1545
   1255
   1185
   1429
   1369
   1200
   1243
   1262
   1154
   1246
   1289
   1123
   1067
   1243
   1004
    919
   1115
    746
   1007
    843
   1161
   1006
    962
    871
    926
    979
    928
    975
   1098
    589
    833
    791
    738
    726
    703
    718
    696
    698
    620
    816
    659
    707
    374
    610
    508
    717
    679
    790
    730
    682
    742
    728
    518
    643
    544
    703
    622
    481
    572
    352
    449
    480
    493
    383
    306
    493
    603
    549
    454
    415
    412
    425
    341
    361
    286
    293
    430
    397
    363
    297
    335
    366
    336
    566
    225
    298
    250
    254
    322
    202
    430
    348
    246
    268
    250
    327
    230
    183
    237
    239
    207
    168
    287
    196
    170
    246
    287
    158
    198
    256
    138
    136
    219
     85
    177
     99
    171
    182
     73
     60
     79
    212
    108
     46
    167
    109
    120
     85
    203
    122
    174
     69
     63
    115
     79
    139
     58
     85
     72
    115
     86
     31
    112
     95
     53
     71
     35
     54
     33
     19
     27
     32
     44
     39
      0
      7
     47
     86
     16
     23
     26
     28
     51
      1
     31
     33
     49
      9
     24
     14
      0
      0
      9
      0
      4
      0
      3
     17
      0
     11
      0
     38
      0
     27
      5
     35
     26
      7
     14
     15
      3
      4
      0
      1
     19
      1
     41
      2
     15
     42
     16
      0
      0
     11
      0
      2
      0
      0
      5
      1
      9
      4
      0
      0
      0
      0
      0
      0
      0
      0
      1
      0
      0
      0
      0
      0
      0
      0
      0
      0
      0
      0
      0
      0
      0
      0
      0
      0
      0
      0
      0
      0
      0
      0
      0
      0
      0
      0
      0
      0
      0
      0
      0
      0
      0
      0
      0
      0
      0
      0
      0
      0
      0
      0
      0
      0
      0
      0
      0
      0
      0
      0
      0
      0
      0
      0
      0
      0
      0
      0
      0
      0
      0
      0
      0
      0
      0
      0
      0
      0
      0
      0
      0
      0
      0
      0
      0
      0
      0
      0
      0
      0
      0
      0
      0
      0
      0
      0
      0
      0
      0
      0
      0
      0
      0
      0
      0
      0
      0
      0
      0
      0
      0
      0
      0
      0
      0
      0
      0
      0
      0
      0
      0
      0
      0
      0
      0
      0
      0
      0
      0
      0
      0
      0
      0
      0
      0
      0
      0
      0
      0
      0
      0
      0
      0
      0
      0
      0
      0
      0
      0
      0
      0
      0
      0
      0
      0
      0
      0
      0
      0
      0
      0
      0
      0
      0
      0
      0
      0
      0
      0
      0
      0
      0
      0
      0
      0
      0
      0
      0
      0
      0
      0
      0
      0
      0
      0
      0
      0
      0
      0
      0
      0
      0
      0
      0
      0
      0
      0
      0
      0
      0
      0
      0
      0
      0
      0
      0
      0
      0
      0
      0
      0
      0
      0
      0
      0
      0
      0
      0
      0
      0
      0
      0
      0
      0
      0
      0
      0
      0
      0
      0
      0
      0
      0
     24
      0
      0
      0
      2
      2
      0
      0
      3
      0
      1
      0
      0
      0
      0
      0
      0
      0
      2
      0
      0
      4
      8
      0
      0
      0
      8
      2
      1
      0
     15
      0
      1
      0
      0
      3
      4
      0
      3
      3
      0
      5
     20
      0
      2
      1
     28
     23
     10
      9
      1
     22
      5
      4
     13
      5
      0
      2
     10
      0
      0
     19
      0
      6
      7
      5
     15
     10
      0
     46
      1
      2
      0
      9
      0
     15
      1
      3
      0
      0
      5
     13
      1
      3
      3
      1
     22
     37
      2
     30
     32
     29
      3
     14
      0
     23
     53
     42
     24
     16
     28
     26
     59
     10
     26
     43
     30
     79
     40
     37
     50
    116
     82
     78
    120
     32
     37
     66
     77
     69
     62
     83
     64
     88
     40
     34
     96
     90
     59
     53
     84
    107
     27
     45
     57
     11
     56
     88
    122
    142
    121
    108
    109
    126
     53
     38
     78
     52
    149
     30
     66
     98
    104
    123
     83
     94
    106
    131
    126
    142
    103
    106
    129
    152
     63
    229
    178
    168
    146
    131
    229
     82
    160
    150
    174
    166
    163
    257
    133
    134
    131
    148
    183
    122
    185
    215
    193
    165
    226
    254
    199
    164
    207
    203
    372
    216
    251
    314
    337
    280
    388
    262
    316
    317
    351
    241
    269
    439
    263
    210
    372
    402
    315
    258
    416
    522
    355
    355
    286
    278
    354
    408
    447
    453
    159
    377
    343
    307
    407
    366
    459
    390
    648
    386
    394
    659
    464
    635
    667
    500
    485
    593
    576
    862
    539
    697
    577
    572
    656
    682
    596
    666
    779
    666
    617
    766
    984
    743
    809
    715
    667
    831
    750
    908
    803
    915
    954
    950
   1063
    923
    973
   1001
    943
    943
   1064
   1181
   1060
   1398
   1249
   1089
   1251
   1283
   1083
   1150
   1315
   1627
   1380
    998
   1211
   1204
   1327
   1567
   1231
   1601
   1334
   1312
   1376
   1153
   1757
   1507
   1517
   1465
   1334
   1621
   1675
   2193
   1846
   2075
   1692
   1658
   1815
   1950
   1975
   1930
   2023
   2155
   2453
   2078
   2065
   2438
   1908
   2510
   2300
   2319
   2373
   2199
   2339
   2449
   2615
   2808
   2611
   2278
   2729
   2930
   2963
   3101
   2686
   2973
   3134
   3373
   3705
   2862
   3120
   3083
   3134
   3656
   3554
   3217
   3446
   3755
   3476
   3746
   3768
   4249
   4185
   4068
   3848
   4004
   3973
   4168
   4363
   4660
   4627
   4600
   4939
   4844
   4987
   5110
   4958
   5073
   5170
   5392
   5391
   5408
   5476
   5915
   6027
   6748
   5717
   6409
   6070
   6834
   6134
   6230
   6739
   7481
   6761
   6707
   7259
   6726
   7184
   6724
   7326
   8162
   7872
   8210
   7680
   7718
   8007
   8199
   8349
   7912
   8681
   8196
   8708
   8808
   8742
   9257
   8916
   9239
   9908
   9707
  10334
  10799
   9882
  10652
  10764
   9759
  10567
  10768
  11238
  11262
  10917
  11420
  11356
  11798
  12404
  11890
  12307
  13033
  11811
  13010
  12860
  12676
  14053
  13255
  14040
  13564
  14515
  14437
  13847
  14707
  14405
  16334
  14742
  14686
  15410
  15825
  16328
  16124
  16054
  16649
  16400
  16920
  16922
  17482
  17241
  19300
  17703
  17715
  17969
  18211
  18134
  18940
  20150
  21122
  20119
  20546
  19565
  21582
  21038
  21321
  23259
  21586
  22572
  21084
  22196
  22585
  23213
  23816
  23786
  23428
  23659
  24779
  24979
  25101
  24799
  25707
  26922
  25821
  27149
  26008
  28759
  28141
  26793
  28613
  28969
  28548
  30905
  30131
  30175
  30927
  31661
  31163
  31861
  31752
  32547
  32619
  33587
  33903
  34164
  34222
  35742
  36444
  35927
  36515
  36171
  36945
  37864
  38334
  39118
  40259
  38553
  41456
  39796
  41563
  42438
  42255
  42281
  43178
  42375
  44570
  43828
  44659
  46053
  44917
  45945
  46471
  48432
  48231
  49035
  49165
  51322
  50792
  50357
  51877
  50355
  52810
  52486
  54676
  54182
  54378
  56165
  55472
  58080
  58195
  57760
  58318
  59568
  61149
  60778
  60942
  62534
  64170
  64524
  64894
  63814
  66034
  66356
  68656
  70688
  66923
  69746
  70441
  71092
  70557
  70252
  73295
  74404
  75364
  73836
  74888
  77457
  76622
  78956
  79885
  79112
  80907
  80619
  81892
  81743
  84548
  86465
  86502
  87044
  87605
  89404
  90884
  92062
  90473
  93452
  92765
  95079
  95159
  96504
  97711
  96798
 100540
 101711
 101905
 102640
 104970
 105485
 104412
 107595
 108004
 108108
 113515
 109683
 115912
 113091
 117989
 114374
 117337
 117681
 118424
 116647
 121403
 123978
 123926
 125253
 124591
 128349
 127460
 131718
 129428
 130604
 136624
 136646
 137734
 135391
 139676
 139328
 143087
 140382
 147317
 147724
 149650
 148569
 149727
 150038
 154048
 153509
 156247
 157969
 161718
 161005
 164348
 165404
 165322
 165253
 171637
 168806
 172232
 172787
 175947
 173616
 178297
 178918
 179377
 181066
 185229
 183298
 183033
 186023
 191372
 193734
 190577
 192381
 195621
 199775
 200511
 202557
 200146
 208280
 202758
 208860
 211774
 212147
 216594
 215309
 219062
 220848
 223566
 222115
 225549
 227079
 231286
 232219
 231937
 236492
 238230
 238550
 241467
 244866
 247692
 250199
 249846
 254839
 258213
 257150
 261188
 264035
 267495
 269542
 266658
 268120
 273132
 275180
 274889
 279774
 281120
 289273
 285413
 288438
 290991
 292666
 294296
 296183
 302316
 299929
 305223
 306551
 304470
 310006
 314022
 315972
 316530
 316711
 323530
 322049
 329108
 329164
 327758
 333797
 334814
 333710
 344226
 341120
 346375
 351549
 352649
 351307
 356367
 359728
 358317
 361551
 367270
 368824
 368811
 376914
 376121
 375923
 384081
 383239
 385641
 386551
 391680
 397246
 400272
 403822
 405299
 405472
 410276
 414233
 416960
 417124
 420612
 419105
 420810
 424761
 433190
 433282
 434511
 439568
 446297
 448091
 452442
 453194
 454483
 461917
 459109
 464669
 467404
 473770
 474470
 472284
 481570
 488154
 491465
 492215
 497277
 495587
 502057
 503013
 508503
 510204
 512901
 516320
 516435
 521717
 525907
 528089
 534222
 534432
 543733
 542967
 548700
 549013
 556989
 562998
 562067
 564408
 568078
 570041
 566939
 577081
 569480
 580078
 591494
 591624
 587109
 596165
 596646
 600631
 602657
 615359
 611240
 617686
 618243
 624012
 623742
 629746
 630543
 638033
 641046
 644409
 645123
 652082
 653159
 654505
 659513
 665599
 669836
 667784
 677870
 683113
 681453
 688386
 691467
 695891
 696945
 706035
 699384
 714277
 718742
 718939
 725557
 719221
 736066
 732480
 738586
 743794
 745352
 751118
 758237
 757671
 767072
 767152
 771050
 774705
 780855
 783655
 788844
 788065
 797913
 799556
 804594
 807822
 816401
 821210
 818423
 823165
 822582
 829658
 834879
 841642
 846384
 853254
 844555
 855241
 857283
 862375
 867696
 875333
 875986
 879633
 887682
 881841
 892087
 893223
 894539
 902621
 907240
 912381
 913816
 919789
 920230
 927382
 930492
 930533
 935782
 939539
 949606
 950701
 956547
 951765
 961375
 968138
 971526
 974773
 975419
 973956
 986589
 983632
 995534
1004763
1011113
1002859
1015925
1013883
1018894
1021886
1025830
1041383
1037576
1035773
1040449
1048069
1055617
1054067
1062181
1062090
1066798
1077479
1079000
1084909
1092028
1089927
1098599
1095772
1107553
1110029
1110898
1120892
1119242
1126088
1128558
1139618
1141008
1145976
1149457
1156039
1154478
1165107
1165603
1171142
1175033
1184373
1183790
1195330
1197043
1202785
1205976
1208561
1212864
1219959
1226783
1224407
1222496
1234329
1233996
1252821
1252888
1250226
1256648
1259330
1265397
1272353
1270396
1268312
1281556
1285865
1294904
1289339
1296142
1303660
1302080
1307581
1315477
1317097
1320962
1322537
1329895
1332703
1336971
1345540
1344740
1348580
1355832
1364493
1358537
1368145
1365197
1378653
1382834
1381129
1382909
1390557
1385762
1393747
1399832
1407030
1408057
1414005
1411849
1420253
1430132
1423541
1431979
1437822
1440915
1444105
1448134
1452875
1462672
1457735
1464319
1469990
1477441
1476103
1481753
1484399
1483879
1477606
1492316
1498249
1502097
1508164
1507745
1506553
1512187
1511356
1519162
1517847
1526079
1542895
1540693
1544841
1540672
1552281
1547309
1560414
1560792
1560875
1560303
1578175
1566218
1582982
1579460
1575469
1588448
1590604
1591830
1592257
1598210
1592924
1602403
1603683
1609457
1616493
1618954
1620906
1631865
1623162
1626472
1628691
1638836
1639748
1643534
1649519
1642612
1649542
1647244
1651240
1660892
1664490
1667451
1657467
1667432
1683195
1665559
1681714
1680826
1693883
1694859
1695590
1690477
1699220
1705039
1701797
1700830
1704229
1705124
1719491
1716714
1722042
1717868
1724894
1715411
1723777
1727046
