   0
   0
   0
   0
   0
   0
   0
   0
   0
   0
   0
   0
   0
   0
   0
   0
   0
   0
   0
   0
   0
   0
   0
   0
   0
   0
   0
   0
   0
   0
   0
   0
   0
   0
   0
   0
   0
   0
   0
   0
   0
   0
   0
   0
   0
   0
   0
   0
   0
   0
   0
   0
   0
   0
   0
   0
   0
   0
   0
   0
   0
   0
   0
   0
   0
   0
   0
   0
   0
   0
   0
   0
   0
   0
   0
   0
   0
   0
   0
   0
   0
   0
   0
   0
   0
   0
   0
   0
   0
   0
   0
   0
   0
   0
   0
   0
   0
   0
   0
   0
   0
   0
   0
   0
   0
   0
   0
   0
   0
   0
   0
   0
   0
   0
   0
   0
   0
   0
   0
   0
   0
   0
   0
   0
   0
   0
   0
   0
   0
   0
   0
   0
   0
   0
   0
   0
   0
   0
   0
   0
   0
   0
   0
   0
   0
   0
   0
   0
   0
   0
   0
   0
   0
   0
   0
   0
   0
   0
   0
   0
   0
   0
   0
   0
   0
   0
   0
   0
   0
   0
   0
   0
   0
   0
   0
   0
   0
   0
   0
   0
   0
   0
   0
   0
   0
   0
   0
   0
   0
   0
   0
   0
   0
   0
   0
   0
   0
   0
   0
   0
  16
   0
   0
   0
   0
   0
   0
  23
   0
   0
   0
   0
   0
   0
   0
   0
  26
   0
   0
   0
   0
   0
   0
   0
   0
   5
   0
   0
   0
   0
   0
   0
   0
   0
   0
   0
   1
   0
   0
   0
   0
   7
   0
   0
   0
   0
   0
   0
   0
   0
   0
   0
   0
   0
   0
   0
   0
   0
   0
  10
   0
   0
   0
   0
   0
   0
   6
  60
   0
   0
  57
   0
   0
 189
  57
   0
  17
  34
   0
   0
   0
   0
   0
  16
   0
  17
  53
   0
  62
   0
  26
 148
  69
   0
   5
   1
   0
  80
  34
  66
  53
   2
  21
   0
 238
  38
   0
  48
  43
  66
 110
   0
   6
 137
  20
 192
 105
   0
  43
  91
  55
  46
  55
  60
   0
  68
  13
  14
 164
   0
 139
 230
  64
  62
   1
   0
 192
  13
   0
  34
  79
  99
  64
   0
  21
   0
   0
 109
  33
 141
   4
  50
  93
  77
 174
  71
 252
   0
 177
  33
 264
  28
 102
   0
 112
  71
 154
  43
   8
  10
 108
 107
  14
 174
 234
 131
 362
 260
   7
  69
 327
  11
 186
 130
 105
  26
 102
 106
   0
 222
  29
 272
  79
  20
  65
 262
 169
 130
  72
 209
 136
 110
  74
 235
  94
 289
 452
 254
 154
 248
 193
 131
 463
 393
  97
  82
 247
 313
 344
 259
 272
 282
 163
 381
 280
 358
 123
 316
 241
 163
 133
 161
 105
  98
 160
 182
 186
 225
 145
 166
 227
 263
 363
 299
 249
 214
 252
 317
 278
 149
  74
  91
 177
 115
 337
  93
  64
  61
 191
 246
  96
 153
 105
 201
 139
 201
 111
 146
 112
 152
 233
 207
 404
 667
 143
  42
 421
 461
 256
 412
 217
 382
 437
 541
 217
 301
 155
 222
 349
 281
 134
 295
 139
 193
 186
 257
 101
 175
 204
 398
 387
 283
 402
 354
 548
 583
 198
 298
 371
 189
 222
 277
 346
 209
 339
 102
 225
 231
 243
 544
 200
 261
 327
 335
 264
 333
 235
 243
 320
 186
 456
 400
 426
 550
 333
 207
 214
 325
 397
 272
 380
 324
 353
 426
 485
 619
 316
 136
 693
 339
 332
 621
 610
 278
 478
 476
 507
 541
 514
 374
 452
 313
 293
 324
 315
 710
 796
 729
 572
 473
 484
 393
 341
 582
 352
 883
 389
 536
 849
 599
 759
 433
 822
 291
 461
 709
 533
 479
 561
 635
 529
 656
 542
 367
 858
 787
 515
 261
 357
 348
 477
 489
 288
 585
 589
 950
 514
 862
 371
 790
 586
 677
 385
 387
 649
1045
 702
 927
 859
1300
1059
 682
 791
 833
 934
 804
 779
 762
 537
 850
 799
 772
1104
 480
 577
 889
 548
 878
 499
 587
 681
 416
 532
 970
 937
 677
 679
 370
1099
 783
 850
 648
 726
 571
 420
 726
 675
 869
 626
 519
 762
 605
 422
 819
 641
 710
 933
 746
 952
 822
 673
 489
 619
 641
 824
1658
 931
 507
 847
 603
 601
 772
 565
 761
1411
 595
 787
1285
1007
 819
 844
 916
 967
 475
 909
 642
 761
1249
 778
 661
 792
 913
 697
 828
1498
 851
1159
1380
1145
 584
 870
1185
1074
1535
 628
 837
 816
 928
 578
1771
 612
 720
1049
1235
 922
 983
 918
 890
1022
 804
1224
 996
 818
 828
 801
 744
 979
 785
 732
 847
1133
 895
 887
 958
 412
 875
 563
 882
 841
1197
 666
 921
1215
1221
 741
 787
 741
 830
 904
1257
 741
 642
 714
 737
 920
1178
 886
 670
1017
1019
 651
 886
 743
 922
1100
1059
 555
1159
 786
1043
 778
 919
 769
 674
 566
 513
 767
 929
 869
1104
1181
 657
 523
 665
 626
 658
 942
 612
1113
 580
 721
 495
 354
 808
 792
 877
 840
1162
 649
1149
 669
 547
 871
 979
1096
 776
 549
 516
 641
 822
 934
 866
 761
 720
 939
 962
 830
1235
 738
 905
1154
 895
 791
 548
1291
 815
 849
1026
 912
1470
1090
 892
 880
 953
1076
 621
 808
1392
 739
 433
 985
 833
 762
1557
 644
 783
 767
 758
 662
1038
1257
1030
1122
 726
 982
1063
1150
 841
1044
 793
 428
1278
 881
1347
1049
 750
1296
 626
1039
 693
1184
1000
 630
 793
 985
 807
1115
1136
1303
 657
1099
 717
 866
1287
1678
 973
1005
 771
1655
 896
 625
 635
 966
1448
 843
1055
1368
1175
1181
 944
1194
1000
1283
 860
1245
 835
1048
1086
1059
 930
 965
 855
 931
1233
 911
 732
 916
 909
 770
1410
1145
1320
1193
1001
 997
1185
 751
 886
 718
1196
1083
1026
1141
1355
1005
1338
1086
1224
1172
1042
1303
1091
1450
1591
1268
1505
1311
1388
 868
1313
 928
1207
1005
1140
1158
1465
 770
 883
1854
1961
1098
1594
1129
1399
1249
 858
1395
 709
1013
1410
1619
1052
1139
1289
1480
1353
1201
1281
1376
 881
1379
 873
1121
1627
 697
1375
 726
1229
1595
1427
1453
1268
1291
1280
1545
1137
1266
1114
1291
 978
 816
 871
1371
 859
 930
1071
1055
1110
1527
1240
1046
1195
1372
1311
1038
1375
1523
1215
 625
1676
1718
1239
1428
1087
1219
1883
1039
1396
1615
1519
1262
1074
 840
1501
1335
1609
1177
1503
1278
1242
1518
1731
1527
1213
1060
1200
1049
2064
1096
1031
1306
1713
1292
1381
2063
1552
1641
1315
2246
1356
1716
1510
1381
1688
1985
1115
1442
1308
1941
1455
1761
 930
 846
1545
1102
1927
1060
1895
1810
1480
1609
1157
1250
1646
1596
1983
1911
1569
1884
2050
1230
1774
1072
2029
1286
1968
1552
1470
1159
1227
1653
1400
2263
1804
1577
1558
2356
2207
1534
1802
2312
2139
1817
1651
1536
2087
1525
1353
1585
1447
1341
1437
1396
1991
1508
1473
1894
2631
2354
1833
1808
2215
2373
2878
2137
2219
2650
2542
2315
1889
2046
2122
2134
2047
1839
2177
1915
1993
3017
1959
2031
2107
1964
3181
2062
2192
2143
2478
2033
2593
2727
1999
2728
2615
1950
1999
1799
2754
2555
2760
1557
2159
2253
1988
2309
2919
2228
2684
1971
1485
2037
2256
2484
1760
3049
2582
2046
2323
3014
2314
2036
2206
2425
1732
2417
2258
2635
2152
2053
1953
2566
2830
2054
2477
1910
1666
3147
2111
1921
1518
2452
2211
1820
1928
1899
2044
2918
1806
2178
2600
2568
2328
2628
1592
2015
1817
2667
2134
2077
2592
3039
3246
1961
2514
2205
2748
2326
2559
2858
2427
2960
2674
3045
2876
2685
1799
2152
2521
2605
2061
2016
2232
2152
1494
2005
1643
2285
1829
2468
2208
2778
1761
2605
2686
2746
2789
3314
2268
3114
2035
2445
2636
2687
2141
3045
2355
2240
2503
2444
2428
2415
2407
2115
2394
2192
2461
2272
2079
2772
2583
2462
2571
2432
3160
2211
2142
2305
2762
1949
2061
3023
1919
2776
2087
2316
2873
2802
2655
2776
1843
2740
2943
2351
2660
2890
2295
2172
3088
3187
2253
2740
3592
2581
2824
2454
2245
2491
2496
1938
2531
2972
3659
2186
2944
3520
2160
2256
2510
2328
3117
2558
2448
3236
2986
2668
3124
2831
2553
2511
2607
1900
2631
2960
3119
3090
4015
3207
2990
2944
2306
2161
2349
3244
2524
2254
2805
2989
2794
3260
2979
2661
2466
2780
2353
3162
2364
2928
3234
3201
3591
3227
2615
2276
3571
2335
2994
3005
3069
2259
3064
2674
2846
2331
3107
2928
3080
2421
3201
3379
2683
2837
2816
3292
2983
3163
3265
2915
3197
3499
3175
2582
3100
4009
2362
3004
3638
2855
2383
3407
2229
3760
2632
2617
2851
3507
3527
2571
3328
2950
2361
3046
3417
2781
3893
3219
2667
2879
3136
3071
2530
2650
2878
2846
2258
2701
3207
4035
3507
3666
3001
3149
3066
3033
3303
3926
3683
2429
3302
2923
3486
2430
3219
2897
2736
2820
3809
2840
3384
2989
2659
3735
3780
2793
3467
3083
2949
3550
3502
2720
3555
2833
3363
3173
3783
2959
3652
2992
3098
3639
2542
3294
2931
3062
2537
3311
3877
3153
2765
3579
2807
4300
3545
3579
3820
3431
3859
3311
3659
4129
2741
3946
3445
3254
3294
4002
3094
3199
2788
3635
3065
2527
3709
3823
3483
3104
3133
3375
2715
4170
3329
3668
2476
2684
3087
3446
3792
2511
3107
3340
3642
2875
3156
3104
2641
3198
3610
4100
3471
4260
3157
3847
2895
3516
4476
3551
3602
4665
4226
2711
3955
3450
2760
3435
4137
3866
4051
3833
4716
3487
3948
2814
2909
3099
3211
4279
3996
4042
3575
3810
3083
3391
4061
3223
3030
3580
3531
3347
3030
3543
3272
3861
3121
3353
2845
3734
3816
3148
3609
2289
3033
3173
3902
4791
3632
3816
2834
3898
3413
3820
4336
3553
3025
3397
3414
3394
3427
4118
2065
2873
3166
3731
4262
2985
3299
3178
3503
2768
2940
3650
3272
3766
3585
3741
4225
3041
3268
3016
3520
3804
3164
3386
3735
4028
4254
3514
3830
3692
4410
3394
3821
3776
3211
4180
3409
3766
3975
4243
4127
2982
3450
4269
3555
3198
3108
3688
3905
3988
3575
3821
3737
3491
3832
3948
4570
4787
4004
3089
3133
4177
3052
3887
3725
3406
3709
3364
3768
3846
3585
4775
2873
3832
3029
3810
3912
3268
3570
3170
3805
3886
4524
3603
3417
3914
2998
3895
3875
4350
4135
2973
3628
4364
3670
3446
3396
4405
3690
3245
3681
3559
4719
3839
3872
2920
3198
3741
3835
4220
3395
4478
3644
3242
3449
3670
3529
3272
3541
3236
3762
3407
3943
2869
3737
3630
4442
3124
5202
3845
4904
4291
3772
3992
3603
4181
3254
3899
3244
4487
3977
4320
4001
3461
3554
3367
3950
3834
3916
4107
4022
3242
4088
3900
3524
4289
2842
4531
4118
4504
4426
4289
4202
4171
3991
3928
3681
4431
4294
3387
4246
4140
5001
4052
4025
3901
3716
3487
3266
4278
4221
3507
4640
4285
4389
3848
4232
3930
4161
5019
4580
3241
3811
4607
3565
3722
3212
3905
4297
3871
3461
3500
3659
3509
4725
4559
3809
4047
3740
4120
4479
3769
4082
4772
4117
4179
3918
4358
4362
5209
3579
3472
3940
4092
3789
3454
3204
3640
3789
3544
4435
3903
4300
3896
3982
3573
3633
3758
3512
4466
3863
3508
3967
4126
4202
4124
4146
2959
3990
3995
4300
3931
4991
4668
4938
3421
4217
3742
4294
4010
3884
5014
3572
4011
4826
4266
4741
4331
3947
4441
3611
4989
3138
5052
4497
3884
3816
4646
3946
4414
3976
3888
4068
3882
3549
3816
4278
3951
4687
4168
4050
3560
4188
3597
4516
3926
4875
4968
4239
3845
4852
3700
4577
3888
4766
3885
4329
5059
4201
4329
5485
5375
3888
3899
4447
3876
3386
4424
4168
4713
4122
4050
4087
4126
4080
4310
4003
4137
3389
4489
4506
5137
4557
4848
3803
4483
4631
4383
4468
4917
3867
3838
4371
4208
4929
4028
4966
4242
3441
5013
4968
3963
5053
4045
5186
5004
4286
3962
3989
5794
3673
4720
4594
4437
4003
3953
4206
4088
3919
3698
3412
5161
4454
4957
3464
4095
2998
4237
4092
4462
4055
5213
4260
3886
4262
4132
4686
4462
4077
5168
3638
4316
4742
4234
4250
4598
4788
4126
4743
4448
4809
4031
4756
4650
4925
5550
4303
4320
3211
3683
4836
4683
4491
3795
4093
4699
5529
4840
4588
3986
4274
4749
4202
4488
4012
5072
4488
4073
4502
6074
4869
4239
5298
5199
4405
4615
3756
4223
4852
6266
4653
4361
4294
3719
4556
4388
5099
5200
5058
4613
4471
4233
5553
5029
4492
4748
4794
4450
5758
5457
4945
4949
5038
4549
6064
4132
4495
5730
4588
5793
4420
4278
6408
4848
5339
4058
4871
4786
4858
5004
5016
5444
5314
4026
4864
5124
4705
4064
5722
4894
4877
4433
5110
4285
4815
5691
5462
4798
4456
5862
5410
5380
4257
5624
4921
5230
4648
5183
5526
5210
4759
4590
5418
5558
5794
5135
3542
5354
4160
4523
4332
4641
4690
4813
3988
4166
4831
4540
4771
5490
4929
4891
5292
4533
4769
5939
5247
4445
6007
5844
3664
4594
4802
5165
5019
5526
5058
4988
4540
4447
5849
5429
5557
5602
5460
4663
6687
5740
5783
5740
5809
5565
5520
6207
6357
5283
5611
6008
6301
6503
4943
5828
5234
5464
5590
5470
6788
5320
6451
6005
5030
6484
5852
6539
6095
4787
6898
5480
6219
5118
6008
6607
7674
6586
5248
6476
5910
5770
5184
6102
6340
5173
5664
6248
6160
5749
6347
5744
5740
5219
6204
5862
6161
5528
5555
7331
6460
6186
6534
5500
6206
7270
7313
7145
6431
6324
5800
5833
6116
6520
5492
5772
5924
6679
5694
6250
6008
5103
6360
6979
5662
7109
5709
6244
6219
5282
6303
5508
6442
6287
4460
5222
6864
6307
5298
5293
7075
4926
6182
5387
5352
5925
4683
4381
6830
4733
6337
5139
6953
6016
5873
6298
6292
5068
5916
5231
5251
6213
6313
5173
5804
5724
5072
5530
4817
5270
6188
5726
5698
6135
5613
5692
5234
6414
6361
5353
5896
5147
4848
5686
5470
4330
5145
5166
5476
5627
5706
5484
4237
5642
4999
5316
6294
5048
5388
4595
5309
4940
5077
5738
5193
5078
5678
5566
5975
6117
5775
4655
4948
5884
4234
5852
6583
5046
5287
5271
6411
5539
5695
5187
5139
6370
4996
4153
5256
5338
5829
5668
5461
5036
5430
6134
5312
5141
4458
6199
6056
4929
5299
4085
5149
6159
6132
5161
5820
4614
4922
4954
5121
4783
5523
5162
5413
5196
5031
5493
5183
5515
5531
5437
5723
5701
5368
6549
4737
5947
6102
6021
5046
5207
6136
5830
5316
5153
5954
5556
4501
4120
5636
5840
4134
6121
5253
4534
6332
5588
5937
5438
5931
4794
4644
5375
4754
5751
5565
4884
4700
5679
5398
5539
6285
5900
4993
5673
5514
4991
5631
5382
6093
5476
5022
4052
5912
5835
5780
4837
5238
5507
5807
5816
5015
6242
5595
6225
5824
6518
4400
6534
5633
5314
5513
5356
5020
4510
4709
6434
6807
6135
5796
5578
5489
5448
5668
5817
4541
5323
5775
5325
5369
5283
5634
5456
4799
4720
6139
5167
6674
5270
5448
5924
5617
6028
4347
5163
5448
5352
4243
4557
4703
5347
4694
5156
5248
4801
5786
4994
6193
5308
4964
5642
5194
5334
5272
5727
5512
4748
6005
4524
5308
4552
5203
5711
5416
5404
4909
5112
5513
4718
5311
4666
5436
5573
5248
5409
4911
5147
5228
5607
5404
5314
5075
5475
5200
5055
4642
4296
5202
5038
4418
4982
4789
4826
4162
4929
4638
3515
4597
5067
5214
4544
5667
3405
4319
4518
4593
4818
4230
5197
5225
4653
4454
4304
4559
4993
5098
4022
3570
3699
4373
4172
3856
4486
4191
3958
4498
4119
4291
4002
5152
4332
4089
5598
4349
4461
3389
4918
4481
4398
5120
5095
3980
4624
4270
4140
4763
5028
3560
4241
3991
4707
4881
4283
4003
4129
4120
4193
3979
3933
4203
3653
4448
3534
3435
4032
4700
4812
3683
3939
4319
4410
4859
4026
3574
4203
4325
3965
4809
4085
3423
4065
3447
3838
3960
3537
4656
4676
4635
4052
4649
3188
4324
4835
4582
3417
4173
4122
3522
3879
4028
4158
4231
3713
3521
3858
2527
4541
4247
3650
3391
3500
3625
4462
3968
3289
3483
4158
4577
4684
4537
3981
3535
3575
3916
4364
4048
4225
4581
3648
2546
3577
4188
3807
3599
3833
3491
3220
3855
3520
3335
3712
4350
4489
3565
3471
4734
3156
4540
3423
3611
3939
2888
2832
2716
3432
3121
3226
2086
3989
3393
2831
3785
3444
3135
3400
3254
3737
3282
4454
3588
4088
3024
3355
3163
3532
3461
4347
3138
3818
3068
3297
3201
2764
3210
3219
4002
3698
2845
4145
3573
3573
3080
2709
2521
3067
4109
3202
2860
3208
3757
2588
2892
3151
2917
3736
3477
2824
3267
2528
3295
3619
3450
2843
2952
2749
2493
2693
2611
2507
2997
2870
3368
3050
2705
3225
2884
3409
3805
3529
2774
3394
3228
3407
2789
2366
2680
2939
3157
3509
3229
2414
2560
2861
2990
2801
3677
3347
3052
3351
2928
2538
2730
3142
2516
3333
2312
3473
2353
2885
2741
2491
1829
2375
2138
2282
2123
2309
2229
2354
2642
2419
3216
2727
2511
2353
2752
2355
2770
2092
2492
1970
2548
2219
2462
2144
2610
2059
2037
2387
2711
1778
2000
2222
2272
1988
1904
2718
1638
1974
1880
2332
1731
2301
1680
2077
2200
2589
2010
2816
1990
2133
2088
2277
2290
1966
1451
2456
1966
2190
1644
1724
2403
1760
1741
1742
1775
1092
1627
2066
1548
2170
1421
1714
2199
1425
1551
1545
1445
1090
1619
1489
1905
1192
1438
2143
2182
1318
1081
1484
1469
1509
1282
1317
1863
1220
1378
1959
1516
1413
1071
1141
 962
1461
1743
1136
1559
1671
1030
1619
1755
1115
 887
1071
1314
1441
1536
1715
1026
1728
1830
1073
1209
 948
1355
1069
 734
1475
 922
 733
1540
1085
 966
 449
1015
 876
 933
1120
1080
 922
 907
1193
 863
1049
 806
 672
1160
 997
1196
1142
 859
 684
1194
 932
 490
1245
 590
 980
1011
 665
 636
 657
 602
 733
 999
 457
 682
 597
 380
 757
 510
 709
 504
 341
 751
 488
 561
 589
 918
 704
 666
 699
 661
 676
 406
 745
 453
 347
 750
 947
 419
 478
 444
 601
 475
 464
 566
 418
 571
 597
 405
 411
 414
 563
 262
 852
 543
 834
 679
 298
 427
 309
 349
 367
 517
 445
 848
 444
 317
 622
 545
 532
 427
 485
 687
 185
 285
 447
 552
 432
 231
 180
 311
 210
 491
 553
 646
 701
 374
 508
 325
 602
 356
 658
 366
 329
 213
 589
 282
 376
 330
 215
 357
 478
 341
 413
 411
 404
 342
 190
 603
 513
 149
 370
 341
 139
 336
 573
 210
 216
 363
 278
 189
 203
 190
 182
 126
 250
  84
  64
 346
 116
 171
 139
 150
 110
 209
 113
 175
 149
 372
 146
 113
 108
   1
 266
  47
 182
  90
  73
  55
 134
 175
 227
 376
  68
 116
 199
 210
 252
 177
 104
  19
 166
 393
 357
 109
  36
 143
 101
  13
  48
  74
  10
  79
  35
 155
 151
  23
 140
  52
  77
  20
  96
  41
  72
  86
   2
   0
  49
  49
  24
  26
 162
  47
  24
   0
  52
  12
  65
  46
  35
  50
  29
   3
   0
  27
   0
   0
  82
 142
 199
 131
   0
   0
   0
 123
  73
  24
  70
   0
   0
   0
   0
 105
   0
  67
  33
  50
   1
   0
  18
 161
  22
  71
  20
  31
   8
  40
  26
  44
   0
  80
   0
   5
   0
   0
   0
  99
   0
  31
   0
   0
   0
  88
   0
   0
   0
   0
   0
   2
   0
   0
   0
  67
   0
 101
   0
   0
   0
   0
   0
   0
  73
   0
  24
   0
   0
   0
   0
   0
   0
   0
   0
   0
   0
  65
   0
   0
   0
   0
   0
   0
   0
   0
   0
   0
   0
   0
   0
   0
   0
   0
   0
   0
   0
   0
   0
   0
   0
   0
   0
   0
   0
   0
   0
   0
   0
   0
   0
   0
   0
   0
   0
   0
   0
   0
   0
   0
   0
   0
   0
   0
   0
   0
   0
   0
   0
   0
   0
   0
   0
   0
   0
   0
   0
   0
   0
   0
   0
   0
   0
   0
   0
   0
   0
   0
   0
   0
   0
   0
   0
   0
   0
   0
   0
   0
   0
   0
   0
   0
   0
   0
   0
   0
   0
   0
   0
   0
   0
   0
   0
   0
   0
   0
   0
   0
   0
   0
   0
   0
   0
   0
   0
   0
   0
   0
   0
   0
   0
   0
   0
   0
   0
   0
   0
   0
   0
   0
   0
   0
   0
   0
   0
   0
   0
   0
   0
   0
   0
   0
   0
   0
   0
   0
   0
   0
   0
   0
   0
   0
   0
   0
   0
   0
   0
   0
   0
   0
   0
   0
   0
   0
   0
   0
   0
   0
   0
   0
   0
   0
   0
   0
   0
   0
   0
   0
   0
   0
   0
   0
   0
   0
   0
   0
   0
   0
   0
   0
   0
   0
   0
   0
   0
   0
   0
   0
   0
   0
   0
   0
   0
   0
   0
   0
   0
   0
   0
   0
   0
   0
   0
   0
   0
   0
   0
   0
   0
   0
   0
   0
   0
   0
   0
   0
   0
   0
   0
   0
   0
   0
   0
   0
   0
   0
