     0
   212
   541
   872
  1268
  1691
  2029
  2288
  2681
  2924
  3360
  3901
  4177
  4497
  4681
  5064
  5330
  5909
  6219
  6502
  7028
  7321
  7802
  8004
  8478
  8754
  9190
  9859
 10268
 10148
 10747
 11116
 11483
 12071
 12277
 12597
 12734
 12999
 13875
 14202
 14361
 14796
 15055
 15667
 16273
 15993
 17014
 16417
 17372
 17293
 18092
 18883
 18690
 19209
 19538
 19665
 19545
 20973
 21041
 21452
 21399
 21932
 22983
 22887
 22850
 23644
 23923
 24014
 25118
 25147
 25474
 26104
 26366
 26954
 27371
 27302
 27589
 28658
 28745
 29038
 28946
 29798
 30095
 30326
 31404
 31536
 31834
 32082
 32986
 32567
 33688
 34073
 33838
 34271
 34507
 35447
 35896
 35844
 36249
 36488
 37188
 37191
 37720
 38367
 38919
 38762
 39667
 39097
 40477
 40350
 40895
 41791
 41857
 42483
 42933
 43273
 43710
 44288
 44062
 44241
 44683
 45147
 46040
 46289
 46737
 46657
 47232
 47332
 48270
 49199
 48785
 49155
 49797
 49832
 50410
 51076
 51529
 51495
 53089
 52581
 53120
 52823
 53649
 54841
 54828
 55442
 54893
 56316
 56402
 55959
 57612
 57389
 57722
 57484
 58039
 59204
 59084
 59721
 59974
 60507
 60503
 61212
 62546
 61901
 62969
 62444
 63066
 63722
 64080
 64951
 65590
 65597
 66090
 67122
 66795
 67540
 67106
 68012
 67787
 69276
 69291
 70468
 70143
 70893
 70022
 72256
 71781
 73019
 73345
 74045
 74094
 74727
 76098
 75016
 74827
 76842
 76262
 78132
 77070
 78319
 78351
 79028
 79395
 79066
 80276
 81859
 81686
 81351
 82642
 83916
 82909
 83318
 83816
 84457
 84546
 84172
 85012
 85839
 87024
 86574
 85963
 87030
 88377
 88777
 89161
 89420
 90050
 90194
 91823
 91859
 92136
 92623
 92878
 93350
 93521
 93850
 94519
 95602
 95025
 96110
 96874
 97166
 98259
 96621
 98249
 99761
 98696
 99023
100309
100009
101155
101817
102326
102901
103284
103979
104645
104715
104364
105284
105709
105611
107300
107743
107575
107806
108973
109234
110209
111430
112179
111743
111445
112280
113130
113697
113699
114217
114292
116782
115448
116403
117954
116989
117434
118134
119289
118920
121361
122122
121506
121919
123517
123541
124050
124625
124810
126404
126588
126580
126872
127807
128480
128826
129078
128783
130748
131618
131315
132496
132994
132804
133608
134180
135595
135467
136759
136350
136927
137142
137854
138411
139486
139344
140053
140273
140725
141467
141868
142930
143359
143802
144850
145231
146153
146626
147479
147593
148172
147723
149175
149275
150737
151433
149710
151065
152900
152215
153606
154490
154568
154812
155926
156374
156027
156330
157300
158446
158856
159197
161319
160187
162044
162797
163098
164034
164831
164322
164513
166788
167027
168042
168224
168798
167725
169396
169788
169974
171904
171177
172864
173874
173311
174835
174196
175232
175693
176937
176436
178378
178328
179319
180125
181535
181367
181191
182384
182162
183268
182745
185457
185667
185747
186985
186360
189590
189504
188977
188982
190630
190609
193068
193380
193587
195511
194128
193773
194668
195213
195611
197348
199011
199914
200512
201217
200509
201292
202695
203279
203088
205376
204802
205547
205652
206154
207041
206680
207781
209556
209767
211107
212106
212284
211535
213184
214720
214063
215983
216263
216601
217501
218290
218533
220658
219384
221254
221278
222424
223993
223538
224073
224416
226763
228396
226780
228904
228386
229925
230435
230367
231873
232736
233226
234015
235044
234534
234146
235717
237166
238741
237819
239152
240722
240850
241495
240828
242824
243587
243797
245553
245544
245576
247850
247820
248228
246483
249647
249962
250593
251437
252816
252749
253887
254696
254448
255946
253986
256903
256929
257026
260380
259009
258881
261380
261810
261125
263036
262453
264685
265288
265272
266153
267361
267657
268096
268841
268601
270665
269944
274090
272267
273817
274630
274845
275627
276067
278318
277700
277962
279848
279081
279496
281682
283047
284130
281949
285061
284101
286314
284893
288533
285663
288111
290427
288924
290344
291619
292571
292709
293505
294165
294351
294716
295359
296959
296907
298515
299407
300536
299254
301412
301640
304121
304449
304356
303853
303862
306308
307488
308896
310362
309914
310732
310873
313320
315122
313581
313867
313140
316761
316556
316726
316471
316714
318594
319567
320171
320894
320568
322492
323648
325063
323972
323496
326151
325743
327774
328053
330941
330070
330098
331803
331483
332205
333321
333489
334443
333388
336244
335739
336556
338422
337415
338914
339389
338720
339859
341096
343064
344699
343603
343675
345223
346018
347423
347280
345655
347186
350311
349863
350534
351398
350518
353383
354106
353696
354816
355626
355899
357069
357914
357988
358382
359649
360125
362060
361980
363292
364104
364124
365529
363800
364434
368307
368194
367030
367797
369877
368900
369696
369602
371308
372719
372492
374928
374478
376262
375308
375091
376719
376892
378624
380884
381125
379950
380725
382494
382846
382414
385833
383893
386808
386533
387620
388137
388760
390315
391324
389499
390346
391576
393662
393269
391653
391373
396986
395291
395572
395986
397420
395971
398386
398668
400584
401393
402049
401270
403714
401782
404287
403974
405613
403414
405551
408507
409461
408123
411272
411073
410140
411721
409376
412987
414331
413770
414229
415092
414314
414943
415327
419567
419233
420382
418884
422137
419527
418917
422565
420125
421413
424063
425634
423393
425287
424636
426885
424604
427181
428552
428285
428860
431364
430425
432669
431786
430598
433938
435422
434175
436681
435457
437268
435891
438133
438098
438281
437246
435229
437965
439853
439343
437435
438332
441049
441424
442363
441693
445658
443815
444308
446240
447605
446427
446871
444994
447159
449005
450728
449349
451212
450033
451982
450514
452123
450621
456233
453776
455630
456550
454532
455871
454884
456374
456689
457668
456576
457341
457302
458481
460693
460314
460965
458252
461445
461032
462286
460833
465304
464612
464796
463747
464817
464679
467432
465717
466942
468970
466616
466092
468468
467108
467697
468238
471364
471095
470658
470104
470578
469207
473939
471320
471801
474718
473902
475993
473601
474414
472511
476810
477135
476222
477156
478400
474821
477818
479629
476769
478531
480269
480080
480302
480485
479040
479778
483240
482100
479289
481598
480993
484549
483632
481396
486203
483087
482651
487964
485853
486120
484056
486091
486304
483631
487104
487501
489335
487185
485948
490351
488425
490482
488386
487861
490832
489498
490729
491459
489154
490179
493801
493224
492328
491887
490928
493966
492518
495021
495630
495792
492979
494778
495216
496025
496773
494566
493121
496702
497223
496319
499298
499383
498732
498950
498886
499618
499964
499539
499402
499039
501734
502073
498089
500790
499867
501331
500621
498781
500878
503525
501387
502042
502164
500048
502420
501124
501990
502754
501892
503901
502797
502672
503137
502109
502224
504091
506317
504474
503233
503259
503686
505732
505977
504028
504998
502317
503886
505260
503224
505046
504069
504533
504475
506845
507027
505574
507505
508115
506984
505780
505172
505074
506911
509059
507195
507858
507332
507043
508122
506500
507935
506519
508996
508285
509850
508535
507047
507220
508898
507986
508263
506602
509889
506498
510427
508155
506653
509407
507203
506836
509615
511048
507344
508227
507526
510545
507217
510231
511593
507269
508302
505981
507800
508580
508138
508031
509156
507202
507557
508409
506107
506745
504709
507548
508290
508802
508739
507361
507694
505413
506583
506720
503680
504476
506494
506842
506234
507259
504652
503372
503969
503625
504517
505774
504716
503296
505269
503404
505276
502547
502830
502649
503412
502696
503507
503483
505044
503965
502388
502586
501659
501599
503281
498522
500902
499183
502063
498608
498515
496681
497066
500016
499616
499349
496492
499761
499931
496836
497912
497049
494745
497377
496157
497448
497540
495012
493484
495834
495538
494580
494736
492665
492575
492549
494087
494311
494325
490076
491030
494068
494170
491760
491590
491446
491071
492691
493509
490813
490427
490708
491146
491546
488233
488756
487399
491066
487657
488068
488498
488245
484277
485973
485500
485185
485162
485475
484562
485576
483844
483913
482541
482355
482134
481762
480703
481119
479653
478418
478304
478812
480907
477956
476644
477984
477772
477021
477207
475722
475234
472882
474407
474008
472301
474165
472348
471588
472939
473062
469733
469372
470485
470001
467912
469109
467062
468549
467762
469132
465897
464719
464527
465476
464239
464464
462718
462923
462486
464047
462783
459388
459168
460489
458421
459174
458675
456415
455608
457412
456256
457153
456782
453808
455396
455513
453137
454033
451532
451526
449597
450105
451540
448361
447461
448486
447524
447931
447797
447095
447588
445691
444852
444342
443768
442743
442573
442374
441266
440593
442389
440313
438898
440326
440526
438117
439051
439044
437780
436704
435362
436043
435110
434130
433026
432613
432726
433468
430848
430515
429490
429985
430301
425913
428641
426010
427624
427222
424716
424040
423273
424036
424799
421548
421767
421924
419928
420137
419239
417219
419261
417246
417135
415389
415999
417496
412536
412952
413473
413492
411255
410505
409876
409125
409893
410087
406478
406777
408076
404733
406039
404140
402973
405237
402777
403746
403534
400356
399394
400784
399509
399893
400823
398294
397313
396618
395196
396183
394648
393909
392265
392959
392418
393427
392580
388707
390655
388355
387869
387724
388394
384570
386551
385312
385038
384251
384170
383263
381111
381792
380198
380786
378228
378655
378250
376482
376995
375877
375011
376238
371904
374266
371300
372523
371223
371287
370870
370527
368466
368232
366770
363916
363788
366146
364641
362764
365264
361115
360219
358714
360864
360194
357761
359280
359027
356993
358152
355926
353347
352759
353139
350775
349542
350658
349042
350308
351369
348193
348333
347898
345696
346494
346003
344501
342325
342628
341979
341367
343877
339967
339251
337766
338833
339061
337187
335000
336835
336791
334564
335665
333665
332251
331230
329917
329953
330055
328377
326934
328115
326858
328474
326312
326396
324202
323824
321999
322505
323220
320941
321207
320008
318197
317011
316269
316710
315910
313505
313589
310879
312841
312284
312839
310483
307651
309117
308356
307316
307351
305317
304774
305094
302986
304190
302265
301434
302842
302462
300071
299849
299067
297171
297695
295825
297190
296017
294389
293483
294155
293378
291198
290789
290941
289776
288590
287999
285409
286223
284822
282632
283691
284371
281973
281715
282231
282140
280179
280107
280134
276450
277159
275742
274476
274385
273508
272482
271876
271870
270492
270406
271534
269056
270158
267604
267546
266953
266372
264139
264173
262028
262803
259663
261652
259820
258550
255774
258008
256960
255453
256230
253943
254642
252694
253543
251448
251449
251368
251431
249146
249209
248890
248138
245615
245877
246416
243284
242087
242646
242364
241200
242007
239329
240546
238900
236345
236869
235636
237309
234040
232971
231440
232185
231652
231227
230858
231513
230430
228030
227632
229814
226755
226042
226382
224489
223915
223542
222715
221253
220328
220559
219464
220301
220285
218394
218875
218875
217364
216313
214579
212836
212472
212259
213227
210499
210586
208955
209216
207818
208266
207472
205140
206282
204977
204626
205065
202182
203724
201973
200316
200942
200353
200656
198720
198377
198801
196576
196933
195441
194439
194569
191905
192994
192291
192243
190064
189815
190435
189582
189282
187236
188448
186024
186730
186721
185320
184525
184631
183911
184052
181317
182477
181073
181110
178461
180684
179359
178465
176531
177123
176258
176030
174831
173913
172465
173620
173595
171348
171744
171126
169312
168894
170114
169011
168743
165792
167098
164907
165259
164994
162638
163226
163249
162399
160840
160651
161572
160029
159338
158122
158892
157752
156352
155728
155249
155459
154777
152867
154757
153047
152207
152690
151184
151442
150405
148550
149302
148913
147679
147031
147736
147291
145872
146348
144779
144191
144025
143520
142441
141853
141717
142343
139339
139608
140232
138114
138080
138992
137441
137351
138536
136696
135574
134755
134570
134783
134542
133408
133191
132345
130331
132118
131885
130230
129123
129208
128322
127746
127519
126881
126741
125652
124526
124038
124930
123576
124071
122708
123262
123438
121482
121110
120740
120069
119599
118622
118243
117382
117061
118429
117080
117139
116184
115121
114662
114287
115107
114469
113236
112882
112270
111734
111844
110278
110388
109550
109124
108792
109023
108931
106658
107375
105696
106384
105126
105004
105183
103689
103313
104107
103650
102510
102650
101985
102335
 99976
100953
100499
 99534
 99356
 98084
 99378
 98250
 98071
 97506
 97149
 96580
 96108
 96950
 95015
 94453
 94399
 94205
 93821
 92765
 93464
 91820
 92079
 92773
 91616
 91855
 91073
 89348
 89346
 88883
 89009
 88893
 87837
 87441
 87270
 87318
 86550
 87386
 85452
 85179
 84013
 84741
 84783
 84020
 83827
 84053
 83185
 82928
 81751
 81483
 82851
 80614
 80087
 80306
 80144
 79160
 78480
 78702
 78134
 77636
 77119
 77238
 76835
 76694
 76244
 76226
 75458
 74971
 75043
 74188
 74103
 74227
 72978
 71918
 71821
 72492
 72249
 71729
 71410
 71700
 69836
 70356
 69341
 69500
 68304
 68599
 68683
 68526
 67564
 67674
 67717
 67147
 67227
 67259
 66224
 65521
 65194
 65583
 64265
 64354
 63863
 63470
 63330
 63069
 63039
 62512
 61622
 61505
 61259
 61408
 61969
 61412
 60790
 60948
 60157
 59829
 60413
 60139
 58576
 59155
 58213
 58034
 57142
 56810
 58096
 56324
 56147
 56239
 56482
 55758
 55985
 54931
 55171
 54742
 54244
 54948
 54359
 53590
 53551
 53129
 52896
 52445
 52618
 51723
 52046
 51454
 51654
 50729
 51046
 50137
 49820
 50391
 50088
 49846
 49176
 48531
 48520
 48640
 48044
 47206
 47974
 47648
 46571
 47264
 46620
 46456
 46108
 45718
 45696
 45204
 45351
 44940
 44804
 44266
 43979
 43683
 43476
 43715
 43339
 42691
 43063
 42795
 42535
 41847
 42186
 42052
 41519
 40837
 41315
 40789
 40524
 40041
 40523
 39795
 39791
 39031
 39918
 39676
 39348
 39093
 38399
 38057
 38266
 38058
 38108
 37818
 36589
 37609
 36941
 37184
 37082
 36218
 36865
 36125
 35859
 35487
 35709
 34996
 35354
 35398
 35082
 34440
 34456
 34635
 34195
 34234
 33807
 34040
 33570
 33261
 32916
 32836
 32791
 32450
 32149
 32135
 31955
 31382
 31266
 30988
 30919
 30928
 30340
 30502
 29994
 30591
 29822
 30068
 29527
 29868
 29527
 28801
 29965
 29069
 30072
 28411
 28996
 28599
 28442
 27734
 28171
 27694
 27655
 27372
 27673
 27214
 27528
 26557
 27029
 26245
 26138
 26343
 26222
 25961
 25802
 25769
 24950
 25490
 25511
 25023
 24866
 25321
 24580
 24310
 24508
 24520
 24251
 23901
 24014
 23760
 23643
 23358
 23318
 23611
 22677
 22786
 22981
 22015
 22147
 22129
 22161
 21952
 21823
 21659
 21779
 21470
 21816
 20970
 21481
 21264
 21003
 20637
 20701
 20768
 20507
 20239
 19788
 20050
 19890
 19590
 19710
 19336
 19418
 19374
 19022
 19223
 19291
 18255
 18289
 18140
 18051
 17994
 17575
 18179
 17767
 17967
 18005
 17598
 17207
 17841
 17042
 17075
 17111
 16952
 16721
 16582
 16307
 16372
 16754
 16952
 16285
 15990
 16093
 16344
 15942
 15968
 15941
 15968
 15645
 15915
 15840
 15697
 15506
 15280
 14835
 15155
 14786
 14916
 14827
 14876
 14572
 14441
 14680
 14372
 14159
 13846
 13978
 13896
 14074
 13971
 13776
 13733
 13807
 13790
 13741
 13003
 13388
 12999
 13126
 13004
 13225
 12687
 12551
 13211
 12467
 12393
 12797
 11926
 12498
 12009
 12153
 11818
 11982
 12200
 12071
 11629
 11836
 11760
 11568
 11402
 11614
 11376
 11437
 11553
 11158
 11266
 11205
 11142
 10721
 10852
 10603
 10559
 10551
 10329
 10259
 10296
 10533
 10304
 10599
 10097
 10138
 10345
 10003
 10071
 10125
  9553
  9947
  9990
  9686
  9435
  9455
  9307
  9030
  8986
  9158
  9093
  9148
  8904
  8908
  8424
  9065
  9073
  8980
  8848
  8809
  8659
  8549
  8545
  8419
  8368
  7973
  8507
  8208
  8133
  8150
  7857
  8170
  8077
  7955
  7953
  7800
  7943
  7540
  7826
  7840
  8100
  7860
  7385
  7312
  7390
  7638
  7314
  7267
  7275
  7450
  6999
  6612
  7083
  7084
  6927
  6738
  6790
  6722
  6599
  6517
  6668
  6548
  6453
  6533
  6416
  6335
  6204
  6320
  6218
  6032
  6206
  5566
  6097
  5880
  5876
  5735
  5795
  5768
  5923
  5897
  5750
  5985
  5498
  5370
  5463
  5449
  5698
  5473
  5391
  5296
  5290
  5275
  5361
  5049
  5023
  5018
  5046
  5038
  4854
  4751
  4995
  4854
  4825
  4776
  4599
  4794
  4624
  4494
  4755
  4568
  4497
  4643
  4228
  4403
  4557
  4327
  4317
  4240
  4384
  4231
  4230
  4211
  4063
  4109
  4052
  4066
  4126
  3830
  3866
  3921
  3979
  3959
  3723
  3873
  3745
  3695
  3769
  3675
  3761
  3597
  3595
  3470
  3617
  3598
  3449
  3544
  3512
  3349
  3411
  3540
  3368
  3338
  3344
  3311
  3188
  3303
  3333
  3140
  3290
  3109
  3190
  3184
  3175
  3205
  3071
  3071
  2837
  2975
  2958
  3066
  3050
  3035
  3029
  2923
  2819
  2711
  2883
  2706
  2790
  2730
  2753
  2686
  2730
  2726
  2723
  2804
  2507
  2548
  2635
  2676
  2580
  2536
  2493
  2479
  2418
  2618
  2395
  2463
  2473
  2432
  2376
  2311
  2386
  2271
  2174
  2389
  2326
  2273
  2364
  2102
  2199
  2410
  2222
  1962
  2133
  2167
  2145
  2137
  2060
  2127
  2242
  2112
  2099
  2053
  2080
  2088
  2066
  1957
  2005
  1975
  1868
  1753
  1886
  1906
  1940
  1769
  1857
  1667
  1735
  1897
  1763
  1587
  1825
  1834
  1698
  1697
  1540
  1713
  1763
  1698
  1688
  1591
  1476
  1668
  1598
  1670
  1461
  1567
  1478
  1383
  1457
  1537
  1431
  1408
  1482
  1424
  1445
  1508
  1560
  1335
  1385
  1351
  1338
  1414
  1191
  1339
  1311
  1215
  1306
  1313
  1203
  1294
  1214
  1303
  1146
  1304
  1143
  1274
  1198
  1237
  1238
  1305
  1170
  1109
  1133
  1133
  1123
  1053
  1099
  1122
   964
  1003
  1123
  1052
  1033
  1094
  1043
  1066
  1097
   946
   965
   955
  1013
   954
  1039
   968
   815
   920
   996
  1032
   989
   963
   857
   871
   844
   939
   924
   922
   868
   891
   765
   888
   880
   860
   774
   838
   798
   676
   790
   828
   782
   776
   841
   717
   828
   705
   716
   688
   702
   789
   764
   747
   709
   654
   694
   673
   650
   689
   759
   743
   705
   698
   657
   697
   631
   717
   677
   630
   620
   660
   542
   492
   534
   588
   610
   597
   644
   575
   540
   517
   540
   509
   567
   607
   543
   584
   589
   504
   578
   576
   516
   579
   478
   502
   559
   518
   474
   532
   503
   494
   462
   540
   551
   420
   454
   420
   444
   445
   467
   443
   436
   398
   473
   462
   503
   438
   408
   367
   397
   388
   392
   444
   356
   343
   377
   414
   368
   378
   345
   373
   341
   309
   321
   373
   319
   383
   259
   326
   290
   326
   359
   303
   309
   249
   258
   241
   265
   331
   362
   322
   276
   256
   296
   262
   232
   307
   265
   293
   254
   317
   215
   206
   258
   213
   219
   286
   206
   238
   225
   228
   246
   268
   234
   199
   300
   261
   212
   236
   182
   207
   193
   182
   214
   218
   232
   231
   210
   208
   176
   174
   183
   193
   171
   183
   212
   212
   124
   207
   178
   185
   137
   165
   142
   139
   140
   122
   168
   146
   215
   155
   185
   140
   140
   154
   146
   143
   123
   102
   108
   116
   145
   137
   129
   147
   117
    87
    89
   120
   117
   109
   122
   106
   110
    70
   104
   116
    92
    82
    93
   106
    94
   112
   105
    92
   119
    65
    82
    67
    90
    68
    82
    52
    47
    74
    84
    88
    62
    56
    80
    70
    95
    60
    80
    64
    74
    59
    64
    96
    81
    71
    49
    88
    71
    81
    57
    83
    76
    55
    57
    62
    57
    46
    35
    64
    52
    61
    75
    62
    58
    53
    40
    72
    49
    55
    51
    65
    88
    53
    49
    66
    48
    63
    56
    52
    53
    55
    58
    32
    61
    35
    19
    40
    52
    45
    81
    49
    49
    59
    34
    25
    42
    13
    24
    49
    38
    26
    45
    45
    46
    28
    38
    32
    10
    26
    17
    56
    60
    29
    27
    32
    34
    17
    33
    30
    38
    32
    24
    29
    31
    37
    29
    50
    33
    25
    45
    39
    14
    15
    15
    46
    20
    46
    30
    30
    15
    34
    13
    29
    13
    23
    32
    22
    23
    34
    25
    26
    14
    49
    11
    22
    13
    28
    31
    15
     7
    15
    22
    23
    10
    10
    12
    12
    12
    19
    12
    21
    36
    22
    13
    23
    41
    10
    10
     8
     8
    15
    16
    14
    20
    15
    16
    11
    12
    13
    20
    12
    13
    23
    12
    13
    14
     8
    12
    17
    10
    17
    24
    20
    14
    17
    21
    21
    21
    14
    17
     7
     8
    27
     7
    11
    26
     9
    17
    17
    11
    10
     3
     5
    14
     4
     8
     9
     6
     3
    15
     6
    12
     9
     4
     0
     8
     0
     4
     7
     7
     4
     6
     0
    10
     3
     5
    12
     8
     4
     7
     8
     4
     6
     1
    10
     4
     1
     5
     1
     5
     9
