    627
   1616
   2174
   3398
   4286
   5440
   6510
   7434
   8578
   9653
  10201
  10994
  12102
  12949
  14008
  15142
  15006
  16708
  17806
  19258
  19361
  20332
  21935
  22848
  23361
  24389
  24597
  26204
  26689
  27208
  29653
  29483
  30524
  33104
  33048
  34321
  34224
  36145
  37192
  38312
  39461
  39234
  40923
  42533
  42456
  43418
  45432
  46214
  46298
  46922
  48494
  50050
  50913
  49895
  51823
  53464
  54241
  52772
  55190
  55994
  58582
  58398
  59367
  61754
  61613
  64657
  64421
  65521
  65379
  67777
  68061
  68578
  69394
  70501
  71285
  71850
  73021
  75486
  75919
  76390
  77672
  77040
  79839
  81512
  79581
  82847
  82839
  83067
  84707
  86513
  84694
  87219
  88842
  89233
  91628
  91595
  91395
  94693
  92868
  95758
  97197
  97938
  98368
  98232
 100975
 101084
 101955
 103596
 104367
 104497
 105697
 105375
 110113
 108607
 109162
 109973
 111399
 110682
 114099
 115883
 114476
 117013
 118633
 119980
 119257
 122434
 121671
 124384
 122006
 125346
 124911
 124818
 125934
 128788
 128369
 127781
 131406
 130656
 130658
 134124
 135041
 136835
 139581
 139109
 139263
 139943
 141767
 139016
 142541
 144562
 144884
 145517
 147507
 147792
 148847
 151227
 151797
 150233
 153858
 153469
 155383
 156984
 155039
 156532
 158662
 159602
 159077
 161856
 160325
 163375
 164128
 165332
 167577
 166735
 168218
 168495
 169911
 170200
 173496
 171048
 175352
 175391
 176926
 177861
 176289
 179583
 177943
 182596
 181913
 186482
 184673
 185474
 188284
 187459
 189473
 188913
 190821
 191263
 190076
 192718
 193213
 196852
 196258
 198800
 199468
 201004
 203076
 198119
 200488
 203246
 205400
 205304
 206265
 207008
 208561
 209657
 211597
 212279
 212197
 212182
 213826
 214568
 213269
 217209
 218823
 215418
 218551
 220784
 223626
 221129
 226633
 225779
 227927
 227961
 228580
 228287
 230207
 231755
 231592
 232314
 235282
 238025
 235949
 238606
 239139
 238269
 238966
 242972
 241364
 242719
 245633
 244909
 247115
 247929
 249122
 249882
 252494
 251356
 254245
 253334
 252477
 255611
 256356
 255269
 258639
 260253
 260093
 262905
 262805
 263226
 262223
 265428
 267645
 269532
 267619
 272566
 270331
 271839
 272784
 273121
 276492
 276930
 276523
 274574
 277699
 280629
 280579
 283364
 281160
 286557
 287246
 286162
 289746
 286389
 291158
 288871
 289387
 293912
 289594
 291290
 296685
 295607
 297621
 299104
 302273
 304333
 301673
 304251
 300456
 304797
 305982
 304834
 306222
 308859
 309853
 310114
 309446
 312390
 314277
 317254
 314365
 316253
 316981
 319970
 321070
 322032
 320313
 322305
 324807
 324004
 325392
 327415
 330872
 331671
 331957
 330007
 332642
 335766
 332968
 334507
 338526
 336709
 341342
 341360
 345674
 346184
 344827
 345684
 346277
 348362
 347034
 342667
 348452
 353684
 347588
 351287
 353376
 355564
 355472
 357954
 356889
 360353
 360143
 364707
 359474
 362856
 364449
 364830
 371678
 365839
 366845
 370341
 370797
 370290
 373136
 377121
 373959
 374143
 376790
 381411
 382176
 382982
 379726
 385568
 384907
 383174
 387545
 389935
 390238
 386351
 391432
 390772
 394250
 389927
 396119
 392808
 397964
 400759
 400692
 401287
 401981
 408211
 405177
 399865
 405150
 404123
 410433
 409296
 409936
 416024
 409377
 415889
 408706
 417618
 416552
 418816
 419352
 419934
 417779
 423281
 421108
 427141
 425122
 426236
 426521
 426324
 429711
 434611
 429144
 431611
 431142
 435718
 439458
 437631
 438083
 439658
 440391
 444360
 441151
 442522
 445162
 443225
 445405
 448433
 452304
 450756
 447525
 452303
 456272
 456706
 456633
 457148
 456710
 459490
 464004
 460558
 464367
 463642
 460966
 466392
 470649
 472025
 467546
 471209
 474481
 475026
 471650
 471999
 476161
 476537
 479323
 479462
 482480
 485308
 481968
 480839
 485962
 485975
 486809
 487968
 488516
 490282
 491536
 494186
 493368
 495259
 492892
 491992
 494255
 497911
 499612
 499578
 499294
 500060
 502981
 506988
 511293
 508143
 508869
 506674
 511553
 513808
 507888
 515968
 520210
 518691
 518699
 517733
 523238
 520517
 523404
 523115
 527117
 522399
 525195
 526939
 528971
 533610
 534259
 531639
 537969
 538539
 534986
 536816
 536709
 539102
 541331
 548112
 541066
 540986
 546761
 545530
 546116
 544630
 551738
 552139
 549829
 554867
 548978
 551476
 552788
 561746
 557360
 559993
 557338
 558648
 560266
 566822
 564980
 564683
 566678
 567526
 567426
 572141
 573797
 574103
 568401
 575918
 573898
 579073
 576715
 581772
 581767
 582119
 579552
 582009
 591568
 591289
 583801
 588530
 589403
 591652
 586885
 595523
 595591
 592983
 593565
 594923
 600566
 600300
 603175
 601892
 602129
 602853
 604488
 607550
 609862
 608599
 611560
 613996
 609717
 614349
 614902
 615230
 620545
 617298
 618197
 615610
 623866
 617322
 626720
 626205
 628715
 626564
 631583
 629822
 628700
 636134
 635136
 634386
 638934
 632702
 636805
 634841
 639383
 643804
 644128
 642432
 645802
 645403
 647881
 647772
 645695
 653050
 653768
 657918
 652322
 652192
 656705
 659550
 658231
 664715
 657589
 663278
 664119
 662613
 666076
 669439
 666332
 674928
 670857
 672574
 674176
 676752
 676043
 679137
 676686
 684290
 680635
 680072
 683667
 687415
 688205
 682397
 688782
 689108
 690199
 699311
 694005
 693865
 696165
 697618
 694618
 701426
 698913
 709353
 699123
 705940
 703729
 702332
 705240
 706221
 707029
 710335
 707576
 712611
 715154
 718730
 715973
 716999
 715856
 721917
 719500
 719766
 723228
 728579
 726710
 728123
 727071
 727469
 727282
 730648
 730211
 729780
 739317
 735141
 735006
 738983
 737708
 740089
 746587
 746285
 745471
 746166
 750067
 750348
 749183
 747427
 747784
 753082
 755180
 756919
 758603
 761320
 763848
 763642
 759207
 764821
 767429
 762464
 764067
 768402
 768160
 767058
 767833
 777486
 776432
 778176
 780516
 779118
 785145
 780656
 780712
 783444
 787005
 787151
 787553
 788828
 785717
 788644
 791416
 793535
 792204
 793306
 798520
 799382
 799007
 797090
 800444
 800517
 806501
 805225
 807005
 806387
 810279
 810352
 815718
 812666
 814818
 815492
 817665
 820646
 819545
 818792
 821757
 822520
 821313
 828343
 819212
 829538
 830169
 833168
 833101
 832666
 832112
 832997
 838340
 839036
 841539
 842347
 839873
 838709
 836570
 845135
 844435
 845823
 850029
 848780
 852575
 853046
 853242
 856821
 859791
 853481
 853554
 853443
 864226
 863754
 863981
 865351
 866231
 868668
 877936
 871944
 872389
 874371
 871407
 874585
 876194
 876589
 879032
 887190
 884957
 886588
 885625
 885770
 885247
 888277
 887282
 887674
 895166
 892437
 895471
 886924
 896954
 893238
 898398
 895495
 900450
 906806
 907314
 905758
 907115
 907705
 909188
 912848
 911783
 910713
 919409
 912114
 915867
 915066
 918212
 919375
 925030
 932175
 930878
 929984
 919696
 933830
 928583
 930612
 935875
 932520
 934422
 934615
 937300
 930730
 936985
 940970
 943263
 948926
 948637
 944179
 955661
 947912
 951468
 943607
 951567
 954994
 954406
 959607
 958687
 963001
 956349
 963502
 962824
 963682
 966651
 974830
 971252
 970663
 972473
 966998
 974634
 977753
 975859
 974665
 978757
 982828
 981664
 981650
 983979
 984903
 990319
 992194
 991148
 993128
 993522
 996905
 989349
 994884
 994404
 996130
1011274
1002701
1009551
1003630
1005596
1008916
1006373
1009606
1010535
1006310
1014086
1013924
1014787
1018318
1020949
1021110
1023451
1018394
1026892
1025002
1026134
1028439
1023385
1028803
1025930
1028293
1029312
1030141
1026307
1031523
1040625
1040123
1041127
1041995
1040019
1045333
1046662
1050308
1048744
1048654
1050968
1050994
1047918
1054518
1054353
1058055
1062751
1062019
1064357
1058794
1067781
1067271
1067337
1067291
1074671
1070024
1071449
1065877
1070450
1079095
1071350
1080178
1079096
1078916
1088259
1079676
1081248
1079658
1084891
1080118
1096086
1088388
1099289
1096996
1092593
1095584
1100154
1094418
1097347
1099134
1105116
1108967
1105530
1102463
1111010
1105191
1112103
1110690
1107570
1114183
1111318
1113459
1117246
1113958
1118997
1115943
1123545
1123582
1121045
1131294
1123910
1125514
1121220
1132972
1121829
1130268
1132026
1136749
1137752
1135373
1140582
1136078
1141892
1134050
1141252
1144819
1141831
1139380
1151765
1143244
1146551
1144847
1151916
1156184
1154369
1151637
1155368
1149948
1153262
1160348
1159474
1166462
1162092
1163388
1161806
1163422
1168615
1165820
1167046
1173802
1175314
1172336
1173157
1176826
1175123
1177432
1179749
1183661
1178160
1191433
1187491
1182434
1182791
1186047
1184193
1188465
1193171
1184796
1190261
1191645
1191186
1192546
1200304
1204844
1202089
1196536
1199065
1200625
1200224
1201891
1208794
1207987
1212621
1204463
1208404
1208274
1207366
1215785
1209767
1213799
1219729
1215967
1220573
1216997
1218603
1216133
1225886
1220996
1219614
1221210
1226049
1223474
1228466
1237109
1233506
1236144
1230573
1229478
1238884
1234568
1233876
1241925
1237975
1240331
1240949
1245284
1240945
1245845
1243783
1239579
1248708
1246938
1248292
1245386
1244151
1251850
1257563
1258807
1256275
1251809
1252017
1254731
1257816
1259202
1258202
1257532
1263713
1260536
1263090
1259834
1267069
1270134
1258588
1264094
1268409
1266399
1279303
1270456
1270461
1267694
1268530
1275820
1274187
1276398
1277651
1274725
1273873
1287726
1279090
1284969
1280846
1287392
1277957
1284571
1285337
1285007
1284591
1282258
1298573
1284913
1290353
1288199
1292529
1283279
1292706
1291272
1289378
1287196
1293504
1297632
1297136
1293207
1302651
1297246
1298214
1299591
1303375
1296672
1296728
1302237
1301928
1298133
1310452
1305939
1301024
1308823
1308521
1307133
1306317
1311059
1308297
1317339
1312066
1310044
1310620
1306105
1312009
1309908
1303871
1318685
1308021
1311729
1318520
1315056
1316495
1320827
1316099
1320352
1319846
1318602
1323432
1323471
1326160
1315346
1321241
1322679
1321372
1323981
1324205
1329754
1328624
1325176
1330764
1331433
1327262
1331035
1325738
1333277
1334327
1328708
1332918
1328080
1332936
1334362
1328916
1340928
1328893
1325543
1335930
1339015
1336870
1336992
1329104
1335929
1336168
1337732
1333381
1338719
1337751
1336825
1339225
1331429
1341091
1338804
1333761
1333863
1338172
1338770
1334650
1346004
1343498
1338066
1345361
1343760
1341671
1345700
1340319
1345430
1344543
1338333
1344934
1350420
1340395
1343692
1341822
1339186
1344380
1350568
1348911
1342472
1342033
1341267
1342244
1347637
1343280
1339763
1350135
1340877
1348796
1342119
1346961
1348874
1335542
1343447
1346532
1351492
1342335
1344527
1346188
1350850
1339158
1348521
1343386
1346433
1347213
1346714
1348630
1348641
1343544
1347337
1344882
1345795
1347423
1342069
1342452
1349783
1348651
1347366
1335613
1341371
1345440
1350501
1346609
1343937
1346073
1343166
1341294
1336390
1342322
1345940
1341932
1337156
1343580
1343496
1342631
1340123
1339340
1340209
1335763
1335494
1335737
1336348
1343286
1336631
1345191
1338399
1343819
1341859
1337969
1341755
1332699
1333627
1338210
1339715
1331697
1337917
1329951
1332866
1337128
1340628
1337775
1330685
1331966
1331854
1331437
1328661
1331189
1336566
1336567
1337107
1334085
1329099
1324273
1322945
1331129
1330463
1324117
1321666
1321528
1327697
1323200
1315635
1322515
1323961
1323355
1322668
1319406
1323869
1317247
1314842
1320469
1310360
1320131
1319389
1316109
1320850
1315453
1311934
1320775
1307579
1316667
1321045
1304090
1308041
1305395
1304561
1316360
1309902
1300156
1301563
1304698
1303731
1295014
1298835
1303685
1300721
1299548
1301673
1305250
1291350
1289937
1294207
1293997
1297538
1285592
1290542
1293225
1298056
1290751
1296649
1288262
1289808
1276972
1282774
1284523
1289310
1283206
1291229
1278586
1281517
1278026
1278646
1278547
1278375
1278790
1274418
1271331
1272235
1269643
1272597
1275036
1268716
1263267
1270026
1261927
1256220
1263555
1263786
1260182
1261191
1262197
1261758
1260763
1254085
1251905
1251237
1249379
1249044
1251403
1245482
1244398
1243563
1241098
1241563
1242708
1239767
1241388
1238185
1239128
1235219
1233036
1232384
1228049
1231226
1233758
1233445
1232811
1227139
1227787
1226408
1224505
1216130
1224288
1221767
1224920
1216616
1219293
1215748
1220312
1218353
1215162
1206198
1210739
1209825
1206910
1208418
1205257
1204864
1204737
1203751
1195885
1201479
1197314
1192851
1188787
1190823
1194898
1193598
1181087
1186849
1179364
1175129
1184428
1178425
1176467
1176714
1173215
1175786
1173712
1175699
1172564
1173414
1165996
1158812
1161987
1162044
1161489
1160117
1161119
1157712
1154159
1154347
1151747
1149424
1152034
1150565
1146652
1141100
1140630
1143862
1141314
1140941
1131134
1133841
1127509
1124590
1129102
1124612
1127126
1119855
1114671
1117974
1125355
1123095
1116913
1116686
1115128
1106069
1113543
1114134
1108793
1108469
1100444
1100838
1098597
1104565
1099770
1092988
1093365
1090921
1088045
1090197
1085422
1081756
1086971
1080020
1083266
1075978
1081983
1074096
1078100
1069881
1067485
1069523
1064433
1070591
1068365
1063872
1060058
1057533
1058215
1049341
1052146
1051428
1048009
1043953
1040527
1041180
1037325
1035361
1042202
1034271
1031101
1035024
1033721
1031836
1022877
1021407
1021951
1015279
1018026
1022132
1017871
1022043
1012012
1016778
1006857
1007821
1000654
 998616
1002713
 994585
 994642
 996923
 990162
 993456
 989287
 988503
 993424
 988917
 977882
 978401
 978468
 974273
 971204
 968101
 969515
 970804
 964180
 969780
 964788
 959339
 958485
 955308
 958204
 954985
 952247
 949772
 949200
 942714
 944395
 941896
 931778
 942198
 934555
 931152
 934794
 931176
 927789
 925084
 927428
 927488
 922076
 918768
 918067
 913509
 912309
 909313
 902572
 907564
 906056
 902778
 902369
 899453
 895579
 898992
 889414
 890927
 890387
 882496
 877448
 877918
 880536
 876775
 877757
 872301
 873801
 868631
 865794
 863009
 860345
 857339
 860492
 854786
 856892
 850168
 848349
 846384
 848347
 845825
 839728
 837498
 840276
 839753
 834047
 834731
 823945
 830460
 829134
 822875
 827281
 825896
 820946
 817438
 813394
 813340
 809782
 807111
 809631
 805313
 803924
 799204
 798340
 797745
 796376
 799148
 792321
 786325
 786960
 784908
 781330
 778667
 776373
 775437
 776129
 776147
 773677
 772071
 766639
 766623
 764407
 754214
 761081
 755511
 759212
 747780
 749124
 747816
 746358
 747949
 740125
 737551
 739929
 735949
 732042
 733272
 732257
 729579
 723107
 726728
 715550
 717483
 715260
 715704
 710979
 712771
 710333
 702037
 698035
 701972
 701582
 697588
 693985
 689851
 696868
 693437
 686031
 690050
 689745
 683656
 680152
 679870
 677210
 679381
 672474
 671779
 667264
 669362
 665764
 661736
 661740
 662133
 660899
 652570
 650373
 649864
 645558
 648912
 647195
 645050
 642829
 638506
 638537
 641037
 631803
 630540
 625972
 627297
 623766
 622956
 624393
 624292
 616407
 615373
 608906
 608172
 608919
 608614
 604588
 604898
 599570
 598992
 595102
 594371
 594935
 591647
 590503
 585793
 584409
 582030
 582427
 576175
 579728
 577108
 574744
 572877
 567462
 571565
 569274
 564640
 570145
 560179
 561982
 556157
 559462
 552496
 549771
 550568
 545043
 549234
 543963
 542652
 542224
 535424
 534020
 537969
 534330
 533840
 532834
 526829
 525717
 519459
 522266
 520634
 520209
 518034
 515344
 518228
 511804
 510187
 508634
 507168
 502978
 501118
 503347
 496104
 497200
 495840
 491481
 488947
 491627
 481488
 490191
 484275
 489067
 477383
 478656
 475556
 474124
 475960
 469200
 475042
 472351
 467174
 468145
 466716
 463602
 456018
 458697
 454389
 451127
 450236
 452989
 445963
 443808
 443971
 449530
 440458
 441491
 441192
 436782
 439498
 439712
 433131
 428115
 431305
 430654
 425198
 425601
 425166
 424201
 422752
 417737
 416002
 413126
 407814
 412641
 409971
 403432
 404049
 405689
 406944
 400408
 403224
 401103
 395468
 396559
 394463
 395594
 390490
 386014
 388231
 385179
 387317
 379140
 383537
 381506
 377243
 378321
 378483
 374860
 372075
 368662
 367264
 367689
 367306
 368774
 361239
 361854
 361313
 357902
 358289
 356713
 351844
 353226
 347593
 347088
 345950
 345813
 347726
 342026
 340835
 341763
 339179
 336273
 335982
 334236
 335946
 332911
 331717
 328095
 327879
 325078
 326899
 320639
 320467
 319671
 316996
 317389
 314779
 314692
 317023
 310461
 310050
 309209
 305608
 307417
 303998
 299029
 298003
 299634
 298127
 296001
 296312
 294311
 295125
 290813
 291185
 292714
 287806
 286753
 284415
 285993
 280256
 279287
 282262
 278702
 279632
 276972
 274760
 276744
 272443
 272475
 269222
 271084
 266823
 269376
 266583
 264981
 262201
 262978
 259650
 257763
 257546
 256799
 255968
 254373
 255965
 249045
 249927
 247617
 247869
 248541
 247187
 246475
 239784
 240115
 242548
 239579
 239257
 239989
 232193
 236607
 236752
 235148
 231321
 230018
 227855
 224745
 227376
 224802
 226349
 224245
 222209
 220806
 223251
 218336
 217916
 219698
 214043
 217343
 214808
 214088
 212576
 211749
 209300
 209445
 211094
 205407
 205733
 203778
 203956
 202370
 200519
 199003
 198855
 199680
 197539
 195438
 193730
 194169
 193455
 192204
 190300
 190148
 187897
 189840
 186586
 186973
 187593
 184353
 184955
 180754
 182176
 178319
 179552
 178930
 177424
 175645
 176771
 177508
 173446
 171640
 170202
 172546
 169214
 170171
 168265
 165411
 167519
 163970
 167330
 165056
 162560
 161336
 161196
 158742
 159489
 162259
 157275
 155953
 154323
 155870
 154968
 155912
 154455
 151353
 150524
 151660
 150645
 149999
 147600
 145857
 146557
 145224
 143474
 142767
 144422
 143248
 140384
 140012
 138730
 139356
 138797
 135322
 137549
 134464
 135841
 132828
 132768
 133018
 133041
 132651
 128477
 129961
 127937
 130269
 126729
 125907
 123524
 124433
 122926
 122844
 122378
 121100
 121358
 119687
 119674
 121166
 118082
 119626
 117022
 116134
 115247
 115063
 116766
 114287
 113584
 112694
 113265
 109754
 114701
 111298
 108717
 109127
 105722
 107796
 107086
 107259
 104829
 102018
 104507
 105144
 102702
 103635
 101282
 101173
  99479
 100049
 100815
  98592
  99325
  99151
  96753
  98982
  96421
  96434
  94792
  93219
  95628
  92925
  92580
  92324
  89912
  91771
  90465
  89375
  89728
  88612
  88666
  85830
  88410
  87046
  86579
  85224
  84509
  85483
  83977
  83599
  84092
  82975
  81801
  80441
  80284
  80393
  80796
  78558
  78594
  79001
  77528
  78376
  76103
  76103
  75220
  75721
  75486
  74883
  74040
  73796
  73350
  72030
  71895
  71391
  70988
  70898
  70345
  70551
  69380
  68343
  68889
  67061
  67222
  67001
  66992
  66679
  64772
  65860
  65552
  64922
  63619
  63889
  61628
  63709
  63269
  62132
  61612
  61444
  59912
  59151
  57974
  58419
  59583
  60116
  58047
  56362
  57103
  57685
  57008
  55294
  54625
  55355
  54625
  54686
  53208
  54690
  52961
  51711
  52640
  54458
  52044
  51523
  51739
  51212
  51313
  50121
  49975
  49005
  49643
  50557
  48249
  47451
  46895
  46791
  47624
  48027
  48189
  46356
  45656
  46710
  44462
  44099
  45152
  44376
  43723
  43591
  41489
  42527
  43064
  42370
  42068
  41446
  42651
  41191
  40610
  40564
  40632
  40571
  39477
  39980
  41040
  37824
  39327
  38124
  38501
  36680
  37733
  36558
  37150
  37740
  37025
  35056
  36040
  35486
  36344
  35325
  35156
  34914
  34576
  33976
  33966
  33996
  33422
  33176
  33759
  32089
  32986
  32648
  30215
  31047
  31446
  31051
  30196
  30241
  30203
  30458
  30255
  29986
  30001
  29800
  28004
  29124
  28670
  28467
  28177
  27997
  26989
  28266
  27601
  27513
  26988
  26401
  27858
  25700
  26218
  25934
  25571
  25283
  26344
  25390
  24106
  24429
  24771
  23614
  24259
  24232
  24383
  24266
  23432
  23492
  24002
  22052
  23371
  23401
  22695
  21388
  22104
  21767
  22001
  20441
  21846
  20727
  21481
  21207
  21520
  19648
  19727
  20345
  19901
  19749
  19578
  19577
  18979
  19563
  19954
  19043
  18759
  18038
  18244
  19372
  18724
  18361
  18012
  18784
  17259
  16921
  17243
  17537
  17400
  16719
  17565
  16305
  16575
  16425
  15776
  16847
  16316
  15606
  16057
  15551
  15264
  14606
  15246
  15689
  14918
  15214
  15172
  14881
  15182
  14009
  13886
  13789
  14073
  13463
  13110
  13017
  14558
  13767
  13785
  13371
  13057
  12374
  13063
  12898
  13213
  12625
  12663
  12746
  12728
  12655
  11952
  12778
  11983
  12065
  11516
  11841
  11298
  11741
  11036
  11281
  11023
  10789
  11038
  10906
  11095
  10526
  10368
  10079
  10886
  10152
   9863
   9690
   9469
  10310
   9305
   9302
   9500
   9635
   9549
   9160
   9163
   8890
   9169
   8890
   9101
   9066
   9093
   8455
   8891
   9397
   8885
   8851
   9007
   8807
   8089
   8689
   7388
   8433
   7889
   7983
   7605
   7733
   8125
   7652
   7284
   7385
   7572
   6793
   7692
   7107
   7043
   7021
   7007
   6957
   7193
   7014
   7154
   7094
   7062
   6452
   6541
   6634
   5977
   6190
   6595
   6247
   6117
   6024
   6040
   5784
   5780
   6040
   5939
   5822
   5573
   6085
   6017
   5927
   5269
   5067
   5301
   5270
   5337
   5612
   5415
   5149
   5024
   4865
   5386
   5281
   4696
   5163
   4708
   5217
   4760
   4730
   5230
   4904
   4535
   4428
   4495
   4357
   4372
   4550
   4423
   4579
   4346
   4490
   3886
   4354
   4229
   4304
   4333
   3727
   4374
   3938
   3661
   3834
   4050
   3876
   3789
   3707
   3869
   3772
   3783
   3719
   3375
   3442
   3979
   3422
   3181
   3183
   3373
   3666
   3386
   3266
   3138
   3136
   3114
   3237
   2987
   3108
   2776
   3070
   3147
   2926
   2956
   3076
   2833
   2737
   2881
   2975
   2728
   2447
   2570
   2596
   2530
   2587
   2497
   2880
   2278
   2506
   2545
   2368
   2661
   2391
   2250
   1995
   2350
   2098
   2364
   2471
   2321
   2354
   2269
   2206
   2137
   1865
   2113
   1978
   2233
   2104
   1899
   1760
   1876
   2170
   1787
   2161
   2035
   1857
   1960
   1825
   2155
   2029
   2011
   2022
   1668
   1936
   1753
   1683
   1953
   1662
   1732
   1623
   1511
   1482
   1678
   1393
   1625
   1422
   1850
   1548
   1510
   1224
   1574
   1599
   1435
   1347
   1554
   1441
   1289
   1219
   1224
   1284
   1260
   1264
   1462
   1254
   1182
   1114
   1352
   1276
   1158
   1139
   1297
   1102
   1090
   1152
   1228
   1194
   1131
   1129
   1141
   1126
   1148
   1101
   1282
   1067
   1087
    979
   1101
   1223
   1041
    969
   1034
    890
    997
    808
    880
    906
    986
    972
    887
    943
    790
   1085
    696
    964
    850
    793
    704
    885
    940
    745
    671
    766
    891
    832
    946
    604
    705
    665
    702
    720
    665
    750
    677
    666
    735
    691
    693
    535
    579
    691
    720
    556
    671
    550
    624
    621
    681
    667
    697
    571
    500
    535
    437
    489
    565
    511
    668
    440
    486
    446
    426
    463
    523
    390
    473
    431
    422
    480
    514
    408
    409
    410
    573
    390
    482
    294
    517
    600
    429
    438
    427
    351
    426
    490
    480
    366
    300
    374
    240
    403
    350
    442
    364
    281
    320
    353
    184
    436
    283
    185
    361
    269
    320
    336
    213
    317
    350
    215
    173
    287
    237
    286
    269
    328
    280
    235
    334
    224
    208
    262
    250
    321
    357
    294
    260
    280
    210
    253
    254
    273
    248
    233
    232
    277
    303
    244
    306
    164
    221
    288
    168
    288
    197
    132
    302
    174
    242
    127
    245
    113
    164
    138
    135
    162
    114
    219
    134
    124
    128
    108
    206
    186
    222
    233
    138
    151
    162
    213
    184
    204
     92
    180
     93
    175
    124
    134
    127
     86
    117
    190
    171
     90
    132
    183
    123
    132
     76
    106
    110
    115
     70
     91
    108
    108
     81
    110
    127
     94
    129
     97
     85
     96
     72
     74
    102
     75
    127
    114
    143
     67
     77
    130
    142
    155
     82
    130
    118
    108
     81
     83
     89
    146
     28
