428.516
69.6871
69.5746
69.7348
69.7358
69.7211
69.7536
69.6892
69.4167
69.6258
69.4142
69.6288
69.4718
69.5077
69.5609
69.5344
69.6292
69.4145
69.5577
69.3459
69.4054
69.3022
69.2792
69.3482
69.3969
69.4629
69.36
69.3012
69.1506
69.3014
69.0583
69.1314
69.177
69.2081
69.0806
69.1251
69.0167
68.8647
68.8617
68.8456
68.5905
68.9139
69.3377
68.6706
68.5156
68.4477
68.5285
68.4226
68.2006
68.1816
68.0171
67.8758
67.8071
67.7424
67.5168
67.2844
67.2649
67.1688
66.959
66.8617
66.9543
66.4911
66.569
66.2566
66.1281
65.943
65.8191
65.6661
65.4458
65.3074
65.1168
65.108
64.957
64.86
64.8462
64.6107
64.6264
64.4275
64.3626
64.2643
64.2314
64.1611
64.0359
64.0318
63.9015
63.9233
63.8119
63.7694
63.767
63.6709
63.7013
63.5922
63.633
63.5853
63.527
63.5314
63.5347
63.5133
63.4676
63.4348
63.4781
63.4624
63.4504
63.3783
63.4046
63.3989
63.3455
63.3601
63.3304
63.4085
63.3777
63.4183
63.3196
63.2708
63.2969
63.3082
63.3067
63.2687
63.3418
63.3263
63.2394
63.3192
63.3278
63.273
63.3153
63.2601
63.2821
63.2743
63.1677
63.3219
63.2137
63.2403
63.2152
63.2393
63.2979
63.2131
63.2372
63.2312
63.2077
63.2487
63.2375
63.2657
63.1644
63.2081
63.1766
63.1962
63.3041
63.2066
63.2247
63.1522
63.1995
63.2017
63.138
63.2042
63.147
63.1553
63.1457
63.1383
63.1134
63.1477
63.1148
63.163
63.1029
63.18
63.234
63.1953
63.0997
63.1698
63.1646
63.1414
63.1518
63.2184
63.0831
63.1604
63.2025
63.2001
63.1349
63.2059
63.1812
63.1758
63.1184
63.1427
63.1047
63.1436
63.1367
63.1832
63.2053
63.1376
63.1806
63.1555
63.1606
63.1083
63.1757
63.1319
63.2026
63.163
63.1348
63.0932
63.1411
63.1356
63.1845
63.2181
63.1634
63.2201
63.1677
63.1532
63.1627
63.1849
63.1215
63.1188
63.0907
63.1782
63.1186
63.107
63.1621
63.1174
63.1353
63.1101
63.1445
63.1088
63.0817
63.1344
63.1551
63.1111
63.1536
63.114
63.0819
63.1067
63.0869
63.0732
63.1803
63.1013
63.0754
63.1384
63.1644
63.112
63.1255
63.1344
63.1143
63.1059
63.0907
63.067
63.1008
63.1179
63.0826
63.1393
63.0673
63.0872
63.1074
63.1183
63.0602
