     3
    20
    54
    83
   134
   173
   328
   368
   555
   663
   808
   921
  1109
  1221
  1433
  1624
  1878
  2076
  2307
  2501
  2752
  3168
  3243
  3599
  3866
  4613
  4428
  4896
  5420
  5726
  6142
  6586
  6930
  7333
  7888
  8334
  8689
  9115
  9771
  9973
 10501
 11254
 12169
 12441
 13143
 13757
 14196
 14793
 14816
 15837
 16439
 16960
 17671
 18915
 19079
 19804
 20660
 20866
 22501
 23151
 23977
 24530
 25264
 25815
 26754
 28353
 29082
 29320
 30417
 31661
 32334
 32336
 34451
 34638
 36169
 36573
 37491
 38393
 39682
 40573
 42030
 42065
 43648
 44561
 44952
 47183
 48628
 48828
 50093
 50999
 52110
 53005
 54341
 56056
 57468
 57758
 59097
 60416
 61534
 62786
 63555
 65670
 65693
 67660
 68529
 69723
 71349
 72329
 73899
 74355
 76110
 77094
 79358
 80890
 81916
 83245
 84815
 86068
 86460
 88669
 90107
 90270
 92271
 93699
 96625
 97301
 99167
101159
102010
103397
105633
106263
108148
109048
110446
112038
114997
116032
118136
118426
120424
121800
122518
125899
126387
128048
130094
132018
133311
134268
136887
137993
139034
141065
144090
143983
147336
147138
150441
151787
153274
155070
156760
158792
159789
163521
164993
166137
168663
169316
171744
171752
176038
177512
178035
180774
182236
183334
186157
189820
190452
191703
193906
195045
197963
201383
201662
203795
206332
207948
208451
211123
213920
215012
217091
217243
221451
222329
225642
228408
229632
232065
233414
234676
237571
239252
241378
241449
244982
247335
249910
251324
253184
254301
255549
259343
262271
263871
264479
267691
268595
273990
269102
274415
276951
282210
282226
285531
285871
288196
289744
293436
295026
296927
300117
302594
303788
304964
307660
311223
310556
314081
314258
319462
319080
321749
325755
325904
329721
332031
333545
334843
337984
340464
341091
342854
347000
346399
349656
352019
354010
360905
359404
360982
363581
366760
369866
372187
371488
374867
375374
379545
380807
382197
386593
387773
390333
393011
395923
396101
399535
399131
403150
404104
407049
408850
410870
411892
416454
418554
420926
421310
424512
428251
429554
430484
433392
434851
437681
439379
441715
443527
445529
447449
450847
452029
456734
457604
460052
461191
464275
464507
466735
471725
473160
474069
477719
478809
478808
480993
484390
486811
488155
488985
490816
491368
495048
499016
499094
502972
503964
505214
507978
510106
512361
513681
517412
515804
519591
521856
522206
526706
525783
529757
531672
534929
535996
538650
539083
543394
544292
545263
546188
550485
552903
553673
554194
559420
561695
560387
562958
564582
566681
567901
570602
574841
573304
577111
578615
578130
582077
584041
588588
586974
585738
591106
591098
594280
595208
597884
599731
602564
601642
604628
606329
607170
609034
609640
615859
615265
617462
620887
618421
625136
622951
625030
628927
628468
629051
634039
633683
636453
638938
638144
639202
639889
642299
644613
645805
647592
650960
650450
650980
652275
653923
657285
655118
659898
663374
662538
664044
665893
671154
665797
668146
671438
673209
673285
676992
675498
680149
680957
682601
684700
685651
686301
687251
686341
688918
689394
691100
694956
694606
697126
697593
698473
699010
702936
701282
702105
704172
708622
706960
707015
708242
711677
714095
710981
715269
714047
716235
714709
718354
721144
723550
724159
725408
722206
725748
724344
726227
725828
729653
730785
731562
732368
733724
732517
736919
735714
738414
737279
742226
743188
740264
737403
739894
739949
744622
742991
749567
746488
746573
747356
751844
752306
750561
754073
752328
756406
755781
754311
755278
757592
758499
757079
759402
758567
759799
758528
758661
759105
762324
761008
759332
764181
765727
763045
762402
763657
768160
766629
767176
766873
765690
766143
768555
768078
765549
767662
769359
767803
773526
769283
773484
770790
766959
771236
772560
771698
772433
773356
774040
776128
774697
777014
776371
776283
775811
775218
776588
774849
776059
777976
776534
777635
776814
778242
778799
774755
776117
777548
776728
773717
778866
777583
778692
779694
777392
776253
777386
781551
778126
776718
779599
777142
775969
775590
775739
776748
780391
776020
777064
779034
775516
778990
776057
776498
774829
777324
773412
775643
776562
775699
773250
776354
774413
772954
776347
776040
773310
775883
773410
776869
773095
771597
774137
775143
771664
772746
769931
768129
768168
768063
769912
772018
764580
767669
764890
767688
765238
766293
768048
766106
764007
767876
764475
762675
761781
763700
763483
759737
764776
761527
761460
761994
757399
761278
758549
755447
755473
755033
755952
755071
755472
750614
753078
750852
749787
749645
749365
750634
746133
743849
746831
744256
744259
741685
743634
741058
743218
743819
740156
737330
738974
739948
739365
736151
735487
736837
737243
732808
737454
734210
731886
731792
730042
729481
727048
727479
727197
724735
724691
721769
721612
723538
721960
723642
716495
718749
719336
717323
716025
714913
712489
714373
708405
708963
711990
708790
707896
706720
705143
705092
705064
704684
702163
701077
698240
696325
699909
697923
695491
694959
693850
691534
693837
690720
688456
685506
686830
682700
682878
683627
683372
683780
682004
680989
678353
677369
676104
674774
674057
674381
670852
668543
669087
670858
668519
666025
664041
664015
663142
658085
659262
657011
654797
655340
654776
652640
652014
650092
647661
647407
648916
644080
643835
643946
641743
640461
639392
639859
636959
632659
635894
631262
631351
631839
628358
627693
624919
624857
622675
621291
620799
620323
617372
618295
614880
612294
612535
609931
612428
609885
609067
605144
607830
602485
601752
602428
596748
598030
597566
593791
594166
593518
589703
590081
588167
587533
586717
583709
584844
579575
579900
577063
577527
575013
574462
572618
570453
571561
568211
567769
566404
564139
562391
561018
560372
557380
558160
556474
556002
553272
552483
550983
549143
547220
545661
544439
544358
543042
539339
539820
536912
536722
532722
532493
534000
530102
529297
526797
523889
521129
520764
519817
518638
518940
517020
514567
511734
511925
511289
508113
507679
506058
505263
501330
500550
498826
497002
497802
496996
495748
490079
493427
490595
486552
490726
484320
484680
482265
481957
478350
476404
475910
474516
471720
472135
471808
469852
468539
465170
463445
465041
462576
460084
460304
454524
457443
456199
452927
451891
448956
447458
448212
447369
444156
443653
442331
441277
438153
436410
437490
432764
434224
431248
428487
429149
426814
426253
421685
422999
420412
420201
418745
418072
414186
414924
411900
411661
408600
407625
407475
407193
404203
404907
400321
402314
400193
398316
397383
396393
392783
391176
392294
388946
390837
388675
384764
384550
384032
380727
381050
379265
377815
376340
372964
370974
371491
369013
369221
367215
366385
367015
364231
360951
358983
359525
359269
356385
354997
354155
351662
353944
351892
348523
348346
346622
345458
343189
343133
340923
339916
340425
338549
336969
334443
334088
332108
330864
329766
330108
326744
325970
324098
324748
322313
321904
320061
319717
318414
316248
315582
312973
315118
311936
310769
309372
308071
305863
303371
303197
302268
302275
301115
297962
297898
295839
296176
293489
292358
292877
288287
289462
289259
287299
285718
283835
284612
282464
280487
278288
278457
277021
275760
272370
271338
271154
269641
268543
268995
267792
264028
266491
262818
263105
260176
260912
258751
257893
256520
255734
255120
253916
251554
253270
251923
248241
246276
247111
246523
246234
243477
241669
240085
242101
240386
240512
238408
236656
234721
232802
234273
232964
230829
229128
229550
229284
227081
226623
225893
224359
222339
221130
221265
219628
219148
216805
216410
216510
214796
212250
213112
211330
211215
207945
208530
206707
206589
204304
203504
203192
203430
202140
200459
200708
198320
198275
197654
194913
195627
193576
193351
192517
191052
189853
190303
188267
188185
185511
186613
184494
184842
184432
181500
180822
181919
179077
179942
178298
177242
176568
175347
173857
174282
172357
173042
170423
169640
170302
168563
168160
167065
165426
163909
165977
162370
161685
161218
160143
160317
159201
157014
157573
157336
155670
156155
153794
153374
151806
153221
151305
149539
148986
149620
147459
145609
147050
145431
144438
143606
142665
142179
141093
140227
140456
141063
139300
138633
137094
137947
136856
134419
133977
134165
133654
131960
131513
131195
130678
129284
129181
128082
127635
125936
126411
123993
123839
123695
123084
122667
121255
120323
119994
120125
119707
118490
117281
115808
116511
116578
115760
114331
113480
113750
112026
111428
111435
110995
109334
109701
108976
108280
107852
106755
106285
105043
105904
104186
104152
102948
102529
102128
101091
100610
 99780
 99334
 99055
 98582
 97459
 96804
 96578
 95791
 95457
 95259
 93312
 94275
 93481
 91856
 91876
 91198
 90784
 90704
 90408
 89321
 89085
 87901
 87622
 87315
 86685
 86469
 85379
 85557
 84844
 83600
 83631
 82519
 82428
 81640
 81068
 81697
 80272
 80253
 79459
 79126
 79009
 77989
 77867
 77244
 76951
 75720
 76154
 75082
 75208
 74001
 73435
 73771
 74006
 72789
 72547
 71431
 71504
 71904
 71080
 70247
 69664
 69508
 68749
 68296
 67251
 67728
 66758
 67881
 66543
 66670
 65611
 65686
 64767
 63839
 63537
 63520
 62292
 62331
 61892
 61769
 60646
 61036
 59713
 59342
 58924
 59419
 58656
 59275
 58985
 57534
 57103
 57264
 56797
 55853
 55557
 55460
 55688
 54575
 54576
 54641
 54257
 53000
 52890
 52745
 53327
 50836
 51392
 51863
 50491
 50659
 50810
 48992
 48988
 48943
 48711
 47940
 48373
 48648
 46995
 46985
 46970
 46549
 46118
 45890
 45145
 45374
 44938
 44030
 44188
 44384
 43364
 43227
 43090
 42914
 42141
 43090
 41728
 40879
 41630
 41027
 40681
 39994
 39397
 39533
 40095
 39775
 39713
 38562
 38794
 37990
 38206
 37696
 37183
 37081
 36741
 36779
 36431
 35546
 35561
 36017
 35331
 35345
 35127
 34431
 34935
 34280
 33725
 33544
 32950
 32713
 32223
 32936
 32191
 32022
 32155
 32156
 31057
 30879
 31142
 30696
 30112
 29731
 29530
 29797
 29356
 29281
 29163
 29264
 28919
 29057
 28332
 28731
 27822
 27596
 27568
 27951
 27491
 27175
 26302
 26344
 26640
 26361
 26384
 26575
 25741
 25536
 25636
 25338
 25518
 25143
 24545
 24315
 24249
 24124
 23929
 23284
 23488
 23417
 22829
 23339
 23239
 22819
 22670
 22285
 22329
 22047
 21613
 21669
 21888
 21511
 21414
 21355
 21150
 20651
 20972
 20270
 20387
 20805
 20357
 19712
 19585
 19453
 19498
 19452
 19692
 19455
 18625
 18523
 18857
 18873
 18386
 18130
 18108
 17977
 17525
 17524
 17153
 16894
 17333
 16867
 16614
 16315
 16534
 16501
 16435
 16397
 15989
 16249
 15680
 16014
 15586
 15526
 15404
 15091
 14752
 14960
 14747
 14490
 14192
 14408
 14109
 14221
 14248
 13929
 13743
 13755
 13514
 13419
 13670
 13199
 12977
 12857
 12790
 12448
 12758
 12659
 12852
 12452
 12405
 12377
 12442
 12059
 12003
 11964
 11943
 11842
 11762
 11483
 11535
 11089
 11364
 10658
 11184
 10704
 10703
 10582
 10755
 10482
 10519
 10378
 10787
 10440
 10264
 10114
  9715
 10280
  9642
  9743
  9690
  9364
  9442
  9555
  9296
  8918
  9038
  8899
  8959
  8600
  9044
  8963
  8791
  8212
  8602
  8413
  8107
  8404
  8283
  8085
  8252
  7732
  7749
  7897
  7868
  7794
  8128
  7624
  7459
  7414
  7343
  7256
  7139
  7374
  6988
  7187
  6997
  6760
  6989
  6917
  6922
  6857
  6872
  6596
  6678
  6626
  6424
  6354
  6495
  6634
  6281
  6375
  6092
  6190
  6122
  5938
  5966
  6021
  5662
  5716
  5807
  5616
  5618
  5770
  5444
  5598
  5651
  5398
  5254
  5433
  5196
  5117
  5196
  4945
  5146
  4991
  4936
  4968
  4922
  5045
  4730
  5079
  4801
  4771
  4566
  4701
  4680
  4803
  4611
  4679
  4581
  4415
  4502
  4394
  4352
  4276
  4056
  4276
  4220
  4180
  4327
  4201
  4231
  4098
  4179
  4141
  3903
  4014
  3727
  3927
  4097
  4055
  3791
  3936
  3861
  3724
  3736
  3569
  3808
  3685
  3619
  3535
  3492
  3654
  3471
  3296
  3271
  3379
  3467
  3301
  3156
  3209
  3243
  3097
  3124
  3066
  3028
  3046
  3022
  3002
  3020
  2968
  2989
  2750
  2886
  2804
  2577
  2736
  2739
  2601
  2612
  2534
  2481
  2675
  2687
  2670
  2478
  2445
  2444
  2549
  2475
  2354
  2427
  2306
  2305
  2455
  2447
  2458
  2297
  2297
  2163
  2200
  2089
  2163
  2105
  2191
  2149
  2012
  1999
  2079
  2218
  2057
  1990
  2067
  1865
  1969
  1930
  1770
  1843
  1923
  1792
  1607
  1747
  1704
  1785
  1684
  1692
  1580
  1646
  1687
  1706
  1801
  1553
  1686
  1415
  1521
  1548
  1349
  1535
  1429
  1498
  1442
  1423
  1472
  1336
  1370
  1402
  1338
  1338
  1280
  1290
  1267
  1223
  1257
  1317
  1311
  1210
  1329
  1243
  1238
  1217
  1196
  1175
  1241
  1288
  1181
  1259
  1352
  1097
  1210
  1135
  1145
  1101
  1106
  1135
   987
  1141
  1134
   949
  1005
   995
   959
  1072
   954
   845
  1037
   937
   985
   993
   789
   932
   860
   823
   948
   842
   868
   787
   883
   760
   738
   842
   736
   759
   825
   847
   748
   755
   808
   786
   700
   771
   631
   687
   718
   716
   708
   649
   724
   664
   685
   688
   605
   653
   644
   725
   717
   592
   648
   625
   651
   661
   582
   640
   591
   493
   589
   493
   523
   490
   524
   524
   527
   483
   463
   581
   516
   490
   541
   411
   504
   541
   472
   479
   435
   436
   461
   427
   519
   358
   391
   416
   411
   445
   413
   409
   292
   355
   366
   395
   461
   410
   378
   412
   392
   399
   402
   394
   281
   343
   284
   371
   332
   432
   304
   348
   290
   325
   268
   346
   304
   337
   280
   291
   285
   315
   274
   277
   310
   266
   308
   327
   228
   220
   221
   352
   296
   299
   291
   221
   233
   321
   203
   320
   248
   229
   284
   227
   224
   255
   239
   188
   228
   227
   214
   219
   209
   218
   210
   222
   232
   192
   195
   215
   171
   199
   212
   200
   179
   208
   204
   160
   189
   211
   211
   157
   156
   152
   239
   161
   141
   207
   159
   160
   168
   142
   168
   174
   146
   182
   122
   180
   162
   122
   145
   131
   122
   123
   129
   134
   163
   138
   111
   129
   128
   113
   122
   102
   145
   126
   113
   100
   110
   111
   152
   147
    91
   126
   141
   141
    92
   114
   123
   134
   119
   118
   111
    89
    96
   116
   116
   127
   105
   117
   104
   102
   114
    93
    86
    85
    74
    65
    91
    98
    68
   109
    81
    63
    80
    82
    81
    80
   107
    76
    66
   104
    64
    71
    93
    90
    79
    79
    60
    66
    64
    70
    49
    47
    53
    49
    94
    71
    60
    38
    33
    52
    53
    30
    63
    60
    45
    19
    68
    29
    31
    32
    42
    29
    24
    37
    43
    32
    41
    28
    31
    47
    47
    38
    54
    39
    40
    33
    29
    44
    37
    35
    27
    38
    25
    24
    49
    50
    28
    25
    33
    26
    20
    40
    17
    22
    50
    33
    46
    20
    22
    38
    20
    33
    27
    34
    25
    24
    34
    20
    17
    28
    21
    34
    23
    26
    22
    32
    45
    36
    20
    20
    35
    41
    44
    29
    30
    30
    13
    36
    30
    23
    12
    13
    25
    17
    10
     3
    30
    17
    28
    15
    15
    23
    27
    18
    33
    14
    20
    14
    22
    23
     7
    13
    13
    16
    16
     8
     6
    25
     7
     5
    12
    18
     9
     8
     3
     9
     8
     8
     8
    11
    10
     4
    13
     5
     4
    19
     9
     3
    18
     8
    11
    15
     6
    13
    12
     9
    10
     4
     8
    14
     6
     7
     7
    10
     3
     7
    14
     8
    15
    10
     8
     9
     3
     8
     8
     2
    10
     6
     4
     1
     7
     7
     3
    10
     5
     2
     7
     3
     5
    13
    17
     8
    15
     4
    10
     6
     7
    12
    15
    10
     4
    10
    12
    18
     4
     8
    11
     4
     7
     4
     5
     6
     6
     3
     8
    13
     4
     5
    10
     7
     6
    10
     4
    12
    19
    16
    12
    20
     9
    20
    16
     7
    20
     8
     8
    30
     7
    13
    14
    19
     8
     9
    12
     9
    10
    10
    10
    18
     2
     4
     4
    14
    10
    10
     8
     7
     8
    16
    14
    10
     4
    11
    24
     5
     6
    12
    21
     8
     9
    11
     5
     6
     3
    14
    14
     9
     4
    11
    10
     9
    11
     7
     8
     3
    12
    10
     0
     4
    14
    10
     0
     9
     8
    18
     3
    15
    13
    10
     4
     5
     4
     4
     6
     7
     4
     9
    10
     1
     3
     1
     8
     3
     0
     7
     4
     2
     1
     1
     2
     3
     3
     5
     2
     2
     3
     0
     0
     8
     5
    10
     5
     3
     8
     0
     2
     3
     0
     2
     4
     4
     3
     3
     1
     0
     0
     0
    12
     0
     1
     0
     0
     0
     0
     0
     0
     3
     0
     0
     1
     0
     0
     1
     1
     0
     2
     2
     0
     1
     0
     0
     0
     2
     0
     5
     0
     0
     0
     1
     0
     0
     0
     0
     0
     0
     0
     0
     0
     0
     1
     0
     0
     0
     0
     0
     2
     0
     0
     0
     0
     0
     0
     0
     0
     0
     0
     0
     0
     0
     0
     0
     0
     0
     0
     0
     0
     0
     0
     0
     0
     0
     0
     0
     0
     0
     1
     0
     0
     0
     0
     0
     0
     0
     0
     0
     0
     0
     0
     0
     0
     0
     0
     0
     0
     0
     0
     0
     0
     0
     0
     0
     0
     0
     0
     0
     0
     0
     0
     0
     0
     0
     0
     0
     0
     0
     0
     0
     0
     0
     0
     0
     0
     0
     0
     0
     0
     0
     0
     0
     0
     0
     0
     0
     0
     0
     0
     0
     0
     0
     0
     0
     0
     0
     0
     0
     0
     0
     0
     0
     0
     0
     0
     0
     0
     0
     0
     0
     0
     0
     0
     0
     0
     0
     0
     0
     0
     0
     0
     0
     0
     0
     0
     0
     0
     0
     0
     0
     0
     0
     0
     0
     0
     0
     0
     0
     0
     0
     0
     0
     0
     0
     0
     0
     0
     0
     0
     0
     0
     0
     0
     0
     0
     0
     0
     0
     0
     0
     0
     0
     0
     0
     0
     0
     0
     0
     0
     0
     0
     0
     0
     0
     0
     0
     0
     0
     0
     0
     0
     0
     0
     0
     0
     0
     0
     0
     0
     0
     0
     0
     0
     0
     0
     0
     0
     0
     0
     0
     0
     0
     0
     0
     0
     0
     0
     0
     0
     0
     0
     0
     0
     0
     0
     0
     0
     0
     0
     0
     0
     0
     0
     0
     0
     0
     0
     0
     0
     0
     0
     0
     0
     0
     0
     0
     0
     0
     0
     0
     0
     0
     0
     0
     0
     0
     0
     0
     0
     0
     0
     0
     0
     0
     0
     0
     0
     0
     0
     0
     0
     0
     0
     0
     0
     0
     0
     0
     0
     0
     0
     0
     0
     0
     0
     0
     0
     0
     0
     0
     0
     0
     0
     0
     0
     0
     0
     0
     0
     0
     0
     0
     0
     0
     0
     0
     0
     0
     0
     0
     0
     0
     0
     0
     0
     0
     0
     0
     0
     0
     0
     0
     0
     0
     0
     0
     0
     0
     0
     0
     0
     0
     0
     0
     0
     0
     0
     0
     0
     0
     0
     0
     0
     0
     0
     0
     0
     0
     0
     0
     0
     0
     0
     0
     0
     0
     0
     0
     0
     0
     0
     0
     0
     0
     0
     0
     0
     0
     0
     0
     0
     0
     0
     0
     0
     0
     0
     0
     0
     0
     0
     0
     0
     0
     0
     0
     0
     0
     0
     0
     0
     0
     0
     0
     0
     0
     0
     0
     0
     0
     0
     0
     0
     0
     0
     0
     0
     0
     0
     0
     0
     0
     0
     0
     0
     0
     0
     0
     0
     0
     0
     0
     0
     0
     0
     0
     0
     0
     0
     0
     0
     0
     0
     0
     0
     0
     0
     0
     0
     0
     0
     0
     0
     0
     0
     0
     0
     0
     0
     0
     0
     0
     0
     0
     0
     0
     0
     0
     0
     0
     0
     0
     0
     0
     0
     0
     0
     0
     0
     0
     0
     0
     0
     0
     0
     0
     0
     0
     0
     0
     0
     0
     0
     0
     0
     0
     0
     0
     0
     0
     0
     0
     0
     0
     0
     0
     0
     0
     0
     0
     0
     0
     0
     0
     0
     0
     0
     0
     0
     0
     0
     0
     0
     0
     0
     0
     0
     0
     0
     0
     0
     0
     0
     0
     0
     0
     0
     0
     0
     0
     0
     0
     0
     0
     0
     0
     0
     0
     0
     0
     0
     0
     0
     0
     0
     0
     0
     0
     0
     0
     0
     0
     0
     0
     0
     0
     0
     0
     0
     0
     0
     0
     0
     0
     0
