3.05514
3.05508
3.06291
3.07536
3.08521
3.10012
3.1107
3.11141
3.11934
3.12384
3.12594
3.12685
3.12951
3.12544
3.12462
3.11908
3.1118
3.10885
3.10076
3.09829
3.08654
3.08009
3.07549
3.07145
3.06531
3.05778
3.05212
3.04687
3.04514
3.0392
3.03545
3.03243
3.02847
3.02736
3.02611
3.02275
3.02429
3.02108
3.01955
3.01984
3.01907
3.01925
3.01794
3.01739
3.01764
3.01571
3.01504
3.01574
3.01469
3.0149
3.01343
3.012
3.01269
3.01096
3.01005
3.00967
3.00985
3.00837
3.00916
3.00721
3.00747
3.00586
3.00604
3.0048
3.00452
3.00404
3.00399
3.0033
3.00256
3.00224
3.00229
3.00104
3.00188
3.00132
3.00079
3.00028
3.00031
3.00028
2.99995
2.99993
3.00009
2.99982
2.99958
2.99958
2.99976
2.99999
2.99953
2.99945
2.99967
2.99953
2.99967
2.99978
2.99952
2.99937
2.99945
2.99967
2.99948
2.99963
2.99962
2.99953
2.99971
2.99932
2.99936
2.99947
2.99948
2.99953
2.99926
2.99942
2.99954
2.99928
2.99943
2.99924
2.99956
2.99935
2.99928
2.9994
2.99941
2.99936
2.99932
2.99954
2.99948
2.9992
2.99965
2.99944
2.99943
2.99925
2.99925
2.99956
2.99936
2.99941
2.99956
2.99941
2.9993
2.99949
2.99955
2.99953
2.99964
2.99951
2.99939
2.99955
2.99945
2.99951
2.99949
2.99924
2.99942
2.99947
2.99961
2.99942
2.99954
2.99979
2.99963
2.9996
2.99949
2.99953
2.9994
2.9996
2.99963
2.99946
2.99962
2.99949
2.99944
2.99953
2.99957
2.99941
2.99931
2.99947
2.99946
2.9995
2.99949
2.99932
2.99971
2.99928
2.99956
2.99953
2.99922
2.99946
2.99933
2.99964
2.99949
2.99948
2.99955
2.99943
2.99944
2.99941
2.99944
2.99963
