3.04882
3.05414
3.0467
3.03517
3.03672
3.02392
3.02172
3.01626
3.01137
3.00656
3.00319
3.00101
3.00104
3.00016
2.99965
2.99943
3.00013
2.99957
2.99939
2.99981
2.99925
2.99914
2.99886
2.99968
2.99923
2.99897
2.99879
2.99909
2.99979
2.99942
2.99889
3.00003
3.00022
2.99981
2.99967
2.99977
2.99876
2.99915
2.99946
2.99951
2.99926
2.99864
2.99991
2.99997
2.99993
2.99907
2.99875
2.99904
2.99936
3.0001
2.99932
2.99934
2.99902
2.99927
2.99967
2.99969
2.99939
2.99869
2.99916
2.9998
2.99954
2.9996
3.00004
2.99981
2.99957
2.99935
2.9991
2.99943
2.99891
2.99885
2.99952
2.99903
2.99941
2.9998
2.9997
2.99962
2.99966
2.99997
3.00051
2.99968
2.99962
2.99933
2.99913
2.99889
2.99927
2.99956
2.99927
2.999
2.99951
2.9995
2.99957
2.99954
2.99954
2.99946
2.99936
2.99936
2.99932
2.99929
2.99946
