3.04619
3.04201
3.03872
3.03322
3.0279
3.0219
3.01641
3.01335
3.0079
3.00517
3.00061
3.00012
2.99909
2.99904
2.99883
2.99859
2.99881
2.99877
2.9988
2.99896
2.9991
2.99889
2.99884
2.99942
2.99883
2.99882
2.99909
2.99873
2.99864
2.99921
2.99894
2.99917
2.99899
2.99906
2.99886
2.99912
2.99885
2.99893
2.99867
2.99909
2.99892
2.99929
2.99892
2.99935
2.99874
2.99873
2.99898
2.99873
2.99901
2.9986
2.99897
2.99875
2.99888
2.99866
2.99895
2.99913
2.99927
2.99879
2.99874
2.99909
2.9988
2.99893
2.99877
2.99863
2.99893
2.99925
2.99895
2.99894
2.99876
2.99887
2.99905
2.99876
2.99868
2.99923
2.99915
2.99896
2.99883
2.99875
2.99929
2.99914
2.99891
2.99914
2.99931
2.99904
2.99876
2.99921
2.99904
2.99882
2.99871
2.99898
2.99891
2.9992
2.99928
2.99852
2.99912
2.99862
2.9992
2.99903
2.9993
2.99895
2.99894
2.99896
2.99897
2.99894
2.99888
2.9989
2.99938
2.99896
2.9991
2.99892
2.99885
2.99888
2.99899
2.99873
2.99875
2.99912
2.99881
2.9987
2.99908
2.99903
2.99892
2.99854
2.99869
2.99897
2.99893
2.99908
2.99914
2.99876
2.99848
2.99924
2.99877
2.99917
2.99901
2.99896
2.99877
2.99862
2.99887
2.99878
2.99893
2.99919
2.99891
2.99922
2.99872
2.99895
2.99887
2.9986
2.99921
2.9991
2.99897
2.99881
2.9991
2.99887
2.99927
2.99963
2.99919
2.99915
2.99912
2.99873
2.99911
2.99907
2.99868
2.99902
2.99874
2.99911
2.9988
2.99886
2.999
2.99909
2.99906
2.99861
2.9989
2.99896
2.99882
2.999
2.99912
2.99892
2.99912
2.99911
2.99879
2.99873
2.99918
2.99901
2.99895
2.999
2.99904
2.99901
2.99867
2.99867
2.99898
2.99865
2.99871
2.99877
2.99907
2.99899
2.99916
2.99877
2.99875
2.99889
2.99896
2.99858
2.99938
2.99923
2.99927
2.99885
2.99899
2.99895
2.99925
2.99898
2.99911
2.99912
2.99898
2.99902
2.99902
2.99883
2.99902
2.99889
2.99897
2.99883
2.99893
2.99876
2.99894
2.99909
2.99916
2.99875
2.99925
2.99899
2.99887
2.9991
2.99914
2.99908
2.99908
2.999
2.99914
2.99907
2.99871
2.99929
2.99891
2.99877
2.99863
2.99873
2.99894
2.99919
2.99906
2.99915
2.9988
2.99908
2.9991
2.99877
2.99891
2.99919
2.99852
2.99866
2.99894
2.99894
2.99903
2.99897
2.99888
2.99919
2.99871
2.99901
2.99877
2.99904
2.99907
2.99896
2.99925
2.99896
2.99887
2.99879
2.99886
2.99893
2.99886
2.99904
2.99882
2.99932
2.99885
2.9987
2.99906
2.99884
2.99896
2.9991
2.99914
2.99889
2.99868
2.9991
2.99872
2.99924
2.9989
2.99898
2.99886
2.99862
2.99892
2.99884
2.99898
2.99896
2.99886
2.9988
2.99895
2.99905
2.99894
2.99888
2.99884
2.99893
2.99864
2.99915
2.99899
2.99896
2.99878
2.9989
2.99919
2.99906
2.99874
2.99889
2.99899
2.99912
2.99873
2.99908
2.9991
2.99905
2.99899
2.99912
2.99891
2.99887
2.99903
2.99927
2.99878
2.99909
2.99915
2.99871
2.99915
2.99892
2.99918
2.99894
2.99857
2.99873
2.99889
2.99899
2.999
2.9989
2.99894
2.99894
2.99909
2.99912
2.99911
2.99885
2.99891
2.99922
2.99923
2.9991
2.99916
2.99894
2.99879
2.99883
2.9991
2.99898
2.9988
2.99895
2.99892
2.99896
2.99883
2.9989
2.9992
2.99877
2.9986
2.99911
2.99889
2.99902
2.99866
2.99931
2.9991
2.99899
2.99916
2.99898
2.99916
2.99898
2.99884
2.9992
2.99916
2.99858
2.99894
2.99892
2.999
2.99911
2.99893
2.99876
2.99881
2.9991
2.99926
2.99919
2.9989
2.99916
2.99895
2.99896
2.99897
2.99887
2.99909
2.99904
2.99919
2.99894
2.99913
2.99877
2.99904
2.99919
2.99912
2.99904
2.99896
2.99895
2.99903
2.99871
2.99884
2.99899
2.99901
2.99897
2.99872
2.99924
2.99877
2.9989
2.99873
2.99899
2.99859
2.99888
2.99884
2.99896
2.99866
2.99869
2.99904
2.99885
2.9988
2.99891
2.99901
2.99898
2.99887
2.9988
2.9989
2.9987
2.99914
2.99912
2.99878
2.99898
2.99878
2.9991
2.99905
2.99886
2.99887
2.99873
2.99911
2.99889
2.9989
2.99919
2.99893
2.9991
2.99908
2.99873
2.99896
2.99945
2.99889
2.99888
2.99931
2.99891
2.99893
2.9989
2.99892
2.99907
2.99896
2.99861
2.99917
2.9988
2.99897
2.99903
2.99874
2.99902
2.99876
2.99851
2.99909
2.99885
2.99863
2.99883
2.9992
2.99877
2.9989
2.99895
2.99913
2.99891
2.99878
2.99908
2.99896
2.99897
2.99903
2.99922
2.99904
2.99916
2.99907
2.99878
2.9991
2.99901
2.99872
2.99904
2.99872
2.99907
2.99905
2.99883
2.99911
2.99885
2.99884
2.99873
2.99885
2.99875
2.99887
2.99915
2.99909
2.99875
2.99916
2.99913
2.99907
2.99892
2.99899
2.99904
2.99887
2.99909
2.99907
2.99901
2.9989
2.99903
2.99889
2.99854
2.99903
2.99869
2.99894
2.99914
2.99922
2.99894
2.99867
2.99899
2.99912
2.99924
2.99911
2.99903
2.9991
2.99929
2.99893
2.99895
2.99887
2.99899
2.99885
2.99891
2.99906
2.99912
2.99863
2.99877
2.99918
2.99897
2.999
2.99848
2.99894
2.99912
2.99886
2.99916
2.99909
2.99894
2.99894
2.99904
2.99936
2.99905
2.9989
2.99902
2.99888
2.99919
2.99877
2.99916
2.99871
2.99927
2.99898
2.9987
2.99887
2.99925
2.99873
2.99838
2.99883
2.99912
2.9989
2.99897
2.99862
2.99921
2.99915
2.99888
2.99904
2.9991
2.99908
2.99918
2.99849
2.99889
2.9992
2.99901
2.99895
2.99901
2.99905
2.9989
2.99867
2.99898
2.99879
2.9989
2.99889
2.99864
2.99884
2.99888
2.99883
2.99903
2.99905
2.99898
2.99876
2.99898
2.99877
2.99902
2.99886
2.9991
2.99903
2.99902
2.99886
2.99907
2.99892
2.99914
2.99933
2.9989
2.99859
2.99895
2.99904
2.99896
2.99882
2.99871
2.99894
2.9991
2.99882
2.99867
2.99903
2.99915
2.99914
2.99924
2.99897
2.99903
2.99885
2.99929
2.99908
2.9988
2.9992
2.99907
2.99875
2.99875
2.99871
2.99911
2.99915
2.99892
2.99907
2.99873
2.99882
2.99879
2.99894
2.99911
2.99901
2.99902
2.99909
2.99901
2.99881
2.99857
2.99862
2.99917
2.99836
2.99891
2.99888
2.99868
2.99918
2.9989
2.99917
2.99922
2.99884
2.999
2.99889
2.99887
2.99921
2.99905
2.99898
2.99892
2.99897
2.99893
2.99899
2.99871
2.99928
2.99885
2.99901
2.99912
2.99886
2.99917
2.9988
2.99887
2.99904
2.99893
2.99885
2.99859
2.99916
2.99901
2.99897
2.99883
2.99912
2.99914
2.99852
2.9989
2.99875
2.99893
2.99908
2.99917
2.99904
2.99891
2.99893
2.99895
2.99888
2.99912
2.99876
2.99921
2.99917
2.99923
2.99934
2.99901
2.99894
2.99904
2.99911
2.99897
2.99871
2.99883
2.99926
2.99896
2.99887
2.99923
2.999
2.999
2.99892
2.99916
2.99899
2.9988
2.99916
2.99924
2.99896
2.99882
2.999
2.99873
2.99896
2.99892
2.99881
2.999
2.99891
2.99896
2.99913
2.99898
2.99906
2.99906
2.99863
2.99923
2.99904
2.99921
2.99854
2.99903
2.99902
2.99898
2.99901
2.99877
2.99905
2.99898
2.9989
2.99926
2.99889
2.9986
2.99916
2.99894
2.99899
2.99904
2.99889
2.9993
2.99885
2.99929
2.99912
2.99916
2.99928
2.99879
2.99937
2.99932
2.99923
2.99931
2.99887
2.99887
2.9989
2.9989
2.99922
2.99901
2.99884
2.99856
2.9988
2.99894
2.99883
2.99905
2.999
2.99903
2.99888
2.99917
2.99922
2.99899
2.99901
2.99904
2.99908
2.99853
2.99908
2.99877
2.99899
2.99905
2.99894
2.99906
2.99898
2.99909
2.99852
2.99905
2.99861
2.99899
2.99904
2.99903
2.99891
2.99885
2.99881
2.99873
2.99865
2.99879
2.99893
2.99905
2.99903
2.99894
2.99901
2.99875
2.99887
2.99874
2.9992
2.999
2.99924
2.99897
2.99912
2.99878
2.9987
2.99932
2.99906
2.99868
2.99888
2.99918
2.99896
2.99896
2.99905
2.99922
2.99908
2.9993
2.99889
2.99906
2.9989
2.99905
2.99877
2.9989
2.99895
2.99892
2.99885
2.99888
2.99887
2.99912
2.99868
2.99928
2.99884
2.99896
2.99899
2.99868
2.99878
2.99933
2.99888
2.99899
2.99923
2.9989
2.99908
2.9987
2.9987
2.9987
2.99886
2.99932
2.99884
2.99914
2.99913
2.99873
2.99892
2.99883
2.99892
2.99931
2.9989
2.99889
2.99897
2.99847
2.99894
2.99915
2.99889
2.99886
2.99888
2.99906
2.99892
2.99879
2.99873
2.99904
2.99889
2.9988
2.99896
2.99872
2.99935
2.99897
2.99891
2.99894
2.99894
2.99903
2.99865
2.99895
2.99881
2.99925
2.99871
2.99911
2.99903
2.99871
2.99893
2.99879
2.99878
2.99856
2.9988
2.99892
2.99899
2.99923
2.99878
2.99887
2.99888
2.99916
2.999
2.99887
2.99916
2.99902
2.9991
2.99918
2.99939
2.99913
2.99888
2.99879
2.99898
2.99872
2.99862
2.99907
2.99919
2.99898
2.9989
2.99906
2.99895
2.99908
2.99888
2.99866
2.99866
2.99913
2.99897
2.9991
2.99906
2.99896
2.99876
2.99906
2.99911
2.99878
2.99913
2.99898
2.9987
2.99896
2.99871
2.99889
2.99894
2.99898
2.99887
2.9989
2.99871
2.99894
2.99878
2.99925
2.99911
2.99892
2.99886
2.99884
2.99901
2.99907
2.99885
2.99905
2.99926
2.99874
2.99906
2.99905
2.99904
2.9987
2.9987
2.99915
2.99904
2.99887
2.99905
2.99913
2.99871
2.99867
2.99881
2.99877
2.99913
2.999
2.99898
2.99892
2.99916
2.99876
2.9989
2.999
2.99911
2.99893
2.99918
2.99883
2.99915
2.99888
2.99935
2.99895
2.99893
2.99924
2.99873
2.99882
2.99893
2.9988
2.99876
2.99871
2.99881
2.99893
2.99913
2.99901
2.99911
2.99917
2.9991
2.99901
2.99871
2.99917
2.99888
2.99899
2.99916
2.99856
2.99895
2.99922
2.99913
2.99882
2.99894
2.99913
2.99902
2.99886
2.99889
2.99913
2.99894
2.99891
2.99906
2.99895
2.99927
2.99878
2.99894
2.99853
2.99905
2.99911
2.99918
2.99889
2.99904
2.99892
2.99896
2.99859
2.9989
2.99918
2.99894
2.99875
2.99913
2.99878
2.99876
2.99903
2.99884
2.99911
2.99894
2.99907
2.99912
2.99872
2.99888
2.99915
2.99913
2.99854
2.99888
2.99897
2.99884
2.99904
2.99891
2.99862
2.99924
2.99891
2.99928
2.99872
2.99859
2.99918
2.99893
2.99892
2.99934
2.99884
2.99868
2.9988
2.99858
2.99902
2.99878
2.9989
2.99885
2.99906
2.99885
2.99888
2.9991
2.99913
2.99912
2.99879
2.99898
2.99956
2.99886
2.99898
2.99869
2.99919
2.9988
2.99933
2.99878
2.9989
2.99887
2.99867
2.99898
2.99884
2.99898
2.99867
2.99898
2.99882
2.99909
2.99872
2.99893
2.99935
2.99881
2.99912
2.99882
2.99913
2.9991
2.99908
2.99888
2.99919
2.99882
2.99918
2.99906
2.99896
2.99928
2.99896
2.99883
2.99897
2.99912
2.99878
2.99918
2.99915
2.99866
2.99894
2.99922
2.99875
2.99857
2.99906
2.9989
2.99906
2.99895
2.9987
2.99906
2.99905
2.99898
2.99904
2.9991
2.99892
2.999
2.99896
2.99911
2.99888
2.99914
2.9986
2.99898
2.99904
2.99923
2.99878
2.99893
2.99872
2.99918
2.999
2.99872
2.99866
2.99892
2.99878
2.99888
2.99868
2.99875
2.99899
2.99868
2.99886
2.99883
2.99953
2.99882
2.99904
2.99853
2.99912
2.99912
2.99896
2.99904
2.99888
2.9989
2.99899
2.99869
2.99888
2.99887
2.99925
2.99886
2.99911
2.99894
2.999
2.99893
2.99907
2.99892
2.99905
2.99882
2.99939
2.999
2.99875
2.99884
2.99903
2.99898
2.99924
2.9989
2.9987
2.99897
2.99888
2.99906
2.99883
2.9991
2.99898
2.99924
2.99891
2.9991
2.99891
2.99926
2.99865
2.99917
2.99913
2.99925
2.99891
2.99917
2.99916
2.99869
2.99927
2.99889
2.99919
2.99894
2.9989
2.99946
2.99892
2.99898
2.99865
2.99893
2.99928
2.99916
2.99899
2.99925
2.99925
2.99869
2.99914
2.99887
2.99922
2.99908
2.99898
2.99905
2.99901
2.99937
2.99938
2.9991
2.9989
2.99883
2.99897
2.99945
2.99903
2.99893
2.99918
2.99891
2.9989
2.99912
2.999
2.99889
2.99915
2.99908
2.99903
2.99908
2.9988
2.99906
2.99903
2.99914
2.999
2.99897
2.99886
2.9992
2.99909
2.99917
2.99874
2.99909
2.9988
2.99924
2.99892
2.99901
2.99907
2.99916
2.99896
2.99883
2.9986
2.99887
2.99919
2.99918
2.99933
2.99898
2.99904
2.99928
2.9989
2.99908
2.99892
2.99922
2.99888
2.99915
2.99918
2.99915
2.99896
2.99946
2.99883
2.99895
2.99908
2.9991
2.99889
2.99875
2.99873
2.99895
2.99919
2.99902
2.99876
2.99877
2.99881
2.99889
2.99885
2.99894
2.99885
2.99873
2.99892
2.999
2.99892
2.99887
2.99911
2.99863
2.99908
2.99864
2.99886
2.99899
2.99878
2.99889
2.99878
2.99901
2.99887
2.99879
2.99891
2.9987
2.99892
2.99908
2.9989
2.99931
2.99899
2.99903
2.99913
2.99859
2.99886
2.9992
2.99877
2.99885
2.9989
2.99907
2.99913
2.99883
2.99909
2.99895
2.99899
2.99917
2.99894
2.9987
2.99879
2.99872
2.99902
2.99907
2.99886
2.99885
2.99908
2.99874
2.99886
2.99885
2.99914
2.99906
2.99886
2.99894
2.99917
2.9989
2.99891
2.99884
2.999
2.99928
2.99913
2.99906
2.99857
2.9991
2.99909
2.99898
2.99855
2.99862
2.9991
2.99868
2.99894
2.99927
2.99901
2.99931
2.99906
2.99905
2.99866
2.99868
2.99869
2.9993
2.99886
2.99895
2.99892
2.99919
2.99883
2.99903
2.99888
2.99898
2.99882
2.99901
2.99928
2.99886
2.99929
2.9989
2.99903
2.99871
2.99898
2.99887
2.99876
2.99895
2.99904
2.99883
2.99905
2.99877
2.99914
2.99916
2.99919
2.99917
2.99893
2.99885
2.99883
2.99916
2.99907
2.9991
2.99881
2.99898
2.99893
2.99865
2.99876
2.99918
2.99916
2.99933
2.99888
2.9988
2.99919
2.99914
2.9989
2.99865
2.99883
2.99871
2.99862
2.99895
2.99893
2.99886
2.99911
2.99924
2.99873
2.99885
2.99863
2.99913
2.99903
2.99891
2.99898
2.99892
2.99889
2.99912
2.99934
2.9992
2.99921
2.99903
2.99927
2.99867
2.99884
2.9991
2.99883
2.99893
2.99926
2.999
2.99911
2.99897
2.99889
2.99873
2.99893
2.99869
2.99903
2.99868
2.9993
2.99882
2.99918
2.99876
2.99856
2.9988
2.99889
2.99886
2.9991
2.99908
2.99884
2.99891
2.99874
2.99869
2.99893
2.99865
2.99921
2.99886
2.999
2.99927
2.99896
2.99888
2.99906
2.99943
2.99935
2.99948
2.99876
2.99924
2.99869
2.99897
2.99902
2.99885
2.99917
2.99924
2.99868
2.99883
2.99838
2.99896
2.9989
2.99912
2.99902
2.99866
2.99882
2.99898
2.99901
2.99862
2.99915
2.9989
2.99895
2.99893
2.9988
2.99889
2.99896
2.99875
2.99907
2.99908
2.99866
2.99904
2.99891
2.99872
2.99886
2.99901
2.99898
2.99869
2.99915
2.99925
2.999
2.99892
2.99911
2.99889
2.99923
2.99905
2.99893
2.99922
2.99872
2.9987
2.99861
2.99926
2.99863
2.99899
2.9989
2.9991
2.99901
2.99917
2.99884
2.99879
2.99917
2.99899
2.99886
2.99895
2.99899
2.99905
2.99887
2.99912
2.99874
2.99861
2.99884
2.99867
2.99911
2.99898
2.99904
2.99857
2.99908
2.99897
2.99883
2.99938
2.99886
2.9992
2.99911
2.99903
2.9991
2.99881
2.99911
2.99901
2.99855
2.99868
2.99895
2.99903
2.99914
2.99874
2.99905
2.99911
2.9988
2.99891
2.9989
2.99889
2.99871
2.99935
2.99886
2.99892
2.99893
2.99897
2.9993
2.99864
2.99909
2.99893
2.99894
2.99922
2.99892
2.9989
2.99895
2.99917
2.99892
2.99894
2.9988
2.99886
2.99899
2.9991
2.99907
2.99913
2.99917
2.99875
2.99867
2.99907
2.9991
2.99907
2.99884
2.99906
2.999
2.99901
2.99929
2.99894
2.99903
2.99868
2.99915
2.99909
2.99878
2.99899
2.99885
2.99904
2.99888
2.99931
2.99884
2.99889
2.99919
2.99878
2.99903
2.99924
2.99892
2.9991
2.9989
2.9989
2.99918
2.99896
2.99935
2.99921
2.99884
2.99883
2.99869
2.99899
2.9988
2.99894
2.99877
2.99897
2.99894
2.99889
2.99893
2.99898
2.99893
2.99899
2.99903
2.9991
2.99864
2.9991
2.99886
2.99887
2.99896
2.99905
2.99899
2.99869
2.99896
2.99914
2.99893
2.99924
2.99923
2.99904
2.999
2.99889
2.99905
2.99901
2.99894
2.99872
2.99925
2.99881
2.99911
2.99922
2.99873
2.99923
2.99891
2.99905
2.99901
2.9992
2.9985
2.99906
2.99922
2.99915
2.999
2.99899
2.99873
2.99895
2.99912
2.99897
2.99877
2.99897
2.99851
2.99865
2.99912
2.99905
2.99901
2.99887
2.99891
2.99889
2.99897
2.99901
2.99884
2.99901
2.99898
2.999
2.9986
2.99904
2.99898
2.99907
2.99902
2.99861
2.99911
2.99887
2.99913
2.99893
2.99882
2.99903
2.99899
2.99881
2.99882
2.99918
2.99901
2.99887
2.99894
2.99928
2.99883
2.99876
2.99882
2.9989
2.99881
2.99902
2.99897
2.99898
2.99862
2.99875
2.99878
2.99878
2.99895
2.99885
2.99892
2.99883
2.999
2.99907
2.99894
2.99909
2.99897
2.99904
2.99926
2.99876
2.99879
2.99908
2.99851
2.999
2.99892
2.99901
2.99884
2.99886
2.9988
2.99908
2.99895
2.99875
2.99889
2.99855
2.99889
2.99923
2.99903
2.99893
2.99896
2.99902
2.99884
2.99905
2.9992
2.99924
2.99888
2.99889
2.99882
2.99884
2.99912
2.999
2.99899
2.99922
2.99895
2.99878
2.99924
2.99882
2.99857
2.99892
2.99909
2.99897
2.99911
2.9987
2.99914
2.99885
2.99912
2.99911
2.99884
2.99876
2.99953
2.99929
2.99906
2.99928
2.99876
2.99911
2.99892
2.99892
2.99906
2.99908
2.99895
2.99898
2.99934
2.99889
2.99884
2.9991
2.99866
2.99887
2.99897
2.99909
2.99906
2.99894
2.99909
2.99897
2.99901
2.99899
2.99878
2.99905
2.99905
2.99881
2.99886
2.99906
2.99888
2.99867
2.99886
2.99877
2.99911
2.99905
2.99916
2.99882
2.99899
2.99863
2.99893
2.99906
2.99895
2.99921
2.99921
2.99909
2.99863
2.99882
2.99934
2.99919
2.99867
2.99914
2.99901
2.9988
2.99891
2.99892
2.99881
2.99897
2.99894
2.99884
2.99878
2.9989
2.99903
2.99918
2.99904
2.99931
2.9988
2.99883
2.99918
2.99923
2.99883
2.99945
2.99902
2.99875
2.99884
2.99882
2.99859
2.99895
2.99893
2.99911
2.99909
2.99873
2.99913
2.99895
2.99906
2.9992
2.999
2.999
2.99899
2.99884
2.99891
2.99907
2.99886
2.99891
2.99914
2.99882
2.999
2.9988
2.99883
2.99894
2.99939
2.99905
2.99868
2.999
2.99908
2.99903
2.99872
2.99919
2.99888
2.99896
2.99895
2.99901
2.99901
2.99861
2.9988
2.99876
2.99911
2.99849
2.99918
2.99905
2.99915
2.99875
2.99891
2.99894
2.99892
2.99899
2.99894
2.99899
2.99898
2.99893
2.99894
2.99895
2.99897
