<<<<<<< HEAD
1.10349
1.10356
1.10298
1.08728
1.07612
1.06847
1.06317
1.05942
1.0563
1.05375
1.05101
1.05101
1.05108
1.04877
1.04649
1.04397
1.04172
1.03948
1.03743
1.03523
1.03334
1.03351
1.03342
1.03172
1.03013
1.0288
1.0277
1.02682
1.02602
1.02531
1.02474
1.02476
1.02481
1.02436
1.02403
1.0237
1.0235
1.02324
1.02311
1.02296
1.02284
1.02288
1.02288
1.02269
1.02268
1.02263
1.02259
1.02261
1.02249
1.02245
1.02243
1.02241
1.02244
1.02242
1.0224
1.02234
1.02236
1.02233
1.02239
1.02235
1.02233
1.02233
1.02233
=======
1.10353
1.10328
1.10344
1.08704
1.07589
1.06857
1.06349
1.05933
1.05633
1.05338
1.0512
1.05133
1.05089
1.04853
1.04622
1.04401
1.04189
1.03969
1.03763
1.03536
1.03348
1.03331
1.03344
1.03185
1.03029
1.02879
1.02783
1.02672
1.02599
1.02542
1.02484
1.02469
1.0248
1.02434
1.024
1.02365
1.02351
1.02331
1.02312
1.023
1.02294
1.0229
1.02287
1.02276
1.02268
1.02263
1.02257
1.02253
1.02247
1.02243
1.02245
1.02241
1.02248
1.0224
>>>>>>> c38c8a150a11d5187ab8fba262387f3b6cdbe801
