    0.951974
 6.45901e-16
 5.19881e-16
    0.213332
 3.71195e-17
    0.213332
 1.58538e-16
 2.54247e-17
 1.00197e-16
 1.03843e-16
   0.0318896
-4.35405e-18
   0.0260378
 6.08739e-18
   0.0318896
 2.02597e-17
 1.93688e-17
 1.56247e-17
 6.27603e-18
 6.64549e-18
-1.57387e-17
 -0.00205686
 1.22904e-18
 -0.00159324
 1.13714e-17
 -0.00159324
 1.64641e-17
 -0.00205686
-5.53988e-18
-5.52375e-18
-1.27589e-18
-5.81739e-18
-7.92404e-19
 -1.0047e-17
 1.26966e-19
  1.0719e-18
-4.76434e-05
-1.13891e-18
-3.60151e-05
-3.46007e-18
-3.41669e-05
 3.32686e-18
-3.60151e-05
-3.16792e-18
-4.76434e-05
 1.02021e-18
 1.35367e-18
    6.09e-19
 1.50614e-18
 9.20389e-19
 1.35609e-19
-7.34816e-19
 2.51722e-18
 3.28476e-18
   4.499e-18
  0.00014616
 3.12619e-19
 0.000108941
 1.83455e-19
  0.00010086
-5.78227e-19
  0.00010086
-9.19056e-19
 0.000108941
 4.91605e-19
  0.00014616
-8.50981e-19
 -3.3134e-20
 2.23216e-19
 1.45238e-19
-4.36717e-19
 -7.7931e-19
-3.77498e-19
-1.16765e-18
 8.86752e-19
 1.59023e-18
-1.36237e-18
-1.25456e-18
-6.09338e-05
-3.72391e-19
-4.50026e-05
-2.76552e-19
-4.10816e-05
-4.95613e-20
-4.00915e-05
 6.89607e-20
-4.10816e-05
-3.06054e-20
-4.50026e-05
-9.71609e-20
-6.09338e-05
 6.54523e-19
-6.76203e-19
  2.6138e-20
-1.14642e-18
-1.70205e-19
 2.88848e-19
 6.12883e-20
-8.22572e-20
 1.80398e-19
 1.38286e-18
-8.62898e-19
-8.10025e-19
 8.58328e-19
  5.7559e-19
  1.2247e-05
 5.41285e-19
 8.98681e-06
 4.65316e-19
 8.12888e-06
 1.38789e-19
 7.82202e-06
 1.91186e-19
 7.82202e-06
 3.03432e-19
 8.12888e-06
 1.92803e-19
 8.98681e-06
 5.14228e-20
  1.2247e-05
-1.23054e-17
   -0.549309
    0.777622
-4.44089e-16
-4.02456e-15
 1.66533e-16
   -0.151223
    0.123597
  -0.0873085
    0.214077
 7.42462e-16
-9.04658e-16
 4.67473e-16
-4.64906e-16
-4.44089e-16
  -0.0200148
   0.0126712
  -0.0126585
   0.0179198
 -0.00895091
   0.0283338
 1.93422e-16
-2.10227e-16
-8.82974e-16
 1.78893e-17
 3.74267e-16
-9.87708e-17
-1.16226e-16
  0.00274964
 -0.00147122
  0.00180006
 -0.00197385
  0.00139432
 -0.00254823
  0.00103926
 -0.00389249
-4.09828e-17
-2.06812e-17
-1.92337e-16
-5.78693e-18
 1.29851e-16
-7.10152e-18
-1.64311e-16
-8.14778e-17
 -4.6187e-17
-0.000431469
 0.000203601
-0.000287646
 0.000266577
 -0.00023063
 0.000326489
-0.000188309
 0.000407203
-0.000143823
 0.000610804
 4.01426e-17
-1.60597e-18
-1.33032e-16
-1.41997e-17
-1.25097e-16
-7.61991e-18
 -1.3478e-17
 3.42201e-18
-3.73914e-16
-4.45201e-18
-1.38588e-16
 7.70316e-06
-3.28795e-06
 5.19347e-06
-4.24472e-06
 4.24045e-06
-5.07341e-06
 3.58384e-06
-6.00295e-06
 2.99845e-06
-7.35208e-06
 2.32259e-06
-1.09049e-05
 9.12932e-17
 2.77784e-18
 5.22823e-17
 1.56998e-18
-3.06719e-17
-7.06425e-19
 1.39059e-16
 1.50984e-18
-9.24037e-17
 3.45462e-18
 1.15584e-16
 3.71636e-18
 1.23423e-16
 3.16394e-05
-1.24225e-05
 2.14947e-05
-1.58909e-05
 1.77487e-05
-1.87276e-05
 1.52757e-05
-2.16248e-05
 1.32291e-05
-2.51257e-05
 1.12253e-05
-3.04288e-05
 8.77519e-06
-4.47899e-05
 1.37524e-17
-1.03402e-18
 8.58163e-17
-1.97994e-19
-9.94772e-17
 3.25261e-19
-2.37961e-17
 8.13152e-20
 9.28524e-17
-1.29384e-19
-3.92972e-17
-6.01182e-19
 -1.2836e-16
-3.59682e-18
 4.83148e-17
  9.9107e-16
   -0.777622
   -0.549309
-3.22411e-16
 8.67362e-18
 1.98006e-16
   -0.214077
  -0.0873085
   -0.123597
   -0.151223
-5.40981e-16
  2.5739e-16
-9.81953e-17
-5.26922e-17
-2.80773e-16
  -0.0283338
 -0.00895091
  -0.0179198
  -0.0126585
  -0.0126712
  -0.0200148
-2.96879e-16
 -8.5652e-18
 2.75156e-17
-1.00018e-17
-1.62319e-17
  4.2826e-18
-2.20117e-16
  0.00389249
  0.00103926
  0.00254823
  0.00139432
  0.00197385
  0.00180006
  0.00147122
  0.00274964
-2.52698e-17
 7.76899e-18
 1.17133e-16
 4.40118e-18
-6.68194e-17
 4.26566e-18
 1.22988e-16
-8.29076e-18
 1.40505e-16
-0.000610804
-0.000143823
-0.000407203
-0.000188309
-0.000326489
 -0.00023063
-0.000266577
-0.000287646
-0.000203601
-0.000431469
-3.49417e-17
-3.15012e-18
 7.15251e-18
-2.55296e-18
-1.78267e-17
-9.74935e-19
-5.03672e-17
  -1.484e-18
 -2.1045e-16
-2.20652e-18
-2.42411e-16
 1.09049e-05
 2.32259e-06
 7.35208e-06
 2.99845e-06
 6.00295e-06
 3.58384e-06
 5.07341e-06
 4.24045e-06
 4.24472e-06
 5.19347e-06
 3.28795e-06
 7.70316e-06
 2.50909e-16
 1.98846e-18
  1.3231e-16
 1.65415e-18
-8.32896e-19
-1.25996e-20
 5.07439e-17
 7.02667e-19
-5.02003e-17
 1.33461e-19
-8.06296e-19
 1.49094e-18
 3.81153e-17
 4.47899e-05
 8.77519e-06
 3.04288e-05
 1.12253e-05
 2.51257e-05
 1.32291e-05
 2.16248e-05
 1.52757e-05
 1.87276e-05
 1.77487e-05
 1.58909e-05
 2.14947e-05
 1.24225e-05
 3.16394e-05
-2.40667e-16
-7.87741e-19
-1.68818e-16
-4.34793e-19
-1.57193e-16
-7.93564e-20
 -1.7697e-16
-8.25857e-21
-1.25273e-16
-2.36349e-19
-1.10232e-16
-2.39525e-19
-1.58993e-17
-9.02858e-19
 9.47305e-18
