2.12273
2.11863
2.11729
2.11565
2.10704
2.10063
2.10061
2.09602
2.09659
2.09041
2.09009
2.09107
2.08873
2.08702
2.08717
2.08397
2.08153
2.07949
2.07993
2.07825
2.07729
2.07433
2.07806
2.07664
2.07579
2.07454
2.0729
2.07494
2.07239
2.06994
2.07118
2.07122
2.07133
2.06819
2.06816
2.06796
2.06709
2.06759
2.0667
2.06763
2.06353
2.06519
2.06513
2.06509
2.06738
2.06595
2.06484
2.06302
2.06393
2.06324
2.05994
2.06443
2.06419
2.06026
2.0655
2.06262
2.06239
2.0629
2.06127
2.06027
2.06004
2.06234
2.06011
2.06067
2.05944
2.05909
2.05919
2.05803
2.05943
2.05806
2.05952
2.05882
2.05897
2.05617
2.05628
2.05837
2.0593
2.05597
2.06016
2.05726
2.0593
2.0581
2.05692
2.05787
2.05479
2.05679
2.05624
2.05623
2.0523
2.05698
2.05619
2.05465
2.05742
2.05448
2.05921
2.05642
2.05647
2.05478
2.05407
2.05411
2.05384
2.055
2.05561
2.05303
2.05597
2.05177
2.05693
2.05401
2.05275
2.05517
2.05412
2.05384
2.05451
2.05307
2.05328
2.05293
2.0559
2.05421
2.05337
2.05386
2.05291
2.05532
2.05475
2.05324
2.05443
2.05021
2.0497
2.05306
2.05396
2.0512
2.05102
2.05229
2.04905
2.05151
2.0537
2.05248
2.05171
2.04822
2.05123
2.05208
2.04812
2.05213
2.05023
2.05154
2.05432
2.0528
2.05178
2.05328
2.05232
2.05051
2.05203
2.05168
2.05308
2.0508
2.04965
2.05272
2.04885
2.04948
2.04724
2.05041
2.0514
2.0479
2.05092
2.05152
2.05206
2.04923
2.05133
2.04972
2.04935
2.04984
2.05154
2.05068
2.04905
2.04961
2.05
2.05157
2.05077
2.04939
2.04996
2.04987
2.04913
2.04946
2.0483
2.04954
2.0507
2.04672
2.04896
2.0497
2.04759
2.05077
2.04872
2.04839
2.0514
2.0502
2.04906
2.04945
2.05151
2.04654
2.05012
2.04896
