973.263
966.48
973.704
953.602
748.003
967.108
968.808
981.245
953.221
965.78
986.841
971.9
947.231
974.255
969.572
666.01
960.902
899.471
964.616
1053.76
1137.65
966.281
958.005
968.583
1008.58
693.899
964.723
952.827
967.715
969.102
964.013
964.311
1195.93
966.565
1047.98
970.974
778.257
922.065
967.751
965.346
956.717
919.067
961.792
972.112
1018.58
821.217
965.02
962.197
980.256
966.892
6195.63
978.603
976.543
953.232
963.427
964.949
966.639
977.362
2007.74
967.204
969.796
956.442
959.346
969.7
1091.96
979.429
963.766
964.136
1032.35
962.292
890.907
965.796
969.51
700.326
968.516
971.646
968.897
963.615
968.723
951.873
892.525
961.249
939.091
882.685
957.376
967.558
955.668
949.334
841.323
967.868
1124.23
1004.02
958.519
953.977
1953.36
968.451
972.552
948.041
941.143
891.708
965.44
925.09
978.104
968.702
962.033
965.39
969.678
935.844
960.505
1033.77
929.305
946.524
962.398
962.146
966.37
848.221
973.287
1014.22
936.298
973.576
1943.27
892.856
966.147
965.963
2382.85
968.787
764.68
961.775
960.997
960.231
947.732
-6709.07
965.995
961.062
968.371
968.331
964.511
971.018
985.684
960.521
964.509
972.866
966.848
983.133
971.088
853.69
971.91
959.937
963.082
969.215
967.863
964.589
948.669
965.251
801.958
953.234
957.989
935.879
971.314
795.038
956.507
964.703
971.914
927.957
957.391
948.566
967.751
966.883
967.855
967.173
982.365
916.857
696.79
927.367
1037.53
963.62
964.234
960.535
963.977
962.653
969.174
967.646
925.016
964.874
973.78
1010.83
961.029
962.151
967.959
991.043
970.495
965.856
985.371
1025.73
966.546
970.719
969.501
966.336
968.577
963.386
973.267
969.692
-2814.4
962.412
965.108
962.933
958.279
