-236.713
49.465
91.5754
106.049
113.22
117.598
119.636
120.891
121.677
122.13
122.437
122.873
123.121
123.205
123.22
123.375
123.426
123.739
124.477
124.754
124.999
125.046
125.19
125.339
125.409
125.551
125.789
125.767
125.67
125.784
125.626
125.762
125.852
125.736
125.864
126.045
125.898
126.033
125.955
125.866
126.109
125.986
126.013
126.117
126.301
126.423
126.328
126.121
126.242
126.166
126.102
126.23
126.184
126.251
126.296
126.358
126.113
126.092
126.125
126.14
126.213
126.112
126.201
125.921
126.093
125.992
126.05
126.22
126.35
126.319
126.254
126.08
126.143
126.078
126.208
126.199
126.224
126.396
126.392
126.292
126.233
126.236
126.088
126.338
126.469
126.349
126.193
125.881
125.914
125.986
126.005
125.936
125.98
125.785
125.897
126.059
126.07
125.992
126.029
125.872
125.826
125.883
125.912
125.731
125.838
125.806
125.941
125.924
125.719
125.714
125.75
125.895
125.776
125.741
125.753
125.978
125.984
125.939
125.848
125.888
125.757
125.683
125.746
125.688
125.668
125.819
125.918
125.81
125.697
125.658
125.661
125.754
125.803
125.753
125.515
125.511
125.759
125.706
125.645
125.571
125.474
125.402
125.31
125.475
125.442
125.358
125.281
125.429
125.331
125.441
125.305
125.275
125.229
125.302
125.265
125.292
125.303
125.292
125.389
125.243
125.019
125.017
125.07
125.006
125.088
124.983
125.076
124.991
124.994
125
125.04
125.003
124.948
125.169
125.038
125.049
125.228
125.24
125.188
124.874
124.879
124.977
124.881
125.001
125.133
125.083
124.917
124.772
124.658
124.582
124.421
124.546
124.682
124.798
124.63
124.737
124.833
124.797
124.746
124.756
124.675
124.688
124.662
124.737
124.827
124.906
124.59
124.587
124.629
124.738
124.688
124.35
124.182
124.102
124.146
124.292
124.327
124.371
124.234
124.146
124.368
124.341
124.341
124.148
124.265
124.163
124.086
124.368
124.322
124.33
124.081
124.134
123.952
124.009
124.15
124.239
124.23
124.306
124.108
124.032
124.001
123.98
123.902
123.726
123.923
124.024
123.919
123.961
123.939
123.981
123.95
123.749
123.641
123.803
123.969
123.857
123.667
123.653
123.679
123.704
123.671
123.687
123.705
123.596
123.53
123.434
123.483
123.657
123.649
123.789
123.864
123.853
123.929
123.672
123.629
123.716
123.686
123.592
123.589
123.475
123.304
123.498
123.38
123.123
123.148
123.276
123.525
123.49
123.468
123.317
123.236
123.062
122.973
123.109
123.23
123.289
123.133
122.975
123.137
123.062
123.188
123.282
123.261
123.145
123.274
123.269
123.128
123.219
123.212
123.135
123.082
123.118
123.125
123.014
122.825
122.807
123.053
122.953
122.876
122.9
122.863
123.067
122.99
122.784
122.753
122.875
122.858
122.89
122.826
122.792
122.811
122.673
122.528
122.636
122.75
122.841
122.676
122.432
122.347
122.422
122.359
122.782
122.688
122.611
122.55
122.451
122.308
122.524
122.695
122.648
122.471
122.464
122.539
122.395
122.443
122.48
122.433
122.49
122.599
122.734
122.478
122.263
122.15
122.336
122.272
122.214
122.244
122.039
122.096
122.215
122.244
122.403
122.73
122.921
123.146
123.078
123.021
123.071
123.103
123.119
122.969
123.019
122.985
122.938
122.854
122.841
122.973
123.076
123.028
123.025
122.992
122.931
122.885
122.807
123.001
122.984
123.024
122.914
122.714
122.716
122.607
122.472
122.578
122.591
122.59
122.773
122.883
122.683
122.533
122.466
122.703
122.862
122.83
122.603
122.541
122.308
122.321
122.523
122.613
122.653
122.646
122.735
122.71
122.742
122.604
122.653
122.573
122.42
122.601
122.678
122.619
122.62
122.598
122.785
122.6
122.516
122.428
122.257
122.427
122.36
122.365
122.308
122.28
122.239
122.287
122.384
122.352
122.387
122.455
122.303
122.242
122.208
122.208
122.236
122.351
122.413
122.256
122.178
122.233
122.065
122.022
121.942
121.954
121.947
121.923
121.979
122.047
122.143
122.267
122.182
121.944
121.981
121.968
121.957
121.961
121.988
121.89
121.828
121.788
121.925
121.986
121.883
121.688
121.544
121.527
121.571
121.698
121.56
121.597
121.652
121.798
121.885
121.75
121.801
121.897
121.662
121.521
121.64
121.531
121.555
121.703
121.672
121.547
121.489
121.69
121.757
121.815
121.87
121.762
121.637
121.404
121.532
121.63
121.623
121.552
121.629
121.612
121.548
121.545
121.345
121.252
121.256
121.298
121.348
121.4
121.384
121.344
121.348
121.103
121.123
121.246
121.317
121.347
121.263
121.261
121.127
121.126
121.214
121.094
121.172
121.28
121.275
121.165
121.037
121.298
121.178
121.105
121.099
120.996
121.018
121.021
120.972
120.853
120.756
120.894
121.09
121.046
120.798
120.878
120.994
120.827
121.021
120.972
120.847
120.88
121.03
120.988
120.871
120.927
121.079
121.122
120.932
120.75
120.867
120.815
120.833
120.734
120.74
120.707
120.674
120.631
120.5
120.586
120.76
120.764
120.517
120.489
120.544
120.542
120.571
120.746
120.798
120.732
120.567
120.777
120.823
120.883
120.914
120.759
120.502
120.426
120.38
120.432
120.533
120.658
120.798
120.878
120.692
120.543
120.492
120.44
120.53
120.514
120.531
120.431
120.305
120.405
120.42
120.439
120.407
120.367
120.298
120.31
120.354
120.479
120.276
120.101
120.107
120.01
120.173
120.276
120.279
119.985
120.119
120.039
119.994
119.985
120.116
120.156
120.059
120.01
120.006
120.05
120.057
120.12
120.051
120.087
119.974
119.993
120.062
120.138
119.855
119.802
120.019
119.979
120.109
120.083
120.233
120.179
119.984
120.077
119.999
119.996
120.066
119.776
119.658
119.717
119.76
119.751
119.465
119.672
119.734
119.918
119.943
119.979
119.868
119.697
119.852
119.848
119.783
119.739
119.784
119.967
119.858
119.725
119.634
119.686
119.645
119.536
119.53
119.656
119.669
119.523
119.573
119.569
119.573
119.481
119.401
119.357
119.407
119.499
119.432
119.389
119.309
119.561
119.406
119.286
119.215
119.355
119.487
119.547
119.407
119.426
119.475
119.46
119.408
119.431
119.315
119.245
119.416
119.382
119.335
119.21
119.257
119.153
119.098
118.81
119.051
119.019
118.849
118.883
119.022
119.105
119.006
119.03
119.049
119.074
119.028
119.146
119.103
119.076
118.915
118.975
119.126
119.177
119.202
119.097
119.131
119.26
118.948
119.08
119.199
118.988
118.993
119.009
119.035
118.88
118.696
118.819
119.017
118.95
118.849
118.953
118.797
118.778
118.781
118.79
118.773
118.852
118.855
118.798
118.879
118.816
118.852
118.719
118.586
118.718
118.768
118.798
118.83
118.793
118.63
118.508
118.662
118.718
118.725
118.699
118.637
118.632
118.629
118.762
118.531
118.61
118.791
118.701
118.531
118.395
118.466
118.372
118.43
118.437
118.407
118.379
118.398
118.427
118.555
118.633
118.583
118.673
118.509
118.447
118.345
118.292
118.423
118.402
118.291
118.223
118.283
118.264
118.096
118.24
118.314
118.259
118.298
118.599
118.403
118.573
118.631
118.576
118.466
118.249
118.22
118.073
118.224
118.169
118.025
118.116
118.064
117.976
117.982
117.98
117.994
118.084
118.243
118.34
118.303
118.108
118.152
117.997
117.972
117.914
117.996
118.072
118.082
118.08
117.986
117.924
117.873
117.951
117.905
117.9
117.883
118.22
118.074
117.835
117.875
117.938
117.835
117.949
118.19
118.163
118.227
118.249
118.163
118.099
117.823
117.871
117.955
117.923
117.888
117.918
117.964
117.758
117.964
118.021
117.869
117.786
117.657
117.975
117.938
117.894
117.857
117.707
117.746
117.568
117.594
117.802
117.811
117.884
117.662
117.642
117.575
117.564
117.485
117.463
117.406
117.362
117.494
117.696
117.762
117.618
117.602
117.473
117.447
117.45
117.538
117.567
117.407
117.428
117.297
117.451
117.485
117.55
117.469
117.301
117.205
117.328
117.47
117.53
117.543
117.565
117.468
117.384
117.466
117.382
117.259
117.138
117.357
117.373
117.312
117.312
117.317
117.414
117.44
117.368
117.229
117.338
117.269
117.184
117.237
117.257
117.35
117.219
117.245
117.151
117.114
117.051
117.267
117.096
117.073
117.136
117.11
117.097
117.171
117.186
117.074
117.113
117.341
117.32
117.226
116.986
116.945
117.013
116.871
116.966
116.95
116.977
117.11
117.153
116.923
116.953
116.804
116.944
117.085
117.045
116.992
117.03
117.045
116.85
116.84
116.969
117.012
116.893
116.823
116.831
116.963
116.798
116.847
116.718
116.794
116.656
116.788
116.646
116.567
116.639
116.615
116.657
116.696
116.697
116.471
116.362
116.614
116.63
116.686
116.831
116.851
116.776
116.62
116.599
116.554
116.572
116.636
116.669
116.601
116.537
116.601
116.624
116.594
116.527
116.611
116.621
116.554
116.63
116.585
116.443
116.367
116.406
116.329
116.41
116.376
116.403
116.454
116.442
116.39
116.414
116.451
116.202
116.244
116.295
116.315
116.274
116.259
116.295
116.274
116.175
116.161
116.242
116.238
116.245
116.37
116.335
116.383
116.25
116.293
116.221
116.295
116.362
116.13
116.13
116.186
116.197
116.244
116.169
116.403
116.406
116.451
116.55
116.524
116.453
116.294
116.265
116.341
116.389
116.348
116.252
116.341
116.093
115.889
116.012
115.986
116.043
115.9
116.008
116.031
116.004
116.092
116.165
116.186
116.204
116.186
116.261
116.129
116.023
116.11
116.106
116.06
115.909
115.812
115.898
115.785
115.9
115.88
115.941
116.014
115.742
115.81
115.967
115.97
116.019
116.007
115.989
115.896
115.814
115.878
115.771
115.857
115.895
115.92
115.955
116.09
115.905
115.825
115.695
115.772
115.774
115.75
115.893
115.885
115.856
115.817
115.803
115.72
115.686
115.799
115.713
115.731
115.667
115.844
115.844
115.893
115.928
115.8
115.597
115.785
115.696
115.773
115.803
115.708
115.57
115.468
115.476
115.511
115.45
115.579
115.684
115.664
115.577
115.467
115.464
115.503
115.465
115.475
115.472
115.539
115.63
115.78
115.776
115.65
115.544
115.401
115.259
115.402
115.432
115.49
115.411
115.611
115.509
115.4
115.467
115.44
115.466
115.522
115.484
115.489
115.334
115.312
115.296
115.413
115.423
115.466
115.431
115.456
115.317
115.26
115.331
115.382
115.253
115.121
115.079
115.198
115.351
115.315
115.166
115.195
115.445
115.46
115.559
115.675
115.574
115.46
115.213
115.063
115.182
115.183
115.124
115.046
115.043
115.237
115.171
115.223
115.174
115.095
115.11
115.21
115.231
115.154
115.02
115.112
115.179
115.018
115.069
115.14
115.278
115.166
115.112
114.986
114.944
114.965
115.026
114.968
114.809
114.751
114.82
114.995
115.128
114.969
115.014
114.959
114.979
114.991
114.982
115.033
114.928
114.933
115.069
114.969
114.729
114.708
114.762
114.799
114.732
114.738
114.847
114.737
114.81
114.92
114.841
114.94
114.967
115.096
114.975
114.829
114.861
114.869
114.717
114.848
114.769
114.62
114.65
114.659
114.712
114.689
114.615
114.5
114.592
114.524
114.545
114.687
114.707
114.553
114.486
114.434
114.491
114.583
114.68
114.719
114.657
114.611
114.406
114.486
114.553
114.5
114.552
114.673
114.511
114.449
114.366
114.512
114.5
114.365
114.475
114.533
114.57
114.624
114.615
114.528
114.529
114.55
114.598
114.601
114.573
114.594
114.582
114.667
114.511
114.45
114.533
114.576
114.599
114.63
114.474
114.433
114.541
114.429
114.324
114.421
114.387
114.384
114.428
114.428
114.347
114.418
114.192
114.044
114.074
114.111
114.316
114.369
114.29
114.163
114.112
114.455
114.985
115.109
115.23
115.234
115.2
115.273
115.194
115.261
115.29
115.229
115.174
115.311
115.248
115.252
115.009
115.022
115.08
115.19
115.207
115.287
115.304
115.252
115.208
115.163
115.177
115.06
114.964
114.973
115.049
115.06
115.012
114.909
114.969
114.967
115.034
114.987
114.997
115.039
115.021
115.033
114.991
114.975
114.896
114.919
114.983
115.068
114.914
114.741
114.777
114.9
115.027
114.914
115.018
115.023
114.973
114.911
114.985
114.905
114.877
115.024
114.918
115.102
115.13
115.031
115.038
114.965
115.055
114.98
115.001
114.947
114.89
114.869
114.864
114.951
114.74
114.661
114.632
114.751
114.784
114.799
114.767
114.975
114.932
114.802
114.73
114.725
114.721
114.81
114.906
114.706
114.616
114.68
114.782
114.853
114.776
114.829
114.683
114.656
114.587
114.654
114.642
114.638
114.662
114.708
114.834
114.895
114.856
114.695
114.591
114.759
114.682
114.574
114.471
114.592
114.399
114.38
114.524
114.561
114.553
114.451
114.352
114.502
114.519
114.467
114.471
114.466
114.434
114.307
114.204
114.408
114.6
114.627
114.416
114.294
114.353
114.454
114.436
114.558
114.338
114.291
114.236
114.303
114.33
114.354
114.365
114.455
114.37
114.449
114.318
114.169
114.144
114.178
114.241
114.204
114.303
114.433
114.416
114.306
114.304
114.313
114.34
114.377
114.302
114.341
114.319
114.305
114.283
114.322
114.412
114.367
114.383
114.238
114.033
114.21
114.228
114.321
114.307
114.2
114.333
114.132
113.992
114.103
114.176
114.214
114.034
114.101
114.283
114.203
114.197
114.175
114.305
114.256
113.93
113.835
113.969
114.119
114.018
113.968
114.219
114.172
114.273
114.258
114.3
114.213
114.081
114.086
114.023
114.11
113.986
114.198
114.201
113.939
113.791
113.697
113.743
113.858
113.983
114.015
114.075
113.821
