<<<<<<< HEAD
0.526102
0.525927
0.526136
0.522866
0.519998
0.517532
0.514974
0.511668
0.509597
0.507095
0.504503
0.504616
0.504102
0.502528
0.500723
0.498353
0.496213
0.494638
0.493004
0.490704
0.48906
0.48919
0.489272
0.487507
0.486112
0.484658
0.482832
0.481827
0.480318
0.479222
0.47793
0.477572
0.477719
0.476588
0.475425
0.474094
0.472836
0.471872
0.470683
0.469453
0.468651
0.468736
0.468955
0.467786
0.466774
0.465462
0.464899
0.46395
0.462865
0.461899
0.461319
0.46108
0.461225
0.460165
0.459163
0.458553
0.45761
0.456855
0.456144
0.455219
0.454547
0.454479
0.454577
0.45376
0.453066
0.452491
0.451997
0.451218
0.450695
0.449941
0.449657
0.449462
0.449866
0.449294
0.448856
0.448306
0.448023
0.44757
0.447247
0.446948
0.446777
0.446842
0.446554
0.44644
0.4463
0.446092
0.445865
0.445548
0.445509
0.445275
0.445226
0.44503
0.445232
0.445134
0.44486
0.444713
0.444587
0.444506
0.444364
0.444261
0.444152
0.444155
0.444198
0.444008
0.44397
0.443923
0.44367
0.44375
0.443512
0.443393
0.443445
0.443354
0.443485
0.443417
0.443305
0.443177
0.44319
0.443116
0.443108
0.442987
0.442973
0.443021
0.442956
0.442925
0.442871
0.442783
0.442788
0.4427
0.442723
0.442677
0.442654
0.4426
0.442554
0.442564
0.442543
0.4425
0.442444
0.442512
0.442433
0.442389
0.442353
0.442417
0.442374
0.442283
0.442335
0.44229
0.442274
0.442221
0.442243
0.44221
0.442192
0.442135
0.442147
0.442162
0.442124
0.442157
0.442115
0.442043
0.442088
0.442044
0.441999
0.442048
0.442063
=======
0.52595
0.526111
0.526172
0.522892
0.520383
0.517249
0.514418
0.512345
0.509541
0.50644
0.504778
0.504713
0.50458
0.501994
0.500099
0.498201
0.496349
0.494775
0.492674
0.490652
0.48899
0.489435
0.489445
0.487503
0.486028
0.485022
0.483181
0.481845
0.480301
0.478813
0.477426
0.477925
0.477459
0.476449
0.475207
0.473744
0.472808
0.471937
0.470659
0.469816
0.468648
0.468615
0.468871
0.467648
0.466607
0.465824
0.464505
0.464133
0.462712
0.461796
0.460959
0.46101
0.461117
0.460064
0.459311
0.458476
0.457717
0.456807
0.45611
0.455367
0.45433
0.454462
0.454512
0.453909
0.453073
0.452435
0.45185
0.451199
0.450534
0.450111
0.449552
0.449621
0.44954
0.449092
0.448715
0.448248
0.447759
0.44754
0.447383
0.446998
0.446702
0.446846
0.446535
0.446477
0.446142
0.446104
0.445885
0.445688
0.445561
0.445397
0.445164
0.445191
0.445288
0.444985
0.444905
0.444699
0.44466
0.444545
0.444319
0.444259
0.444056
0.444181
0.444259
0.443985
0.443879
0.443871
0.443745
0.443672
0.443637
0.443477
0.443459
0.443395
0.443494
0.443348
0.443256
0.443282
0.44316
0.443217
0.44301
0.442971
0.442922
0.442943
0.442953
0.442912
0.442806
0.442807
0.442661
0.442642
0.442629
0.442548
0.442583
0.442563
0.442551
0.442571
0.44254
0.442426
0.442539
0.442415
0.442425
0.442352
0.442338
0.442377
0.442305
0.442407
0.442284
0.442329
0.442261
0.442234
0.442219
0.442152
0.442158
0.442168
0.442212
0.442152
0.442117
>>>>>>> c38c8a150a11d5187ab8fba262387f3b6cdbe801
