0.24237
0.24056
0.242656
0.243766
0.242682
0.242694
0.243329
0.242437
0.241346
0.24291
0.242151
0.243323
0.242597
0.241428
0.242064
0.243164
0.243034
0.243318
0.243065
0.241528
0.242965
0.24234
0.24252
0.240939
0.240718
0.243527
0.243345
0.242436
0.241687
0.242974
0.239735
0.241655
0.244043
0.240013
0.242568
0.242122
0.243138
0.24248
0.242562
0.240399
0.242376
0.244683
0.240674
0.243548
0.242283
0.241105
0.243041
0.241933
0.240603
0.24462
0.243783
0.244119
0.244568
0.243411
0.240644
0.243772
0.243517
0.243118
0.24282
0.242132
0.241996
0.240789
0.24191
0.241868
0.241432
0.24376
0.239942
0.241666
0.242963
0.240027
0.23995
0.243498
0.241132
0.241029
0.242982
0.243462
0.242523
0.242499
0.242502
0.24064
0.242227
0.240656
0.241226
0.241543
0.243449
0.242678
0.240363
0.241197
0.243252
0.241425
