-459.046
98.1952
159
29.5439
155.09
194.459
163.805
158.802
152.227
155.611
156.621
159.017
146.412
159.599
148.894
174.717
154.129
193.666
157.724
176.819
43.5818
153.03
250.325
142.41
1179.3
159.735
154.877
157.646
156.232
156.881
161.689
156.016
155.138
691.367
137.973
265.484
159.6
171.46
154.241
155.624
-190.81
173.556
155.566
188.342
162.781
547.42
245.717
182.352
139.562
145.321
3138.83
169.737
160.98
159.464
150.813
-3.66626
169.353
156.367
165.712
150.242
157.469
162.548
152.82
177.482
-48.7256
173.916
156.129
156.459
159.396
158.292
158.578
150.087
-787.599
162.99
155.9
150.98
162.917
154.128
186.825
158.447
154.461
157.258
154.809
126.595
158.384
151.515
157.046
155.882
157.952
188.243
150.614
164.433
125.967
145.01
174.225
155.398
126.609
187.894
-70.1908
156.229
151.482
153.575
200.976
159.453
385.84
154.286
157.934
157.314
405.045
158.688
183.333
153.139
150.751
155.122
39.3097
159.663
-390.459
154.353
158.499
155.364
156.205
152.888
166.41
153.162
153.091
14675.8
154.138
163.308
131.705
179.368
148.067
155.085
2373.57
157.473
157.846
165.594
155.749
148.325
157.244
130.111
180.369
175.304
364.994
523.28
1385.91
175.513
150.464
154.749
156.21
154.901
153.735
172.647
154.178
157.728
155.549
152.021
166.672
158.721
180.572
156.895
64.6774
2241.36
157.905
156.567
155.019
152.695
161.427
216.636
136.512
157.04
53.6143
-96.1005
159.821
187.502
67.0302
151.653
197.661
238.112
160.225
179.291
155.525
160.997
155.92
157.086
153.435
127.501
139.465
340.501
139.783
145.304
157.105
253.196
112.054
143.293
179.007
156.163
162.563
154.191
180.247
86.1497
163.099
138.102
116.07
161.149
156.415
162.391
151.647
182.06
141.762
134.081
160.551
135.105
167.132
259.762
-36740.7
155.488
149.426
159.344
153.998
154.522
159.381
6599.86
-397.123
-83.6519
155.06
163.134
155.279
166.028
111.523
158.621
13614.6
339.577
155.448
158.481
261.52
157.015
152.886
160.125
178.951
191.422
179.837
159.192
158.386
231.236
163.467
158.183
154.691
152.612
157.328
149.445
155.046
160.939
152.317
142.464
169.579
160.942
154.59
154.922
160.394
129.432
82.8665
144.153
144.456
197.324
141.672
209.414
254.354
149.997
190.965
140.884
162.406
154.997
318.537
156.389
163.237
160.746
161.067
157.971
160.824
205.473
131.648
167.921
163.103
192.149
150.88
182.283
168.401
-16.8473
156.952
156.419
144.798
102.239
197.941
157.326
188.283
155.663
157.506
156.026
155.469
159.666
120.247
166.369
162.743
169.743
158.749
224.085
158.797
223.953
162.375
120.46
214.592
174.716
156.067
158.744
155.017
156.669
152.255
166.004
560.977
153.617
149.394
166.902
157.09
152.013
-3074.19
159.203
158.843
163.47
159.916
157.621
158.654
455.043
148.788
158.203
5167.83
157.654
175.466
159.485
326.923
211.448
374.258
293.714
223.179
159.033
166.751
141.365
163.113
163.1
146.282
140.493
153.226
193.849
160.863
154.923
150.142
-1204.31
241.13
100.258
257.225
230.887
158.212
149.976
166.373
160.969
167.158
156.08
158.553
149.786
152.741
142.972
158.797
156.181
147.376
155.446
166.988
136.334
159.055
138.166
-461.515
155.899
148.558
79.7086
173.03
169.67
161.679
-301.519
160.729
-15.2826
162.968
195.231
203.464
180.103
268.276
160.796
188.701
253.357
136.707
156.912
156.115
173.355
149.709
155.737
159.489
156.533
158.531
154.378
255.952
127.195
167.374
155.938
163.199
159.439
177.18
264389
159.593
157.23
133.231
198.509
165.195
-195.487
154.77
89.1272
180.842
153.661
156.112
153.111
156.909
155.745
361.08
156.176
155.442
152.267
160.859
144.691
157.99
155.562
-91.5341
-5.14066
128.976
157.156
150.642
154.61
150.687
153.06
155.551
160.535
157.058
109.734
152.666
155.358
252.096
132.449
216.034
128.429
164.247
159.412
154.737
2498.02
155.228
126.497
633.573
140.683
172.329
154.361
131.028
155.513
156.76
382.646
152.982
154.247
163.914
164.617
157.314
162.468
107.053
155.066
139.648
139.418
167.419
-58.3815
733.617
155.315
156.978
189.48
113.746
57.6169
153.814
171.84
151.442
-1.11801
239.832
156.623
171.441
157.104
377.544
157.397
168.08
124.228
-51.6769
154.703
156.039
136.919
162.636
188.52
281.313
157.327
-121.196
141.251
156.841
159.062
170.558
103.903
172.282
177.419
187.348
154.747
155.274
161.846
183.3
157.743
148.387
165.914
181.421
166.508
161.987
173.772
160.413
129.432
149.977
153.096
72.7748
156.378
153.426
155.138
153.978
-328.477
156.546
142.263
154.821
154.939
174.859
66.7388
155.772
156.007
155.034
147.199
163.781
155.756
155.481
156.445
473.535
149.92
193.929
154.731
272.225
169.191
153.419
123.356
75.012
161.134
157.359
959.967
180.117
65.7949
265.165
155.848
377.242
159.736
156.317
157.224
54.1016
866.432
168.097
157.369
155.485
169.562
166.76
143.541
155.04
178.155
135.664
161.804
152.575
208.112
156.477
155.981
163.823
84.7331
-51.6378
269.853
157.68
165.544
143.841
152.434
155.378
162.581
173.45
-5914.52
-170.866
131.998
134.862
139.455
130.286
161.103
160.289
-1306.57
153.321
163.954
169.649
155.147
185.451
158.882
150.746
156.468
169.551
173.678
92.7149
162.741
170.753
160.186
154.309
161.143
169.1
142.104
160.522
161.19
163.333
163.088
158.204
158.895
165.629
155.629
159.516
155.901
158.584
157.161
162.908
163.75
195.116
189.29
157.498
153.016
144.762
165.969
155.502
219.739
144.609
160.287
86.6133
155.959
161.791
160.284
161.641
155.309
951.396
154.14
118.051
159.632
156.691
159.794
161.196
-227.585
207.704
138.002
153.994
240.934
127.451
152.676
221.209
157.379
514.593
156.24
164.638
162.519
169.858
263.915
100.57
151.373
150.794
152.693
130.257
149.068
155.115
26.208
157.638
72.2087
151.261
167.236
208.746
160.567
156.633
149.249
147.456
157.68
169.232
153.077
164.875
272.732
157.422
137.085
107.179
157.384
159.932
158.456
149.531
168.28
185.514
154.235
152.354
185.945
158.222
136.252
151.34
156.676
148.31
139.715
158.682
153.993
139.509
603.611
449.566
162.14
150.589
37304.3
176.313
148.071
149.345
156.139
153.815
157.308
161.868
166.122
187.63
236.663
107.13
2213.37
264.191
168.17
146.174
155.27
157.291
154.289
150.246
155.991
158.012
996.319
193.604
291.089
160.111
154.753
132.502
140.277
182.124
151.067
-118.547
155.544
175.922
169.442
150.408
144.788
229.022
151.562
715.54
160.715
156.294
154.765
155.698
156.492
157.573
198.345
123.517
150.289
157.575
150.114
167.855
128.49
172.219
159.655
60.0693
151.292
158.358
163.506
169.168
238.421
132.865
154.364
-1256.25
291.345
158.234
159.6
157.963
146.966
167.554
187.721
90.7244
163.515
152.538
164.549
151.292
153.234
233.628
160.096
154.047
153.351
137.337
152.587
146.987
156.713
125.167
520.159
180.708
156.114
201.721
152.312
153.121
101.778
155.342
-1.5437
149.833
156.1
54.1204
170.383
193.364
108.599
160.666
221.513
172.744
184.577
155.716
156.138
145.153
143.399
93.6766
152.69
152.343
184.623
159.31
197.872
152.968
182.902
156.684
147.972
139.935
448.752
178.311
160.784
147.766
153.92
343.609
149.494
195.13
156.14
145.892
154.817
159.074
159.456
165.98
155.946
155.655
140.107
158.693
47.071
160.124
173.111
165.449
155.924
149.356
155.794
156.997
151.796
156.637
155.457
163.544
118.498
122.367
155.043
126.439
130.54
154.184
153.251
150.503
141.24
155.544
153.792
158.427
152.059
160.924
160.135
173.367
233.722
156.846
14.4555
156.048
157.908
154.501
127.514
156.412
127.045
163.121
151.824
185.699
158.107
139.103
-93.2613
155.582
154.053
148.878
148.542
157.936
259.917
154.772
153.582
159.847
-988.808
160.749
-513612
169.405
156.707
152.968
147.354
117.863
176.679
159.297
129.263
503.234
143.982
163.522
161.688
155.771
169.463
118.315
117.044
105.308
156.454
154.587
148.834
148.413
146.809
146.001
111.599
63.6419
154.582
271.04
159.652
122.774
154.128
160.545
157.967
167.521
150.635
160.683
-433.897
167.614
150.533
158.839
155.081
155.406
127.501
62.9929
152.71
137.691
150.285
161.471
147.939
140.633
216.635
64.2691
159.2
149.781
156.292
254.219
156.027
154.623
157.276
138.716
167.044
-202.945
-57.168
158.638
151.639
157.753
100.008
156.809
-9.79351
159.309
522.426
156.637
171.46
140.425
123.176
145.818
164.879
153.883
162.724
163.579
166.804
148.605
152.217
135.418
152.978
135.683
157.551
149.753
149.22
158.234
153.088
-2939.05
151.451
161.571
153.697
159.92
-0.566847
169.731
152.905
-111.615
172.616
152.386
157.883
338.765
158.912
-24688.7
157.617
165.34
153.716
157.584
139.325
152.339
154.837
150.64
156.342
150.485
147.51
142.741
135.641
209.786
152.719
158.653
150.469
160.288
58.0716
152.664
-381.608
61.1332
282.351
-335.845
155.729
102.994
153.958
10.1387
135.144
148.691
149.564
-118.455
155.828
92.4184
91.9091
187.21
156.197
201.32
165.93
156.45
149.413
144.62
145.662
110.554
-1358.83
156.101
152.76
-120.975
105.71
153.277
159.39
151.972
155.057
204.175
148.806
152.105
150.431
-29.6709
-108.671
157.795
140.372
152.943
90.2678
-237.099
169.505
148.469
160.727
126.848
54.3225
153.925
156.948
155.944
153.53
155.627
153.167
-110.754
165.928
150.622
149.395
154.53
146.3
154.575
137.953
138.111
-753.248
154.871
125.832
-18.5412
160.61
-66.9662
155.427
184.79
156.205
158.896
144.131
152.672
136.057
145.123
152.153
153.142
-239.73
177.194
152.801
157.08
967.971
158.485
134.755
139.42
-480.643
