   283
   650
  1072
  1444
  1954
  2347
  2957
  3099
  3560
  4267
  4456
  5003
  5466
  5861
  6582
  6566
  7379
  7583
  8084
  8474
  9081
  9206
  9590
 10177
 10510
 11487
 11621
 12131
 12397
 12814
 13393
 13900
 14279
 14325
 15124
 15481
 15645
 16065
 17062
 16969
 18077
 18246
 18095
 19151
 19207
 19576
 20272
 20372
 20733
 21701
 21332
 21881
 22881
 23026
 23977
 23962
 24674
 24952
 25013
 25789
 26068
 26420
 27379
 27294
 27866
 27817
 28881
 29450
 29721
 30265
 30269
 30980
 31983
 31904
 32209
 32149
 33573
 33528
 34136
 34223
 34567
 35164
 35990
 36102
 36235
 37529
 37562
 37695
 38556
 38691
 39333
 39777
 40345
 39899
 40969
 41100
 41896
 42571
 42290
 43941
 43641
 43618
 44344
 44887
 45329
 45693
 46204
 46207
 47135
 47298
 47156
 47540
 49279
 49310
 48856
 50174
 51118
 50693
 50721
 51385
 52472
 53411
 53388
 53622
 54461
 54300
 54136
 55787
 55349
 55834
 56532
 56926
 57947
 58343
 57485
 58882
 58984
 59640
 60239
 60566
 60673
 61016
 62235
 62491
 63066
 63205
 62871
 63802
 63440
 64536
 65142
 66237
 66282
 66392
 67063
 67012
 67518
 67963
 68496
 69229
 69424
 69826
 71039
 70940
 71602
 71876
 71849
 72238
 73556
 74030
 73706
 75040
 75401
 75685
 76230
 75877
 76870
 77161
 77413
 76907
 78454
 78747
 79604
 79998
 80003
 80138
 80559
 81125
 81253
 82552
 82310
 83050
 83755
 83778
 84624
 85047
 84711
 85192
 86438
 86349
 86535
 87897
 87926
 88268
 87632
 88879
 89435
 90178
 90752
 90621
 90711
 91347
 91612
 92152
 92980
 93641
 93371
 93993
 95603
 95353
 95440
 95558
 97004
 97322
 97165
 97983
 98173
 99061
 99291
 99191
 99607
 99845
100200
100577
101739
102499
102949
102160
101804
102717
103782
103753
104929
106530
105031
105530
105911
107723
107826
107784
108801
109248
108636
110539
109478
109934
110477
111779
111851
112032
112401
114107
113464
113958
114931
115185
113969
115787
115530
116492
116905
116548
117868
118512
118405
119323
120191
120537
119439
120988
120673
121472
122350
122526
122933
123577
123587
123444
124233
124419
124738
124995
125857
126501
126662
127499
128175
127500
128886
129385
130171
129724
131394
131430
131433
131849
132371
133153
132751
132568
134773
134403
135138
135456
135369
136361
136387
136865
137509
138358
140057
138827
139146
140037
141599
139361
142203
141577
141877
141695
142538
144002
144524
143157
144119
143951
145275
147384
147098
145800
147441
146976
147443
148648
147437
149758
150130
149871
149971
151113
151502
150821
152021
152950
152960
153999
154662
154456
154814
156019
154752
155927
155295
156202
157208
158130
157466
156604
157546
158443
158563
160179
159950
161523
160868
162783
162102
162327
164363
163557
164294
165383
165008
165180
165226
165691
165395
166751
166799
168369
167501
169339
168759
170207
170698
169675
170705
169740
170272
172591
170657
172211
172720
172296
174857
175787
174689
174094
175733
176185
177121
176337
176598
176978
176461
179003
178797
179071
180455
180734
180589
181170
180149
180627
181643
182763
182143
184274
183357
183957
185295
184720
185196
186809
186361
186176
187006
187647
187353
189125
188872
189285
189069
191107
189248
191164
191847
190671
193238
192566
192566
194404
193377
194779
192641
194140
196065
194343
194932
196868
196580
196544
198796
198988
199432
198660
198899
199844
200081
200909
201237
202500
201295
202974
202349
203175
203622
204203
204245
204396
204585
202747
205013
205278
208106
205714
205620
208448
208086
207442
208925
208746
209810
209946
211497
211270
209921
213100
212770
213132
211643
213034
213185
213815
214264
214202
214036
216446
215934
216614
217060
215952
216677
219201
218356
218566
218307
220560
219839
220239
220124
222678
219738
221507
220635
222525
223013
224078
223516
224535
225424
226139
225172
226326
225119
225614
227043
227229
227315
226699
227125
229368
230288
229698
230372
232035
230818
231738
232055
231180
232599
231359
233052
234155
234135
233749
234422
236048
235523
235693
235775
234020
236358
237406
237652
238726
237760
237008
238781
240258
239437
239544
241337
241528
241599
243428
242040
241500
243621
243527
244366
243134
244351
245041
242827
245965
246680
244830
247160
246418
247662
246339
249968
249036
248233
249849
249718
250645
248646
251273
251358
251520
251094
251255
252103
252514
251856
252764
254271
255419
254551
254119
255160
256112
256273
257135
256615
258334
257390
257195
256508
258659
259731
259472
260072
260185
259060
260935
261904
262391
262091
260145
262942
262363
263954
263988
263120
263545
263763
264411
265995
267583
266214
268070
266420
266964
266232
269515
269068
269285
268786
269773
270842
268392
270538
270214
270617
271654
270555
273132
273772
272570
273208
275019
274193
272035
272969
275066
275361
274809
275035
275342
277223
277825
279362
276610
277957
277138
277929
277966
279527
279455
277528
279341
282448
280542
281248
282686
281192
282570
281642
283477
283380
282250
284823
283644
284126
284509
285843
285799
284719
286426
285836
287256
285320
285223
288912
288977
287849
289696
288725
288518
290047
289321
288358
289870
289598
291047
291688
291049
290625
293293
291837
293539
293584
293859
293248
294754
295128
293082
295466
296420
294346
295681
297881
297974
295228
295522
297280
298164
296340
297363
297288
296595
298672
297820
298892
298951
299889
299520
300735
298759
302675
300539
302055
303336
301522
302634
301833
302848
303298
302960
303020
304329
306160
304406
303949
306629
306071
305797
308104
307262
306967
306275
308592
308255
308702
309244
307663
309131
309818
309994
307654
308305
310460
312656
310090
311343
310977
311947
310752
312775
312581
313828
313028
311090
311910
313483
313438
315058
314313
313701
312813
315852
316383
316146
316027
317413
316524
317862
318130
316476
316562
318945
318022
317514
319605
317211
318876
320033
318098
319829
321537
319365
320518
320429
321229
321657
319473
320903
321853
323519
320665
320721
320709
323230
321442
322782
323316
324662
324760
326366
324795
325211
325011
325660
325626
324680
326925
326502
329097
328060
325624
326310
326938
326987
326334
329198
329140
327528
328220
326801
328510
330134
329326
329280
332379
330693
330872
329635
330315
331776
330857
330058
332142
330053
330638
334302
332768
331827
335197
333112
333048
334674
333398
334006
333143
333906
334047
336259
335017
334179
336190
335804
335512
336667
335543
335989
335993
335669
337300
337316
335832
338202
337097
337408
338281
338352
338074
337127
339743
338852
339882
339317
339758
339417
339870
340155
339557
342768
338142
339783
340637
340734
338983
341141
342022
342563
341307
341876
342199
341248
343033
341233
344165
341933
341872
342751
342158
343700
342322
345687
343297
345623
344649
343890
346400
343846
345803
344751
342800
344203
344254
346287
345658
344677
345181
346239
346709
345825
347963
347624
346112
347336
347271
347957
347750
347380
348164
346819
349383
347670
348488
348382
348324
348467
349180
347099
348693
348607
348218
347499
348018
348841
347994
348321
347998
349906
349760
349436
350435
350231
349986
350968
351429
352578
350124
351083
350657
350479
352299
351488
351017
352105
351843
350365
350121
352776
352018
355260
351916
351695
352759
354905
350916
353540
352869
352480
353592
352158
351546
354813
352249
352528
352903
351926
354284
353016
353132
355548
353439
355233
355791
354783
351412
354241
352566
353947
354718
356583
354157
354680
355348
355558
356366
355394
356121
354473
353200
356416
355011
354933
354059
354968
355792
356328
355336
357040
354355
356559
356822
356508
356438
356056
353914
357107
355294
356754
356970
357416
355960
355373
354161
356030
354266
356826
354931
357412
357698
357160
357883
355574
356681
356869
356099
356485
357042
355436
357216
358057
357426
357068
357359
355969
357951
354550
357122
356722
357719
357796
356290
357265
356533
357611
357198
357737
357845
355714
357380
358115
357605
357808
358846
356835
358025
358057
358290
357965
358442
358523
355392
358004
356511
356378
356812
355009
358634
358428
358427
359380
357661
356458
357187
356556
357500
355834
357444
357789
358638
356691
358231
359507
357600
357869
358645
357400
356812
356677
356414
356783
357410
357164
356518
357545
357630
357000
356853
355771
356275
356952
357198
357908
356586
359422
357017
357560
358465
354962
356354
355882
356273
356695
355638
357638
357654
357880
357780
357012
355962
356808
355539
357964
354318
356359
354791
356252
355258
355626
356518
355724
354334
353231
356041
356779
355570
356251
355843
356173
355449
356154
356228
355416
356422
352653
354642
354360
355363
353182
354343
354352
353370
354333
355498
352044
354160
355786
353046
353998
353641
352965
352953
354184
353439
355680
352206
353504
355881
353935
351467
353128
354913
352297
350838
351869
353134
351569
351168
350169
349979
352904
352641
351166
349909
351271
352286
350024
350382
351967
349874
349887
350067
348554
349951
350378
349946
350709
348243
350337
348800
350020
348457
349714
348106
348466
345453
348145
347171
348300
348396
346599
349460
347576
348299
348612
348345
346616
345938
348147
347557
347377
348420
346890
347915
346091
345869
345591
347327
347137
347630
345931
346358
345403
345545
348038
343641
343896
343986
344852
344785
343978
344744
342689
343762
342184
344002
344526
343583
342044
343426
342532
343705
341567
342801
342333
343318
341851
340318
343151
343151
342163
339869
342576
339659
341910
340704
340522
339379
340748
340741
341378
338963
338523
339203
340116
339521
340608
337469
338410
339475
338740
338677
338707
338288
336665
338820
338498
335421
334556
334408
335116
337317
336732
336114
333100
335208
335687
337243
333897
334657
333018
335505
333247
335571
332824
333991
333813
334024
334212
331528
331724
334718
331369
331804
332120
331498
331552
329470
332937
329902
332361
331799
329929
328592
329636
327891
328630
331310
329017
329741
329305
327678
328751
326986
327579
327737
327637
326418
324801
326263
326820
326524
325980
326339
325132
326592
325219
325511
324439
323359
325528
322702
324675
323671
323166
322084
321319
322180
323348
320830
320505
320952
321590
319986
320158
320333
319257
320922
320622
318890
320354
320094
319990
318752
318338
317530
317512
317238
318061
317375
315789
317337
316748
317146
316958
317808
316343
315509
316375
316055
314765
314513
313909
313472
315883
312878
312683
313666
313400
312259
312309
312441
311875
311417
310656
312016
310796
309116
310735
309345
310637
309610
311190
307553
308366
309774
306830
307869
309664
307986
308308
307347
304801
306333
305230
305610
304795
305187
304540
304093
305115
303775
303569
305971
303410
302237
301577
301179
303469
302259
301385
302125
301061
298719
301455
299949
300662
299007
300386
298728
299369
298844
298585
298694
300304
297935
296625
296443
296495
296055
295559
296209
295941
295096
294654
295584
295215
295625
295841
294670
294137
291558
292499
293546
293627
293639
291174
291832
290899
290715
292331
291651
290440
288745
290044
289361
290167
288474
288300
287261
288649
286196
288160
287600
285290
286131
286558
286861
284969
284918
285077
285277
284206
285125
285465
283303
283491
280794
281858
282595
283134
282221
281493
280172
280651
280988
279449
278793
279143
280735
277992
279621
278189
278504
277410
278266
278143
277118
277311
276845
274698
276741
274242
274561
274357
275036
274425
274273
273790
274325
272890
272744
272508
271546
271466
271929
272641
271005
270157
270348
270341
270956
268676
267783
268822
270214
266443
266198
266777
266924
268231
267997
266395
265654
264731
266037
266499
263644
263493
263980
265207
261089
263306
263147
262112
262995
262515
261549
261477
261051
259068
261369
261565
261255
258131
260133
258927
259402
258022
257110
258473
257365
258439
256539
256306
256935
256237
255696
255212
253741
255089
254179
253420
253936
252844
252501
252641
253012
249894
252097
250863
250372
249300
250944
250110
247926
249483
250456
248286
247602
248099
247806
247507
245835
246949
246013
245875
245852
244944
245735
246442
243512
243187
242930
243247
242729
242573
240188
240146
240564
241999
240224
241611
239414
240476
239898
238882
239922
238320
237018
238310
238364
237956
237824
236596
235405
234984
235832
235803
235839
234835
234181
235418
233442
235639
232728
234467
233269
232434
231771
233005
231170
230812
229306
229774
228794
228779
229964
229687
227193
227794
227003
226828
226926
226436
226980
225372
227311
226586
226610
225459
223608
223097
225858
224710
222360
223378
223753
223438
221520
222919
222118
221701
221153
219925
219417
219491
218599
219197
216894
218284
218935
219289
217870
218213
217055
215643
216011
215428
215459
214969
215716
215090
214641
213023
213557
213248
212045
213017
212483
209651
211462
209761
209808
208783
210302
209312
207998
209160
209926
206772
207836
208763
208182
206654
205330
207103
205356
205300
205046
204898
203491
204579
204389
204474
203363
202835
203258
202917
200828
201341
203019
199860
201446
200132
200782
200301
199000
199135
198159
198764
198494
197421
198014
196197
196395
195127
196128
194960
195324
194224
194535
194139
194480
193367
192469
193365
193265
192463
192596
191594
192462
190711
189858
190429
191022
189598
189594
188731
189418
188773
189694
188465
187692
186024
186881
187015
187312
186015
186141
184750
184513
184629
184483
184623
183973
183543
182407
182354
183632
182950
183621
182282
181022
181413
181804
180979
179044
181238
179543
179606
178966
177454
178491
177507
176975
176607
177318
177053
176201
175535
174866
175248
175537
174613
175076
172806
173200
173510
172547
171996
172277
172709
171825
170726
172650
171795
170711
168739
170998
168884
168611
170238
167120
169590
169582
167183
166933
165259
166248
166356
165730
165097
165439
164629
165559
164644
164700
164780
163972
164135
164156
163757
161904
162394
163344
161726
162364
161298
160472
160624
159573
159180
158133
159860
158303
156971
158577
156925
157258
157483
158003
155929
156801
156886
156456
157487
154971
155037
153431
154148
153613
153688
153285
153184
152808
151870
151611
150412
151246
150739
150935
148984
149632
149385
150841
149215
150001
148805
147913
146988
146480
148472
147113
146770
146884
146518
147359
145585
144217
145693
144649
144365
143943
144291
143484
142901
144060
143169
143315
143380
140880
141217
141430
140026
140090
140269
140809
138682
138431
140619
139360
139118
138898
138040
137573
137042
137593
136470
136820
135982
136555
135988
134687
134970
135179
135066
135085
134103
134143
133033
133798
133676
132104
131969
132460
131911
132839
130859
130660
130512
130053
129751
129647
129587
129767
128543
129481
127930
127413
128042
128103
128470
128113
126229
126393
126001
126483
126220
125958
124444
124446
123933
124565
123758
123755
123416
123239
122800
122470
121672
121568
122266
121055
120656
120597
120250
119732
120718
119428
119668
119670
118146
118373
118224
117933
118798
117100
118767
117443
116394
116271
115962
116966
116765
115503
115566
115600
114367
113992
113851
114853
114861
112962
113108
113122
113440
112902
112231
110724
111793
111091
110873
111766
110411
110290
109993
110584
109385
108902
109374
108426
108059
107942
108553
107345
107109
107347
107833
105982
106035
105514
106124
105152
105423
104853
105882
104305
104717
104337
104114
103852
103332
103083
102735
101586
102085
102001
102135
101171
100974
101829
100355
100963
 99895
100359
100211
 99993
 99549
100056
 98327
 99494
 98726
 98023
 97810
 98227
 96966
 97186
 96903
 98146
 96682
 96576
 96155
 96452
 95784
 95316
 95032
 95167
 95411
 94494
 95162
 94567
 93759
 94455
 93293
 93718
 93002
 92310
 93502
 92539
 93001
 91753
 91290
 91430
 90797
 91005
 90108
 90728
 90144
 89927
 89666
 89518
 89477
 89583
 89136
 88661
 87982
 87825
 88115
 88081
 86831
 87661
 87323
 86689
 87059
 87811
 85661
 85983
 86607
 85079
 85856
 84906
 85261
 84497
 84303
 83814
 83683
 83605
 83212
 84295
 83623
 82680
 83087
 82589
 81523
 81244
 81224
 81603
 82288
 81336
 81350
 80267
 80597
 79318
 79363
 79500
 79985
 79212
 79086
 78977
 79610
 78026
 77832
 78785
 78124
 78543
 77850
 77569
 76896
 77239
 77118
 76692
 77300
 76489
 76330
 75817
 75371
 75607
 75543
 75134
 74886
 73526
 74885
 74404
 73539
 72956
 73707
 73589
 73448
 73266
 71831
 72110
 71769
 71298
 71841
 71127
 71559
 70756
 71347
 70906
 69998
 70964
 71034
 70795
 69964
 69728
 69674
 68826
 69341
 68322
 68670
 68712
 68787
 67997
 67566
 67725
 68106
 67121
 66965
 67316
 66943
 67070
 66014
 66859
 66763
 65004
 65323
 64887
 65420
 65442
 65685
 64360
 65285
 64994
 65302
 64520
 63073
 63539
 63780
 63536
 62466
 62990
 62326
 63427
 62698
 63392
 62634
 62306
 60761
 61749
 61527
 62202
 60904
 60550
 61104
 59735
 59885
 60580
 59973
 60053
 59552
 59707
 59735
 59712
 59601
 58780
 58659
 58081
 58847
 57921
 57873
 57740
 57154
 58051
 57545
 58027
 57218
 56082
 57146
 56395
 57159
 56145
 56666
 56104
 56070
 56082
 55201
 56786
 54908
 54581
 54483
 54951
 54129
 54215
 54232
 53615
 53201
 54210
 53528
 53576
 53059
 53391
 52629
 52095
 52594
 52445
 52306
 51285
 51246
 50922
 51289
 51625
 51186
 51340
 51137
 51170
 50901
 50130
 50653
 50221
 50303
 49264
 49511
 50362
 49170
 49171
 48857
 48620
 48915
 48695
 48995
 48440
 48312
 48980
 48036
 47425
 47562
 47475
 47220
 47137
 46740
 46718
 46903
 46895
 47153
 46476
 46511
 46077
 45910
 45593
 45676
 45348
 45621
 45213
 44302
 44279
 45205
 45132
 44757
 44271
 44649
 44249
 43921
 43338
 43097
 43217
 43483
 43303
 43540
 43117
 42408
 42335
 42414
 42503
 42799
 42145
 42433
 41604
 41673
 41433
 41500
 41656
 40969
 41327
 40662
 41251
 40621
 41127
 40510
 40355
 40407
 39967
 39620
 40176
 39434
 39861
 39735
 39813
 39218
 38948
 39048
 38581
 38814
 38550
 39031
 38347
 37984
 37899
 38192
 38417
 37499
 37649
 36849
 37187
 37236
 36600
 36872
 36537
 36514
 36879
 36215
 36235
 36258
 35835
 36139
 35731
 35838
 35543
 36216
 35705
 35592
 34982
 34776
 34664
 34727
 34417
 34682
 34323
 34548
 34690
 34713
 34205
 33252
 33563
 33821
 33463
 33537
 33415
 33794
 33688
 32736
 32929
 32443
 32731
 32411
 32177
 32851
 32715
 32556
 31927
 32120
 32101
 31858
 31705
 31086
 31675
 31772
 31554
 31234
 30754
 30730
 30761
 30798
 30968
 29898
 30547
 30408
 30405
 30213
 30052
 29559
 29558
 29496
 29543
 28997
 29723
 29892
 29221
 29323
 28544
 29121
 28434
 28772
 29122
 28477
 28192
 28319
 27947
 28182
 27800
 28029
 27925
 27656
 27465
 27743
 27386
 26961
 27352
 26601
 27150
 26214
 27059
 26982
 26370
 26426
 26532
 26397
 26535
 25868
 25740
 26094
 25535
 26407
 25353
 25878
 24840
 25629
 25885
 25009
 25393
 25434
 24855
 25091
 25383
 24564
 24498
 24906
 24426
 24358
 24529
 24063
 24162
 23578
 24038
 23886
 23800
 24259
 23880
 23381
 23355
 23247
 22854
 22791
 22966
 22761
 23111
 22806
 22528
 22689
 22207
 22146
 22708
 22474
 22251
 22010
 22429
 21771
 21934
 21930
 21846
 21272
 21398
 21676
 21639
 21897
 21414
 21846
 20817
 20687
 20763
 20942
 21080
 20909
 21106
 20544
 20769
 19949
 20601
 20293
 20233
 20197
 19912
 19991
 19806
 19418
 19727
 19538
 19531
 20091
 19453
 19757
 19143
 19244
 19123
 19218
 19426
 19395
 19222
 18977
 18529
 18943
 18769
 18797
 19021
 18355
 18569
 18168
 18473
 18465
 18503
 18154
 18031
 18137
 17777
 17671
 17849
 17830
 17620
 17590
 17378
 17160
 17266
 17662
 17511
 17016
 16812
 17324
 16850
 16919
 16841
 16504
 16651
 16689
 16488
 16420
 16406
 16103
 16241
 15872
 16115
 16019
 15887
 15963
 15986
 15579
 15587
 15853
 15605
 16078
 15814
 15210
 15321
 15522
 15092
 15619
 15081
 14932
 15260
 15182
 14838
 15098
 15085
 15000
 14758
 15157
 14640
 14374
 14289
 14654
 14410
 14169
 13912
 14160
 14143
 14090
 14241
 13932
 13600
 13877
 13934
 13603
 13654
 13620
 13700
 14101
 13458
 13492
 13560
 13140
 12888
 13360
 13262
 13514
 12958
 12794
 12881
 12974
 12882
 12689
 12777
 13285
 12789
 12632
 12275
 12905
 12114
 12451
 12331
 12567
 12558
 12240
 12416
 12648
 12221
 12004
 12163
 12238
 11844
 11736
 11881
 11523
 12075
 11524
 11636
 11679
 11327
 11327
 11387
 11443
 11141
 11277
 11204
 11418
 11337
 10925
 11010
 11313
 10646
 10759
 11011
 10524
 10733
 10872
 10662
 10665
 10383
 10381
 10810
 10466
 10361
 10108
 10171
 10241
 10152
 10242
 10377
 10165
 10337
 10184
 10009
  9609
 10002
  9743
  9746
  9871
  9779
  9673
  9402
  9799
  9686
  9630
  9471
  9739
  9093
  9263
  9335
  9422
  9330
  9200
  8975
  9478
  9119
  8879
  8992
  9047
  9213
  8803
  8802
  9033
  8690
  8789
  8683
  8525
  8719
  8871
  8297
  8610
  8466
  8340
  8452
  8303
  7946
  8502
  8318
  8094
  8015
  8068
  7993
  8469
  8191
  7851
  8047
  7819
  7990
  7863
  7719
  7983
  7752
  7777
  7680
  7916
  7658
  7640
  7512
  7932
  7526
  7101
  7675
  7352
  7532
  7487
  7432
  7323
  7072
  7375
  7454
  7190
  6978
  7174
  7060
  7182
  7121
  6986
  7018
  7068
  6923
  6918
  6815
  6656
  6731
  6530
  6906
  6508
  6588
  6547
  6595
  6670
  6573
  6567
  6120
  6531
  6233
  6189
  6444
  6312
  6404
  6480
  6246
  6256
  6156
  6304
  6354
  6308
  5992
  6196
  6077
  6058
  6189
  5819
  5919
  6076
  6021
  5942
  5857
  5987
  5700
  5878
  5645
  5660
  5434
  5636
