0.541619
0.535724
0.533617
0.531507
0.531507
0.527699
0.525922
0.526019
0.52552
0.523406
0.520304
0.523805
0.521846
0.524968
0.518814
0.521276
0.523817
0.518362
0.520118
0.520948
0.519212
0.518462
0.522416
0.522096
0.519162
0.523331
0.524363
0.521213
0.520215
0.520809
0.522421
0.520905
0.522264
0.521917
0.518491
0.52304
0.51853
0.519971
0.522675
0.520817
0.521007
0.519239
0.518484
0.51802
0.519262
0.519233
0.521455
0.520184
0.521801
0.518808
0.51951
0.520642
0.519858
0.51925
0.519861
0.519873
0.518518
0.521873
0.519777
0.520437
0.521993
0.519402
0.518805
0.52077
0.515783
0.51785
0.519416
0.517064
0.516846
0.521171
0.519667
0.518819
0.519192
0.518016
0.518283
0.517949
0.520234
0.51687
0.521451
0.518308
0.517265
0.520627
0.518171
0.516609
0.518387
0.516631
0.515227
0.517114
0.517522
0.516013
0.513728
0.514803
0.512036
0.516177
0.515643
0.515599
0.512923
0.516724
0.512586
0.515124
0.516582
0.514346
0.512653
0.513762
0.513459
0.513853
0.51232
0.51294
0.512247
0.512274
0.511055
0.513192
0.509812
0.509395
0.508936
0.508389
0.508045
0.508426
0.508554
0.508392
0.508699
0.505252
0.507332
0.504696
0.505032
0.504233
0.503226
0.503317
0.502341
0.502483
0.502208
0.501959
0.502118
0.502696
0.502048
0.500943
0.500874
0.500669
0.500289
0.500576
0.500346
0.500429
0.500191
0.500384
0.500461
0.500155
0.500103
0.500057
0.500365
0.50006
0.50018
0.500167
0.499887
0.500184
0.500161
0.499906
0.499955
0.500176
0.500141
0.50028
0.500426
0.499987
0.500146
0.500362
0.500169
0.499965
0.50034
0.500067
0.499795
0.49999
0.50024
0.500035
0.500106
0.500285
0.500142
0.500261
0.500153
0.500136
0.500029
0.500213
0.500114
0.500187
0.500074
0.500028
0.500136
0.500386
0.500039
0.500098
0.499905
0.500079
0.50006
0.500166
0.500034
0.500199
0.500081
0.50011
0.500086
0.500207
0.500248
0.500146
0.50011
0.500195
0.500013
0.500123
0.500288
0.500112
0.499964
0.500283
0.500092
0.499861
0.500012
0.500124
0.499929
0.500044
0.500079
0.500066
0.500138
0.500174
0.500118
0.499956
0.500167
0.500194
0.500184
0.500074
0.500206
0.500029
0.500203
0.499982
0.500094
0.500281
0.499979
0.499984
0.499985
0.500114
0.500269
0.500162
0.500094
0.500051
0.500017
0.50003
0.499926
0.499892
0.50003
0.500046
0.500222
0.500051
0.500067
0.500005
0.500101
0.500155
0.500301
0.499975
0.500077
0.500116
0.500196
0.500044
0.499931
0.500205
0.500087
0.500202
0.500258
0.500114
0.500252
0.500002
0.500222
0.500123
0.500025
0.500298
0.499974
0.500104
0.500204
0.500084
0.500013
0.500174
0.50013
0.5001
0.50029
0.499949
0.499997
0.50011
0.500067
0.499971
0.500032
0.500199
0.50002
0.500091
0.49993
0.499953
0.500074
0.500119
0.500042
0.500149
0.500109
0.499948
0.500141
0.50002
0.500098
0.500157
0.500264
0.500023
0.500021
0.499948
0.500178
0.500061
0.500003
0.499694
0.499992
0.500087
0.500061
0.499962
0.500199
0.500043
0.500138
0.500034
0.500031
0.499972
0.500184
0.500175
0.500091
0.500124
0.499978
0.500247
0.500126
0.500259
0.500003
0.500039
0.50026
0.500031
0.500148
0.500122
0.500151
0.500113
0.500038
0.499969
0.499925
0.500105
0.500044
0.499997
0.500097
0.500096
0.500164
0.500114
0.500228
0.499869
0.500165
0.500252
0.500228
0.50006
0.500087
0.500203
0.500183
0.499956
0.500079
0.5
0.499955
0.50001
0.500009
0.500027
0.500143
0.500031
0.50009
0.49997
0.500261
0.50022
0.500138
0.500302
0.500097
0.500017
0.499978
0.500088
0.500134
0.50012
0.499989
0.500033
0.500162
0.499893
0.500085
0.500088
0.50013
0.500101
0.500101
0.499965
0.500147
0.500061
0.499997
0.500058
0.499989
0.49982
0.500251
0.500036
0.500163
0.500243
0.499919
0.500171
0.50011
0.499893
0.500155
0.500003
0.499984
0.500022
0.500034
0.500033
0.500137
0.500131
0.500136
0.500117
0.500025
0.500137
0.500094
0.500087
0.499975
0.500162
0.499882
0.499988
0.499931
0.500055
0.500011
0.499932
0.500003
0.49995
0.500075
0.500197
0.500064
0.500019
0.500094
0.500096
0.500117
0.499963
0.50011
0.500061
0.500095
0.500018
0.500012
0.500084
0.50015
0.500208
0.500082
0.500174
0.500198
0.500141
0.499993
0.499923
0.500154
0.500175
0.500028
0.500016
0.499979
0.500203
0.500108
0.500199
0.499826
0.499884
0.499993
0.500018
0.499947
0.500263
0.500076
0.500083
0.499912
0.500191
0.500131
0.500079
0.500127
0.500054
0.499977
0.500093
0.500091
0.500081
0.49994
0.49992
0.50013
0.500102
0.500015
0.499979
0.500106
0.500088
0.500028
0.500063
0.500292
0.500139
0.500188
0.499807
0.499947
0.500089
0.500129
0.500038
0.500021
0.500021
0.500167
0.500074
0.499946
0.500041
0.500139
0.500047
0.499963
0.500188
0.500007
0.500105
0.500154
0.50007
0.500185
0.500077
0.500107
0.500207
0.500068
0.500086
0.500153
0.500007
0.499988
0.499987
0.499864
0.499924
0.5002
0.499974
0.500198
0.500255
0.500111
0.500014
0.500191
0.499969
0.500089
0.500122
0.50005
0.499988
0.499933
0.500065
0.500054
0.500028
0.500011
0.500101
0.500045
0.499998
0.500152
0.499968
0.50023
0.500132
0.499904
0.500247
0.500074
0.500148
0.500136
0.499921
0.50007
0.499979
0.50014
0.500116
0.499904
0.500145
0.500058
0.500247
0.500095
0.500107
0.499972
0.500167
0.500044
0.500099
0.500057
0.499961
0.500113
0.500054
0.500291
0.500116
0.500022
0.50022
0.500133
0.500019
0.49999
0.50013
0.499994
0.500171
0.500107
0.499977
0.500083
0.499919
0.500157
0.500061
0.500058
0.500112
0.500067
0.500062
0.500116
0.500225
0.499974
0.499912
0.499993
0.500025
0.499995
0.50011
0.500273
0.50027
0.499978
0.500291
0.500148
0.500164
0.500186
0.50002
0.500047
0.499967
0.500151
0.500245
0.500206
0.500077
0.50011
0.500131
0.500037
0.500118
0.500002
0.500195
0.500207
0.500005
0.500098
0.500033
0.5001
0.500047
0.500231
0.5
0.500183
0.500202
0.500139
0.500019
0.500079
0.500121
0.500249
0.500012
0.499887
0.500087
0.500238
0.500158
0.500128
0.499967
0.499998
0.499994
0.499963
0.49998
0.499886
0.500182
0.500135
0.500131
0.50001
0.500148
0.500084
0.500067
0.500032
0.500209
0.50025
0.500047
0.50005
0.500081
0.500085
0.499845
0.499974
0.500022
0.500116
0.500063
0.500195
0.500111
0.500189
0.500139
0.500151
0.500047
0.500196
0.499987
0.500123
0.500159
0.500239
0.500045
0.500137
0.500087
0.500054
0.499955
0.499978
0.50013
0.500125
0.500061
0.499966
0.500142
0.49987
0.500071
0.500334
0.499996
0.500168
0.500039
0.499997
0.500131
0.500099
0.500111
0.499967
0.500026
0.500019
0.500068
0.500041
0.500017
0.499833
0.500057
0.500089
0.50009
0.500035
0.500187
0.500272
0.499946
0.500032
0.499997
0.499972
0.500023
0.49998
0.500224
0.500127
0.499911
0.499943
0.500176
0.500155
0.500147
0.499886
0.499933
0.500103
0.500261
0.500122
0.500118
0.500153
0.500085
0.50005
0.500025
0.500181
0.500043
0.499819
0.50026
0.500064
0.50016
0.499901
0.500022
0.500246
0.500114
0.50001
0.500139
0.500268
0.500068
0.500075
0.499995
0.500068
0.500009
0.500137
0.499928
0.500086
0.500017
0.500267
0.500213
0.499926
0.499916
0.500307
0.500113
0.500141
0.500093
0.500122
0.500295
0.500051
0.499938
0.499993
0.500037
0.500014
0.499848
0.500165
0.50001
0.500121
0.50026
0.50008
0.500186
0.499987
0.500066
0.500066
0.499972
0.500148
0.500248
0.500178
0.50025
0.500141
0.500094
0.499993
0.500002
0.500139
0.500104
0.499954
0.500063
0.499912
0.500073
0.500044
0.500031
0.500428
0.500069
0.500021
0.500067
0.500129
0.500119
0.500032
0.499898
0.500232
0.500072
0.500027
0.499938
0.499941
0.499947
0.500176
0.500072
0.499993
0.500072
0.500206
0.5001
0.500124
0.499882
0.500117
0.499991
0.500136
0.500082
0.499992
0.500035
0.499945
0.500191
0.499993
0.500245
0.500052
0.500099
0.500026
0.500038
0.500029
0.50007
0.500145
0.500164
0.500165
0.500214
0.500274
0.500254
0.499917
0.499994
0.500052
0.499997
0.500146
0.500101
0.500152
0.500038
0.500112
0.499999
0.500141
0.500329
0.500053
0.500111
0.500172
0.499966
0.500157
0.500004
0.500204
0.50012
0.500088
0.500071
0.500018
0.500115
0.499919
0.500056
0.500058
0.500103
0.500217
0.499883
0.500154
0.50013
0.500224
0.500326
0.500138
0.500211
0.500021
0.499974
0.50021
0.500017
0.50017
0.499974
0.500141
0.500166
0.499992
0.500073
0.500041
0.500027
0.500023
0.500076
0.500318
0.500091
0.499911
0.500047
0.499866
0.499985
0.499934
0.500074
0.500049
0.500013
0.500096
0.500045
0.500284
0.500001
0.500211
0.500171
0.500108
0.500036
0.500189
0.500188
0.500041
0.500072
0.500048
0.500032
0.500205
0.499882
0.500075
0.500022
0.500034
0.500128
0.500272
0.500085
0.500091
0.500022
0.500101
0.500207
0.500141
0.499917
0.500213
0.500066
0.500206
0.500208
0.500061
0.500017
0.49986
0.500167
0.500095
0.500085
0.499891
0.500254
0.499872
0.499955
0.500078
0.500178
0.49998
0.500036
0.499959
0.499908
0.500106
0.499884
0.50009
0.500188
0.500145
0.499984
0.500004
0.500167
0.499926
0.500045
0.500094
0.499992
0.500064
0.499967
0.500286
0.500009
0.500154
0.499975
0.500075
0.500086
0.499931
0.500155
0.500142
0.500085
0.500108
0.500023
0.499944
0.500133
0.500073
0.500078
0.500262
0.500111
0.499968
0.499951
0.500144
0.500051
0.500133
0.500182
0.500098
0.500064
0.500151
0.500102
0.499945
0.500134
0.499999
0.499997
0.499902
0.500027
0.499983
0.499988
0.499956
0.50005
0.500185
0.500011
0.500102
0.500009
0.50001
0.500059
0.500195
0.500027
0.499895
0.500073
0.500239
0.500011
0.500136
0.500198
0.499998
0.499976
0.500052
0.500225
0.499984
0.500004
0.500115
0.500106
0.500266
0.500139
0.500205
0.500002
0.499994
0.500055
0.500012
0.500047
0.499945
0.500138
0.500179
0.500175
0.499802
0.499864
0.499977
0.500115
0.500085
0.500133
0.500257
0.500009
0.50009
0.500105
0.500196
0.500156
0.499946
0.500148
0.500193
0.500055
0.500105
0.500086
0.500089
0.5001
0.500128
0.500069
0.500079
0.5002
0.500194
0.50005
0.500035
0.500155
0.500105
0.500113
0.50014
0.500249
0.500093
0.500115
0.50009
0.500151
0.499959
0.500171
0.500087
0.500061
0.499987
0.500079
0.499904
0.500145
0.50011
0.499995
0.500179
0.500266
0.499974
0.500172
0.500066
0.500168
0.500048
0.500019
0.500169
0.500036
0.499918
0.50022
0.499917
0.500148
0.500152
0.499898
0.500126
0.499949
0.500086
0.500285
0.500152
0.500082
0.500034
0.50024
0.500169
0.500117
0.500145
0.500213
0.499924
0.499992
0.500034
0.499874
0.500153
0.500056
0.500087
0.500138
0.500248
0.499952
0.500082
0.500043
0.500125
0.50016
0.499912
0.500233
0.500062
0.49998
0.500156
0.499891
0.499932
0.500067
0.500023
0.500113
0.500113
0.500047
0.50007
0.500137
0.500191
0.500088
0.500063
0.499989
0.500222
0.500034
0.500228
0.499881
0.499966
0.500113
0.500247
0.500054
0.49976
0.499976
0.500104
0.500206
0.500069
0.500082
0.49999
0.500086
0.499908
0.50007
0.500077
0.500162
0.499933
0.499898
0.500093
0.500041
0.500091
0.500093
0.500229
0.50009
0.500009
0.500081
0.500073
0.500068
0.500109
0.499963
0.499953
0.500115
0.500049
0.49995
0.500109
0.500034
0.500035
0.499979
0.499991
0.50011
0.500324
0.500393
0.500047
0.499931
0.500058
0.50009
0.500061
0.500088
0.500038
0.5
0.499992
0.500364
0.500102
0.50009
0.500113
0.500208
0.500168
0.500113
0.50026
0.500127
0.500169
0.500047
0.499891
0.500012
0.500171
0.499817
0.50014
0.500096
0.500193
0.500208
0.500237
0.500009
0.500122
0.500099
0.499985
0.500257
0.499998
0.500094
0.500183
0.500247
0.500357
0.500278
0.500038
0.500017
0.500136
0.500146
0.500024
0.49985
0.499976
0.500097
0.500121
0.499995
0.500012
0.500139
0.500261
0.499919
0.500112
0.500057
0.500221
0.500279
0.500096
0.499958
0.499963
0.500197
0.500016
0.50008
0.500132
0.500014
0.500183
0.500198
0.500003
0.500073
0.500023
0.500108
0.500172
0.500135
0.500179
0.500325
0.500085
0.500038
0.500196
0.499995
0.499993
0.500083
0.500204
0.500151
0.500241
0.500113
0.500117
0.500036
0.500076
0.50017
0.499887
0.500056
0.499991
0.499936
0.500008
0.500137
0.500126
0.500236
0.500161
0.50016
0.500073
0.499982
0.500017
0.500048
0.499965
0.500053
0.500142
0.500197
0.499876
0.500058
0.50021
0.500127
0.500095
0.500201
0.500123
0.500187
0.500047
0.500185
0.500139
0.500068
0.500081
0.500215
0.500197
0.500195
0.500207
0.500153
0.500128
0.500132
0.50014
0.500167
0.500142
0.499732
0.500205
0.500197
0.500056
0.500143
0.5001
0.500015
0.500039
0.499881
0.500221
0.499978
0.500021
0.499993
0.500208
0.500247
0.500094
0.500029
0.500129
0.500068
0.500351
0.499945
0.500132
0.500131
0.500155
0.500012
0.50006
0.500147
0.500048
0.500108
0.500087
0.500096
0.499912
0.500281
0.500049
0.500134
0.500145
0.499876
0.500313
0.500085
0.500214
0.500138
0.500029
0.500064
0.499924
0.500104
0.500118
0.500155
0.500179
0.500118
0.500113
0.499916
0.500209
0.500324
0.499979
0.49998
0.49995
0.500105
0.500192
0.500154
0.500233
0.499956
0.500116
0.499992
0.500112
0.500108
0.500105
0.500014
0.500068
0.500042
0.500026
0.499978
0.500049
0.500188
0.500003
0.499974
0.499909
0.500012
0.50012
0.499952
0.500154
0.499995
0.500043
0.499964
0.500004
0.50011
0.499896
0.500064
0.500061
0.500133
0.500008
0.500137
0.499925
0.500047
0.50002
0.500025
0.500376
0.500207
0.50006
0.500103
0.500116
0.500126
0.5
0.500016
0.500138
0.499984
0.500065
0.500093
0.500216
0.50019
0.500004
0.500201
0.500085
0.500119
0.500222
0.500123
0.500141
0.500051
0.50011
0.500104
0.500333
0.500128
0.500112
0.499957
0.500209
0.500025
0.500078
0.500089
0.49978
0.500165
0.500211
0.500227
0.500094
0.499972
0.499978
0.500109
0.500203
0.499944
0.500183
0.500098
0.500103
0.500086
0.500004
0.50005
0.50005
0.500172
0.500158
0.500052
0.500039
0.500052
0.500094
0.500066
0.499813
0.500176
0.499943
0.500105
0.500127
0.500152
0.500137
0.500122
0.499956
0.500261
0.50029
0.500231
0.500132
0.500368
0.500116
0.499985
0.500123
0.500152
0.50031
0.500016
0.499878
0.500121
0.500209
0.500052
0.500095
0.500115
0.500097
0.500075
0.50008
0.500167
0.500108
0.500111
0.50004
0.500195
0.500033
0.500116
0.500131
0.500088
0.500165
0.50003
0.500001
0.500072
0.500095
0.50007
0.499698
0.500125
0.500092
0.500049
0.499982
0.500091
0.500121
0.500144
0.500008
0.500152
0.500061
0.500124
0.499896
0.500179
0.500097
0.500072
0.500207
0.500031
0.500197
0.500241
0.50001
0.500175
0.500173
0.500119
0.500116
0.49992
0.500098
0.499943
0.500178
0.50023
0.500052
0.500236
0.500285
0.500212
0.499961
0.500234
0.499819
0.500125
0.499862
0.500027
0.500083
0.500191
0.500125
0.500021
0.500171
0.500122
0.500036
0.500017
0.500215
0.500042
0.500091
0.499995
0.500097
0.499984
0.500169
0.500002
0.500032
0.500126
0.500004
0.500124
0.500187
0.499836
0.500059
0.500038
0.499847
0.500132
0.500083
0.500092
0.500086
0.500049
0.5001
0.499966
0.500162
0.500182
0.500015
0.500024
0.500051
0.500089
0.500108
0.500445
0.50003
0.500183
0.500098
0.500031
0.500108
0.500265
0.50026
0.499987
0.499957
0.50018
0.500092
0.500273
0.500071
0.500123
0.500121
0.500062
0.500089
0.50021
0.500089
0.500053
0.500013
0.499962
0.499971
0.500132
0.50016
0.500013
0.500011
0.500064
0.500135
0.500077
0.499924
0.500073
0.499893
0.500109
0.500132
0.500006
0.500181
0.500029
0.500095
0.499985
0.500304
0.500069
0.500217
0.50011
0.499995
0.5
0.499965
0.500079
0.500034
0.500055
0.500123
0.499954
0.499968
0.500182
0.500148
0.50004
0.50018
0.499816
0.499986
0.500017
0.499968
0.500062
0.500057
0.500153
0.500155
0.499906
0.499955
0.500117
0.499903
0.500344
0.500081
0.500097
0.499937
0.500232
0.500308
0.499978
0.500228
0.500097
0.500048
0.50013
0.5001
0.500025
0.500148
0.500118
0.500255
0.500086
0.500276
0.500108
0.499871
0.500002
0.499948
0.500145
0.500049
0.50012
0.500051
0.500105
0.500061
0.500203
0.50005
0.500062
0.500187
0.500148
0.499969
0.500109
0.500111
0.499846
0.50012
0.50008
0.500083
0.500012
0.500032
0.499869
0.50011
0.500193
0.500197
0.500084
0.500097
0.500139
0.499937
0.500008
0.500188
0.499919
0.500119
0.50017
0.500179
0.500049
0.500099
0.500095
0.499973
0.500111
0.500123
0.500121
0.500149
0.499929
0.499942
0.500009
0.49999
0.499888
0.500283
0.500078
0.500011
0.500142
0.500023
0.500228
0.500128
0.499999
0.500132
0.500095
0.500075
0.500019
0.500106
0.500098
0.500068
0.500254
0.500146
0.500321
0.500021
0.499966
0.500102
0.500172
0.500159
0.500095
0.500092
0.500027
0.500008
0.499916
0.500054
0.499996
0.499934
0.500081
0.500296
0.500065
0.500065
0.500168
0.499958
0.500118
0.500169
0.499949
0.500032
0.50018
0.500027
0.500056
0.500038
0.500092
0.500127
0.500183
0.500169
0.500204
0.500161
0.500077
0.500027
0.500282
0.500104
0.500182
0.49987
0.500245
0.500177
0.500106
0.49996
0.499965
0.500067
0.500159
0.500234
0.500216
0.500047
0.500241
0.500191
0.500221
0.500118
0.500071
0.500193
0.500182
0.500188
0.500069
0.500219
0.500019
0.500175
0.500237
0.499998
0.499978
0.500199
0.500119
0.500137
0.500082
0.500003
0.500076
0.499925
0.500213
0.5
0.500055
0.500178
0.49987
0.499989
0.499993
0.500159
0.499958
0.500146
0.500184
0.500097
0.500345
0.500152
0.500081
0.50017
0.500212
0.499959
0.500023
0.500269
0.500137
0.5
0.500079
0.500258
0.499967
0.500197
0.500102
0.50028
0.500201
0.499895
0.50003
0.500241
0.500137
0.500045
0.500149
0.500017
0.499977
0.500277
0.500044
0.499956
0.5001
0.499957
0.499895
0.500122
0.500111
0.500172
0.500097
0.500062
0.500003
0.500083
0.500143
0.50006
0.500079
0.500065
0.500064
0.500265
0.500184
0.50018
0.50006
0.500013
0.500143
0.5002
0.500088
0.500016
0.500141
0.500154
0.500165
0.500156
0.50001
0.50016
0.500069
0.499946
0.50015
0.500068
0.500089
0.50007
0.500143
0.500011
0.500074
0.500027
0.499992
0.49998
0.50012
0.499956
0.500225
0.499983
0.500105
0.500049
0.500112
0.500083
0.500103
0.499956
0.500195
0.500176
0.50013
0.500016
0.500204
0.500001
0.500087
0.500099
0.500166
0.500107
0.500026
0.500178
0.499979
0.500109
0.499976
0.499904
0.500012
0.500048
0.499988
0.499907
0.500106
0.500216
0.499913
0.499836
0.500001
0.500168
0.500067
0.500184
0.500045
0.500021
0.500059
0.499972
0.499975
0.500033
0.50006
0.500087
0.500184
0.500181
0.500145
0.499937
0.500211
0.500111
0.500254
0.500186
0.500156
0.50005
0.500027
0.500073
0.500085
0.500154
0.500123
0.500076
0.500057
0.500094
0.499876
0.500082
0.500239
0.500086
0.500077
0.500109
0.500076
0.500019
0.500119
0.499965
0.500195
0.500238
0.500003
0.500013
0.500217
0.500037
0.500167
0.500027
0.500232
0.500072
0.500157
0.499964
0.500258
0.500123
0.500148
0.500083
0.500156
0.50011
0.500104
0.500119
0.500177
0.499924
0.500154
0.500214
0.500016
0.50013
0.500253
0.500001
0.500275
0.500086
0.500169
0.500201
0.500293
0.500094
0.500146
0.499989
0.500023
0.500197
0.500184
0.500125
0.500042
0.500173
0.500191
0.500144
0.499947
0.499956
0.500019
0.500171
0.500094
0.500103
0.499943
0.500308
0.500113
0.500117
0.500236
0.500191
0.500013
0.499895
0.500087
0.500192
0.500029
0.500128
0.500112
0.499809
0.500019
0.50005
0.500068
0.500095
0.500073
0.500146
0.500256
0.499983
0.500064
0.499936
0.500229
0.500151
0.500038
0.500144
0.500195
0.500198
0.499957
0.499959
0.500158
0.500028
0.500085
0.500196
0.500178
0.500061
0.50013
0.49996
0.500054
0.500001
0.500182
0.500022
0.500082
0.499928
0.500076
0.500273
0.500041
0.500052
0.500216
0.500226
0.500045
0.500076
0.500092
0.499942
0.500058
0.500003
0.500048
0.500032
0.500098
0.500128
0.500173
0.500015
0.500067
0.500075
0.500036
0.500063
0.499959
0.500071
0.499961
0.500091
0.500004
0.5001
0.500012
0.500023
0.499964
0.500112
0.499983
0.500047
0.499848
0.500037
0.500168
0.500152
0.500095
0.500045
0.500167
0.500131
0.500094
0.500117
0.500064
0.500124
0.500047
0.500006
0.499949
0.500196
0.499985
0.499851
0.500215
0.499948
0.500095
0.500051
0.500096
0.500198
0.500105
0.500125
0.49997
0.50013
0.50003
0.499968
0.500086
0.500129
0.500134
0.500038
0.500072
0.500173
0.499969
0.500076
0.500112
0.499932
0.499935
0.500082
0.49999
0.500079
0.500303
0.500137
0.499918
0.500213
0.500188
0.500142
0.500133
0.500105
0.500054
0.500206
0.500081
0.500133
0.499924
0.500016
0.500126
0.499963
0.500077
0.50001
0.500139
0.499913
0.500242
0.499981
0.500127
0.499947
0.50001
0.500141
0.500038
0.500024
0.499932
0.499938
0.500089
0.500142
0.500132
0.499869
0.500153
0.500156
0.500138
0.500168
0.499963
0.500025
0.500137
0.499963
0.499965
0.500182
0.500119
0.500142
0.500134
0.499939
0.499952
0.500032
0.500063
0.500181
0.500172
0.500208
0.500111
0.500258
0.499988
0.500123
0.500082
0.499995
0.499967
0.500101
0.500094
0.500059
0.500129
0.499999
0.500117
0.500072
0.499996
0.50002
0.500098
0.500066
0.500019
0.50007
0.500072
0.500126
0.499978
0.500118
0.50016
0.5
0.499999
0.499938
0.500101
0.500216
0.500084
0.500018
0.499916
0.500122
0.50014
0.500189
0.499982
0.49991
0.500171
0.500038
0.500157
0.500217
0.499951
0.500103
0.500198
0.500007
0.500203
0.500255
0.500069
0.500155
0.500179
0.499958
0.500057
0.500123
0.500051
0.500011
0.500115
0.50007
0.500121
0.500119
0.500009
0.500034
0.500002
0.500084
0.500048
0.500061
0.500074
0.500298
0.500163
0.500035
0.50018
0.500236
0.500035
0.500017
0.500089
0.499976
0.500042
0.500276
0.499994
0.500121
0.50003
0.500087
0.500248
0.500063
0.500082
0.499863
0.500104
0.499951
0.500092
0.50029
0.500005
0.500247
0.500036
0.500145
0.499824
0.500108
0.500107
0.500115
0.500185
0.500042
0.500158
0.500194
0.500309
0.500027
0.499919
0.500173
0.499965
0.50004
0.50014
0.500132
0.500125
0.50016
0.500146
0.500044
0.500051
0.500111
0.499993
0.500011
0.50014
0.500095
0.500024
0.500335
0.500273
0.500121
0.50024
0.500015
0.50014
0.50014
0.50018
0.500162
0.499985
0.500018
0.500174
0.499932
0.500115
0.500232
0.500036
0.500179
0.500105
0.500052
0.500119
0.500103
0.50015
0.500137
0.500032
0.500161
0.500261
0.499904
0.500107
0.500058
0.500079
0.500181
0.500109
0.499909
0.500052
0.500001
0.500044
0.500041
0.500123
0.500028
0.500107
0.500095
0.499968
0.499959
0.50011
0.500169
0.499923
0.499948
0.500125
0.499974
0.500211
0.500073
0.500096
0.500001
0.500156
0.500082
0.500064
0.499956
0.500031
0.500168
0.500179
0.500071
0.500113
0.500136
0.500105
0.500115
0.500094
0.500015
0.499997
0.500116
0.5
0.500009
0.500064
0.500085
0.499841
0.500035
0.500097
0.500063
0.500034
0.499997
0.500113
0.500112
0.499796
0.500217
0.49994
0.500014
0.500118
0.500185
0.500065
0.500038
0.500076
0.500233
0.500153
0.499943
0.500226
0.500117
0.500073
0.500174
0.50019
0.500087
0.500112
0.50027
0.500036
0.500123
0.500103
0.50014
0.500232
0.500097
0.499971
0.500166
0.500127
0.500161
0.500032
0.500137
0.500119
0.500209
0.500044
0.500155
0.500164
0.499994
0.500125
0.499952
0.500043
0.500078
0.500305
0.500083
0.500052
0.500186
0.50011
0.500109
0.500188
0.500134
0.500038
0.500023
0.500187
0.499966
0.500023
0.500083
0.500254
0.500139
0.500017
0.500161
0.499983
0.500027
0.500022
0.500058
0.500097
0.500016
0.500046
0.500064
0.500192
0.500135
0.500102
0.500085
0.500101
0.500175
0.500346
0.500115
0.500026
0.500044
0.500087
0.500059
0.500223
0.500195
0.499916
0.500079
0.500129
0.500271
0.500132
0.500059
0.500004
0.500011
0.500158
0.500101
0.500007
0.50032
0.49983
0.500139
0.500236
0.500055
0.50003
0.500209
0.500093
0.500049
0.500158
0.499943
0.500078
0.500238
0.500196
0.500109
0.499858
0.500102
0.500065
0.500068
0.500113
0.500013
0.500073
0.50017
0.500125
0.500096
0.499931
0.500046
0.500187
0.499938
0.500098
0.500056
0.499987
0.500203
0.500127
0.500155
0.500057
0.499981
0.499966
0.500171
0.500073
0.500122
0.499859
0.500043
0.500076
0.500123
0.499985
0.500055
0.499943
0.500047
0.500109
0.500005
0.499897
0.500026
0.500182
0.50009
0.499962
0.500189
0.500179
0.500171
0.500022
0.499973
0.500122
0.499978
0.500086
0.500109
0.499934
0.49997
0.500057
0.500036
0.500125
0.500004
0.500043
0.500272
0.499955
0.500123
0.500208
0.500023
0.500293
0.500168
0.500186
0.500259
0.500127
0.499713
0.500136
0.499908
0.499904
0.49997
0.500068
0.500037
0.500148
0.500048
0.49989
0.50004
0.500017
0.50025
0.500149
0.500065
0.500039
0.500049
0.500109
0.500134
0.500157
0.500093
0.500076
0.500296
0.500228
0.500206
0.500094
0.499959
0.499908
0.499949
0.499967
0.500124
0.500074
0.500227
0.500024
0.500151
0.499962
0.500036
0.500127
0.499983
0.499974
0.500176
0.500118
0.500055
0.500056
0.499957
0.500074
0.500179
0.500209
0.500052
0.500081
0.500012
0.500205
0.500155
0.500031
0.50032
0.499954
0.499927
0.500223
0.500036
0.500075
0.500246
0.500066
0.500056
0.500184
0.500041
0.500101
0.500129
0.500001
0.500258
0.500169
0.500068
0.500139
0.500157
0.5001
0.500113
0.499901
0.500146
0.50001
0.500077
0.500123
0.499908
0.499899
0.500036
0.500208
0.499951
0.499957
0.500127
0.500024
0.500061
0.499989
0.50013
0.500175
0.500156
0.500171
0.49997
0.500141
0.500102
0.500161
0.500191
0.500085
0.500032
0.500077
0.500201
0.500001
0.50001
0.500161
0.500234
0.500087
0.500089
0.500131
0.500201
0.500001
0.500004
0.500181
0.500039
0.500029
0.50018
0.499801
0.500118
0.499999
0.500215
0.499899
0.500127
0.500147
0.499833
0.500284
0.500155
0.500097
0.500146
0.500159
0.499998
0.500041
0.500193
0.500021
0.500127
0.500064
0.500085
0.50002
0.499995
0.499934
0.499936
0.499892
0.499945
0.500049
0.500116
0.499852
0.500214
0.500009
0.500181
0.500337
0.499985
0.499915
0.500315
0.500061
0.500335
0.500196
0.500187
0.500174
0.500105
0.499966
0.500083
0.500061
0.500183
0.500149
0.500056
0.499949
0.500294
0.500052
0.500056
0.50011
0.499975
0.499985
0.500028
0.50027
0.500118
0.500001
0.500197
0.500088
0.50017
0.499956
0.500024
0.50008
0.499959
0.500171
0.500115
0.500048
0.50019
0.500082
0.500062
0.500119
0.500101
0.500167
0.499939
0.500044
0.500001
0.499901
0.500045
0.499995
0.499969
0.499971
0.5001
0.499936
0.500176
0.500144
0.500159
0.500068
0.500211
0.500044
0.500258
0.500173
0.500095
0.500059
0.500085
0.500117
0.500038
0.500168
0.50019
0.500273
0.50015
0.500073
0.499961
0.500138
0.500109
0.500082
0.499955
0.500131
0.500224
0.500123
0.500049
0.50005
0.500202
0.500147
0.500096
0.500136
0.500106
0.500003
0.500086
0.499936
0.500185
0.50019
0.500037
0.499957
0.50012
0.500189
0.500232
0.500008
0.500233
0.500252
0.500055
0.50006
0.500101
0.500001
0.500071
0.499993
0.500162
0.500221
0.500114
0.499996
0.500074
0.500128
0.500056
0.499978
0.49998
0.500176
0.500246
0.49993
0.499902
0.500113
0.500222
0.500175
0.500009
0.500032
0.500297
0.49998
0.499961
0.500011
0.500108
0.500101
0.499957
0.50007
0.500067
0.500269
0.500246
0.499977
0.499881
0.500101
0.500075
0.50016
0.500085
0.500124
0.500322
0.50011
0.500161
0.500087
0.500177
0.500078
0.500068
0.500086
0.500213
0.500137
0.500015
0.499964
0.500096
0.500118
0.50015
0.500206
0.500278
0.500114
0.500148
0.500044
0.500293
0.500103
0.499976
0.500116
0.499893
0.500055
0.500018
0.500144
0.499987
0.500006
0.499991
0.500002
0.500204
0.500029
0.500111
0.500034
0.500009
0.500062
0.500072
0.500224
0.500297
0.499912
0.500051
0.500109
0.500247
0.5
0.499857
0.500144
0.499986
0.500185
0.499936
0.500095
0.500199
0.500159
0.500113
0.50024
0.500148
0.49999
0.499982
0.50021
0.500204
0.500182
0.500208
0.500291
0.500097
0.500227
0.500064
0.500063
0.500111
0.500194
0.500095
0.500094
0.50015
0.500069
0.500069
0.500072
0.500191
0.500117
0.500113
0.50009
0.500233
0.500084
0.500262
0.500192
0.500275
0.500145
0.499728
0.500139
0.50004
0.500093
0.500083
0.499889
0.500013
0.500203
0.499964
0.499919
0.50007
0.500003
0.500206
0.500355
0.500153
0.499998
0.500042
0.500252
0.500038
0.500175
0.500223
0.500103
0.500024
0.500012
0.500218
0.50007
0.500093
0.50028
0.500154
0.500182
0.500124
0.500407
0.500197
0.500051
0.500063
0.500054
0.500014
0.499876
0.500219
0.500174
0.50008
0.500113
0.499923
0.50016
0.500213
0.499816
0.500088
0.500072
0.500146
0.500211
0.500033
0.500112
0.500128
0.500109
0.500173
0.500135
0.500052
0.500038
0.500236
0.500027
0.50019
0.500149
0.500052
0.499971
0.5002
0.500118
0.50002
0.500289
0.500229
0.500026
0.500162
0.500015
0.500094
0.500034
0.49996
0.500066
0.500098
0.500187
0.499975
0.500111
0.500193
0.4999
0.500155
0.500131
0.500187
0.500051
0.500003
0.500041
0.500089
0.500026
0.500068
0.499941
0.500136
0.500129
0.499845
0.500223
0.499974
0.5002
0.50017
0.500072
0.500012
0.500136
0.499974
0.499882
0.500005
0.500016
0.500152
0.500091
0.500209
0.500026
0.500165
0.500178
0.500006
0.500331
0.500114
0.499953
0.499965
0.499979
0.500152
0.499867
0.500222
0.500197
0.500098
0.500099
0.500228
0.499982
0.50014
0.499965
0.50002
0.500296
0.500097
0.500008
0.500226
0.499957
0.500053
0.500206
0.500147
0.499993
0.5
0.500016
0.50003
0.500164
0.500063
0.500115
0.500002
0.500148
0.499942
0.500113
0.500031
0.499983
0.50005
0.500175
0.500001
0.500145
0.500128
0.500038
0.500004
0.500197
0.500003
0.500047
0.500082
0.500121
0.500081
0.500107
0.500105
0.500135
0.500232
0.499927
0.500114
0.499979
0.500021
0.500029
0.500002
0.5
0.500075
0.499981
0.500014
0.5002
0.499918
0.500033
0.500198
0.500072
0.500052
0.5001
0.499951
0.500215
0.500169
0.500126
0.500263
0.499901
0.499953
0.499924
0.500013
0.500049
0.500138
0.500131
0.499944
0.500094
0.500139
0.500062
0.499902
0.500248
0.500175
0.500075
0.500127
0.499946
0.500208
0.500005
0.500268
0.500125
0.50012
0.499976
0.499988
0.499938
0.500036
0.49995
0.500239
0.500003
0.500066
0.49997
0.499916
0.50006
0.500254
0.50001
0.50015
0.500063
0.499982
0.49991
0.499983
0.500035
0.50018
0.500147
0.499994
0.499998
0.500058
0.499936
0.500073
0.500036
0.499992
0.500377
0.500116
0.500167
0.500241
0.499958
0.50008
0.500087
0.499948
0.500172
0.500108
0.500045
0.499973
0.499915
0.499927
0.500317
0.50002
0.500105
0.500032
0.500106
0.500054
0.499946
0.500145
0.500058
0.500063
0.500127
0.500004
0.500343
0.500079
0.500179
0.50002
0.500089
0.500206
0.500144
0.50004
0.500132
0.500169
0.500068
0.500202
0.500364
0.499991
0.500218
0.500185
0.500003
0.50006
0.500179
0.499959
0.49995
0.500218
0.500179
0.500077
0.500024
0.500161
0.500209
0.500084
0.500373
0.50004
0.499955
0.50027
0.500125
0.500162
0.50002
0.500144
0.500094
0.500223
0.50018
0.499976
0.500021
0.49998
0.500168
0.500012
0.500064
0.500079
0.500031
0.499888
0.500105
0.500046
0.500083
0.499935
0.500285
0.500095
0.500163
0.500294
0.500172
0.500202
0.500024
0.500131
0.500001
0.500148
0.500131
0.499938
0.500087
0.499972
0.499944
0.500051
0.50023
0.499953
0.500117
0.500067
0.500135
0.500154
0.500087
0.49991
0.499869
0.500167
0.500048
0.500134
0.500027
0.499916
0.499858
0.499996
0.500146
0.499947
0.499908
0.500017
0.499954
0.500162
0.500301
0.500042
0.499895
0.500193
0.499917
0.500212
0.500031
0.500199
0.500134
0.500078
0.500058
0.500099
0.500304
0.499752
0.50005
0.500037
0.499879
0.500058
0.50024
0.500126
0.500017
0.499909
0.500071
0.500058
0.500216
0.49996
0.500156
0.500207
0.500015
0.500013
0.500188
0.500208
0.500014
0.500109
0.499954
0.500194
0.500225
0.500093
0.500112
0.499825
0.500263
0.499945
0.499994
0.500024
0.500122
0.500064
0.500102
0.500061
0.500241
0.500051
0.500266
0.500198
0.500216
0.500109
0.500082
0.500017
0.499968
0.50006
0.500317
0.500152
0.500157
0.500169
0.49993
0.500081
0.500178
0.500246
0.500128
0.500061
0.500159
0.50022
0.500055
0.500201
0.500137
0.500056
0.500012
0.499902
0.500215
0.499711
0.500103
0.500234
0.499987
0.499987
0.500092
0.499955
0.499988
0.500254
0.499952
0.500137
0.499934
0.500054
0.50002
0.50003
0.500118
0.500007
0.50016
0.500042
0.500083
0.500052
0.500183
0.500165
0.500047
0.500158
0.499993
0.500102
0.500002
0.500053
0.500134
0.500354
0.500128
0.49985
0.500159
0.500043
0.500239
0.500022
0.499886
0.500204
0.500211
0.50011
0.50007
0.500016
0.500241
0.500224
0.499985
0.500133
0.500204
0.499991
0.500168
0.499946
0.500041
0.500095
0.499988
0.500183
0.500091
0.500087
0.500135
0.500033
0.500098
0.500176
0.500275
0.500006
0.500078
0.49996
0.500052
0.500151
0.500174
0.500084
0.500218
0.500239
0.500047
0.500099
0.500049
0.500187
0.500055
0.500144
0.500157
0.500005
0.500272
0.500079
0.500195
0.49998
0.500127
0.500152
0.500117
0.499848
0.500061
0.500197
0.500117
0.500154
0.500154
0.500334
0.500008
0.500137
0.500082
0.500101
0.50012
0.500086
0.500107
0.500242
0.500137
0.499948
0.500106
0.500073
0.499978
0.500034
0.500126
0.500087
0.50017
0.500138
0.500219
0.500119
0.500079
0.500162
0.500011
0.500066
0.500218
0.500019
0.500029
0.500252
0.499991
0.500128
0.500256
0.500221
0.500217
0.500033
0.499998
0.499934
0.500058
0.499937
0.500091
0.500132
0.499964
0.500214
0.500102
0.500098
0.499837
0.500033
0.500003
0.500266
0.500023
0.500116
0.499886
0.500151
0.500127
0.500071
0.500099
0.499852
0.500076
0.500126
0.499929
0.500008
0.500196
0.500116
0.500214
0.500039
0.500085
0.499996
0.500061
0.4999
0.499962
0.499739
0.500036
0.500119
0.500024
0.499984
0.500076
0.499841
0.499965
0.500098
0.499994
0.500096
0.500029
0.499896
0.500122
0.500151
0.499975
0.499968
0.500082
0.499966
0.500048
0.500142
0.5002
0.500137
0.500169
0.500097
0.500113
0.500082
0.500223
0.500064
0.499847
0.500019
0.500105
0.500066
0.499954
0.499989
0.500457
0.499951
0.499899
0.500072
0.500124
0.500029
0.499836
0.500173
0.500112
0.500141
0.500276
0.499992
0.500193
0.499802
0.500181
0.499979
0.500001
0.500112
0.500019
0.500171
0.500204
0.500211
0.500156
0.499936
0.500047
0.500126
0.499964
0.500224
0.500073
0.499987
0.500059
0.500083
0.500179
0.500109
0.500037
0.500089
0.50018
0.500352
0.500029
0.499861
0.500016
0.499952
0.500006
0.500143
0.500304
0.499922
0.49996
0.500106
0.500128
0.500024
0.500161
0.499965
0.500057
0.500074
0.500003
0.500077
0.500125
0.500064
0.50018
0.500166
0.500096
0.500113
0.500259
0.500186
0.500003
0.500033
0.500202
0.500289
0.499948
0.500025
0.500101
0.499946
0.500176
0.500141
0.500191
0.499874
0.500143
0.499939
0.500168
0.500204
0.500001
0.500001
0.500185
0.500108
0.500174
0.500211
0.500206
0.500242
0.499962
0.500045
0.49993
0.500045
0.500082
0.500046
0.500142
0.500107
0.50017
0.500041
0.50021
0.500191
0.500165
0.500101
0.500223
0.499914
0.500128
0.500183
0.500032
0.500133
0.499973
0.499987
0.500027
0.500138
0.500295
0.500116
0.50017
0.500105
0.49999
0.500118
0.500222
0.500086
0.500188
0.50014
0.500105
0.500291
0.500223
0.500063
0.500133
0.500317
0.500164
0.500131
0.50009
0.500121
0.500177
0.500135
0.500079
0.500118
0.500136
0.499844
0.499962
0.499931
0.499986
0.50046
0.500157
0.500153
0.499922
0.500189
0.499981
0.499966
0.500264
0.500199
0.500142
0.499859
0.500066
0.499936
0.499918
0.499978
0.50008
0.50016
0.500071
0.500028
0.500043
0.500281
0.500199
0.500087
0.499934
0.500122
0.50006
0.500075
0.499916
0.500011
0.500109
0.500059
0.500231
0.500006
0.500162
0.500056
0.499986
0.500192
0.500294
0.49994
0.500072
0.499924
0.500245
0.500043
0.500047
0.500065
0.500129
0.500101
0.499906
0.499886
0.500202
0.500073
0.50002
0.500371
0.500091
0.500069
0.499949
0.500032
0.499949
0.500207
0.500162
0.500027
0.500046
0.500212
0.500196
0.500147
0.500148
0.499928
0.499933
0.500004
0.499961
0.500058
0.500125
0.50003
0.500166
0.500149
0.499945
0.500125
0.500232
0.500188
0.500138
0.500068
0.500112
0.500294
0.499981
0.500179
0.499911
0.500146
0.500129
0.500291
0.499994
0.500323
0.499918
0.500033
0.500026
0.500093
0.500096
0.500102
0.500008
0.50011
0.499976
0.500002
0.499913
0.50027
0.500073
0.500219
0.500068
0.50003
0.500119
0.500154
0.500167
0.500085
0.500245
0.499986
0.500243
0.499947
0.50004
0.500244
0.500163
0.500078
0.499977
0.500199
0.500251
0.500092
0.50011
0.499955
0.500115
0.500034
0.50009
0.500151
0.499964
0.500197
0.500109
0.499912
0.500074
0.500105
0.499953
0.500178
0.500174
0.500223
0.500066
0.499888
0.500112
0.500051
0.500069
0.499979
0.500164
0.499916
0.500021
0.500216
0.500066
0.500092
0.499988
0.500076
0.500158
0.500099
0.500067
0.500223
0.499891
0.499912
0.500061
0.50022
0.500163
0.50016
0.500264
0.500179
0.500234
0.50008
0.499982
0.499887
0.500136
0.500158
0.49979
0.499999
0.499995
0.500049
0.499919
0.500064
0.50009
0.499919
0.500251
0.500228
0.500111
0.500087
0.499827
0.500028
0.500002
0.500091
0.50021
0.500173
0.500043
0.499855
0.499989
0.500041
0.500085
0.500299
0.500047
0.500074
0.500102
0.500222
0.500086
0.500039
0.500037
0.49998
0.500194
0.500177
0.50015
0.500132
0.499917
0.500295
0.500126
0.499964
0.500101
0.500052
0.500134
0.50005
0.499941
0.500059
0.500211
0.499965
0.500221
0.500259
0.500098
0.499991
0.500004
0.500013
0.50017
0.500165
0.499991
0.500134
0.50002
0.500022
0.500215
0.500226
0.500002
0.500198
0.500062
0.500006
0.499993
0.50024
0.500101
0.500177
0.500201
0.500108
0.499998
0.500033
0.499974
0.500097
0.499998
0.500174
0.500138
0.50009
0.500156
0.500102
0.500302
0.500099
0.500026
0.500084
0.500212
0.500067
0.499874
0.500209
0.500244
0.500037
0.49999
0.500151
0.499873
0.500129
0.499957
0.50012
0.500066
0.500093
0.500019
0.500174
0.500046
0.50008
0.500066
0.500267
0.50008
0.500159
0.500196
0.500073
0.500097
0.500248
0.500202
0.500176
0.500014
0.500151
0.500062
0.500097
0.500218
0.50011
0.499941
0.500193
0.500144
0.500255
0.500236
0.500257
0.500059
0.500038
0.500003
0.500134
0.500127
0.499949
0.500057
0.500115
0.499827
0.500254
0.500132
0.500072
0.500067
0.500072
0.499966
0.500108
0.500136
0.500097
0.500098
0.500168
0.500064
0.500094
0.500135
0.500049
0.499999
0.500218
0.500052
0.50024
0.499966
0.499931
0.49996
0.500016
0.50006
0.500105
0.500027
0.500148
0.500237
0.50015
0.500142
0.500059
0.500014
0.500089
0.500201
0.500111
0.499978
0.499832
0.500169
0.499981
0.500081
0.500045
0.499999
0.500106
0.499989
0.50004
0.500229
0.499959
0.500025
0.500073
0.499936
0.500135
0.500279
0.500072
0.499998
0.499924
0.50012
0.500042
0.499968
0.500186
0.499849
0.500024
0.500287
0.500182
0.500018
0.500093
0.499998
0.500152
0.500011
0.500157
0.500051
0.500004
0.499945
0.500159
0.500164
0.500145
0.500268
0.500173
0.500026
0.500281
0.50002
0.500282
0.499998
0.500146
0.500145
0.500173
0.500256
0.49977
0.500049
0.500187
0.499973
0.500098
0.500045
0.500094
0.50043
0.499908
0.500115
0.500146
0.499976
0.500158
0.500052
0.500097
0.500023
0.500112
0.499936
0.500081
0.499991
0.500044
0.500103
0.500003
0.499982
0.500091
0.500012
0.500064
0.500094
0.499922
0.500157
0.500201
0.499986
0.500177
0.500046
0.500215
0.50013
0.500143
0.500195
0.500104
0.500134
0.499851
0.500053
0.500201
0.500178
0.500094
0.500228
0.499974
0.500065
0.499979
0.50017
0.500178
0.500015
0.500057
0.500169
0.500134
0.500208
0.500254
0.500007
0.500189
0.500167
0.500082
0.500114
0.500068
0.50008
0.500223
0.499944
0.500116
0.500244
0.500232
0.500144
0.500192
0.500123
0.500073
0.499984
0.500073
0.499947
0.50013
0.500108
0.500077
0.500132
0.500193
0.50007
0.500099
0.500187
0.500179
0.500195
0.500207
0.500201
0.500254
0.500217
0.500268
0.500043
0.500285
0.500225
0.500041
0.500219
0.50009
0.500072
0.5001
0.50008
0.500174
0.500157
0.500181
0.500177
0.500147
0.499998
0.499929
0.500146
0.500041
0.500387
0.500243
0.500033
0.500135
0.499987
0.500014
0.500146
0.500231
0.500045
0.500122
0.500122
0.499954
0.500028
0.500084
0.500057
0.500099
0.500067
0.500197
0.499931
0.500229
0.500049
0.500184
0.500027
0.500094
0.500323
0.500101
0.500012
0.500048
0.500079
0.500025
0.500072
0.499996
0.500101
0.499924
0.500293
0.50006
0.500126
0.500149
0.500068
0.499943
0.500003
0.500066
0.500201
0.499819
0.500045
0.50011
0.500277
0.500065
0.500223
0.499901
0.500214
0.500072
0.500071
0.50012
0.500084
0.500091
0.500056
0.500119
0.500027
0.500132
0.50006
0.500121
0.500167
0.5
0.500056
0.500142
0.499996
0.500113
0.500131
0.500109
0.499951
0.499926
0.500202
0.50034
0.500233
0.500146
0.499967
0.500192
0.500212
0.499994
0.500066
0.500156
0.500023
0.500002
0.50019
0.500191
0.500076
0.500098
0.500068
0.500123
0.50004
0.50012
0.499935
0.500123
0.500123
0.500035
0.500155
0.500253
0.500132
0.500077
0.500087
0.500131
0.500204
0.500016
0.500127
0.499904
0.500065
0.500027
0.500156
0.499941
0.50004
0.500263
0.500212
0.500025
0.499845
0.499955
0.500069
0.499987
0.500164
0.500129
0.50007
0.500089
0.499985
0.500069
0.500079
0.50007
0.500117
0.499969
0.500111
0.50017
0.500181
0.500142
0.500156
0.500168
0.499998
0.500245
0.500038
0.500055
0.499991
0.50008
0.500233
0.499998
0.500169
0.499955
0.500074
0.500043
0.500131
0.500024
0.500083
0.500081
0.5001
0.500025
0.500221
0.500276
0.500291
0.500133
0.500202
0.500038
0.50016
0.499931
0.500032
0.499969
0.499985
0.499976
0.500079
0.500057
0.499972
0.500265
0.500114
0.500206
0.500026
0.499892
0.499958
0.500167
0.500066
0.499966
0.500229
0.500037
0.499968
0.50013
0.500039
0.500137
0.50003
0.500076
0.500049
0.500166
0.499935
0.500182
0.500019
0.500084
0.500042
0.499968
0.500226
0.500104
0.500201
0.500131
0.50009
0.499906
0.500226
0.500033
0.500157
0.500023
0.49985
0.500283
0.500054
0.500067
0.500166
0.499998
0.500149
0.500336
0.500058
0.499931
0.500505
0.500066
0.499938
0.499969
0.499938
0.500391
0.500187
0.500102
0.499962
0.500058
0.500199
0.500041
0.500056
0.50022
0.500139
0.499874
0.499902
0.500294
0.500006
0.499984
0.500149
0.500184
0.500188
0.500125
0.500149
0.499916
0.500207
0.500179
0.500224
0.500261
0.499978
0.500101
0.500023
0.499858
0.500017
0.5002
0.500147
0.500068
0.500198
0.499962
0.49997
0.50008
0.500178
0.500054
0.500165
0.500158
0.500243
0.50013
0.500138
0.500093
0.500261
0.500102
0.500104
0.499951
0.500055
0.500344
0.500128
0.500189
0.500358
0.500044
0.499934
0.500155
0.500124
0.500235
0.500058
0.500027
0.500101
0.500038
0.500143
0.500201
0.500351
0.500145
0.500074
0.500104
0.499906
0.500229
0.50025
0.500124
0.500142
0.499935
0.500039
0.500034
0.500156
0.499983
0.500158
0.500205
0.500161
0.500198
0.500052
0.500253
0.500062
0.500023
0.500164
0.500177
0.500172
0.500147
0.500141
0.500074
0.500053
0.499976
0.500206
0.500107
0.500005
0.500204
0.499909
0.500035
0.500029
0.499873
0.500076
0.500145
0.499841
0.500011
0.500196
0.499896
0.499984
0.500075
0.500165
0.500071
0.500096
0.500224
0.500144
0.499899
0.500196
0.500051
0.50012
0.500293
0.500055
0.500238
0.500112
0.500102
0.500211
0.499922
0.500397
0.500037
0.500661
0.500049
0.500047
0.500089
0.500199
0.500161
0.500126
0.499858
0.499992
0.500125
0.500219
0.500381
0.500144
0.500069
0.49992
0.500062
0.500122
0.499906
0.500155
0.500248
0.499984
0.500408
0.500103
0.499944
0.500347
0.500027
0.500165
0.500254
0.500352
0.500102
0.500342
0.500091
0.499953
0.499924
0.499989
0.500201
0.50013
0.500136
0.500437
0.500323
0.500138
0.500032
0.500097
0.500374
0.499948
0.500066
0.500108
0.500136
0.500173
0.50017
0.500095
0.5
0.500077
0.500084
0.50009
0.500086
0.499958
0.500066
0.499925
0.500296
0.500038
0.500157
0.499956
0.500231
0.500014
0.500101
0.500096
0.500078
0.500033
0.500085
0.500074
0.500343
0.500176
0.500088
0.500291
0.499989
0.500139
0.500045
0.499992
0.500108
0.500102
0.500073
0.499921
0.500092
0.499926
0.499914
0.500254
0.500064
0.500226
0.500054
0.500005
0.500101
0.500263
0.500144
0.50034
0.500159
0.500137
0.500083
0.500024
0.499999
0.500048
0.500121
0.500181
0.50007
0.500073
0.500008
0.500104
0.500105
0.5002
0.500156
0.500211
0.499865
0.500199
0.500246
0.500368
0.500064
0.500235
0.499965
0.500321
0.500267
0.499974
0.50016
0.500092
0.500222
0.500122
0.500098
0.500062
0.500164
0.500286
0.499937
0.500234
0.500268
0.499978
0.500108
0.499939
0.500244
0.500067
0.500098
0.499968
0.500011
0.500003
0.499965
0.500044
0.499953
0.500185
0.500081
0.500162
0.500047
0.500112
0.500186
0.500348
0.50007
0.500015
0.499999
0.500096
0.50008
0.500237
0.500167
0.500162
0.500063
0.500151
0.4999
0.500145
0.500163
0.500275
0.500309
0.500103
0.4998
0.500127
0.499956
0.500076
0.500084
0.499914
0.499925
0.4999
0.500028
0.499973
0.500005
0.500421
0.500028
0.500283
0.499889
0.500222
0.500094
0.500174
0.500105
0.500191
0.500214
0.500178
0.500087
0.499896
0.50019
0.5001
0.500062
0.500196
0.500008
0.500361
0.500193
0.500111
0.499946
0.500037
0.500122
0.500002
0.50016
0.500104
0.500143
0.500145
0.500022
0.499905
0.500041
0.499855
0.499968
0.499952
0.50019
0.500139
0.500148
0.500193
0.499938
0.500111
0.500118
0.500076
0.500472
0.500044
0.500507
0.500361
0.50019
0.500695
0.499903
0.500059
0.500306
0.500124
0.50007
0.500415
0.500277
0.499946
0.500455
0.500089
0.500225
0.500299
0.50023
0.50002
0.499909
0.500075
0.499956
0.500263
0.500074
0.50011
0.50012
0.500144
0.500198
0.500035
0.5002
0.500023
0.500088
0.500086
0.500216
0.500216
0.499993
0.500083
0.499939
0.49996
0.500065
0.500122
0.499986
0.50004
0.500232
0.499983
0.500228
0.500193
0.500574
0.499795
0.500019
0.500056
0.500209
0.500112
0.500384
0.500068
0.500252
0.500072
0.500358
0.500124
0.500593
0.500354
0.500268
0.500243
0.500168
0.5002
0.500235
0.500255
0.500036
0.500169
0.50005
0.500049
0.500246
0.500124
0.500017
0.500272
0.500091
0.500111
0.500278
0.499966
0.500175
0.499992
0.500073
0.500066
0.500002
0.500166
0.499842
0.500151
0.5002
0.500037
0.500144
0.500133
0.500103
0.499951
0.499921
0.499864
0.500227
0.500084
0.500067
0.500193
0.500193
0.500203
0.50014
0.499962
0.499978
0.500064
0.500264
0.500094
0.49994
0.500076
0.500346
0.500115
0.500081
0.50013
0.500198
0.499965
0.500081
0.500046
0.500087
0.500079
0.500156
0.500259
0.500056
0.500091
0.499933
0.499978
0.500088
0.500196
0.50008
0.500162
0.500145
0.499943
0.500044
0.499932
0.500176
0.500132
0.499924
0.500141
0.500043
0.499949
0.500095
0.500011
0.500091
0.499992
0.500183
0.500092
0.500256
0.5001
0.499953
0.499986
0.500061
0.500144
0.500151
0.500056
0.50027
0.499753
0.500004
0.499985
0.499911
0.500108
0.500035
0.499966
0.500092
0.500103
0.500083
0.500062
0.499978
0.50013
0.499927
0.500034
0.499888
0.500032
0.500118
0.49998
0.499866
0.500134
0.499963
0.500025
0.500066
0.500019
0.500067
0.500153
0.500132
0.500076
0.500044
0.500182
0.499966
0.500243
0.500187
0.500104
0.500195
0.500208
0.500067
0.499981
0.500102
0.500275
0.500143
0.499978
0.499929
0.500188
0.500168
0.500203
0.500061
0.500023
0.500299
0.500074
0.50009
0.500113
0.500089
0.500105
0.500073
0.500095
0.50015
0.500085
0.500118
0.500083
