    2056
   10012
   12537
   19538
   26387
   32042
   36259
   44315
   46870
   54948
   59064
   65236
   72843
   74346
   84809
   93588
   96373
   99392
  105460
  109754
  117813
  122081
  125676
  139448
  145911
  146743
  156242
  157112
  170325
  176751
  178031
  186381
  187490
  201390
  204335
  216139
  208946
  227254
  238959
  240490
  245210
  245399
  259390
  261709
  277190
  281238
  289685
  289379
  305285
  306943
  312944
  321682
  329617
  338761
  347478
  352207
  364386
  370013
  377380
  381867
  384833
  395804
  400872
  418359
  423236
  426968
  439287
  439721
  462219
  462950
  484884
  490901
  485643
  499704
  518487
  512098
  529172
  534187
  552679
  558152
  574528
  569633
  576365
  596055
  596581
  608137
  611803
  652238
  625492
  635536
  652982
  681973
  676336
  692938
  699378
  708224
  713405
  732418
  744073
  751128
  765753
  774364
  793157
  798006
  805716
  829404
  827238
  847430
  860341
  880371
  883064
  895325
  900163
  919354
  941909
  938732
  949852
  979365
  998535
  994827
 1000720
 1021868
 1049014
 1048502
 1068507
 1060262
 1097701
 1103096
 1118522
 1134638
 1131453
 1169707
 1166902
 1190255
 1208720
 1205873
 1218287
 1235703
 1255525
 1271380
 1279911
 1313466
 1335784
 1323822
 1341643
 1366284
 1370575
 1390741
 1405349
 1438183
 1429923
 1449790
 1471913
 1486706
 1516130
 1511247
 1538134
 1562781
 1572954
 1569959
 1584669
 1626356
 1636696
 1658073
 1658488
 1684316
 1721646
 1719792
 1772303
 1752050
 1769100
 1797829
 1830256
 1834274
 1842482
 1861972
 1868953
 1899524
 1910705
 1951194
 1970776
 2005777
 1994371
 2021971
 2022561
 2064901
 2073416
 2099509
 2111817
 2125473
 2173304
 2174384
 2173591
 2206289
 2202738
 2246275
 2245886
 2279480
 2302053
 2307681
 2336604
 2370449
 2366971
 2407582
 2406063
 2457467
 2455589
 2485248
 2477303
 2542569
 2525444
 2538386
 2568328
 2596970
 2636064
 2607132
 2659893
 2681556
 2701667
 2725733
 2714114
 2760256
 2773956
 2800104
 2805713
 2838163
 2834833
 2865232
 2877134
 2903644
 2951998
 2949425
 2972117
 2964170
 3011196
 3018543
 3066112
 3088613
 3060018
 3097087
 3105741
 3131055
 3154693
 3167811
 3217856
 3249456
 3243641
 3245303
 3284836
 3320646
 3314555
 3328069
 3364330
 3419822
 3414126
 3408115
 3465565
 3464908
 3466083
 3503319
 3537999
 3532699
 3526135
 3568102
 3588417
 3591012
 3633136
 3616865
 3651580
 3664812
 3664637
 3696009
 3729603
 3738019
 3754238
 3782032
 3794699
 3827323
 3821874
 3825206
 3869217
 3898648
 3903025
 3920511
 3949586
 3966359
 4009516
 4005738
 3981405
 4017877
 4010357
 4045927
 4087581
 4108278
 4072319
 4124655
 4117838
 4188265
 4197165
 4158990
 4224476
 4265103
 4220011
 4258085
 4274701
 4291498
 4279855
 4300586
 4316358
 4349777
 4349045
 4366765
 4408490
 4412746
 4424996
 4443283
 4441658
 4454683
 4433098
 4449909
 4488148
 4501106
 4549424
 4551674
 4534422
 4533766
 4555824
 4614456
 4591799
 4596061
 4620564
 4663675
 4626362
 4685217
 4711110
 4683647
 4720881
 4760766
 4733126
 4736295
 4787425
 4762747
 4776683
 4829140
 4809268
 4800376
 4806477
 4859026
 4863390
 4862298
 4857693
 4869865
 4867809
 4889760
 4915671
 4897033
 4924761
 4941362
 4948059
 4990368
 4988649
 4970014
 4999823
 5016555
 5032044
 5006579
 5044252
 5120108
 5059985
 5051109
 5063425
 5103568
 5077867
 5093231
 5088851
 5111818
 5141895
 5159499
 5142092
 5136947
 5190919
 5152767
 5159242
 5208408
 5181703
 5227133
 5236382
 5200835
 5246416
 5210940
 5268856
 5287388
 5290113
 5292563
 5280839
 5320508
 5296833
 5355701
 5305789
 5317009
 5303754
 5359995
 5381837
 5383110
 5372959
 5347400
 5372860
 5376732
 5400323
 5384710
 5384564
 5422599
 5436691
 5388128
 5459260
 5439961
 5424252
 5411598
 5464136
 5449141
 5441498
 5441172
 5455219
 5504045
 5473338
 5483916
 5501534
 5524078
 5500747
 5513144
 5560022
 5538725
 5532907
 5543495
 5591667
 5546506
 5567019
 5564511
 5591164
 5574779
 5607940
 5603426
 5589250
 5623089
 5572704
 5630784
 5623891
 5620894
 5684665
 5673828
 5659564
 5633360
 5666191
 5698511
 5696989
 5699680
 5740721
 5702242
 5724144
 5707698
 5741125
 5769437
 5702914
 5740204
 5754858
 5766496
 5750074
 5758639
 5741779
 5840699
 5796686
 5793078
 5816775
 5825907
 5823885
 5823049
 5799780
 5831843
 5825564
 5851222
 5886630
 5881585
 5848829
 5895306
 5887549
 5899658
 5916853
 5908476
 5896003
 5890081
 5917441
 5947123
 5966407
 5937085
 5966057
 5938876
 6002136
 6011799
 5984945
 6017465
 5972241
 5973290
 6015904
 6025744
 6008572
 6035108
 6056850
 6065573
 6081588
 6060153
 6071380
 6092813
 6100913
 6067030
 6107401
 6088975
 6136786
 6144679
 6119589
 6159412
 6131975
 6181097
 6141817
 6145366
 6147412
 6165301
 6184898
 6200130
 6192210
 6219250
 6283811
 6210130
 6280387
 6216876
 6256296
 6259381
 6253367
 6270264
 6276264
 6310931
 6297250
 6324121
 6326806
 6304095
 6356660
 6322514
 6351508
 6316943
 6384957
 6408837
 6390813
 6374431
 6418323
 6429445
 6425709
 6444503
 6437197
 6438028
 6441481
 6460317
 6470501
 6462788
 6511621
 6507466
 6442845
 6485306
 6562182
 6539301
 6595680
 6555831
 6609023
 6587506
 6560094
 6632354
 6618906
 6641955
 6611194
 6642236
 6643200
 6640058
 6656158
 6644063
 6656128
 6695623
 6666475
 6688518
 6687037
 6709573
 6709279
 6734596
 6746534
 6728568
 6737023
 6772859
 6815076
 6767107
 6811329
 6806735
 6810089
 6842777
 6851027
 6842175
 6863244
 6838094
 6856235
 6909227
 6897477
 6908527
 6883498
 6936883
 6947896
 6946047
 6952514
 6920508
 6964050
 6931337
 7005417
 7044023
 6968412
 7021324
 7015794
 7069896
 7086025
 7050990
 7071544
 7080718
 7101412
 7061969
 7076211
 7098233
 7094210
 7193572
 7107134
 7134588
 7167428
 7135098
 7209269
 7212612
 7230450
 7217560
 7198435
 7207878
 7250725
 7259515
 7231262
 7278314
 7251829
 7325090
 7306397
 7295370
 7291659
 7323594
 7374800
 7339031
 7344194
 7341799
 7368076
 7379268
 7410819
 7399317
 7449168
 7419735
 7455423
 7481963
 7479897
 7472129
 7469676
 7487523
 7465734
 7489635
 7555736
 7551239
 7521772
 7503049
 7559220
 7548951
 7564876
 7625989
 7644399
 7603288
 7638740
 7595591
 7623822
 7654937
 7697191
 7687726
 7708370
 7693227
 7718104
 7718700
 7702189
 7728395
 7745266
 7751163
 7828264
 7797089
 7742803
 7815507
 7832326
 7823932
 7786918
 7842023
 7907619
 7864911
 7932379
 7852014
 7885941
 7950382
 7974566
 7972570
 7990806
 7961883
 7976038
 7988118
 7999140
 8044886
 8021619
 8010055
 8054233
 8018402
 8034919
 8057507
 8092569
 8109847
 8157053
 8097461
 8126033
 8112147
 8157475
 8189692
 8153086
 8179310
 8230570
 8235667
 8264468
 8240645
 8293059
 8273045
 8260050
 8335058
 8328122
 8356844
 8365999
 8323674
 8348722
 8451129
 8418875
 8385617
 8429084
 8473969
 8449947
 8462442
 8449382
 8482519
 8498787
 8526064
 8494771
 8546649
 8528947
 8594668
 8620025
 8601968
 8648259
 8653751
 8659531
 8694432
 8671659
 8717728
 8689378
 8700014
 8722170
 8678863
 8757457
 8673661
 8778615
 8847481
 8802921
 8788498
 8856528
 8839260
 8847254
 8865212
 8901166
 8903190
 8921462
 8910655
 8933160
 8975796
 8971904
 8923327
 8951060
 8982073
 9013110
 8998873
 9098584
 9050967
 9082784
 9077756
 9078015
 9118165
 9118818
 9108538
 9171551
 9136099
 9168523
 9204336
 9160674
 9190689
 9247690
 9227828
 9244158
 9251713
 9294787
 9309449
 9282535
 9273931
 9351200
 9392700
 9313809
 9373714
 9377001
 9437688
 9358404
 9396900
 9489392
 9409099
 9435396
 9435884
 9487014
 9463918
 9486424
 9457863
 9537350
 9498742
 9521104
 9510199
 9597472
 9562545
 9601956
 9595693
 9662361
 9599274
 9594780
 9613388
 9601405
 9648404
 9691056
 9640703
 9719886
 9673237
 9702814
 9726094
 9707236
 9767392
 9763104
 9776351
 9795383
 9785314
 9720170
 9810991
 9829695
 9822218
 9850525
 9809636
 9815004
 9786782
 9850422
 9794992
 9826941
 9839608
 9865166
 9877285
 9906379
 9936670
 9897344
 9970318
 9945593
 9923715
 9947961
 9968216
 9968837
 9965197
 9968255
 9990067
 9975793
 9987172
 9969810
10021893
10011182
10010392
 9998593
10057108
10023501
10024013
10022232
10052182
 9979489
10074924
10029736
10010954
10042564
10025435
10056693
10065388
10021722
10077981
10117158
10094999
10115713
10111229
10054758
10049247
10129812
10107023
10058969
10046450
10115728
10106361
10050350
10108581
10115616
10128657
10108184
10100562
10029698
10083862
10090625
10170614
10111495
10151249
10109227
10102410
10161256
10123258
10143971
10117852
10187576
10157010
10114535
10126633
10159219
10150831
10148547
10093040
10146553
10196858
10137874
10129940
10155473
10130185
10103561
10079293
10123209
10127636
10091075
10036313
10126775
10148170
10107034
10075193
10136012
10103930
10089908
10152600
10123457
10076879
10135776
10116308
10111246
10122190
10071865
10056031
10109287
10150831
10125938
10072851
10101392
10046914
10077583
10128293
10092187
10071267
10094922
10032629
10110494
10073425
10113789
10104144
10043286
10066574
10099458
10042341
10036863
10045670
10086916
10117461
10035973
10078623
10059387
10072708
10060712
10048703
10013139
10054106
10093178
10015951
10025540
10036016
10045213
10029000
10045812
10040432
10083017
10026963
10059595
10028680
10006191
 9973815
10028296
10024077
 9987972
10059959
10038128
10007966
10035346
10022783
10021149
10002017
10057924
 9953281
10028958
 9972598
 9993284
10016244
10010118
10002048
10015005
10040065
10001487
 9983586
10023071
 9999776
10008292
 9952292
10053082
10024454
10001188
10066451
10026386
10056013
 9977993
10041091
 9982758
10009498
 9995017
 9972560
10022991
 9988443
10054345
10009099
 9999947
10010945
10052859
10038335
10038817
10016601
10002749
10000608
10023975
10030536
10032870
10071221
10097201
10020471
10058341
 9989467
10046979
10053523
 9993512
10100130
10055775
10100017
10081008
10086102
10088746
10097414
10056676
10070860
10044733
10063551
10119001
10120744
10125957
10102687
10119365
10096603
10094702
10086772
10165709
10137518
10122434
10164863
10117415
10125368
10119322
10148232
10128332
10146794
10146723
10160862
10199749
10172268
10195753
10120808
10165590
10152542
10140816
10159864
10216724
10161804
10228165
10164663
10183635
10201767
10193986
10198312
10273489
10234125
10201242
10276170
10190422
10233286
10253347
10217230
10274098
10288025
10238992
10239186
10267829
10222048
10306588
10249817
10276762
10278184
10270984
10272257
10270010
10264779
10277407
10342768
10264971
10339249
10306347
10366945
10372273
10357904
10321757
10355792
10345974
10371764
10412401
10415196
10403346
10380852
10407367
10376603
10406318
10379562
10410336
10392888
10473812
10415543
10410735
10427024
10505086
10430344
10523740
10473942
10491171
10440441
10447193
10517022
10481095
10473965
10530421
10444368
10534013
10492896
10493487
10554497
10527185
10537628
10522792
10550764
10524200
10525070
10579535
10599022
10521401
10532163
10576463
10530082
10616153
10544692
10577261
10551841
10559117
10552239
10591441
10593746
10589745
10661833
10562919
10589299
10595755
10673105
10624531
10611846
10635028
10657210
10609102
10696544
10635161
10627102
10637454
10626628
10659381
10586782
10753450
10645232
10738212
10718022
10683699
10716977
10688517
10703057
10733992
10674696
10691194
10758882
10699849
10706977
10691274
10729536
10683172
10727609
10670713
10736229
10732585
10696493
10754158
10751412
10784008
10742568
10691644
10666752
10738950
10748041
10751489
10773434
10769416
10742931
10743065
10754273
10685817
10762493
10752910
10725771
10715239
10769069
10821166
10770894
10746945
10795205
10677453
10775504
10725929
10768540
10752912
10762104
10774836
10761939
10767467
10775466
10801761
10726335
10719187
10765760
10797944
10710955
10724093
10760425
10754122
10753061
10791916
10723446
10716276
10744295
10710687
10722309
10787267
10722040
10699957
10679120
10740210
10698301
10683130
10697641
10759065
10699380
10694855
10707640
10685920
10626466
10600013
10619928
10650618
10649366
10620011
10575907
10640894
10666713
10594500
10521745
10568766
10570247
10547147
10603322
10490203
10517220
10523789
10488788
10472687
10489356
10509976
10526702
10458829
10479958
10480871
10447858
10422602
10454997
10404302
10385005
10392057
10316100
10396781
10322931
10309214
10284923
10345453
10352672
10317546
10183003
10218348
10221961
10218646
10198309
10176289
10163435
10131369
10132232
10119724
10082864
10041700
10063238
10050703
10019157
10040072
10003127
 9916218
 9949036
 9958369
 9930470
 9946208
 9820298
 9872595
 9836961
 9807921
 9866229
 9771246
 9763030
 9749696
 9685241
 9687604
 9627327
 9673048
 9692741
 9625079
 9580323
 9554480
 9563489
 9533525
 9478419
 9469599
 9505853
 9456490
 9404999
 9339419
 9341552
 9288093
 9271507
 9273160
 9269592
 9187505
 9177614
 9164576
 9154011
 9057457
 9072593
 9045497
 9016979
 8975324
 8941471
 8915940
 8895221
 8885072
 8871373
 8812262
 8737704
 8735394
 8726197
 8713449
 8631931
 8659329
 8620392
 8564125
 8571833
 8490491
 8492886
 8456433
 8421290
 8333975
 8342732
 8338286
 8328953
 8342006
 8265264
 8232991
 8231469
 8149244
 8098480
 8084609
 8033464
 7953323
 7985059
 7978106
 7897962
 7868241
 7833954
 7809120
 7766825
 7689288
 7661922
 7636281
 7598332
 7581245
 7540843
 7484973
 7461953
 7452235
 7419063
 7351048
 7349025
 7269144
 7250340
 7213200
 7217471
 7164333
 7082505
 7068038
 7018759
 7028218
 6965889
 6907625
 6876675
 6897996
 6822525
 6784984
 6757940
 6679993
 6676812
 6630369
 6553979
 6530403
 6541193
 6470278
 6441254
 6391587
 6408740
 6368441
 6293904
 6240954
 6204093
 6176306
 6150422
 6098251
 6043159
 6020051
 5999106
 5895442
 5905475
 5882939
 5836097
 5838145
 5758854
 5694469
 5648814
 5604726
 5603124
 5589301
 5545714
 5520175
 5487711
 5443176
 5368837
 5400652
 5308213
 5314234
 5267140
 5198924
 5188920
 5119313
 5102407
 5072732
 5045985
 5026417
 4911988
 4924963
 4851097
 4814183
 4780404
 4732038
 4722805
 4686707
 4653362
 4619536
 4567593
 4554954
 4485410
 4478315
 4465792
 4402726
 4356714
 4333267
 4305974
 4254669
 4227656
 4177077
 4148806
 4093949
 4075183
 4040319
 4012810
 4004207
 3957582
 3915776
 3885585
 3838452
 3828989
 3816569
 3738216
 3720155
 3672755
 3656526
 3629906
 3612419
 3534804
 3512791
 3521135
 3467400
 3444654
 3405938
 3411788
 3348289
 3305474
 3263001
 3255931
 3220627
 3188259
 3167427
 3139025
 3106746
 3084816
 3042217
 3024294
 2962704
 2947231
 2908951
 2876464
 2860717
 2816806
 2788833
 2801712
 2748579
 2716776
 2711428
 2680318
 2614833
 2643099
 2590097
 2558698
 2527514
 2513752
 2493292
 2484817
 2417429
 2399365
 2388935
 2354260
 2321164
 2278801
 2282232
 2251854
 2212160
 2195815
 2146768
 2168428
 2159896
 2104987
 2077324
 2058974
 2033049
 2004316
 1990971
 1956168
 1953179
 1917150
 1920042
 1864228
 1850655
 1833018
 1806706
 1797260
 1778051
 1748337
 1714553
 1718339
 1711712
 1661100
 1651813
 1630748
 1597674
 1623581
 1571282
 1559813
 1531010
 1521996
 1512373
 1486612
 1467265
 1450862
 1423873
 1398588
 1390234
 1373904
 1343337
 1330908
 1311887
 1303161
 1279225
 1273881
 1251712
 1253849
 1230484
 1213637
 1203866
 1153824
 1155627
 1145239
 1124370
 1110627
 1111366
 1077450
 1083191
 1059025
 1050970
 1042075
 1018352
  999946
  971652
  964670
  944717
  946191
  934211
  912536
  902944
  916760
  891819
  877314
  856765
  858842
  837542
  810960
  799758
  804519
  785493
  768524
  775206
  765235
  759407
  740993
  726953
  717700
  699049
  699064
  685667
  682159
  660798
  654616
  657108
  639070
  610599
  628739
  607675
  611782
  589100
  590731
  571804
  559753
  556791
  554324
  542545
  538798
  520473
  517846
  503619
  503996
  507697
  480809
  474860
  472184
  467820
  457684
  446126
  440704
  444169
  425274
  414454
  426877
  422953
  407698
  396835
  405307
  377956
  362560
  367694
  365650
  354403
  357805
  347706
  328774
  333027
  329787
  325132
  313820
  316985
  304075
  298825
  290708
  292644
  302005
  285086
  274211
  279307
  262323
  275472
  255574
  253349
  254262
  244771
  243737
  243691
  235502
  235904
  223929
  224301
  218473
  220526
  209651
  211848
  209004
  201477
  197213
  187313
  191946
  191224
  184647
  177325
  185942
  172594
  169505
  173793
  156843
  167627
  162045
  157993
  155119
  155541
  144176
  147155
  142355
  139702
  138169
  138462
  135611
  130138
  128999
  123069
  122941
  123884
  121510
  118387
  113741
  115448
  112300
  109489
  106872
  104730
  102760
  102944
  105009
   94361
   95661
   93755
   93163
   92421
   84494
   84201
   82477
   79487
   80390
   80932
   72637
   75204
   69913
   74334
   72009
   72585
   63438
   69714
   66572
   65061
   67654
   64104
   64246
   61810
   60040
   54888
   57412
   58289
   54117
   54329
   55218
   53774
   50594
   53394
   49243
   45565
   44944
   46167
   40870
   43203
   43649
   38033
   42536
   35405
   37252
   36940
   36369
   35723
   37007
   35121
   33675
   35803
   35584
   31625
   34824
   29207
   31469
   30773
   27233
   30274
   28890
   29817
   26899
   26638
   26105
   26044
   22788
   22251
   24453
   21923
   20629
   24415
   20133
   21959
   21147
   21383
   19589
   19131
   18068
   18400
   19082
   16418
   16446
   17600
   16716
   15166
   17046
   14434
   14880
   16153
   14677
   16066
   14319
   13755
   12763
   13609
   12209
   11500
   12463
   10516
    9268
    9707
    8497
   10022
   10258
   10064
   10532
   10125
    9230
    9345
   10217
    8744
   10579
    8425
    7636
    9875
    6790
    7799
    8544
    6675
    7095
    8144
    5311
    7675
    7132
    5892
    7007
    5035
    5724
    5042
    5751
    5803
    6766
    4974
    4058
    6012
    6040
    4787
    4689
    4993
    5299
    5035
    3570
    4820
    3652
    4019
    3573
    3284
    2864
    2610
    3527
    2883
    2703
    3409
    2368
    3101
    3414
    3198
    2762
    2574
    2685
    2328
    1885
    2459
    1934
    2880
    3017
    1872
    2117
    2487
    2334
    1374
    1201
     954
    1959
    1744
    1759
    1843
    1436
    1971
    1346
    1687
    1683
    1277
    1489
    1008
    1596
    1869
    1741
    2305
     987
    1313
    1054
     942
     916
    1282
    1351
     938
     531
     752
     966
     637
     823
     707
    1293
     682
     666
     816
     702
     789
     628
    1454
     575
     461
     606
     598
    1053
     766
     743
     517
     202
     699
     387
     503
     551
     345
     351
     341
     722
     426
     450
     540
     355
     278
     487
     202
     280
     283
     166
      90
     162
     433
     182
     276
     448
     145
     466
     583
      25
     491
     218
     109
     186
      67
     101
     254
      89
     259
      85
     120
      65
      91
     157
       6
      39
      33
     209
     301
      11
      42
     126
      94
     228
     156
      59
       7
      48
     220
     314
     132
      65
      59
      74
      16
      90
      62
      40
      78
       7
     214
     142
     133
      16
      61
       0
      15
      83
      35
       0
       0
      83
      13
       0
       0
       4
     168
       0
       0
     123
       0
       0
       6
       7
      38
     154
      78
     151
       0
      35
      40
       0
       0
       0
      52
       0
       0
      38
       0
      65
       0
       0
     140
       0
       0
      18
      59
       2
       0
       0
       0
      21
       0
       0
       0
       0
      27
       0
       0
      27
       5
       0
       2
       0
       0
       0
       0
       0
       0
      89
      10
       0
       0
       0
       0
       0
       0
       0
       0
       0
       0
       0
       0
       0
       0
       0
       0
       0
       0
       0
       0
       0
       0
       0
       0
       0
       0
       0
       0
       0
       0
       0
       0
       0
       0
       0
       0
       0
       0
       0
       0
       0
       0
       0
       0
       0
       0
       0
       0
       0
       0
       0
       0
       0
       0
       0
       0
       0
       0
       0
       0
       0
       0
       0
       0
       0
       0
       0
       0
       0
       0
       0
       0
       0
       0
       0
       0
       0
       0
       0
       0
       0
       0
       0
       0
       0
       0
       0
       0
       0
       0
       0
       0
       0
       0
       0
       0
       0
       0
       0
       0
       0
       0
       0
       0
       0
       0
       0
       0
       0
       0
       0
       0
       0
       0
       0
       0
       0
       0
       0
       0
       0
       0
       0
       0
       0
       0
       0
       0
       0
       0
       0
       0
       0
       0
       0
       0
       0
       0
       0
       0
       0
       0
       0
       0
       0
       0
       0
       0
       0
       0
       0
       0
       0
       0
       0
       0
       0
       0
       0
       0
       0
       0
       0
       0
       0
       0
       0
       0
       0
       0
       0
       0
       0
       0
       0
       0
       0
       0
       0
       0
       0
       0
       0
       0
       0
       0
       0
       0
       0
       0
       0
       0
       0
       0
       0
       0
       0
       0
       0
       0
       0
       0
       0
       0
       0
       0
       0
       0
       0
       0
       0
       0
       0
       0
       0
       0
       0
       0
       0
       0
       0
       0
       0
       0
       0
       0
       0
       0
       0
       0
       0
       0
       0
       0
       0
       0
       0
       0
       0
       0
       0
       0
       0
       0
       0
       0
       0
       0
       0
       0
       0
       0
       0
       0
       0
       0
       0
       0
       0
       0
       0
       0
       0
       0
       0
       0
       0
       0
       0
       0
       0
       0
       0
       0
       0
       0
       0
       0
       0
       0
       0
       0
       0
       0
       0
       0
       0
       0
       0
       0
       0
       0
       0
       0
       0
       0
       0
       0
       0
       0
       0
       0
       0
       0
       0
       0
       0
       0
       0
       0
       0
       0
       0
       0
       0
       0
       0
       0
       0
       0
       0
       0
       0
       0
       0
       0
       0
       0
       0
       0
       0
       0
       0
       0
       0
       0
       0
       0
       0
       0
       0
       0
       0
       0
       0
       0
       0
       0
       0
       0
       0
       0
       0
       0
       0
       0
       0
       0
       0
       0
       0
       0
       0
       0
       0
       0
       0
       0
       0
       0
       0
       0
       0
       0
       0
       0
       0
       0
       0
       0
       0
       0
       0
       0
       0
       0
       0
       0
       0
       0
       0
       0
       0
       0
       0
       0
       0
       0
       0
       0
       0
       0
       0
       0
       0
       0
       0
       0
       0
       0
       0
       0
       0
       0
       0
       0
       0
       0
       0
       0
       0
       0
       0
       0
       0
       0
       0
       0
       0
       0
       0
       0
       0
       0
       0
       0
       0
       0
       0
       0
       0
       0
       0
       0
       0
       0
       0
       0
       0
       0
       0
       0
       0
       0
       0
       0
       0
       0
       0
       0
       0
       0
       0
       0
       0
       0
       0
       0
       0
       0
       0
       0
       0
       0
       0
       0
       0
       0
       0
       0
       0
       0
       0
       0
       0
       0
       0
       0
       0
       0
       0
       0
       0
       0
       0
       0
       0
       0
       0
       0
       0
       0
       0
       0
       0
       0
       0
       0
       0
       0
       0
       0
       0
       0
       0
       0
       0
       0
       0
       0
       0
       0
       0
       0
       0
       0
       0
       0
       0
       0
       0
       0
       0
       0
       0
       0
       0
       0
       0
       0
       0
       0
       0
       0
       0
       0
       0
       0
       0
       0
       0
       0
       0
       0
       0
       0
       0
       0
       0
       0
       0
       0
       0
       0
       0
       0
       0
       0
       0
       0
       0
       0
       0
       0
       0
       0
       0
       0
       0
       0
       0
       0
       0
       0
       0
       0
       0
       0
       0
       0
       0
       0
       0
       0
       0
       0
       0
       0
       0
       0
       0
       0
       0
       0
       0
       0
       0
       0
       0
       0
       0
       0
       0
       0
       0
       0
       0
       0
       0
       0
       0
       0
       0
       0
       0
       0
       0
       0
       0
       0
       0
       0
       0
       0
       0
       0
       0
       0
       0
       0
       0
       0
       0
       0
       0
       0
       0
       0
       0
       0
       0
       0
       0
       0
       0
       0
       0
       0
       0
       0
       0
       0
       0
       0
       0
       0
       0
       0
       0
       0
       0
       0
       0
       0
       0
       0
       0
       0
       0
       0
       0
       0
       0
       0
       0
       0
       0
       0
       0
       0
       0
       0
       0
       0
       0
       0
       0
       0
       0
       0
       0
       0
       0
       0
       0
       0
       0
       0
       0
       0
       0
       0
       0
       0
       0
       0
       0
       0
       0
       0
       0
       0
       0
       0
       0
       0
       0
       0
       0
       0
       0
       0
       0
       0
       0
       0
       0
       0
       0
       0
       0
       0
       0
       0
       0
       0
       0
       0
       0
       0
       0
       0
       0
       0
       0
       0
       0
       0
       0
       0
       0
       0
       0
       0
       0
       0
       0
       0
       0
       0
       0
       0
       0
       0
       0
       0
       0
       0
       0
       0
       0
       0
       0
       0
       0
       0
       0
       0
       0
       0
       0
       0
       0
       0
       0
       0
       0
       0
       0
       0
       0
       0
       0
       0
       0
       0
       0
       0
       0
       0
       0
       0
       0
       0
       0
       0
       0
