28.6381
28.6613
28.6186
28.415
28.2225
27.9706
27.7973
27.6172
27.4447
27.2461
27.1507
27.1544
27.1593
27.0306
26.9223
26.8192
26.7333
26.6493
26.5532
26.4826
26.4176
26.4279
26.4161
26.3583
26.3358
26.2663
26.2287
26.185
26.1395
26.1081
26.0875
26.0786
26.0889
26.06
26.0382
26.0173
26.0026
25.9774
25.9769
25.9627
25.9492
25.9477
25.9613
25.9469
25.9304
25.9283
25.9246
25.9034
25.9033
25.8896
25.8984
25.8887
25.9147
25.8886
25.8762
25.8795
25.887
25.8694
25.8687
25.8756
25.8709
25.8662
25.8776
25.8682
25.8645
25.8733
25.8679
25.8603
25.8614
25.8644
25.8627
25.8457
25.8578
25.8525
25.8543
25.8481
25.8492
25.8522
25.8541
25.8486
25.844
25.8427
25.8586
25.8422
25.852
25.8408
25.8509
25.8394
25.8326
25.8419
25.8319
25.8263
25.8298
25.8328
25.8265
25.8368
25.8205
25.8218
25.8233
25.8262
25.8208
25.8219
25.8208
25.8176
25.8213
25.8215
25.819
25.8149
25.8186
25.8232
25.8066
25.8153
25.8096
25.8086
25.7973
25.8081
25.8028
25.8031
25.8022
25.8048
25.7992
25.7983
25.8072
25.7894
25.7908
25.795
25.7949
25.7926
25.7953
25.7942
25.7894
25.7871
25.7933
25.7831
25.7889
25.7856
25.7817
25.7855
25.7811
25.7892
25.7825
25.7855
25.7838
25.7776
25.787
25.7811
25.7684
25.7756
25.7761
25.7808
25.7776
25.7773
25.7746
25.7774
25.7663
25.7735
25.7594
25.763
25.7667
25.7648
25.7596
25.77
25.761
25.7668
25.7577
25.763
25.7639
25.761
25.7611
25.7553
25.7579
25.7592
25.745
25.7573
25.7511
25.7547
25.7453
25.7556
25.7465
25.7517
25.7495
25.75
25.7509
25.7511
25.75
25.7459
25.7405
25.7416
25.7413
25.7443
25.7416
25.741
25.7431
25.7431
25.74
25.7409
25.7442
25.7435
25.7399
25.7373
25.734
25.7376
25.7416
25.7398
25.7388
25.7361
25.7412
25.7365
25.7339
25.7364
25.7293
25.7312
25.7328
25.731
25.7312
25.7351
25.7266
25.7319
25.7257
25.7303
25.7336
25.7258
25.7308
25.7313
25.7279
25.7302
25.7259
25.7237
25.7285
25.7261
25.7216
25.7263
25.7238
25.7275
25.7224
25.7239
25.7225
25.7246
25.7243
25.7225
25.715
25.7218
25.7267
25.7241
25.7184
25.7254
25.7127
25.7193
25.7236
25.7215
25.7168
25.7144
25.7248
25.7133
25.7139
25.7151
25.7195
25.7194
25.7169
25.7126
25.7154
25.7185
25.7136
25.7143
25.7208
25.7152
25.7182
25.7182
25.7132
25.7097
25.7141
25.7186
25.7174
25.7159
25.7147
25.7192
25.7155
25.7117
25.7166
25.7169
25.7163
25.7119
25.719
25.7102
25.7137
25.7104
25.715
25.7123
25.7088
25.71
25.7146
25.7113
25.7107
25.7157
25.7117
25.7101
25.709
25.7121
25.7093
25.7089
25.7107
25.7075
25.7134
25.7082
25.7123
25.7133
25.7075
25.7067
25.7115
25.7155
25.7053
25.7066
25.7026
25.7068
25.7071
25.7092
25.7082
25.7062
25.7038
25.7018
25.7105
25.708
25.7076
25.711
25.705
25.7077
25.7065
25.702
25.7027
25.7054
25.7047
25.7021
25.7116
25.7108
25.7045
25.7079
25.7065
25.7058
25.7075
25.7056
25.7058
25.7038
25.7062
25.6984
25.7053
25.7061
25.7015
25.7079
25.6982
25.708
25.7051
25.7013
25.7045
25.6982
25.7064
25.7067
25.7066
25.7041
25.7003
25.7058
25.7138
25.7042
25.7062
25.7034
25.7034
25.7064
25.7057
25.7067
25.7076
25.7039
25.7024
25.7031
25.705
25.7036
25.702
25.7019
25.7049
25.7117
25.7045
25.7043
25.7018
25.7014
25.7007
25.7062
25.706
25.7038
25.7084
25.7055
25.7016
25.7048
25.7055
25.7029
25.7026
25.7002
25.7002
25.7069
25.7036
25.6982
25.7046
25.7064
25.6962
25.7054
25.704
25.7059
25.7024
25.7001
25.7044
25.7012
25.7029
25.6951
25.7063
25.7005
25.6961
25.7016
25.6968
25.7015
25.7069
25.6983
25.7029
25.7022
25.7039
25.7071
25.7034
25.6951
25.7028
25.7023
25.7058
25.7004
25.6995
25.7009
25.6999
25.7036
25.7008
25.7053
25.6999
25.7006
25.697
25.7005
25.7066
25.7064
25.7017
25.7018
25.7038
25.7009
25.7053
25.7007
25.7081
25.7061
25.699
25.7007
25.6996
25.6956
25.7005
25.7011
25.7014
25.7074
25.7028
25.7011
25.703
25.7029
25.7037
25.7037
25.6993
25.7059
25.7026
25.7027
25.7017
25.7011
25.7004
25.6964
25.6998
25.7013
25.6991
25.7009
25.7025
25.7062
25.704
