555.441
555.913
554.894
554.433
555.813
554.836
555.921
558.929
557.526
557.524
557.42
555.947
557.716
556.184
555.953
552.553
552.285
553.014
552.919
551.964
553.394
552.649
553.824
551.315
549.907
551.073
550.679
550.428
549.535
548.816
550.277
549.628
549.182
548.515
547.83
548.954
549.982
548.565
549.829
551.226
550.133
549.392
548.592
547.2
547.935
546.505
547.636
547.219
546.716
546.371
547.96
547.047
547.731
547.876
548.495
548.85
547.771
546.801
546.499
547.222
546.544
546.354
546.11
546.71
546.693
547.123
546.431
546.553
546.354
546.423
546.646
545.983
545.322
545.488
545.448
545.392
545.649
545.343
545.826
546.517
545.788
545.234
544.427
544.656
545.443
544.818
545.272
544.535
544.834
545.283
544.9
544.143
544.872
544.462
544.059
544.523
544.183
544.081
543.805
543.646
543.578
544.152
544.153
544.457
544.152
544.2
544.541
544.042
545.056
544.773
544.889
544.394
545.249
544.949
544.756
544.394
544.784
544.541
545.102
544.994
545.626
546.774
544.1
544.193
544.599
543.674
543.979
544.211
544.067
545.383
548.953
549.173
549.425
549.547
549.162
548.838
548.367
548.699
548.424
547.324
548.02
547.372
547.926
548.208
546.805
547.246
546.739
545.918
546.872
546.112
546.626
547.332
547.083
548.068
546.808
547.484
547.022
548.075
547.632
546.418
546.725
546.761
547.337
546.577
549.035
546.289
547.033
545.854
546.975
546.865
547.07
546.129
546.774
547.396
546.572
545.888
545.989
546.083
545.607
546.643
546.519
546.633
546.736
546.566
546.637
547.145
546.729
546.2
545.468
545.049
545.712
544.625
545.081
549.247
543.692
543.913
543.52
543.752
543.856
544.021
543.78
543.807
544.005
543.583
543.96
543.354
543.549
543.874
543.874
543.808
543.709
543.722
543.663
545.136
543.736
543.819
543.678
543.625
543.371
543.63
543.664
543.549
543.621
543.46
543.942
543.678
543.699
545.354
550.675
551.879
552.277
552.311
550.94
551.091
550.45
550.291
550.801
549.678
549.532
549.18
549.022
548.312
547.673
548.228
547.246
548.839
548.08
549.969
547.722
549.426
549.282
548.398
547.398
547.804
549.991
552.811
554.533
551.044
552.727
549.608
551.193
550.581
552.692
551.92
550.374
549.67
549.635
549.323
548.537
549.022
548.591
548.296
547.674
547.784
546.998
546.718
546.128
547.116
546.707
547.199
546.882
545.966
545.692
547.264
546.729
546.765
548.293
548.504
548.98
547.423
548.876
547.321
547.436
546.483
546.863
546.562
547.487
546.372
546.892
545.563
545.659
545.345
544.679
545.653
545.291
545.453
545.276
545.11
544.935
545.59
545.149
546.046
546.469
546.058
545.966
545.644
545.84
545.933
549.66
697.699
674.731
569.808
-nan
-nan
