   1009
   3761
   6022
   8211
  10209
  12389
  13237
  16596
  19100
  21333
  23012
  25087
  29070
  31022
  33140
  34283
  37143
  39418
  40929
  42200
  48055
  47655
  49605
  53345
  54919
  56729
  59790
  61418
  64465
  67284
  68985
  72576
  72906
  75593
  77580
  80270
  82222
  84599
  87118
  87667
  92148
  90564
  97358
  98134
  99858
 103287
 105921
 106587
 112175
 112821
 114100
 117304
 119392
 121096
 126853
 126028
 129482
 131565
 134736
 136835
 138924
 142444
 144672
 147555
 146817
 150595
 154028
 155391
 158744
 159538
 162827
 162967
 167234
 169774
 173051
 174268
 176764
 180414
 182005
 183001
 187150
 188668
 189840
 195700
 196657
 197500
 201700
 203108
 207562
 206870
 209123
 211320
 215565
 218820
 219109
 224772
 227216
 229943
 232109
 234601
 238434
 238326
 238897
 243903
 246258
 249840
 251182
 252521
 258089
 259575
 260233
 264765
 267318
 272822
 274173
 274192
 277734
 276534
 283142
 285949
 287978
 285834
 295323
 299766
 298183
 300283
 303260
 307804
 308373
 313686
 314607
 318765
 321757
 321004
 326935
 329919
 331311
 334439
 338339
 341751
 341363
 343006
 347024
 353363
 355981
 353546
 360483
 364108
 364380
 371193
 367878
 375171
 380421
 374957
 385045
 386125
 391075
 396467
 393467
 400778
 401429
 404744
 405894
 408294
 411625
 414219
 419596
 419274
 423725
 427997
 432951
 431519
 438631
 441000
 440969
 447513
 451991
 450744
 455935
 455938
 458566
 461377
 469795
 468254
 472627
 475495
 485089
 482697
 485644
 491067
 494024
 496878
 498796
 505099
 505972
 510141
 512590
 515073
 517489
 519199
 526293
 530177
 531712
 539924
 539103
 540532
 544085
 551187
 553085
 551218
 556905
 557413
 562531
 563640
 570989
 572478
 577816
 580127
 587377
 589086
 592944
 592093
 591990
 606116
 607831
 604753
 610679
 615816
 617346
 622072
 627402
 630543
 631887
 636331
 641091
 641626
 649421
 648264
 653133
 659440
 663023
2762175
 665533
 671616
 672447
 678216
 678980
 688781
 686860
 696709
 695131
 698095
 703463
 709883
 709385
 718801
 720083
 723378
 721169
 734195
 732034
 737578
 738230
 744327
 749465
 750954
 763078
 758296
 770631
 767977
 771232
 773946
 779047
 781444
 787471
 785879
 795511
 802193
 800191
 805552
 807257
 812500
 812612
 818574
 826530
 821452
 833899
 829705
 838000
 841409
 841419
 850281
 853783
 859606
 867596
 860938
 868438
 873174
 876067
 883456
 881727
 890461
 887810
 895239
 897864
 898258
 909166
 911256
 910582
 918650
 919551
 925148
 927672
 935659
 933729
 938588
 944042
 951535
 952075
 954167
 962408
 961247
 972668
 972496
 973486
 982867
 987417
 993456
 988851
 998533
 999460
1005896
1007188
1011443
1013617
1010428
1021883
1023179
1036200
1038952
1033601
1051441
1051364
1041607
1056299
1051266
1065394
1070744
1072585
1071610
1086095
1085261
1096458
1089711
1094445
1098212
1102100
1105810
1105885
1122043
1120123
1117226
1127892
1129368
1129363
1134148
1141347
1147709
1149313
1158440
1165668
1157644
1169622
1165118
1167145
1176929
1186661
1188749
1191829
1200019
1193985
1193404
1203350
1209239
1215275
1214975
1222858
1228487
1228734
3329452
1234608
1242837
1244110
1242591
1253776
1255133
1258585
1262365
1268815
1265750
1268526
1272266
1282886
1285743
1297354
1296397
1296596
1298100
1305850
1317319
1328585
1314108
1320610
1317933
1332217
1328515
1333921
1335082
1343312
1339921
1347364
1349454
1351627
1360406
1362580
1369542
1372193
1375039
1380657
1387929
1385371
1389780
1391034
1396866
1400530
1405580
1399936
1414644
1416751
1420697
1421916
3520756
1430306
1436236
1436553
1444762
1436569
1447425
1447436
1455872
1463243
1452991
1464690
1467989
1473138
1476440
1482361
1480821
1491546
1487643
1499489
1497405
1502039
1496197
1508947
1510296
1516419
1520823
1525416
1526825
1526457
1527617
1535969
1537684
1536888
1549951
1541349
1549557
1553711
1558054
1567682
1570618
1576355
1569861
1574988
1581555
1586916
1588166
1573818
1578942
1595851
1590570
1597677
1596809
1599241
1608042
1617123
1617194
1611693
1618435
1619065
1614675
1629879
1633389
1640410
1632243
1642831
1647546
1642083
1654044
1649205
1653433
1665592
1661631
1655894
1665786
1669655
1673595
1671308
1672808
1674013
1688305
1683792
1685103
1694464
1702788
1692306
1707139
1708560
1708236
1706267
1714044
1717933
1717391
1720588
1725309
1720754
1730555
1734389
1731503
1730690
1745904
1750414
1747373
1743470
1750505
1747443
1747539
1751791
1753587
1765290
1764950
1767949
1762905
1769673
1770429
1780089
1784235
1785440
1775356
1786000
1778313
1792468
1794722
1795431
1798655
1794902
1791127
1800209
1807114
1815609
1806554
1807482
1815424
1812344
1815143
1816367
1817945
1827668
1826709
1821910
1829753
1835458
1831222
1837541
1830317
1835002
1847322
1841220
1841916
1847877
1850395
1848346
1845563
1850360
1851113
1850638
1855544
1860696
1855869
1863258
1851799
1861653
1875869
1865549
1869087
1873424
1873347
1876991
3968715
1878821
1877432
1873879
1877431
1878673
1879321
1881162
1882911
1888157
1892747
1895894
1896181
1893220
1893819
1900124
1899915
1894037
1903719
1902365
1896230
1900835
1897652
1900646
1903534
1915917
1904221
1913919
1900397
1915200
1914703
1907256
1910575
1916401
1905848
1908709
1904665
1922524
1914790
1918854
1918428
1914519
1926588
1915397
1931376
1918097
1922199
1917979
1926062
1933007
1931263
1928021
1932921
1928518
1923361
1933972
1926817
1940571
1929456
1923868
1935072
1927828
1930870
1929665
1929253
1933138
1945099
1928117
1936595
1936523
1928931
1932348
1941493
1936562
1939577
1928544
1931730
1935593
1942698
1935457
1930998
1942386
1926922
1939873
1937488
1937078
1931837
1929283
1939697
1941309
1939893
1934790
1940789
1927399
1938917
1939322
1929628
1937399
1936676
1936611
1937509
1928374
1941018
1939113
1925444
1938019
1940914
1928799
1936837
1926890
1927151
1938436
1921961
1934636
1924546
1926030
1929172
1925590
1927847
1925235
1923849
1924038
1929843
1930825
1921931
1917272
1919396
1929163
1919193
1918528
1916297
1923229
1916361
1909897
1916440
1905317
1920661
1904426
1908605
1917157
1904982
1914668
1918603
1915261
1900565
1905317
1912075
1904144
1905907
1903725
1909358
1900474
1899554
1899402
1890502
1887837
1893904
1893159
1890613
1890855
1879715
1890749
1889249
1887705
1879598
1876172
1876780
1872895
1879950
1884722
1875094
1877289
1876473
1869125
1870797
1874576
1871411
1859772
1863115
1868919
1865124
1863299
1859646
1870871
1862176
1857969
1851283
1850869
1857923
1840849
1848009
1855216
1851950
1841481
1840093
1835066
1839901
1835128
1832227
1827351
1823360
1833234
1831824
1832106
1821657
1819235
1816576
1825209
1816671
1810120
1806890
1810424
1805622
1797944
1810446
1791910
1802130
1801221
1795984
1798807
1793318
1786450
1787712
1797923
1791730
1784858
1778205
1783338
1775847
1768804
1773408
1770923
1766051
1766376
1762874
1764621
1757336
1752731
1750914
1745875
1746126
1754673
1753212
1746393
1735391
1739742
1739047
1728718
1739469
1731750
1730039
1728452
1723148
1719580
1718945
1712576
1712462
1715438
1704604
1707971
1706075
1707867
1691220
1693991
1685142
1691710
1688415
1685959
1674516
1678434
1671556
1671710
1672630
1674799
1671516
1665167
1671946
1666539
1662790
1659148
1656252
1650201
1643403
1638177
1648672
1629910
1634777
1632029
1639861
1631092
1634587
1615115
1626730
1618905
1618717
1614378
1608002
1611767
1607863
1593798
1603593
1594093
1592430
1585908
1586037
1585365
1576566
1584039
1580494
1575195
1571283
1564426
1573420
1564149
1569813
1558172
1553076
1552337
1548101
1542066
1537810
1536803
1536855
1537883
1535180
1528754
1532460
1519810
1514885
1512422
1514160
1513974
1506159
1508004
1502446
1499247
1491052
1486125
1490483
1483278
1482745
1479722
1477276
1472676
1471864
1476717
1463548
1465526
1460727
1458962
1452983
1450269
1454427
1440376
1444153
1440099
1431073
1429918
1428010
1428723
1426156
1418319
1414580
1412457
1410100
1401547
1403794
1403306
1393131
1391327
1389305
1387007
1386244
1382844
1383354
1375675
1370444
1370540
1366805
1359478
1353919
1358997
1349377
1347937
1343830
1344435
1344197
1335068
1328998
1326965
1325793
1324675
1321209
1312651
1311441
1317443
1311444
1301757
1303202
1291359
1293653
1292342
1291238
1282296
1284515
1281575
1268775
1271289
1266361
1266295
1267079
1262917
1258979
1258130
1255165
1246549
1242916
1243819
1235738
1233781
1239293
1228559
1223906
1217209
1218816
1219336
1208689
1208901
1211287
1208368
1196520
1191068
1189738
1192864
1187105
1183818
1175992
1183820
1182890
1171029
1168266
1159047
1162051
1157817
1157485
1155085
1148555
1145199
1147907
1140004
1138641
1136291
1131882
1127213
1123296
1115537
1114358
1109513
1109058
1112259
1096447
3196425
1089298
1099935
1089998
1089939
1088484
1085346
1082607
1078120
1070432
1070342
1064168
1063679
1064449
1058658
1051550
1050115
1047636
1041569
1039047
1034501
1030753
1037006
1029120
1025414
1021838
1022747
1020536
1015117
1009813
1003689
1001950
1004179
 998338
 998441
 993377
 983681
 986684
 980974
 977933
 976832
 972337
 970906
 971728
 957065
 956882
 948157
 959118
 948267
 943937
 944476
 938067
 941930
 932873
 928415
 929847
 924974
 917316
 921003
 915346
 915571
 905656
 909593
 904713
 900133
 898539
 895860
 893892
 896916
 884485
 882901
 888531
 877273
 875552
 868759
 867928
 866949
 858877
 864307
 860024
 852369
 851623
 847024
 853070
 837712
 838356
 837343
 836865
 833572
 826644
 833560
 820035
 817248
 815134
 813980
 807643
 804629
 809966
 799738
 803920
 795011
 792115
 783560
 784324
 786747
 780704
 778429
 789374
 771697
 770545
 768918
 766990
 765200
 759597
 757204
 756853
 751419
 740318
 743848
 743809
 741415
 742432
 730592
 736595
 729208
 725840
 721034
 719100
 721337
 719341
 712183
 712252
 704128
 704522
 698330
 700608
 697863
 688814
 688856
 685943
 688480
 685522
 674868
 681243
 676311
 674483
 670400
 666227
 665835
 660391
 660452
 656596
 653977
 652338
 650868
 652014
 645733
 641944
 640358
 634219
 634406
 630655
 630727
 627587
 626772
 621885
 615841
 616405
2708115
 611635
 614617
 609982
 603035
 599964
 596961
 598693
 599848
 593220
 587812
 589931
 586545
 583652
 581639
 580971
 574543
 577716
 566480
 569338
 567050
 563502
 559768
 559046
 556400
 553922
 552803
 553845
 547537
 546700
 544255
 539996
 538522
 537129
 533794
 534645
 528385
 528268
 523603
 522935
 522742
 520386
 518977
 514650
 513799
 510586
 509585
 502019
 503081
 502080
 496725
 496889
 497214
 495843
 489641
 491492
 482525
 480834
 481572
 477246
 477153
 475819
 471823
 475895
 468079
 468255
 464216
 465563
 459931
 462018
 456851
 453965
 449788
 448290
 447049
 447136
 441588
 440286
 438239
 435815
 435539
 432037
 429746
 427687
 429408
 420173
 425465
 422256
 418716
 417997
 415349
 415267
 410501
 412849
 406281
 406919
 404008
 401272
 397325
 395241
 396028
 394167
 393501
 393384
 387739
 387998
 387224
 379281
 382219
 380701
 378769
 374953
 370151
 375031
 371912
 368476
 369041
 364787
 360391
 361825
 362062
 359459
 360650
 353570
 353564
 352266
 350719
 346480
 345087
 346296
 345567
 341546
 341481
 342789
 333683
 334802
 331821
 330838
 328457
 328668
 324622
 324123
 320412
 316605
 320450
 319811
 318873
 315470
 312875
 309554
 312304
 309761
 308182
 302910
 302901
 300944
 303036
 296591
 298074
 295800
 300626
 292119
 291995
 289796
 285369
 287580
 285651
 283853
 281223
 280224
 279060
 280711
 280112
 276109
 273308
 273156
 271242
 269243
 267552
 264049
 261220
 259723
 261835
 259936
 256291
 257817
 259506
 256712
 252293
 253713
 247853
 253092
 248634
 249992
 245046
 243947
 244870
 240476
 243250
 239280
 237186
 234986
 235839
 235958
 233109
 234067
 230804
 230680
 229451
 223843
 224634
 225727
 223023
 224133
 220479
 220848
 217399
 216750
 220204
 214049
 210195
 212399
 210403
 209291
 209086
 207210
 206485
 205511
 203216
 204399
 201732
 202697
 204148
 197868
 197324
 194752
 195404
 194212
 194578
 191564
 189693
 192491
 188476
 188213
 186560
 186195
 184790
 185803
 180827
 178805
 179830
 176077
 177214
 175494
 179748
 175005
 176323
 174766
 175843
 171433
 171450
 168533
 169222
 170539
 165430
 166915
 163777
 162726
 164341
 162350
 160524
 159646
 162680
 157626
 156639
 156941
 154409
 153516
 153941
 150466
 149322
 151941
 149887
 149897
 148185
 144939
 144592
 145347
 145171
 144723
 141256
 142469
 143574
 140614
 140158
 139233
 138829
 138390
 139498
 137501
 134388
 135703
 135962
 131565
 135081
 130857
 129460
 128713
 130573
 128354
 126774
 124864
 126235
 125428
 124072
 123430
 120287
 119893
 123132
 121143
 118001
 118710
 118352
 115813
 116351
 114775
 114095
 114958
 113859
 113254
 109375
 110667
 110813
 110756
 108158
 108201
 109780
 106027
 107251
 104803
 104097
 106112
 103088
 104155
 102591
 101473
 102665
  98980
  99666
  99182
  99051
  97040
  97192
  96533
  95633
  94963
  95352
  95218
  94706
  93918
  92039
  92071
  90840
  89891
  88611
  89789
  89658
  87782
  88287
  85336
  87291
  87420
  85269
  84704
  82880
  83394
  83663
  81263
  82200
  82128
  81454
  81113
  79460
  80095
  79185
  78042
  77763
  75994
  78733
  76585
  76699
  76479
  74276
  74571
  74488
  73111
  72688
  72381
  71083
  70228
  72475
  71457
  69074
  70925
  67896
  68614
  69171
  67086
  67792
  65848
  66611
  65836
  66360
  65121
  65376
  64264
  64265
  62880
  62581
  62671
  62974
  61967
  60107
  61071
  60034
  59052
  59601
  58792
  59468
  57236
  58767
  57961
  57121
  56758
  57249
  56570
  56155
  54586
  54076
  55363
  53297
  53736
  53830
  51683
  52242
  50896
  51395
  50619
  50742
  49701
  48911
  50133
  49231
  49462
  48554
  48365
  48745
  47895
  48625
  46771
  46940
  45565
  45152
  45620
  44966
  45086
  44356
  44989
  44740
  43444
  42932
  42834
  44075
  42422
  41503
  42097
  41393
  40574
  40819
  41345
  39907
  39148
  39816
  39826
  39394
  38783
  39075
  39418
  37535
  38322
  37725
  36280
  36624
  37353
  35906
  35877
  36438
  34829
  35002
  34957
  33905
  33595
  34123
  34529
  33727
  33667
  33824
  32890
  32270
  32692
  32895
  32501
  32479
  32340
  31565
  30335
  31309
  31294
  30067
  31078
  29217
  30189
  29582
  29398
  27945
  28376
  27951
  28656
  27519
  28337
  27995
  27278
  27509
  26703
  27001
  26956
  26677
  26535
  26332
  27021
  24866
  26057
  26960
  25864
  24744
  24246
  25467
  25064
  24051
  23610
  24004
  23893
  22987
  23682
  22178
  23163
  23066
  22414
  22379
  21210
  22879
  21544
  22744
  21501
  21445
  21598
  21575
  20288
  20106
  20951
  20799
  20156
  20180
  19915
  20386
  19690
  20249
  19492
  19020
  19313
  19102
  17956
  18905
  18704
  18023
  18257
  18271
  17815
  17962
  17717
  16981
  17517
  16962
  16828
  16584
  16779
  16349
  16170
  15867
  15097
  16145
  16051
  16367
  15213
  15922
  14747
  14811
  15249
  14855
  13947
  13974
  14738
  14920
  14579
  14009
  13913
  14022
  14343
  13741
  13694
  14250
  13788
  13627
  13286
  12892
  13208
  12657
  12637
  12723
  13051
  12721
  12196
  12962
  12277
  12299
  12307
  11258
  12577
  12406
  11951
  11963
  11610
  11605
  11235
  10417
  10849
  10956
  10495
  11007
  10773
  10432
  10300
  10612
  10152
  10430
   9895
  10416
   9582
   9587
   9972
   9390
   9542
   9619
   9434
  10076
   9049
   9174
   9395
   8762
   9242
   8938
   9059
   8139
   8761
   8366
   8957
   8957
   8474
   8054
   7777
   8080
   8355
   8320
   7483
   7507
   7582
   7784
   7909
   7902
   7577
   6988
   7141
   7240
   7411
   7057
   7665
   6682
   7079
   6481
   6837
   6982
   6613
   6630
   7071
   6680
   5966
   6169
   6659
   6880
   6093
   6035
   6227
   6110
   6103
   5889
   5900
   5619
   6353
   6051
   5960
   5592
   5877
   5763
   5954
   5586
   5533
   5101
   5677
   5204
   5585
   4997
   5157
   5350
   5208
   4910
   5208
   4454
   4842
   5142
   4871
   4730
   4501
   4583
   4387
   4616
   4538
   4815
   4337
   4653
   4275
   4162
   4288
   4107
   4278
   4674
   4243
   4031
   4006
   3905
   4053
   4047
   3352
   3789
   3660
   3461
   3333
   3845
   3933
   3701
   3867
   3354
   3783
   3643
   3544
   3515
   3260
   3555
   3192
   3223
   3218
   3350
   2960
   3205
   3240
   2922
   3190
   3200
   3289
   2784
   3283
   2935
   3292
   2838
   2315
   2561
   2726
   2896
   2700
   2869
   2747
   2892
   2927
   2881
   2707
   2548
   2563
   2319
   2254
   2441
   2457
   2243
   2571
   2426
   2271
   2141
   2194
   2383
   2162
   2165
   2219
   2277
   2048
   2201
   2252
   2161
   2131
   2086
   2022
   2022
   1862
   2009
   1978
   1862
   1790
   1788
   1919
   1760
   1961
   1819
   1706
   1837
   2012
   1950
   1861
   1957
   1626
   1966
   1586
   1963
   1722
   1786
   1788
   1980
   1499
   1675
   1328
   1508
   1282
   1792
   1700
   1549
   1589
   1623
   1534
   1346
   1493
   1522
   1676
   1295
   1296
   1360
   1217
   1490
   1260
   1363
   1348
   1391
   1171
   1269
   1345
   1375
   1353
   1543
   1290
   1206
   1294
   1213
   1283
    987
   1176
   1092
   1247
   1178
   1161
   1044
   1032
    980
   1168
    879
   1118
   1070
    840
   1075
    945
   1043
    863
   1054
    962
    954
    942
    733
    786
    722
    804
    845
    813
    891
    787
    923
    878
    813
    794
    774
    762
    888
    790
    811
    810
    695
    654
    650
    629
    690
    732
    708
    713
    568
    724
    861
    691
    685
    658
    620
    479
    582
    667
    564
    724
    550
    545
    602
    748
    640
    610
    445
    586
    577
    578
    690
    544
    557
    499
    356
    469
    562
    342
    497
    391
    557
    563
    382
    559
    501
    473
    415
    535
    388
    484
    385
    551
    425
    541
    491
    413
    582
    530
    494
    451
    377
    550
    479
    394
    301
    262
    363
    412
    347
    506
    264
    292
    423
    568
    365
    295
    312
    391
    337
    294
    320
    324
    276
    290
    252
    314
    434
    304
    228
    286
    397
    394
    340
    248
    216
    274
    249
    235
    288
    253
    289
    192
    227
    196
    242
    305
    174
    256
    200
    252
    286
    408
    139
    264
    284
    168
    180
    139
    148
    160
    252
    219
    235
    171
    231
    222
    266
    197
    154
    117
    201
    241
    284
    197
    204
    181
    199
    206
     97
    243
    173
    120
    155
    163
    124
    107
    262
    170
    163
    242
    159
    165
    153
    205
    153
    103
    196
     83
    131
    258
    145
     88
    207
     34
     99
     69
    126
    139
    216
    127
    197
     63
    124
    108
    105
    158
    127
     95
     94
    106
     73
    127
    178
    116
     93
     98
     68
    116
    147
     80
    105
     76
    126
     99
    140
     87
     86
     68
    101
    114
    128
     58
     84
     80
     87
     56
    147
    104
    110
     84
     93
     88
     69
     63
     66
     78
     67
     62
     53
    120
    131
     86
     44
     63
     54
    118
     73
     97
     46
     75
     42
     76
     48
     42
     91
    110
     38
     39
     72
     89
     43
     11
     54
     27
     42
     63
     54
     49
     15
     79
     59
     81
     69
     29
     48
     20
     31
     54
     42
     32
     33
     57
     41
     58
     56
     48
     37
     21
     71
     35
     48
      6
     43
      9
     36
     44
     13
     27
     72
     19
     26
     14
     82
     28
     20
     37
     65
      8
     26
     10
     69
     39
     34
     22
     25
     12
      0
     24
     40
     16
     15
     16
     17
     41
      8
     27
      9
      6
     32
     15
     15
     15
     21
     22
     31
     35
     13
      4
     23
     30
      7
     48
     26
      5
     37
      9
      8
     26
     34
      7
      0
     24
     55
     16
     15
     17
     29
     53
      4
      8
      3
     25
      1
      0
      6
      6
     11
     13
     30
     52
      7
      2
      8
      6
     23
     23
      0
      8
      6
      7
     15
      2
      8
     31
     44
      0
     32
      0
     16
      0
     46
      7
     14
      2
      6
     16
      1
      4
     16
     12
      5
      6
      9
      0
      2
     22
      0
      7
     20
     20
      6
     18
      1
      0
      7
     14
      0
      0
     15
      0
      0
      5
      1
      5
      5
     21
      2
      0
      1
     11
      0
      0
      0
      5
     31
      0
      4
      0
      0
     24
      0
      1
     24
      4
     13
      1
      0
      0
     22
      1
      2
      2
      0
     10
      6
      8
      0
      2
     10
      0
      0
     11
      7
      0
      0
      2
      0
      1
      6
      0
      3
      1
      0
      6
      0
      6
      0
      0
      0
      0
      2
      0
     22
      7
      0
      0
      0
      5
      0
      0
      0
      9
      3
      0
      8
      6
      0
      0
      0
      0
      0
      1
      3
      0
      0
      0
      0
      0
      3
      2
      0
     12
      0
      0
      0
     17
      0
      0
      0
      1
      0
      0
      0
      0
      0
      0
      0
      0
      0
      0
      0
      0
      0
      0
      0
      0
      0
      0
      0
      0
      0
      0
      0
      0
      0
      0
      2
      0
      0
      0
      0
      0
      0
      0
      0
      0
      0
      0
      0
      0
      0
      0
      2
      0
      0
      0
      0
      0
      0
      0
      0
      0
      0
      4
      1
      0
      0
      0
      0
      0
      0
      0
      0
      0
      0
      0
      0
      0
      0
      0
      0
      0
      0
      0
      0
      0
      0
      0
      0
      0
      0
      5
      0
      0
      0
      0
      0
      0
      0
      0
      0
      0
      0
      0
      0
      0
      0
      0
      0
      0
      0
      0
      0
      0
      0
      0
      0
      0
      0
      0
      0
      0
      0
      0
      0
      0
      0
      0
      0
      0
      0
      0
      3
     10
      0
      0
      0
      0
      0
      0
      0
      0
      0
      0
      0
      0
      0
      0
      0
      8
      0
      0
      0
      0
      0
      0
      0
      0
      0
      0
      0
      0
      0
      0
      0
      0
      0
      0
      0
      0
      0
      0
      0
      4
      0
      0
      0
      0
      0
      0
      0
      0
      0
      0
      0
      0
      0
      0
     16
      0
      0
      0
      0
      0
      0
      0
      0
      0
      0
      0
      0
      0
      0
      1
      0
      0
      0
      0
      0
      0
      0
      0
      0
      0
      0
      0
      0
      0
      0
      0
      0
      0
      0
      0
      0
      0
      0
      0
      0
      0
      0
      0
      0
      0
      0
      0
      0
      0
      0
      0
      0
      0
      0
      0
      0
      0
      0
      0
      0
      0
      0
      0
      0
      0
      0
      0
      0
      0
      0
      0
      0
      0
      0
      0
      0
      0
      0
      0
      0
      0
      0
      0
      0
      0
      0
      0
      0
      0
      0
      0
      0
      0
      0
      0
      0
      0
      0
      0
      0
      0
      0
      0
      0
      0
      0
      0
      0
      0
      0
      0
      0
      0
      0
      0
      0
      0
      0
      0
      0
      0
      0
      0
      0
      0
      0
      0
      0
      0
      0
      0
      0
      0
      0
      0
      0
      0
      0
      0
      0
      0
      0
      0
      0
      0
      0
      0
      0
      0
      0
      0
      0
      0
      0
      0
