        0
   442645
  1373366
  2264748
  3209744
  4168043
  5014024
  5984486
  6978890
  7825295
  8771635
  9587770
 10485767
 11529733
 12261984
 13247083
 14196767
 15147169
 16140343
 16865541
 18006974
 18908938
 19725760
 20578898
 21605783
 22503356
 23390259
 24266661
 25175695
 26103239
 27134143
 27917072
 28891330
 29616452
 30713643
 31468414
 32484006
 33378666
 34127960
 35178987
 35806311
 36947145
 37759263
 38612754
 39553563
 40373295
 41309920
 42104689
 43014292
 43954568
 45011531
 45801778
 46670089
 47466785
 48434227
 49152294
 50178696
 51216466
 51972152
 52914626
 53619707
 54504533
 55299776
 56121184
 57000188
 57788222
 58647054
 59501092
 60292630
 61118712
 62124256
 62959797
 63619804
 64569978
 65266566
 66429048
 66996892
 67740571
 68529380
 69422347
 70329219
 71156029
 71967352
 72675744
 73539941
 74184383
 75155764
 76114970
 76734115
 77612799
 78359915
 79156261
 79861586
 80624190
 81433398
 82058100
 83125287
 83808960
 84535465
 85398357
 85927317
 86883174
 87431518
 88339995
 88790811
 89876398
 90021675
 90918675
 91790038
 92415237
 93081049
 93568972
 94217433
 94948374
 95683807
 96448897
 96716430
 97551995
 98174224
 98697097
 99244686
 99871457
100666630
101402185
101965564
102520934
103195788
103868195
104378347
104847934
105662494
106320059
106807342
107277944
107992870
108676890
109364353
109815259
110409827
110935686
111656965
111981091
112301327
113065837
113445093
113803403
114344645
114789096
115313916
115806849
116242684
116551770
116671973
117364994
117097146
117466013
117686140
118076152
118111229
118433402
118453532
118496185
118500585
118730826
118671991
118677354
118963048
119083865
119135725
119378383
119126494
119346687
119410337
119480100
120017922
119870680
119741096
119876702
120292447
120425772
120879020
121100907
121126325
121659740
122014814
121979767
122128007
122464774
123034000
123383526
123384023
123254791
123792766
123579620
123931296
123820368
124135428
124102635
123794928
123769274
123319501
123015788
122456106
121749166
120925766
120139509
119128064
117787614
116819995
115081693
113703204
112020785
110138175
108368557
106275650
104010885
101825675
 99249608
 96795087
 93917158
 91256754
 88170350
 85163082
 82462692
 79345962
 76243126
 72982878
 69785802
 66726726
 63512377
 60644682
 57438258
 54347425
 51558967
 48235007
 45357954
 42494251
 39656646
 37104275
 34518609
 31980976
 29748890
 27455376
 25305407
 23342810
 21386638
 19588641
 17928919
 16318867
 14822376
 13418583
 12158646
 10971448
  9914982
  8913039
  7922804
  7072251
  6333853
  5557358
  4976215
  4403681
  3881169
  3409563
  3005673
  2624729
  2309617
  1991389
  1767077
  1507814
  1320856
  1129056
   970220
   834295
   721559
   615610
   512928
   439684
   386520
   318083
   286639
   229690
   200953
   172616
   147985
   121822
    97060
    84035
    76689
    65661
    51169
    45452
    38150
    33740
    27322
    22216
    18512
    16917
    15344
    15481
     9652
     8432
     7445
     6095
     7325
     7064
     5487
     7378
     5099
     6157
     4729
     4301
     3326
     2566
     2004
     4543
     3008
     2287
     2535
     2629
     1234
     2778
     2209
     2206
     2242
     2165
     3479
     3213
     2353
     1881
     2408
     3661
     2451
     3123
     2755
     2529
     1586
     1465
     1888
     1708
     1635
     1893
     1679
     1012
     1573
     1918
     1277
     2273
     1211
     1295
     1708
     1009
     1640
      799
     1299
     2039
     1270
     3081
     1724
     2494
     1706
     1212
      950
     1537
     2099
     1298
      718
      463
     1011
     1589
     2237
      918
      875
     1000
      709
     1528
      567
     2178
     1037
      459
      880
      957
      482
     1048
     1035
      284
     1823
      744
      801
      468
      523
     1657
      889
      880
      751
     1202
      829
      369
      996
      473
     1466
      832
      721
      710
      185
      160
     1068
     1734
      361
      443
      569
      847
      476
      362
      237
     1626
      966
      891
      544
     1076
      353
      302
      603
      773
      326
      994
      329
      747
      607
      228
      317
      476
      914
      376
       60
      152
      377
      588
      507
      351
      528
      540
      659
      204
      148
      226
      487
      184
      313
      242
      896
      224
      634
      361
      170
       68
      248
      630
      369
      290
      476
      681
      830
      299
      855
      356
      531
      317
      430
      120
      531
      489
      150
      146
      365
      524
      393
      494
      760
      611
       56
      384
      737
      167
      257
       62
      272
      151
      247
     1101
      358
      830
      212
      101
      842
      449
      225
      225
      623
      154
       69
       99
      118
      754
      765
      730
       16
      170
      353
      574
      203
       32
      162
      708
      507
      578
      146
      655
      825
      212
       45
       21
      234
      245
       26
        0
       74
       19
      254
      619
      733
       44
       66
      281
      253
      203
        0
       24
       98
      132
        0
      268
      806
      422
      180
      303
      106
        0
      341
      313
      125
       59
      230
      147
      146
      143
      397
      434
      111
      161
        0
        0
      656
       31
      124
      189
      362
      349
        0
      486
      150
       48
        8
       74
       93
       30
      132
       65
       44
        0
      542
        0
      394
        0
      248
      260
       55
       37
      494
       70
        0
       97
      281
      237
      332
       30
        0
      218
       23
      334
        0
      258
       49
       79
      415
       20
       11
       27
        0
       26
        0
        0
       73
       15
      421
        0
      311
      330
        0
      118
      119
      672
        0
      236
      323
      408
      286
       56
       30
        0
        0
        0
      188
      100
       23
       12
      159
       12
       55
        0
       98
       19
      133
      111
       48
      583
      167
        0
      508
      185
       24
      457
      119
        0
        0
        0
        0
        0
        0
        0
      299
      182
        0
        0
      179
      442
        0
      272
      361
        0
        0
      150
      192
        0
      354
        0
        0
      178
        0
        0
        0
      132
       61
      238
        0
      128
      151
        0
      283
       47
      140
       90
       42
      254
        0
        0
       11
        0
       15
      306
        0
        0
       76
       94
        0
       84
      226
       54
        0
        0
        0
        0
       26
       72
      159
      425
      693
        0
        0
        0
        0
        0
      185
        0
       12
        0
        0
        0
      265
        0
      114
      205
       61
        0
        0
       11
      146
      143
        0
        0
      148
      385
        0
        2
      347
       98
      381
        0
      288
        0
        0
       18
        0
        0
        0
      254
        0
       27
        0
        0
        0
      133
      623
        0
        0
       53
      301
      102
        0
       66
        0
        0
        0
        0
      108
      257
      446
        0
        0
      156
        0
        0
        0
      252
        0
        0
        0
        0
       96
        0
      299
        0
      582
        0
       87
      122
        0
        0
        0
        0
       62
        0
        0
        0
        0
        0
       53
        0
        0
      365
        0
        0
        0
       73
      137
       72
        0
        0
        0
        0
      160
        0
        0
        0
        0
        0
        0
        0
        0
      170
      127
       53
      339
      492
        0
        0
      110
        0
       22
        0
        0
        0
        0
        0
        0
        0
        0
      182
      243
      146
        0
        0
        0
        0
        0
        0
      206
      112
        0
        0
       70
        0
        0
        0
        0
        0
        0
        0
        0
      276
        0
        0
        0
        0
        0
        0
        2
        9
        4
        2
      113
        0
        0
        0
        0
        0
        0
        0
      296
      100
        0
        0
       28
      215
        0
       56
        0
        0
        0
        0
        0
        0
        0
        0
        0
      157
        0
        0
        0
       51
        0
        0
        0
      213
        0
        0
        0
        0
        0
       79
       81
      126
       57
        0
      154
        0
        0
        0
        0
        0
        0
       40
        0
        0
        0
      224
        0
        0
        0
        0
        0
        0
        0
        0
      106
        0
       39
        0
      206
        0
        0
        0
        0
        0
        0
        0
        0
        0
      134
      303
        0
        0
        0
        0
        0
        0
        0
      170
        0
        0
        0
        0
        0
        0
        0
        0
       84
       78
        0
        0
        0
      757
        0
        0
      144
        0
        0
        0
        0
        0
        0
        0
        0
        0
        0
        0
        0
        0
        0
      236
        0
