      0
     14
    122
    253
    564
    769
   1160
   1799
   2290
   2838
   3698
   4539
   5368
   6447
   7584
   8488
   9971
  11085
  11935
  13671
  15133
  16870
  18701
  20001
  22363
  23859
  26183
  28160
  30016
  32302
  34933
  37549
  39337
  43113
  45083
  47562
  50526
  53422
  56250
  57914
  61407
  66025
  67512
  71901
  74773
  78975
  81881
  86065
  88187
  93133
  96543
 100335
 104641
 108639
 111401
 116987
 120149
 125162
 129055
 133594
 137688
 143356
 146610
 152320
 154817
 160819
 165420
 171503
 176450
 182215
 184768
 189841
 196020
 201248
 206698
 211969
 216927
 223482
 227847
 231617
 239042
 244904
 252138
 256166
 261846
 266003
 273198
 280261
 286154
 291917
 296755
 304180
 309395
 316250
 323365
 329448
 334240
 341880
 347785
 355366
 361145
 368116
 372867
 381396
 386976
 394627
 402225
 406760
 413954
 422080
 427055
 435187
 439810
 446537
 456544
 462306
 470707
 476516
 484243
 488388
 499054
 503596
 510990
 520058
 527408
 532068
 537945
 547385
 554067
 561275
 569563
 576918
 582361
 591111
 596694
 606080
 613324
 620351
 626496
 635583
 643046
 650339
 659757
 665498
 670773
 676723
 688954
 692044
 702466
 708996
 715211
 720943
 733280
 739667
 746163
 753359
 761702
 769780
 775120
 782417
 790569
 796322
 806730
 813005
 821384
 827288
 834390
 840964
 846408
 854210
 864907
 869037
 874102
 880934
 890398
 900497
 907117
 912275
 918857
 926923
 931503
 939255
 947593
 952963
 959319
 966425
 973762
 977727
 987929
 994015
 997567
1005177
1014466
1020911
1025890
1032470
1036749
1046649
1052053
1057993
1066817
1072912
1076906
1083311
1087910
1093914
1100695
1108893
1111306
1121223
1127694
1131927
1138048
1145192
1149767
1155043
1161185
1167223
1170430
1177620
1182132
1186999
1189514
1197621
1201732
1206880
1210275
1218380
1226815
1224467
1231044
1237872
1241208
1248542
1252030
1257957
1262711
1270139
1269170
1273222
1278798
1287844
1286227
1293081
1301400
1302966
1302189
1310325
1308765
1317374
1316523
1327464
1325777
1330508
1337487
1338129
1342096
1348972
1347798
1350390
1355256
1359160
1359516
1364387
1364003
1367961
1372280
1375558
1378229
1382988
1381495
1387515
1388883
1389471
1393831
1389767
1397720
1399741
1404394
1404168
1404159
1408811
1407096
1410604
1412987
1415167
1415268
1417726
1420446
1417503
1421353
1418677
1426320
1421739
1427106
1430336
1427584
1427535
1427073
1427977
1431874
1430440
1435859
1431036
1429533
1431325
1436937
1434072
1434906
1433596
1435024
1440557
1433192
1430932
1436056
1434122
1431660
1433905
1433300
1433171
1429600
1428388
1429296
1430772
1428268
1430662
1426958
1426300
1426414
1423842
1427392
1422386
1421363
1421195
1420526
1416548
1418445
1417045
1415784
1413344
1410479
1414678
1407835
1406839
1406159
1398644
1400624
1396197
1394789
1399796
1391769
1388917
1388874
1387887
1382016
1377237
1382076
1376008
1374920
1369602
1364595
1366743
1362029
1360494
1354382
1351366
1353700
1348987
1346216
1342924
1340098
1343264
1336699
1333101
1330102
1325719
1322446
1317521
1311873
1312351
1307325
1303977
1301017
1298193
1292737
1290033
1289985
1283714
1278798
1280240
1273961
1270212
1264548
1259311
1259771
1254797
1246426
1244491
1236874
1239197
1233207
1231784
1227625
1223624
1217232
1212605
1212531
1205756
1200791
1194301
1189751
1186824
1183417
1182689
1171918
1170566
1167011
1162916
1155308
1154270
1149817
1146223
1136956
1136027
1130845
1126176
1121332
1113991
1113135
1105863
1100516
1096574
1091154
1087281
1083892
1077168
1079038
1069846
1063130
1058579
1057142
1048649
1049555
1041446
1034534
1032573
1026699
1020502
1014420
1013227
1001849
1002622
 996059
 991157
 989121
 982041
 974995
 972915
 963469
 960235
 957775
 951674
 946917
 941895
 938777
 931728
 927128
 923223
 920388
 914036
 908008
 904631
 895851
 891431
 888591
 881195
 877114
 875323
 869610
 862187
 857985
 852088
 847989
 843497
 838420
 833000
 826968
 825415
 816343
 813285
 809865
 803533
 799399
 794069
 789149
 786130
 778218
 773870
 771375
 768226
 759348
 754941
 749083
 748023
 741927
 735160
 732511
 724937
 720536
 712295
 710302
 705334
 702755
 698266
 694069
 690912
 685441
 679552
 674481
 669003
 662953
 661092
 656770
 652270
 646963
 643228
 635733
 634020
 630233
 625105
 617864
 617455
 612525
 606775
 604112
 599310
 596886
 590099
 584727
 580429
 577742
 574469
 567641
 565207
 559339
 555310
 551253
 548001
 543317
 539016
 530617
 531305
 525863
 521165
 517210
 512887
 508831
 506163
 502945
 499456
 493016
 488926
 486981
 483376
 477375
 474083
 469787
 465201
 463247
 459917
 455524
 453823
 445959
 444988
 439833
 436292
 433776
 431335
 425171
 420508
 417914
 414633
 410628
 406744
 404917
 400750
 396190
 395015
 390838
 385363
 384004
 380582
 377213
 374424
 371765
 366543
 363126
 358528
 357014
 355182
 349387
 345882
 342480
 340949
 336874
 334676
 332735
 326962
 325299
 322688
 319437
 314867
 312752
 310595
 308040
 306332
 303159
 299477
 298426
 293515
 289519
 287812
 284194
 283192
 278984
 276684
 272959
 271331
 269283
 265633
 263147
 260017
 257266
 256328
 253947
 250382
 248328
 245511
 244255
 241682
 239316
 237664
 232441
 232297
 229319
 228646
 224602
 223385
 219178
 218018
 215020
 214356
 211351
 210551
 207980
 203965
 203027
 200095
 197744
 197262
 194245
 192231
 188449
 188414
 186011
 183570
 181797
 180639
 177655
 177104
 174499
 172106
 169895
 168117
 165685
 164487
 161678
 161617
 160852
 158239
 156439
 154288
 153091
 151188
 149127
 147087
 147452
 143682
 142596
 141044
 139057
 136983
 136649
 134366
 133837
 131462
 129977
 128547
 127976
 126001
 124245
 122710
 121671
 120529
 117561
 117304
 115478
 115343
 112358
 113042
 110334
 109412
 107478
 106726
 104742
 104230
 102743
 100232
 101020
  98363
  98408
  97527
  95761
  94587
  93200
  91964
  90894
  90100
  88192
  86637
  85826
  84792
  84202
  82874
  83027
  81380
  80052
  77780
  78514
  77684
  75888
  75447
  74592
  73062
  72354
  71579
  71024
  69662
  69337
  68346
  68051
  66552
  65653
  64966
  63305
  62701
  62534
  61378
  61849
  59939
  59528
  58383
  58072
  57077
  56504
  55765
  54512
  54272
  53572
  52166
  51443
  51211
  49569
  49576
  48684
  48252
  47364
  46418
  46537
  45917
  44553
  43925
  43713
  43126
  42571
  42453
  41821
  41280
  40798
  40016
  39705
  39024
  38355
  37918
  37080
  36781
  35566
  35828
  35041
  34578
  34401
  33509
  32825
  32498
  32126
  31914
  31598
  31198
  30384
  29897
  29887
  29135
  28712
  28641
  27882
  27711
  27203
  26906
  26009
  26091
  25910
  25164
  25020
  24690
  24862
  23881
  23481
  23164
  23054
  22300
  21787
  21726
  22043
  21223
  20676
  20735
  20065
  20043
  19379
  19737
  19293
  18778
  18987
  18059
  17884
  17677
  17704
  16818
  17036
  16983
  16508
  16224
  15778
  15616
  15923
  15343
  15260
  14943
  14482
  13947
  14200
  13856
  13171
  13760
  13009
  13384
  12719
  12640
  12402
  12210
  12241
  11957
  11634
  11437
  11474
  11167
  10932
  10855
  10863
  10410
  10464
  10195
   9908
  10012
   9599
   9883
   9367
   9214
   9086
   8758
   8903
   8531
   8376
   8603
   8321
   8288
   7742
   7981
   8014
   7668
   7343
   7394
   6998
   7165
   7196
   7177
   6635
   6877
   6481
   6461
   6175
   6255
   6300
   5680
   6151
   5972
   5754
   5635
   5571
   5509
   5137
   5161
   5063
   5047
   5106
   4828
   4896
   4686
   4772
   4489
   4507
   4268
   4572
   4329
   4246
   4118
   4126
   4135
   3955
   3947
   3692
   3718
   3733
   3720
   3598
   3494
   3202
   3544
   3422
   3117
   3300
   3243
   3038
   3005
   3070
   2842
   3045
   3031
   2924
   2748
   2749
   2644
   2820
   2661
   2379
   2560
   2443
   2423
   2242
   2249
   2172
   2171
   2334
   2109
   2207
   2006
   2085
   1902
   1885
   1843
   1964
   1757
   1776
   1821
   1605
   1711
   1658
   1660
   1605
   1413
   1446
   1517
   1439
   1460
   1448
   1400
   1302
   1346
   1239
   1191
   1312
   1259
   1350
   1209
   1267
   1243
   1105
   1175
   1050
   1071
   1023
    983
    961
   1013
   1061
    919
    862
    914
    892
    862
    881
    914
    851
    864
    909
    726
    839
    776
    768
    704
    707
    647
    772
    671
    679
    722
    659
    543
    656
    559
    579
    575
    669
    561
    522
    521
    586
    518
    477
    472
    450
    453
    531
    447
    515
    431
    421
    389
    324
    447
    376
    354
    395
    378
    384
    339
    363
    315
    350
    312
    348
    290
    269
    312
    276
    280
    266
    262
    263
    247
    318
    273
    221
    272
    255
    241
    223
    218
    233
    176
    221
    215
    169
    217
    169
    189
    170
    208
    214
    178
    143
    129
    180
    211
    146
    147
    146
    127
    147
    144
    178
    135
    142
    115
    133
    104
    155
    109
    113
    128
     93
    122
     88
    110
    124
    112
     76
     67
    126
    103
     69
     86
    103
     96
    103
     68
     80
     74
     90
     60
     86
     71
     79
     93
    106
    114
     72
     54
     56
     63
     66
     45
     58
     56
     52
     66
     72
     66
     67
     59
     57
     51
     40
     67
     48
     34
     53
     59
     39
     70
     37
     47
     50
     26
     49
     21
     42
     35
     35
     34
     31
     46
     24
      9
     40
     19
     27
     36
     19
     31
     24
     20
     32
     30
     21
     24
     24
     29
     39
     17
     27
     21
     11
     35
     16
     15
     14
     25
     12
     25
     20
      5
     22
     24
     10
     18
     15
     26
      9
     23
      8
      4
      5
      4
      8
     16
      7
      7
     10
      6
     12
      8
      8
     15
     20
      9
      7
     15
      0
      3
     10
      7
      3
      7
      4
      8
      3
     21
     10
     10
      2
     14
      2
      2
      2
      2
     25
      1
      2
      0
      6
      0
     11
      0
      7
      1
      0
      6
      6
      0
      4
      0
      0
      0
      0
      0
      0
      1
      1
      0
      3
      3
      0
      0
      2
      1
      2
      0
      3
      7
      0
      1
      0
      0
      4
      0
      3
      0
      0
      0
      1
      0
      0
      0
      0
      0
      4
      3
      0
      1
      0
      2
      2
      4
      0
      2
      0
      1
      5
      2
      0
      0
      1
      0
      0
      2
      0
      0
      2
      0
      0
      0
      3
      0
      0
      0
      0
      0
      0
      0
      0
      0
      0
      0
      0
      0
      0
      0
      0
      0
      0
      0
      0
      0
      0
      0
      0
      0
      0
      0
      0
      0
      0
      0
      0
      0
      0
      0
      0
      0
      0
      0
      0
      0
      0
      0
      0
      0
      0
      0
      0
      0
      0
      3
      0
      2
      0
      0
      0
      2
      1
      0
      0
      0
      0
      1
      0
      0
      0
      0
      0
      0
      0
      0
      0
      6
      0
      0
      0
      0
      0
      0
      1
      0
      0
      0
      0
      0
      0
      0
      0
      0
      0
      0
      0
      0
      0
      0
      0
      0
      0
      0
      0
      0
      0
      2
      0
      0
      0
      0
      0
      0
      0
      0
      0
      0
      0
      0
      0
      0
      0
      0
      0
      0
      0
      0
      0
      0
      0
      0
      0
      0
      0
      0
      0
      0
      0
      0
      0
      0
      0
      0
      0
      0
      0
      0
      0
      0
      0
      0
      0
      0
      0
      0
      0
      0
      0
      0
      0
      0
      0
      0
      0
      0
      0
      0
      0
      0
      0
      0
      0
      0
      0
      0
      0
      0
      0
      0
      0
      0
      0
      0
      0
      0
      0
      0
      0
      0
      0
      0
      0
      0
      0
      0
      0
      0
      0
      0
      0
      0
      0
      0
      0
      0
      0
      0
      0
      0
      0
      0
      0
      0
      0
      0
      0
      0
      0
      0
      0
      0
      0
      0
      0
      0
      0
      0
      0
      0
      0
      0
      0
      0
      0
      0
      0
      0
      0
      0
      0
      0
      0
      0
      0
      0
      0
      0
      0
      0
      0
      0
      0
      0
      0
      0
      0
      0
      0
      0
      0
      0
      0
      0
      0
      0
      0
      0
      0
      0
      0
      0
      0
      0
      0
      0
      0
      0
      0
      0
      0
      0
      0
      0
      0
      0
      0
      0
      0
      0
      0
      0
      0
      0
      0
      0
      0
      0
      0
      0
      0
      0
      0
      0
      0
      0
      0
      0
      0
      0
      0
      0
      0
      0
      0
      0
      0
      0
      0
      0
      0
      0
      0
      0
      0
      0
      0
      0
      0
      0
      0
      0
      0
      0
      0
      0
      0
      0
      0
      0
      0
      0
      0
      0
      0
      0
      0
      0
      0
      0
      0
      0
      0
      0
      0
      0
      0
      0
      0
      0
      0
      0
      0
      0
      0
      0
      0
      0
      0
      0
      0
      0
      0
      0
      0
      0
      0
      0
      0
      0
      0
      0
      0
      0
      0
      0
      0
      0
      0
      0
      0
      0
      0
      0
      0
      0
      0
      0
      0
      0
      0
      0
      0
      0
      0
      0
      0
      0
      0
      0
      0
      0
      0
      0
      0
      0
      0
      0
      0
      0
      0
      0
      0
      0
      0
      0
      0
      0
      0
      0
      0
      0
      0
      0
      0
      0
      0
      0
      0
      0
      0
      0
      0
      0
      0
      0
      0
      0
      0
      0
      0
      0
      0
      0
      0
      0
      0
      0
      0
      0
      0
      0
      0
      0
      0
      0
      0
      0
      0
      0
      0
      0
      0
      0
      0
      0
      0
      0
      0
      0
      0
      0
      0
      0
      0
      0
      0
      0
      0
      0
      0
      0
      0
      0
      0
      0
      0
      0
      0
      0
      0
      0
      0
      0
      0
      0
      0
      0
      0
      0
      0
      0
      0
      0
      0
      0
      0
      0
      0
      0
      0
      0
      0
      0
      0
      0
      0
      0
      0
      0
      0
      0
      0
      0
      0
      0
      0
      0
      0
      0
      0
      0
      0
      0
      0
      0
      0
      0
      0
      0
      0
      0
      0
      0
      0
      0
      0
      0
      0
      0
      0
      0
      0
      0
      0
      0
      0
      0
      0
      0
      0
      0
      0
      0
      0
      0
      0
      0
      0
      0
      0
      0
      0
      0
      0
      0
      0
      0
      0
      0
      0
      0
      0
      0
      0
      0
      0
      0
      0
      0
      0
      0
      0
      0
      0
      0
      0
      0
      0
      0
      0
      0
      0
      0
      0
      0
      0
      0
      0
      0
      0
      0
      0
      0
      0
      0
      0
      0
      0
      0
      0
      0
      0
      0
      0
      0
      0
      0
      0
      0
      0
      0
      0
      0
      0
      0
      0
      0
      0
      0
      0
      0
      0
      0
      0
      0
      0
      0
      0
      0
      0
      0
      0
      0
      0
      0
      0
      0
      0
      0
      0
      0
      0
      0
      0
      0
      0
      0
      0
      0
      0
      0
      0
      0
      0
      0
      0
      0
      0
      0
      0
      0
      0
      0
      0
      0
      0
      0
      0
      0
      0
      0
      0
      0
      0
      0
      0
      0
      0
      0
      0
      0
      0
      0
      0
      0
      0
      0
      0
      0
      0
      0
      0
      0
      0
      0
      0
      0
      0
      0
      0
      0
      0
      0
      0
      0
      0
      0
      0
      0
      0
      0
      0
      0
      0
      0
      0
      0
      0
      0
      0
      0
      0
      0
      0
      0
      0
      0
      0
      0
      0
      0
      0
      0
      0
      0
      0
      0
      0
      0
      0
      0
      0
      0
      0
      0
      0
      0
      0
      0
      0
      0
      0
      0
      0
      0
      0
      0
      0
      0
      0
      0
      0
      0
      0
      0
      0
      0
      0
      0
      0
      0
      0
      0
      0
      0
      0
      0
      0
      0
      0
      0
      0
      0
      0
      0
      0
      0
      0
      0
      0
      0
      0
      0
      0
      0
      0
      0
      0
      0
      0
      0
      0
      0
      0
      0
      0
      0
      0
      0
      0
      0
      0
      0
      0
      0
      0
      0
      0
      0
      0
      0
      0
      0
      0
      0
      0
      0
      0
      0
      0
      0
      0
      0
      0
      0
      0
      0
      0
      0
      0
      0
      0
      0
      0
      0
      0
      0
      0
      0
      0
      0
      0
      0
      0
      0
      0
      0
      0
      0
      0
      0
      0
      0
      0
      0
      0
      0
      0
      0
      0
      0
      0
      0
      0
      0
      0
      0
      0
      0
      0
      0
      0
      0
      0
      0
      0
      0
      0
      0
      0
      0
      0
      0
      0
      0
      0
      0
      0
      0
      0
      0
      0
      0
      0
      0
      0
      0
      0
      0
      0
      0
      0
      0
      0
      0
      0
      0
      0
      0
      0
      0
      0
      0
      0
      0
      0
      0
      0
      0
      0
      0
      0
      0
      0
      0
      0
      0
      0
      0
      0
      0
      0
      0
      0
      0
      0
      0
      0
      0
      0
      0
      0
      0
      0
      0
      0
      0
      0
      0
      0
      0
      0
      0
      0
      0
      0
      0
      0
      0
      0
      0
      0
      0
      0
      0
      0
      0
      0
      0
      0
      0
      0
      0
      0
      0
      0
      0
      0
      0
      0
      0
      0
      0
      0
      0
      0
      0
      0
      0
      0
      0
      0
      0
      0
      0
      0
      0
      0
      0
      0
      0
      0
      0
      0
      0
      0
      0
      0
      0
      0
      0
      0
      0
      0
      0
      0
      0
      0
      0
      0
      0
      0
      0
      0
      0
      0
      0
      0
      0
      0
      0
      0
      0
      0
      0
      0
      0
      0
      0
      0
      0
      0
      0
      0
      0
      0
      0
      0
      0
      0
      0
      0
      0
      0
      0
      0
      0
      0
      0
      0
      0
      0
      0
      0
      0
      0
      0
      0
      0
      0
      0
      0
      0
      0
      0
      0
      0
      0
      0
      0
      0
      0
      0
      0
      0
      0
      0
      0
      0
      0
      0
      0
      0
      0
      0
      0
      0
      0
      0
      0
      0
      0
      0
      0
      0
      0
      0
      0
      0
      0
      0
      0
      0
      0
      0
      0
      0
      0
      0
      0
      0
      0
      0
      0
      0
      0
      0
      0
      0
      0
      0
      0
      0
      0
      0
      0
      0
      0
      0
      0
      0
      0
      0
      0
      0
      0
      0
      0
      0
      0
      0
      0
      0
      0
      0
      0
      0
      0
      0
      0
      0
      0
      0
      0
      0
      0
      0
      0
      0
      0
      0
      0
      0
      0
      0
      0
      0
      0
      0
      0
      0
      0
      0
      0
      0
      0
      0
      0
      0
      0
      0
      0
      0
      0
      0
      0
      0
      0
      0
      0
      0
      0
      0
      0
      0
      0
      0
      0
      0
      0
      0
      0
      0
      0
      0
      0
      0
      0
      0
      0
      0
      0
      0
      0
      0
      0
      0
      0
      0
      0
      0
      0
      0
      0
      0
      0
      0
      0
      0
      0
      0
      0
      0
      0
      0
      0
      0
      0
      0
      0
      0
      0
      0
      0
      0
      0
      0
      0
      0
      0
      0
      0
      0
      0
      0
      0
      0
      0
      0
      0
      0
      0
      0
      0
      0
      0
      0
      0
      0
      0
      0
      0
      0
      0
      0
      0
      0
      0
      0
      0
      0
      0
      0
      0
      0
      0
      0
      0
      0
      0
      0
      0
      0
      0
      0
      0
      0
      0
      0
      0
      0
      0
      0
      0
      0
      0
      0
      0
      0
      0
      0
      0
      0
      0
      0
      0
      0
      0
      0
      0
      0
      0
      0
      0
      0
      0
      0
      0
      0
      0
      0
      0
      0
      0
      0
      0
      0
      0
      0
      0
      0
      0
      0
      0
      0
      0
      0
      0
      0
      0
      0
      0
      0
      0
      0
      0
      0
      0
      0
      0
      0
      0
      0
      0
      0
      0
      0
      0
      0
      0
      0
      0
      0
      0
      0
      0
      0
      0
      0
      0
      0
      0
      0
      0
      0
      0
      0
      0
      0
      0
      0
      0
      0
      0
      0
      0
      0
      0
      0
      0
      0
      0
      0
      0
      0
      0
      0
      0
      0
      0
      0
      0
      0
      0
      0
      0
      0
      0
      0
      0
      0
      0
      0
      0
      0
      0
      0
      0
      0
      0
      0
      0
      0
      0
      0
      0
      0
      0
      0
      0
      0
      0
      0
      0
      0
      0
      0
      0
      0
      0
      0
      0
      0
      0
      0
      0
      0
      0
      0
      0
      0
      0
      0
      0
      0
      0
      0
      0
      0
      0
      0
      0
      0
      0
      0
      0
      0
      0
      0
      0
      0
      0
      0
      0
      0
      0
      0
      0
      0
      0
      0
      0
      0
      0
      0
      0
      0
      0
      0
      0
      0
      0
      0
      0
      0
      0
      0
      0
      0
      0
      0
      0
      0
      0
      0
      0
      0
      0
      0
      0
      0
      0
      0
      0
      0
      0
      0
      0
      0
      0
      0
      0
      0
      0
      0
      0
      0
      0
      0
      0
      0
      0
      0
      0
      0
      0
      0
      0
      0
      0
      0
      0
      0
      0
      0
      0
      0
      0
      0
      0
      0
      0
      0
      0
      0
      0
      0
      0
      0
      0
      0
      0
      0
      0
      0
      0
      0
      0
      0
      0
      0
      0
      0
      0
      0
      0
      0
      0
      0
      0
      0
      0
      0
      0
      0
      0
      0
      0
      0
      0
      0
      0
      0
      0
      0
      0
      0
      0
      0
      0
      0
      0
      0
      0
      0
      0
      0
      0
      0
      0
      0
