0.533829
0.516055
0.527314
0.544373
0.507509
0.539291
0.538972
0.509081
0.510487
0.519128
0.522255
0.536484
0.521627
0.569824
0.485037
0.52166
0.510739
0.543158
0.523857
0.498555
0.509364
0.481532
0.520041
0.515618
0.487177
0.526966
0.519912
0.500742
0.521953
0.494048
0.522809
0.534606
0.528285
0.495905
0.507124
0.524112
0.533723
0.521274
0.530991
0.535321
0.533778
0.512112
0.534542
0.516925
0.514979
0.542619
0.525296
0.527041
0.521976
0.524488
0.503662
0.537301
0.527879
0.511522
0.513895
0.521966
0.516968
0.535786
0.518181
0.476297
0.472521
0.521508
0.547349
0.511872
0.498611
0.531846
0.53564
0.553517
0.515124
0.497429
0.544351
0.526589
0.485765
0.507284
0.520709
0.510983
0.513589
0.497579
0.548267
0.520585
0.52137
0.495942
0.544342
0.529193
0.505207
0.498567
0.527914
0.5
0.520266
0.490434
0.497571
0.514634
0.493348
0.530027
0.513184
0.518521
0.492956
0.533423
0.516748
0.48715
0.514694
0.517648
0.515335
0.526659
0.509175
0.519618
0.502657
0.502219
0.517792
0.510809
0.481536
0.506988
0.503592
0.509368
0.478541
0.513754
0.513969
0.525907
0.491418
0.483324
0.491747
0.526169
0.522347
0.51274
0.502923
0.490983
0.503911
0.527951
0.52063
0.51568
0.522183
0.516337
0.488008
0.49715
0.505119
0.488418
0.492091
0.513829
0.507509
0.514889
0.522177
0.508571
0.507226
0.511041
0.523642
0.510669
0.490763
0.486553
0.523796
0.490604
0.504388
0.514572
0.501593
0.500712
0.506313
0.515528
0.507766
0.499798
0.504214
0.502274
0.48482
0.499284
0.524449
0.523686
0.4819
0.510643
0.517102
0.496002
0.487712
0.475415
0.525208
0.484077
0.499356
0.490381
0.482849
0.485985
0.521298
0.495501
0.487574
0.478583
0.494491
0.504471
0.506729
0.505939
0.504979
0.496138
0.530401
0.504309
0.523768
0.518653
0.488059
0.524036
0.488954
0.477645
0.494261
0.495281
0.490536
0.505495
0.480896
0.490877
0.480069
0.515584
0.485585
0.472731
0.488493
0.499643
0.493499
0.513585
0.50367
0.485341
0.488433
0.50718
0.510858
0.497082
0.515502
0.492682
0.46896
0.516636
0.485604
0.495645
0.477976
0.490153
0.487547
0.489219
0.474384
0.471099
0.489222
0.500723
0.497725
0.479083
0.508618
0.510198
0.503609
0.509565
0.50441
0.502296
0.517778
0.503128
0.486372
0.491785
0.499277
0.502895
0.508026
0.487039
0.486536
0.508007
0.517694
0.476651
0.467968
0.485518
0.512069
0.482281
0.509085
0.50334
0.481219
0.474854
0.495022
0.501185
0.483259
0.503142
0.494146
0.490894
0.487032
0.499078
0.476048
0.485633
0.497364
0.51723
0.493291
0.512247
0.523415
0.515471
0.467902
0.473762
0.477364
0.481021
0.48905
0.499987
0.48127
0.477994
0.468422
0.492078
0.471225
0.507331
0.490141
0.487869
0.503428
0.476942
0.499877
0.488786
0.478509
0.495315
0.447301
0.500549
0.498882
0.484461
0.477994
0.502484
0.48245
0.50149
0.472279
0.50722
0.49045
0.487457
0.508955
0.488036
0.492919
0.468626
0.487163
0.482713
0.473609
0.480695
0.469981
0.49753
0.477801
0.522278
0.477953
0.500789
0.484054
0.491411
0.494004
0.496277
0.525798
0.475811
0.496462
0.486083
0.462063
0.492295
0.48705
0.504495
0.50313
0.479019
0.502511
0.498142
0.50085
0.490819
0.484698
0.486201
0.466431
0.495762
0.485947
0.466293
0.459824
0.476488
0.466083
0.48663
0.499889
0.472605
0.479924
0.494244
0.478204
0.480866
0.482711
0.489283
0.4721
0.493146
0.48218
0.505228
0.464104
0.4683
0.502192
0.460912
0.482874
0.478881
0.47297
0.480457
0.467508
0.47601
0.511134
0.478863
0.480005
0.485406
0.465789
0.490968
0.488746
0.500871
0.492073
0.494571
0.485034
0.502245
0.48803
0.491621
0.482034
0.487796
0.496693
0.480252
0.497703
0.478289
0.492088
0.491939
0.476057
0.501308
0.465967
0.465488
0.481444
0.487019
0.498859
0.491498
0.489312
0.484263
0.487408
0.480117
0.505795
0.492908
0.465734
0.476063
0.467111
0.471377
0.479375
0.466885
0.470536
0.493127
0.492141
0.483651
0.507767
0.484438
0.490767
0.496272
0.478112
0.504162
0.492487
0.467336
0.476048
0.473448
0.479418
0.489069
0.525075
0.490309
0.486126
0.497033
0.479911
0.486801
0.49847
0.468049
0.485263
0.475446
0.498728
0.466327
0.482488
0.473969
0.506487
0.497806
0.471848
0.484269
0.491686
0.472116
0.467724
0.493801
0.480879
0.483407
0.47404
0.461095
0.472708
0.471048
0.503369
0.488106
0.471009
0.459299
0.477284
0.481545
0.488261
0.472488
0.471679
0.499069
0.500516
0.480376
0.475157
0.483257
0.484062
0.458953
0.466375
0.482244
0.460054
0.494462
0.466283
0.491613
0.493785
0.472057
0.474105
0.483124
0.486715
0.470393
0.493735
0.469804
0.48357
0.466385
0.484418
0.49653
0.467718
0.477664
0.474021
0.499027
0.468118
0.484935
0.471955
0.490899
0.47438
0.479305
0.475351
0.480573
0.463098
0.471866
0.483464
0.479819
0.483444
0.461258
0.472509
0.501818
0.479206
0.473864
0.462617
0.471535
0.513754
0.467376
0.477402
0.490469
0.48173
0.482249
0.4758
0.471157
0.474656
0.483886
0.501919
0.474662
0.490888
0.474697
0.474497
0.467713
0.449048
0.490809
0.461399
0.486352
0.50198
0.463978
0.471326
0.472514
0.481789
0.464392
0.455874
0.512957
0.478948
0.476236
0.479329
0.464363
0.480339
0.468466
0.506391
0.472339
0.465712
0.464583
0.49448
0.474391
0.474506
0.478628
0.472128
0.472704
0.472743
0.471198
0.486194
0.506743
0.48099
0.467706
0.47669
0.486903
0.457777
0.478564
0.484718
0.504738
0.496738
0.490675
0.469074
0.473533
0.475548
0.465787
0.479406
0.463215
0.453491
0.475563
0.47509
0.466734
0.491123
0.469523
0.499377
0.485988
0.481602
0.477167
0.480745
0.473986
0.483874
0.46835
0.476255
0.488423
0.483248
0.510443
0.463691
0.476756
0.48015
0.473438
0.474997
0.49738
0.474556
0.47292
0.477147
0.477567
0.486929
0.475596
0.48316
0.502929
0.474409
0.454898
0.493684
0.470811
0.494631
0.49835
0.489456
0.466013
0.468528
0.489555
0.469648
0.457654
0.487459
0.46144
0.469048
0.491987
0.454161
0.498846
0.489054
0.473857
0.46628
0.495092
0.462899
0.460626
0.50389
0.484586
0.492623
0.492344
0.474606
0.489742
0.500059
0.49562
0.459219
0.460562
0.488364
0.45736
0.473436
0.494239
0.477222
0.477297
0.475687
0.476932
0.471177
0.47737
0.476424
0.490037
0.480349
0.469782
0.476056
0.479897
0.470601
0.475852
0.456888
0.479765
0.476072
0.476235
0.469354
0.479955
0.474235
0.474497
0.483806
0.479018
0.471428
0.455722
0.469329
0.472861
0.492585
0.452465
0.473137
0.453815
0.471519
0.495038
0.464347
0.482975
0.511119
0.482816
0.488659
0.478894
0.47782
0.498486
0.47114
0.457548
0.47362
0.491171
0.471669
0.473952
0.48203
0.454387
0.46921
0.501146
0.46589
0.471321
0.462028
0.46432
0.484558
0.466851
0.476108
0.482548
0.477867
0.472912
0.473466
0.480566
0.466423
0.458448
0.452618
0.48622
0.481823
0.473539
0.446013
0.467025
0.486539
0.4548
0.455336
0.473495
0.464325
0.473131
0.476504
0.492998
0.46603
0.471776
0.457692
0.468371
0.477288
0.453519
0.475585
0.477199
0.46921
0.500287
0.475459
0.469039
0.475092
0.459938
0.482436
0.467974
0.477376
0.492362
0.472063
0.473121
0.477669
0.481794
0.470284
0.475666
0.47555
0.465692
0.475984
0.460972
0.476943
0.483165
0.492655
0.461801
0.490905
0.475518
0.464462
0.465278
0.448128
0.458303
0.482792
0.471719
0.488566
0.476509
0.480625
0.470856
0.471977
0.461734
0.503522
0.456342
0.493064
0.45279
0.480218
0.469226
0.463797
0.49879
0.4693
0.471181
0.500006
0.46803
0.474249
0.471355
0.49604
0.472394
0.475482
0.480787
0.485183
0.465132
0.47055
0.468621
0.474723
0.457973
0.472501
0.457562
0.461318
0.478909
0.472102
0.472435
0.456937
0.480422
0.477327
0.473138
0.473876
0.46354
0.473239
0.476222
0.456748
0.455941
0.484255
0.498637
0.507321
0.460301
0.463199
0.472913
0.465495
0.465164
0.464789
0.459779
0.446189
0.472102
0.473772
0.458642
0.484587
0.460423
0.460622
0.455723
0.483562
0.4791
0.471331
0.453232
0.457034
0.456971
0.467873
0.470653
0.475083
0.478485
0.455432
0.461549
0.46879
0.467177
0.475853
0.475191
0.478774
0.475088
0.464581
0.485361
0.470357
0.477825
0.446125
0.456112
0.475261
0.450957
0.470514
0.480305
0.481831
0.46826
0.463448
0.460284
0.463784
0.471861
0.48507
0.474352
0.490104
0.476817
0.477178
0.460462
0.464068
0.470641
0.464994
0.488773
0.465014
0.468207
0.464234
0.457347
0.484049
0.453543
0.48048
0.489446
0.469903
0.472173
0.467786
0.460049
0.473659
0.459942
0.477834
0.461935
0.468481
0.466483
0.454271
0.479316
0.480785
0.480429
0.470146
0.461354
0.468973
0.463072
0.474179
0.476804
0.480841
0.468773
0.465111
0.468962
0.462749
0.474478
0.478996
0.459641
0.477165
0.48244
0.470646
0.471685
0.472204
0.462481
0.464544
0.473625
0.48493
0.470551
0.476113
0.459266
0.465505
0.462288
0.471033
0.464028
0.484442
0.449672
0.471059
0.452673
0.461231
0.482503
0.462565
0.478638
0.458593
0.46959
0.469832
0.452171
0.461108
0.460786
0.465118
0.459091
0.462391
0.47028
0.449972
0.476872
0.456456
0.468986
0.475188
0.468452
0.468538
0.473781
0.466547
0.452496
0.454623
0.477959
0.4672
0.445941
0.468979
0.466953
0.470545
0.455845
0.465808
0.46664
0.462982
0.466001
0.466299
0.464066
0.482796
0.441274
0.468417
0.460385
0.478016
0.472881
0.46931
0.464497
0.468826
0.469042
0.454485
0.450757
0.477471
0.466252
0.471823
0.471487
0.470784
0.46177
0.46231
0.465964
0.45776
0.464241
0.460925
0.46961
0.465712
0.465842
0.466076
0.465424
0.465745
0.463559
0.463466
0.465747
