3.04673
3.04426
3.09932
3.09459
3.04438
3.0091
3.00565
3.01333
3.02112
3.01603
3.01183
3.00427
3.00603
3.01413
3.01221
3.00677
3.00035
3.0005
3.00141
3.00237
3.00123
3.00028
3.00112
3.00418
3.00809
3.01018
3.00889
3.00638
3.00417
3.00463
3.00434
3.00349
3.00329
3.00224
3.0015
3.00261
3.00289
3.0031
3.00235
3.00028
2.99913
2.99843
2.99887
2.99913
2.9981
2.99856
2.99857
2.99931
2.99955
2.99925
2.99906
2.99875
2.99903
2.99918
2.99913
2.99936
3.00004
3.00041
3.00055
3.00032
3.00016
2.99971
3.00011
3.00002
2.99975
2.99976
2.9997
2.9999
2.99972
2.99946
2.99947
2.99936
2.99893
2.99893
2.99906
2.99901
2.99938
2.99945
2.99913
2.99917
2.99908
2.99926
2.99926
2.99947
2.9993
2.99951
2.99929
2.99943
2.99965
2.99949
2.99949
2.99936
2.99994
2.9994
2.99923
2.99949
2.99955
2.99948
2.99921
2.99926
2.99939
2.99923
2.99944
2.99924
2.99938
2.99955
2.99952
2.99921
2.99949
2.99916
2.99956
2.99948
2.99954
2.99938
2.99938
2.99918
2.99923
2.99941
2.99912
2.99946
2.99913
2.99934
2.99923
2.9994
2.99943
2.99914
2.99927
2.99968
2.99934
2.99906
2.99931
2.99928
2.9995
2.99899
2.99932
2.99919
2.99954
2.99927
2.99942
2.99955
2.99962
2.99952
2.99932
2.99914
2.99923
2.99941
2.99953
2.99915
2.99953
2.99942
2.99903
2.99927
2.99919
2.99913
2.99927
2.99969
2.99977
2.99925
2.99949
2.99956
2.99943
2.99946
2.99944
2.99921
2.99947
2.99955
2.99912
2.99936
2.99955
2.99936
2.99971
2.99943
2.99941
2.99958
2.99961
2.99928
2.99925
2.9994
2.99958
2.99928
2.9994
2.99941
2.99955
2.99961
2.99948
2.99915
2.99912
2.99942
2.9994
2.99954
2.99958
2.9995
2.99951
2.99949
2.99953
2.99947
2.99925
2.99959
2.99932
2.99914
2.99925
2.99946
2.99952
2.99921
2.99965
2.99929
2.99981
2.99941
2.99959
2.99938
2.99922
2.99909
2.99936
2.99957
2.99894
2.99966
2.99918
2.9992
2.99946
2.99967
2.99904
2.99955
2.9995
2.99951
2.99976
2.99921
2.99943
2.99928
2.99952
2.99941
2.99927
2.99931
2.99923
2.99925
2.99954
2.99974
2.99968
2.99942
2.99938
2.99922
2.99919
2.99979
2.99921
2.99953
2.99912
2.9992
2.99963
2.99961
2.99954
2.99906
2.99928
2.9994
2.99932
2.99946
2.99923
2.99931
2.99911
2.99923
2.99934
2.99943
2.99933
2.99971
2.99928
2.99933
2.99916
2.9995
2.9991
2.99919
2.99952
2.99916
2.99924
2.99953
2.99945
2.99936
2.9992
2.99961
2.99915
2.99971
2.99935
2.99956
2.99918
2.99915
2.99977
2.99958
2.99941
2.99917
2.99925
2.99916
2.99964
2.9992
2.99933
2.99944
2.99926
2.9997
2.99932
2.9993
2.99942
2.9995
2.9995
2.99936
2.9995
2.99927
2.99942
2.99935
2.99936
2.99927
2.99945
2.99951
2.99919
2.99959
2.99935
2.99937
2.9991
2.99958
2.99971
2.9995
2.99947
2.99909
2.99913
2.99936
2.99935
2.99936
2.99931
2.99932
2.99931
2.99918
2.99929
2.99969
2.99945
2.99922
2.99927
2.99934
2.99949
2.9998
2.99918
2.9995
2.99972
2.99966
2.99961
2.99948
2.99962
2.99949
2.99975
2.99924
2.99932
2.99957
2.99936
2.99942
2.9994
2.9995
2.99947
2.99945
2.99934
2.99916
2.99934
2.99961
2.99955
2.99948
2.9993
2.99959
2.99908
2.99988
2.99972
2.99941
2.99916
2.99934
2.99932
2.99926
2.99934
2.99939
2.9997
2.99945
2.99939
2.99939
2.99951
2.99935
2.9993
2.99932
2.99959
2.99955
2.99944
2.99942
2.99906
2.99925
2.99945
2.99923
2.99917
2.99938
2.99944
2.99945
2.99948
2.99932
2.99961
2.99927
2.99969
2.99951
2.99945
2.99935
2.99935
2.99927
2.99936
2.99955
2.99906
2.99924
2.99943
2.99946
2.99905
2.99955
2.99939
2.99965
2.99924
2.99954
2.99947
2.99904
2.99943
2.99923
2.9992
2.99933
2.99924
2.9992
2.99931
2.99929
2.99942
2.9996
2.99959
2.99929
2.99925
2.99954
2.99947
2.99937
2.99943
2.99929
2.99972
2.99934
2.99973
2.99921
2.99919
2.99945
2.99954
2.99962
2.99927
2.99933
2.99939
2.99928
2.99965
2.99941
2.99947
2.99964
2.99968
2.99913
2.99915
2.99949
2.99935
2.99949
2.99932
2.99955
2.99934
2.99939
2.99931
2.99953
2.99931
2.99937
2.99921
2.99914
2.99928
2.99929
2.99928
2.99931
2.99939
2.99927
2.99939
2.9993
2.9994
2.99926
2.99917
2.99911
2.99926
2.99918
2.99941
2.99932
2.99964
2.99959
2.99931
2.99942
2.99929
2.99945
2.99936
2.99931
2.99932
2.99947
2.99952
2.99934
2.99937
2.99943
2.99977
2.99919
2.99941
2.99891
2.99924
2.99941
2.99956
2.99934
2.99927
2.99919
2.99943
2.99943
2.99932
2.99929
2.99956
2.99915
2.99969
2.99955
2.99927
2.99972
2.99953
2.99926
2.99958
2.99903
2.99955
2.99944
2.99944
2.99969
2.99924
2.99941
2.99917
2.99929
2.99933
2.99904
2.99948
2.99946
2.99936
2.99944
2.99931
2.99938
2.99956
2.9993
2.99963
2.99937
2.99911
2.99942
2.9992
2.99918
2.99915
2.99954
2.99963
2.99913
2.99926
2.99943
2.99969
2.99954
2.99947
2.99922
2.99933
2.99948
2.99937
2.99929
2.99949
2.99975
2.9992
2.99944
2.99915
2.99946
2.99935
2.9994
2.99928
2.99918
2.99952
2.99944
2.9992
2.99943
2.99922
2.99895
2.99945
2.99894
2.99915
2.99944
2.99945
2.9994
2.9993
2.9995
2.99946
2.99916
2.99931
2.99939
2.99946
2.99955
2.99927
2.99919
2.99948
2.99934
2.99965
2.99934
2.99938
2.99958
2.99928
2.99945
2.99929
2.99914
2.9996
2.99924
2.99932
2.99958
2.99944
2.9996
2.99958
2.99933
2.99934
2.99961
2.99943
2.99929
2.99946
2.99915
2.99925
2.99948
2.99925
2.99908
2.9994
2.9994
2.99947
2.99949
2.99904
2.99932
2.99929
2.99933
2.99936
2.9993
2.9995
2.99949
2.99962
2.9995
2.99928
2.99944
2.99934
2.99949
2.99927
2.99937
2.99935
2.99935
2.99941
2.99919
2.99952
2.99929
2.99945
2.99945
2.99961
2.99938
2.99925
2.99948
2.9994
2.99935
2.99934
2.99926
2.99941
2.999
2.99949
2.99951
2.99955
2.99932
2.99934
2.99928
2.99953
2.99953
2.99926
2.99939
2.99941
2.99948
2.99939
2.99942
2.99935
2.99937
2.99928
2.99927
2.99941
2.99945
2.99951
2.9994
2.99935
2.99907
2.99949
2.99957
2.99918
2.99917
2.9991
2.99931
2.99938
2.99935
2.99935
2.99919
2.99959
2.99918
2.99953
2.99955
2.99918
2.99929
2.99946
2.99953
2.9992
2.9993
2.99933
2.99954
2.99933
2.99933
2.99915
2.99919
2.99932
2.99917
2.99931
2.99947
2.99942
2.99929
2.99927
2.99945
2.99947
2.99949
2.99953
2.99949
2.99952
2.99959
2.99949
2.9997
2.99935
2.99927
2.99951
2.99967
2.99943
2.99955
2.99956
2.99937
2.99955
2.99891
2.99939
2.99944
2.9991
2.99941
2.99932
2.99923
2.99966
2.99926
2.99931
2.99932
2.99917
2.99919
2.99938
2.99961
2.99976
2.99938
2.99905
2.99935
2.99936
2.99946
2.99906
2.9993
2.99951
2.99959
2.99932
2.99917
2.99936
2.99941
2.99935
2.99944
2.99936
2.99908
2.99936
2.99935
2.99947
2.9992
2.9995
2.99937
2.99935
2.99919
2.99942
2.9996
2.99914
2.99914
2.99936
2.99964
2.9993
2.99964
2.99949
2.99973
2.99946
2.9993
2.99947
2.99945
2.99912
2.99944
2.999
2.99952
2.99953
2.99928
2.99936
2.99947
2.99917
2.99967
2.99934
2.99963
2.99923
2.99955
2.99915
2.99911
2.99966
2.99957
2.99954
2.99922
2.99933
2.99956
2.9992
2.99911
2.99932
2.99959
2.99955
2.99932
2.99924
2.9996
2.99932
2.99949
2.99951
2.99952
2.99931
2.99939
2.99923
2.99939
2.99931
2.99975
2.9994
2.99939
2.99945
2.99925
2.99945
2.99963
2.99917
2.99959
2.99947
2.9995
2.99942
2.99945
2.99983
2.99922
2.99927
2.99908
2.99932
2.99933
2.9995
2.99957
2.99919
2.99917
2.99937
2.99919
2.99927
2.99934
2.9995
2.99942
2.99905
2.99924
2.99943
2.99927
2.99929
2.99943
2.99926
2.9993
2.99974
2.99937
2.99924
2.99947
2.99929
2.99949
2.99947
2.99955
2.99917
2.99942
2.9995
2.99904
2.99941
2.99982
2.99927
2.99931
2.99933
2.99959
2.99935
2.99934
2.99968
2.99921
2.9999
2.9997
2.99921
2.99925
2.9994
2.99933
2.9994
2.99997
2.99951
2.99942
2.99927
2.9991
2.99907
2.99951
2.99954
2.99942
2.99947
2.99952
2.99949
2.99938
2.99947
2.99937
2.99942
2.99932
2.99949
2.99944
2.99904
2.99943
2.99922
2.99925
2.99927
2.99928
2.99949
2.99936
2.9993
2.99909
2.99927
2.99939
2.9993
2.99908
2.99929
2.99945
2.99954
2.99899
2.99937
2.9996
2.99921
2.99923
2.99939
2.99942
2.99941
2.99945
2.99921
2.99933
2.99908
2.99931
2.99934
2.99949
2.99952
2.99907
2.99929
2.99913
2.99926
2.99938
2.99912
2.99948
2.99922
2.99919
2.99953
2.99924
2.99934
2.99936
2.99919
2.99931
2.99935
2.99955
2.99943
2.99934
2.99902
2.9993
2.99922
2.99949
2.99976
2.99916
2.99931
2.99936
2.99963
2.9993
2.99948
2.99934
2.99962
2.99957
2.99941
2.9991
2.99923
2.9995
2.99941
2.99918
2.99941
2.99933
2.99928
2.9994
2.99952
2.99951
2.99938
2.9993
2.99943
2.99939
2.99942
2.99943
2.99939
2.99943
2.99936
2.9994
2.99946
2.99938
2.9994
2.99936
