11.0393
3.84309
3.53018
3.24516
3.09667
3.04734
3.04586
3.04017
3.0329
3.02807
3.02638
3.02265
3.02007
3.02023
3.22409
3.03734
3.00505
2.99455
2.98869
2.98962
2.98707
2.9869
2.98201
2.9839
2.98379
2.98204
2.98214
2.98488
2.98193
2.9836
2.98356
2.98413
2.98487
2.98267
2.98154
2.98697
2.98505
2.98474
2.98601
2.9859
2.9837
2.98577
2.98456
2.9866
2.98359
2.98758
2.98314
2.98427
2.98274
2.98414
2.9892
2.98761
2.98942
2.98759
2.9871
2.98413
2.98726
2.98686
2.98751
2.98929
2.98905
2.9893
2.98614
2.98964
2.98885
2.98828
2.98835
2.99009
2.99134
2.98965
2.98973
2.98896
2.99107
2.98914
2.99018
2.99067
2.98909
2.98599
2.98844
2.99172
2.99259
2.99119
2.99259
2.98771
2.99066
2.98887
2.99272
2.99306
2.99346
2.99116
2.99296
2.99155
2.99289
2.99108
2.99127
2.99157
2.98971
2.99068
2.98913
2.99311
