<<<<<<< HEAD
3.05162
3.04571
3.05009
3.04028
3.03499
3.02994
3.03104
3.02686
3.03072
3.02877
3.03021
3.02494
3.02584
3.02723
3.0278
3.02583
3.02521
3.02466
3.02309
3.02184
3.02182
3.02034
3.02115
3.02172
3.01997
3.01904
3.01816
3.01682
3.01711
3.01597
3.01389
3.01484
3.01566
3.01464
3.012
3.01093
3.01102
3.01002
3.00943
3.01052
3.00781
3.0091
3.00942
3.0094
3.00893
3.00725
3.00835
3.00585
3.00604
3.00548
3.00543
3.00523
3.00464
3.0048
3.00366
3.00397
3.00391
3.00396
3.00325
3.00275
3.00292
3.00253
3.00268
3.00215
3.00251
3.00209
3.00225
3.00167
3.00159
3.00184
3.00102
3.00123
3.00077
3.00059
3.00082
3.00114
3.00047
3.00064
3.00084
3.00015
3.00044
3.00007
3.00066
3.00036
3.00001
3.00051
3.00017
2.9999
3.00029
3.00017
2.99997
2.99992
3.00044
2.99987
2.99988
2.99977
2.99977
2.99967
2.99952
2.99953
=======
3.04787
3.04909
3.04494
3.03449
3.03113
3.03164
3.03114
>>>>>>> c38c8a150a11d5187ab8fba262387f3b6cdbe801
