3.04842
3.0485
3.04711
3.04223
3.0354
3.03122
3.03327
3.03172
3.03049
3.02995
3.03
3.03028
3.02987
3.03383
3.03024
3.03023
3.02893
3.02669
3.02982
3.02969
3.02931
3.02874
3.0282
3.02763
3.02863
3.02554
3.02926
3.02557
3.0267
3.02523
3.0264
3.02503
3.02407
3.02446
3.02393
3.02298
3.02262
3.02315
3.02326
3.02096
3.02153
3.02337
3.02372
3.02024
3.0203
3.02017
3.02063
3.01885
3.02006
3.01985
3.01662
3.01879
3.0188
3.01668
3.0181
3.01822
3.01728
3.01451
3.01472
3.01415
3.01514
3.01235
3.01616
3.01493
3.01294
3.01271
3.01447
3.01179
3.01371
3.0109
3.01085
3.01186
3.01174
3.0119
3.01227
3.01068
3.00915
3.01055
3.00865
3.01037
3.00874
3.01023
3.00874
3.00876
3.00898
3.00915
3.00717
3.00808
3.0079
3.0073
3.00665
3.0062
3.00772
3.00649
3.00686
3.00626
3.00569
3.00552
3.00537
3.00622
3.00462
3.00537
3.00481
3.0053
3.00545
3.00435
3.00508
3.00354
3.00443
3.00478
3.0029
3.00349
3.00305
3.00373
3.00272
3.00271
3.00281
3.00308
3.00259
3.00259
3.00255
3.00286
3.00196
3.00248
3.00178
3.00179
3.00174
3.00218
3.00214
3.0015
3.0016
3.00212
3.00182
3.00147
3.00108
3.00178
3.00153
3.00135
3.00132
3.00091
3.00087
3.00047
3.00064
3.00052
3.00119
3.00046
3.00043
3.00095
3.00095
3.00027
3.00031
3.0003
3.00063
3.0003
3.00031
3.00032
3.00024
3.00025
3.00019
3.00022
3.00012
3.0001
3.00013
3.00009
3.00001
2.99999
