44.947
17.7
17.7889
17.9088
18.0443
18.1891
18.3399
18.4947
18.6522
18.8115
18.972
19.1291
19.2871
19.4457
19.6045
19.7634
19.922
20.0802
20.2379
20.3949
20.5511
20.7023
20.8531
21.0032
21.1527
21.3014
21.4492
21.5962
21.7422
21.8871
22.031
22.1693
22.307
22.4439
22.5801
22.7155
22.85
22.9836
23.1162
23.248
23.3787
23.5035
23.6279
23.7516
23.8748
23.9973
24.119
24.2401
24.3603
24.4798
24.5985
24.7112
24.8235
24.9355
25.0471
25.1582
25.2687
25.3788
25.4882
25.597
25.7052
25.8073
25.9094
26.0112
26.1128
26.2141
26.315
26.4155
26.5156
26.6152
26.7144
26.8075
26.9006
26.9937
27.0866
27.1794
27.272
27.3643
27.4562
27.5479
27.6391
27.7243
27.8097
27.8951
27.9804
28.0657
28.1509
28.2359
28.3207
28.4052
28.4894
28.5676
28.646
28.7246
28.8032
28.8818
28.9603
29.0388
29.1171
29.1952
29.2731
29.3449
29.417
29.4894
29.5618
29.6344
29.7069
29.7794
29.8519
29.9241
29.9963
30.0623
30.1287
30.1954
30.2623
30.3293
30.3963
30.4634
30.5305
30.5975
30.6643
30.7251
30.7863
30.8478
30.9096
30.9715
31.0336
31.0957
31.1579
31.22
31.282
31.338
31.3944
31.4512
31.5083
31.5656
31.6231
31.6807
31.7383
31.796
31.8536
31.9052
31.9572
32.0097
32.0625
32.1155
32.1688
32.2222
32.2757
32.3292
32.3828
32.4303
32.4783
32.5268
32.5756
32.6247
32.6741
32.7236
32.7733
32.823
32.8728
32.9165
32.9608
33.0055
33.0507
33.0962
33.1419
33.1878
33.2339
33.2801
33.3264
33.3666
33.4074
33.4487
33.4904
33.5325
33.5748
33.6174
33.6601
33.703
33.746
33.7829
33.8205
33.8585
33.897
33.9359
33.9751
34.0146
34.0542
34.094
34.1339
34.1677
34.2023
34.2373
34.2728
34.3088
34.345
34.3815
34.4182
34.4551
34.4921
34.5232
34.5549
34.5871
34.6198
34.653
34.6865
34.7203
34.7543
34.7885
34.8568
34.9347
34.9685
35.0077
35.0554
35.0965
35.1365
35.1794
35.2426
35.2656
35.349
35.3805
35.4271
35.486
35.5376
35.5897
35.6456
35.7055
35.7603
35.8134
35.8663
35.9417
36.0465
36.0848
36.1501
36.1887
36.2582
36.307
36.3788
36.4396
36.5119
36.5636
36.638
36.6824
36.7389
36.7903
36.8606
36.9124
36.9824
37.1067
37.1544
37.2135
37.2749
37.3401
37.3845
37.5328
37.6322
37.6915
37.7485
37.8186
37.9072
37.9639
38.0203
38.0756
38.1333
38.1902
38.272
38.3556
38.4195
38.4419
38.5289
38.5866
38.6955
38.7343
38.8225
38.8517
38.9155
38.9648
39.0306
39.0953
39.1416
39.1871
39.229
39.2698
39.3433
39.4028
39.4205
39.4998
39.5216
39.5687
39.6209
39.6016
39.6766
39.702
39.7379
39.7846
39.7803
39.8416
39.8701
39.9007
39.9346
39.9518
39.9872
40.0127
40.0446
40.041
40.0535
40.1087
40.1842
40.2108
40.218
40.25
40.2604
40.289
40.2935
40.3208
40.3461
40.38
40.3983
40.4451
40.4496
40.459
40.489
40.5107
40.5084
40.5229
40.5447
40.5454
40.5697
40.5962
40.6154
40.6179
40.6405
40.6633
40.7028
40.7628
40.7883
40.8036
40.8074
40.8665
40.894
40.9049
40.8885
40.9072
40.9313
40.9417
40.9639
41.0108
41.0062
41.0224
41.0086
41.036
41.082
41.083
41.0695
41.1133
41.1277
41.1216
41.1472
41.1779
41.1835
41.1785
41.2002
41.1912
41.2354
41.2443
41.288
41.3091
41.2957
41.3242
41.2914
41.3343
41.3099
41.3293
41.315
41.319
41.3056
41.3322
41.3112
41.3547
41.3701
41.372
41.3737
41.3951
41.3925
41.3816
41.371
41.4163
41.3914
41.4284
41.4193
41.4086
41.3976
41.4067
41.4249
41.3856
41.3934
41.4146
41.3852
41.413
41.4214
41.4355
41.4208
41.4312
41.4726
41.4131
41.4332
41.4346
41.4415
41.4496
41.456
41.4381
41.4811
41.4407
41.4351
41.5006
41.4468
41.4723
41.4475
41.468
41.4571
41.4655
41.4514
41.4539
41.4655
41.4622
41.4587
41.4847
41.51
41.4788
41.4885
41.4876
41.4961
41.5097
41.4586
41.4646
41.4815
41.48
41.5145
41.4598
41.4992
41.5106
41.466
41.5087
41.4788
41.4899
41.5279
41.4639
41.4753
41.5355
41.5022
41.4899
41.4957
41.5306
41.5089
41.5044
41.4855
41.5261
41.4997
41.542
41.5501
41.5247
41.5604
41.5706
41.5404
41.4993
41.5513
41.5418
41.5185
41.5367
41.5092
41.5545
41.5521
41.5754
41.5452
41.5828
41.5781
41.5437
41.5354
41.5641
41.5391
41.5435
41.5556
41.5698
41.5779
41.5806
41.5596
41.5542
41.5435
41.5646
41.5619
41.5479
41.5339
41.5491
41.5521
41.54
41.5431
41.5565
41.5688
41.5637
41.5886
41.5566
41.5306
41.5531
41.5492
41.5648
41.5874
41.5724
41.5918
41.5638
41.5946
41.5919
41.5781
41.6106
41.589
41.5582
41.6119
41.5878
41.5519
41.5968
41.5884
41.5687
41.6032
41.5789
41.5764
41.5873
41.5568
41.6456
41.6153
41.6612
41.6477
41.6385
41.6173
41.6216
41.6144
41.6691
41.6637
41.6725
41.646
41.6703
41.6681
41.6606
41.6543
41.6446
41.6468
41.6576
41.6616
41.6823
41.6537
41.6897
41.6691
41.7249
41.7157
41.6893
41.6937
41.7013
41.6864
41.6952
41.7054
41.7358
41.6665
41.703
41.6803
41.7376
41.699
41.6946
41.6948
41.6976
41.6968
41.7223
41.7199
41.7025
41.7152
41.7042
41.6652
41.7073
41.6968
41.686
41.7038
41.7002
41.7383
41.7215
41.7003
41.7013
41.7402
41.7081
41.6905
41.7276
41.7397
41.7119
41.7507
41.7348
41.7455
41.7489
41.7036
41.6993
41.7413
41.7214
41.7307
41.7672
41.7622
41.7401
41.6986
41.6973
41.7116
41.7719
41.7539
41.7498
41.7525
41.7496
41.8024
41.7932
41.748
41.7998
41.7541
41.7656
41.7571
41.7491
41.784
41.7809
41.7861
41.7595
41.7857
41.7821
41.7794
41.7896
41.7633
41.7894
41.8016
41.8004
41.7948
41.7961
41.8276
41.801
41.8035
41.7957
41.7996
41.8033
41.775
41.7932
41.8324
41.8185
41.8305
41.7991
41.8166
41.7728
41.7908
41.797
41.8189
41.8017
41.8197
41.8085
41.8259
41.8335
41.7897
41.8215
41.8443
41.8084
41.8149
41.8088
41.8447
41.8253
41.802
41.8468
41.8349
41.8697
41.8782
41.8947
41.8992
41.8642
41.9203
41.9008
41.9394
42.0123
42.0032
41.9616
42.0043
41.9585
42.0254
41.9641
42.0109
42.0615
42.0277
42.0542
42.0835
42.0678
42.0772
42.1089
42.121
42.0774
42.1225
42.1486
42.1349
42.1245
42.1423
42.1451
42.1223
42.1796
42.1578
42.194
42.1529
42.2281
42.2008
42.222
42.1652
42.1651
42.1869
42.1753
42.1605
42.1835
42.2097
42.1836
42.1724
42.1605
42.1825
42.123
42.1885
42.2177
42.2108
42.1617
42.1878
42.1808
42.1684
42.1716
42.1844
42.146
42.1863
42.1875
42.1747
42.1699
42.24
42.2009
42.188
42.1954
42.1944
42.1766
42.174
42.192
42.1815
42.2019
42.1991
42.2109
42.225
42.1788
42.1763
42.2508
42.2301
42.2012
42.2326
42.2341
42.2083
42.2676
42.2505
42.2385
42.2262
42.2453
42.224
42.2247
42.2389
42.2857
42.2407
42.2746
42.296
42.2747
42.2928
42.3284
42.3809
42.337
42.345
42.3227
42.353
42.3614
42.3423
42.3514
42.3516
42.3527
42.3736
42.3991
42.4016
42.4226
42.425
42.4051
42.4292
42.4491
42.4204
42.4467
42.4637
42.432
42.4534
42.5018
42.4929
42.4712
42.4522
42.4984
42.5504
42.5196
42.5397
42.6109
42.5463
42.5591
42.5722
42.5806
42.5745
42.6094
42.5935
42.6127
42.5889
42.5948
42.6258
42.6059
42.6301
42.6118
42.6395
42.6031
42.6575
42.5984
42.6179
42.6822
42.6674
42.5985
42.664
42.6636
42.7119
42.6161
42.6851
42.6887
42.6406
42.6396
42.7052
42.6691
42.6814
42.7358
42.7488
42.6967
42.7177
42.7184
42.7246
42.7445
42.7422
42.7242
42.7538
42.7557
42.7012
42.734
42.7317
42.7551
42.7184
42.7633
42.6799
42.7225
42.702
42.7245
42.6669
42.6284
42.7073
42.6948
42.7473
42.6738
42.7276
42.6744
42.6487
42.6481
42.659
42.6679
42.6808
42.6236
42.6207
42.6751
42.6393
42.6417
42.6517
42.6041
42.6057
42.6358
42.6773
42.6656
42.6573
42.6907
42.6488
42.6525
42.641
42.5996
42.6341
42.6541
42.6367
42.6029
42.6937
42.5957
42.6112
42.6291
42.6614
42.6545
42.6965
42.7023
42.7042
42.658
42.702
42.6707
42.6328
42.6776
42.6679
42.6742
42.6595
42.6358
42.6462
42.6832
42.6628
42.6867
42.6573
42.6692
42.6727
42.6342
42.665
42.6384
42.6652
42.6617
42.6912
42.6427
42.6682
42.6073
42.657
42.6531
42.7113
42.6605
42.6961
42.5944
42.6629
42.6667
42.6753
42.6338
42.6559
42.6696
42.5894
42.661
42.5981
42.6271
42.6206
42.6407
42.6357
42.6245
42.6615
42.6872
42.5917
42.6873
42.6512
42.6772
42.6383
42.5793
42.6326
42.6317
42.6678
42.6932
42.6567
42.7176
42.6367
42.6379
42.6627
42.5706
42.662
42.6547
42.6953
42.6453
42.6443
42.6173
42.6795
42.6456
42.5802
42.697
42.5994
42.6384
42.6367
42.7165
42.6552
42.5975
42.672
42.6364
42.6996
42.6479
42.6181
42.6338
42.6411
42.7119
42.6572
42.6589
42.696
42.6481
42.6654
42.6255
42.662
42.6697
42.6649
42.6409
42.6754
42.6842
42.7236
42.6295
42.6984
42.674
42.6699
42.6905
42.6034
42.6989
42.6829
42.6653
42.6501
42.7041
42.6745
42.6305
42.7099
42.5875
42.5264
42.5735
42.5949
42.5829
42.5485
42.5918
42.5269
42.5653
42.6043
42.4918
42.5648
42.5033
42.5499
42.5998
42.4893
42.5046
42.4692
42.4802
42.4739
42.5048
42.4184
42.4793
42.3882
42.3627
42.4624
42.3768
42.4306
42.3204
42.3455
42.3339
42.3928
42.2987
42.2576
42.2626
42.266
42.1969
42.246
42.2545
42.2317
42.1972
42.2406
42.2134
42.1906
42.1651
42.2458
42.1618
42.166
42.1313
42.1014
42.187
42.1277
42.1901
42.2072
42.1214
42.0831
42.1688
42.1171
42.1317
42.1144
42.1281
42.1532
42.0923
42.1029
42.0975
42.1457
42.1214
42.1117
42.0921
42.1201
42.1008
42.1628
42.1043
42.0836
42.079
42.0313
42.0966
42.0199
42.0756
42.0723
42.0514
42.0863
42.0772
42.0902
42.0163
42.0329
42.1361
42.0245
42.047
42.0621
42.1078
42.0551
42.0594
42.0572
42.0856
42.0205
42.0294
42.0589
42.0447
42.0813
42.0281
42.083
42.0703
42.0035
42.0148
42.0013
42.0122
41.9791
41.9993
41.9689
41.9968
41.9669
42.014
41.9435
41.9522
42.0488
41.9155
41.9806
41.8929
41.9434
41.9207
41.9971
41.9908
41.9364
41.9021
42.0118
41.9017
41.8925
41.9657
41.8963
41.9635
41.9421
41.965
41.9421
41.9377
41.9276
41.9585
41.9685
42.0001
41.9166
41.9949
41.9641
41.9538
41.964
41.9467
41.9686
41.9342
41.947
42.0019
41.9706
42.003
42.0046
41.975
41.9748
41.9413
41.9434
41.9884
41.9927
41.9925
42.0121
41.9656
41.9395
41.9734
41.9464
41.9331
41.9271
41.967
41.9169
41.9143
41.9664
41.8726
41.8853
41.8984
41.8858
41.8892
41.9394
41.8895
41.8826
41.861
41.8361
41.8411
41.8853
41.8798
41.9335
41.9006
41.8887
41.8466
41.846
41.8601
41.8828
41.8499
41.9147
41.8689
41.8731
41.8034
41.87
41.8599
41.8366
41.8966
41.8436
41.9048
41.9459
41.8619
41.8363
41.8455
41.9124
41.8796
41.8847
41.8972
41.8619
41.89
41.9237
41.8211
41.8483
41.8801
41.8883
41.8275
41.8737
41.8786
41.8814
41.776
41.825
41.8643
41.8341
41.826
41.8639
41.8563
41.8308
41.7651
41.8124
41.8249
41.8297
41.8354
41.8037
41.8709
41.8405
41.7908
41.8112
41.86
41.9033
41.7902
41.7971
41.8546
41.8316
41.7964
41.827
41.9217
41.8473
41.8289
41.8084
41.8514
41.8332
41.8658
41.8589
41.826
41.7967
41.829
41.8468
41.8117
41.8192
41.8598
41.8213
41.8216
41.8635
41.8543
41.8272
41.8408
41.879
41.777
41.8129
41.8351
41.8309
41.7877
41.8541
41.7986
41.7887
41.8502
41.745
41.8424
41.8465
41.7914
41.7887
41.7999
41.805
41.8019
41.7967
41.8
41.8107
41.8036
41.7962
41.7948
41.7974
41.8001
41.7639
41.8264
41.8135
41.8324
41.7936
41.7614
41.8471
41.8105
41.7673
41.7958
41.8146
41.7846
41.8252
41.7398
41.7654
41.7914
41.7777
41.801
41.7662
41.7695
41.7745
41.7643
41.7721
41.8224
41.7146
41.7396
41.7411
41.7251
41.77
41.7525
41.7395
41.7365
41.7787
41.7584
41.7421
41.8017
41.7745
41.7666
41.7719
41.7193
41.77
41.7318
41.7836
41.7285
41.713
41.7383
41.7074
41.7163
41.7493
41.7439
41.7367
41.7472
41.6692
41.6974
41.6454
41.7079
41.7279
41.6774
41.731
41.7397
41.7013
41.7047
41.6566
41.7184
41.6893
41.7403
41.6909
41.7397
41.6624
41.7792
41.6992
41.7227
41.6573
41.7594
41.7088
41.7338
41.7379
41.7093
41.7072
41.7128
41.6871
41.7466
41.7404
41.7145
41.7017
41.7413
41.716
41.7273
41.6795
41.7501
41.7602
41.6576
41.6992
41.6592
41.6953
41.7167
41.7409
41.7554
41.6945
41.7133
41.7368
41.6912
41.6317
41.6819
41.7225
41.674
41.7227
41.7233
41.6381
41.6843
41.5961
41.6533
41.6629
41.6295
41.6474
41.6077
41.6646
41.6527
41.7057
41.6312
41.6351
41.6364
41.5973
41.5921
41.6178
41.6697
41.6402
41.6723
41.687
41.5425
41.6181
41.6265
41.6875
41.6164
41.613
41.6639
41.6088
41.6577
41.7128
41.6764
41.5849
41.6821
41.61
41.6373
41.658
41.6252
41.6474
41.5895
41.645
41.6722
41.6482
41.6095
41.6258
41.6313
41.6254
41.6157
41.6388
41.6195
41.6032
41.6179
41.5861
41.5549
41.6425
41.6302
41.599
41.5603
41.6668
41.6455
41.5647
41.5893
41.582
41.5884
41.6412
41.6487
41.6187
41.561
41.6494
41.5946
41.6324
41.6153
41.6073
41.6683
41.6166
41.5892
41.5793
41.6315
41.6656
41.5811
41.6234
41.6314
41.5892
41.6221
41.5959
41.5889
41.5956
41.5855
41.6183
41.6453
41.58
41.5968
41.6022
41.5658
41.5908
41.5998
41.5895
41.5773
41.5501
41.6262
41.6134
41.5907
41.594
41.6341
41.6215
41.5691
41.5915
41.6506
41.5676
41.6429
41.6438
41.6096
41.6304
41.6402
41.5988
41.6239
41.6466
41.6022
41.6046
41.6392
41.6401
41.5752
41.6465
41.5774
41.5686
41.6474
41.5747
41.5872
41.6166
41.6276
41.5596
41.5751
41.5782
41.5597
41.5697
41.5594
41.5784
41.5626
41.5768
41.5803
41.5837
41.562
41.533
41.5185
41.5359
41.5737
41.5407
41.5037
41.6
41.59
41.5837
41.6023
41.5884
41.5368
41.556
41.5487
41.4969
41.536
41.6229
41.6083
41.5276
41.5781
41.5626
41.5931
41.5874
41.5967
41.6335
41.6154
41.5946
41.5669
41.5449
41.5707
41.6367
41.5404
41.5615
41.5955
41.569
41.5836
41.5227
41.5779
41.5745
41.5522
41.5308
41.55
41.56
41.5296
41.6169
41.577
41.5818
41.6174
41.5094
41.5527
41.5114
41.5662
41.5522
41.5843
41.5677
41.5498
41.6066
41.5346
41.4651
41.528
41.537
41.5573
41.5269
41.549
41.4956
41.53
41.4881
41.5689
41.4626
41.5912
41.5263
41.5011
41.4815
41.4888
41.5328
41.5681
41.5024
41.4881
41.515
41.5366
41.5617
41.4669
41.4485
41.5337
41.535
41.4845
41.528
41.4955
41.5078
41.5416
41.4515
41.5548
41.4688
41.4523
41.5486
41.5212
41.5433
41.5055
41.5579
41.5238
41.4853
41.5671
41.5424
41.5075
41.5208
41.4805
41.5449
41.5241
41.5247
41.5146
41.5083
41.5122
41.5244
41.4688
41.5021
41.5016
41.4829
41.4978
41.4805
41.5051
41.504
41.4949
41.4865
41.5007
41.4415
41.4895
41.4715
41.4966
41.5062
41.4909
41.561
41.4635
41.5344
41.4784
41.4785
41.5164
41.4868
41.468
41.4855
41.4514
41.4858
41.4929
41.4853
41.4723
41.5335
41.4606
41.4398
41.4788
41.4692
41.5087
41.5676
41.4684
41.4614
41.5004
41.5241
41.5075
41.4589
41.458
41.4585
41.4891
41.4273
41.5094
41.5047
41.4428
41.4399
41.4601
41.4504
41.4428
41.4798
41.4597
41.4829
41.4755
41.4149
41.4672
41.4947
41.4995
41.525
41.492
41.4698
41.4686
41.5354
41.4095
41.5088
41.503
41.5149
41.4577
41.5052
41.4671
41.5004
41.4705
41.446
41.4835
41.4701
41.4967
41.4463
41.5297
41.5596
41.5142
41.4822
41.4453
41.4886
41.5134
41.4589
41.4656
41.4533
41.5163
41.5164
41.4549
41.4026
41.449
41.5019
41.4405
41.433
41.4548
41.4632
41.4801
41.4753
41.4971
41.4589
41.5017
41.4995
41.419
41.4546
41.4221
41.4621
41.5185
41.4375
41.3896
41.4607
41.4329
41.4761
41.4481
41.4917
41.4325
41.4936
41.5151
41.4985
41.4802
41.4227
41.4671
41.4929
41.4943
41.4273
41.4837
41.4963
41.4652
41.4452
41.5271
41.4884
41.5131
41.5561
41.4654
41.4138
41.4994
41.4478
41.5091
41.5363
41.4678
41.4679
41.4135
41.4393
41.4243
41.4265
41.4481
41.4504
41.4957
41.4483
41.4271
41.4431
41.4577
41.4108
41.3883
41.4298
41.4209
41.4433
41.4494
41.4445
41.461
41.4648
41.4605
41.4797
41.4321
41.4316
41.4086
41.4304
41.4534
41.3933
41.457
41.4446
41.436
41.4749
41.4439
41.4328
41.4285
41.4284
41.4459
41.3763
41.4289
41.4909
41.4593
41.4103
41.4501
41.4342
41.4093
41.4591
41.3931
41.4333
41.4578
41.4485
41.4228
41.4502
41.4068
41.4491
41.3823
41.4758
41.3863
41.462
41.469
41.4007
41.4251
41.4175
41.401
41.4679
41.4107
41.4003
41.4684
41.4442
41.3855
41.4636
41.3372
41.3762
41.3916
41.3814
41.4303
41.4695
41.4025
41.3736
41.4509
41.4416
41.4412
41.3834
41.4524
41.4172
41.4705
41.3953
41.4667
41.4475
41.514
41.4496
41.5065
41.4543
41.4633
41.4882
41.4466
41.4803
41.4863
41.5039
41.4676
41.4787
41.4779
41.5479
41.4541
41.4909
41.4654
41.4672
41.4187
41.4779
41.4188
41.4683
41.4146
41.4773
41.4687
41.4348
41.4688
41.4712
41.4387
41.4441
41.4878
41.4184
41.4407
41.4854
41.3955
41.435
41.4543
41.4323
41.5062
41.4549
41.3884
41.4265
41.4574
41.4751
41.456
41.4226
41.3695
41.4514
41.4501
41.4201
41.4573
41.4832
41.434
41.4241
41.4561
41.4419
41.4505
41.4117
41.447
41.4495
41.4383
41.3856
41.4059
41.3915
41.4519
41.4379
41.4298
41.4003
41.4229
41.4195
41.475
41.4354
41.4179
41.4266
41.4422
41.3627
41.3944
41.4501
41.4513
41.4315
41.4308
41.3667
41.391
41.4539
41.4856
41.4556
41.4758
41.4036
41.4744
41.4671
41.4586
41.4201
41.4183
41.4585
41.467
41.4117
41.4476
41.4896
41.4298
41.4196
41.4103
41.4244
41.4196
41.453
41.4475
41.4092
41.4554
41.4242
41.3877
41.4062
41.4427
41.4295
41.3764
41.4278
41.4534
41.4363
41.4308
41.4513
41.4013
41.4467
41.4604
41.4128
41.4433
41.3607
41.4462
41.4263
41.4096
41.4476
41.4599
41.3933
41.4632
41.4108
41.4349
41.4469
41.4302
41.4732
41.3578
41.4022
41.4231
41.4323
41.4232
41.4599
41.4099
41.3804
41.4134
41.441
41.4405
41.4353
41.4582
41.416
41.4426
41.4439
41.4142
41.4222
41.4182
41.3988
41.4324
41.416
41.4425
41.3594
41.4414
41.4251
41.4438
41.3929
41.3778
41.4318
41.3914
41.4417
41.4461
41.3545
41.4046
41.3795
41.3952
41.3641
41.403
41.4029
41.3908
41.3792
41.4154
41.4171
41.4018
41.3994
41.4642
41.3915
41.4009
41.404
41.4028
41.4188
41.3285
41.3994
41.3721
41.4453
41.4003
41.4016
41.3902
41.3678
41.3475
41.393
41.3463
41.3311
41.372
41.3425
41.3676
41.3732
41.3466
41.3448
41.4156
41.367
41.3801
41.336
41.4407
41.4125
41.3754
41.3691
41.395
41.4213
41.3635
41.4368
41.3545
41.4138
41.3711
41.3912
41.4141
41.4302
41.4258
41.4181
41.4251
41.3353
41.3819
41.4543
41.4091
41.3976
41.4213
41.382
41.3682
41.4463
41.3553
41.4553
41.3938
41.4378
41.339
41.3999
41.3778
41.3781
41.3578
41.4331
41.3822
41.3324
41.3257
41.3735
41.3706
41.3482
41.3856
41.3311
41.3306
41.3556
41.3274
41.3342
41.3249
41.3469
41.3382
41.3473
41.3401
41.3439
41.3083
41.3052
41.3062
41.3309
41.3759
41.3206
41.3354
41.3551
41.3448
41.3058
41.3161
41.2963
41.3448
41.3341
41.3068
41.3479
41.3007
41.3618
41.3564
41.38
41.2857
41.3886
41.3847
41.3219
41.3131
41.3427
41.3131
41.383
41.3477
41.3949
41.3371
41.3766
41.4304
41.3696
41.4042
41.365
41.2839
41.3214
41.3498
41.365
41.3375
41.3341
41.3578
41.27
41.3444
41.3582
41.3826
41.3372
41.3331
41.3731
41.3933
41.3538
41.3705
41.3697
41.3022
41.3386
41.3669
41.3047
41.3685
41.3568
41.3279
41.3087
41.3914
41.3672
41.3207
41.3932
41.3944
41.361
41.3709
41.3631
41.3891
41.3093
41.3544
41.3583
41.3763
41.3624
41.3674
41.4003
41.3578
41.3328
41.3428
41.3374
41.366
41.3249
41.2897
41.3438
41.3386
41.3677
41.319
41.3404
41.3361
41.304
41.3597
41.3499
41.3275
41.3105
41.3228
41.3406
41.3324
41.3076
41.2947
41.3124
41.3534
41.2936
41.3199
41.3155
41.2939
41.2372
41.2605
41.2836
41.3084
41.3428
41.299
41.3046
41.286
41.3095
41.3001
41.2882
41.3392
41.2655
41.2812
41.2507
41.3032
41.3259
41.3398
41.3009
41.3264
41.3011
41.319
41.3503
41.2976
41.3008
41.312
41.3272
41.2903
41.3175
41.3309
41.3175
41.3507
41.3025
41.3392
41.2687
41.3141
41.3637
41.319
41.3441
41.3398
41.2569
41.3468
41.3185
41.3484
41.3182
41.3655
41.2807
41.2746
41.3274
41.3722
41.3029
41.3802
41.3119
41.3
41.3825
41.3376
41.3212
41.3157
41.3776
41.3649
41.3272
41.3395
41.2987
41.3068
41.2801
41.3246
41.3376
41.3415
41.3356
41.3875
41.3152
41.2557
41.3186
41.338
41.3005
41.3429
41.2323
41.3586
41.2708
41.3171
41.3284
41.2825
41.3402
41.3165
41.2644
41.3721
41.3182
41.3004
41.2607
41.3057
41.3226
41.3348
41.287
41.3069
41.3499
41.288
41.3012
41.2361
41.3351
41.2963
41.3221
41.3177
41.3353
41.3133
41.2618
41.2988
41.318
41.3275
41.2855
41.3066
41.3368
41.3107
41.2872
41.3297
41.3296
41.3429
41.3239
41.3349
41.3265
41.356
41.2931
41.3269
41.2772
41.3779
41.2517
41.2603
41.2576
41.2269
41.2192
41.1952
41.1618
41.1419
41.1386
41.1302
41.0999
41.0865
41.058
41.035
41.0491
41.0317
40.9329
40.9184
40.9932
40.921
40.9427
40.9467
40.9884
40.9107
40.9572
40.9288
40.9531
40.8963
40.9595
40.9129
40.9533
40.9037
40.9805
40.8886
40.9599
40.8975
40.8796
40.8731
40.835
40.8853
40.8736
40.8886
40.8776
40.8602
40.8676
40.8196
40.8301
40.8508
40.8376
40.8363
40.8638
40.8537
40.7954
40.8466
40.7877
40.8518
40.8296
40.8491
40.8274
40.8415
40.822
40.8811
40.8609
40.8584
40.8259
40.8608
40.898
40.8582
40.8283
40.8484
40.8546
40.8271
40.8666
40.8619
40.8354
40.8215
40.8435
40.797
40.849
40.8483
40.8951
40.856
40.8211
40.8596
40.86
40.8079
40.8179
40.8013
40.8137
40.8499
40.81
40.8576
40.8299
40.8256
40.8215
40.8552
40.839
40.865
40.8328
40.7806
40.777
40.7999
40.823
40.8605
40.7928
40.765
40.8517
40.8184
40.792
40.8261
40.8441
40.832
40.8068
40.7974
40.8771
40.8036
40.8296
40.7703
40.8056
40.7923
40.7863
40.813
40.8155
40.8251
40.7791
40.8124
40.8025
40.771
40.7568
40.7568
40.7627
40.7958
40.8139
40.7667
40.7689
40.7852
40.7401
40.7529
40.8113
40.7416
40.7346
40.7704
40.7989
40.7894
40.7489
40.7642
40.7816
40.7618
40.744
40.7681
40.7661
40.7955
40.7657
40.7677
40.794
40.8484
40.8134
40.7835
40.8592
40.8085
40.7729
40.7995
40.7908
40.8029
40.8236
40.8246
40.8201
40.7887
40.8062
40.7619
40.7912
40.7725
40.7855
40.7721
40.7588
40.7594
40.7798
40.771
40.8103
40.7371
40.764
40.7516
40.8002
40.7605
40.7756
40.7867
40.7981
40.7877
40.8281
40.8171
40.88
40.8266
40.8288
40.759
40.8294
40.8288
40.7987
40.7678
40.8131
40.802
40.8152
40.7535
40.8091
40.7645
40.7193
40.73
40.7109
40.7713
40.7595
40.7721
40.7392
40.7465
40.7516
40.7811
40.7463
40.7636
40.7526
40.7723
40.8153
40.7885
40.8293
40.8443
40.8266
40.8076
40.8376
40.9029
40.8282
40.8328
40.8278
40.8111
40.8046
40.8014
40.8048
40.8016
40.7887
40.7799
40.722
40.8043
40.7661
40.7832
40.747
40.7617
40.772
40.7589
40.6998
40.7496
40.7343
40.7723
40.7184
40.8009
40.7494
40.7498
40.7397
40.7359
40.7688
40.7382
40.7645
40.7659
40.7452
40.7876
40.7996
40.8001
40.7619
40.7624
40.7547
40.7814
40.7793
40.7372
40.7816
40.8042
40.8027
40.8057
40.801
40.7661
40.7674
40.768
40.7755
40.7596
40.7703
40.7641
40.7885
40.7818
40.7816
40.8129
40.7664
40.7916
40.7857
40.795
40.7795
40.7761
40.7587
40.7874
40.7243
40.7415
40.7574
40.718
40.8227
40.7742
40.7955
40.7309
40.727
40.7864
40.776
40.7947
40.7141
40.707
40.7411
40.7407
40.8015
40.7723
40.798
40.7834
40.769
40.7758
40.7725
40.7369
40.7244
40.7644
40.8053
40.7665
40.7101
40.7282
40.758
40.7677
40.7494
40.7388
40.7523
40.7544
40.6671
40.749
40.7177
40.7235
40.7156
40.6951
40.6953
40.6976
40.7398
40.751
40.713
40.6974
40.8053
40.7549
40.7422
40.7209
40.7289
40.7637
40.7652
40.7203
40.745
40.7429
40.7526
40.7448
40.7478
40.7793
40.6974
40.748
40.7639
40.6998
40.7618
40.7921
40.7468
40.7687
40.7772
40.7898
40.7804
40.7504
40.791
40.7553
40.7708
40.7309
40.8183
40.7919
40.7699
40.762
40.748
40.7688
40.7748
40.7709
40.825
40.8074
40.7568
40.6796
40.7317
40.6987
40.7341
40.7587
40.7175
40.7257
40.7576
40.7078
40.7195
40.7673
40.7896
40.7793
40.7632
40.7409
40.7681
40.7764
40.7545
40.7594
40.7869
40.7829
40.7983
40.8146
40.8213
40.7529
40.791
40.6952
40.7938
40.7544
40.7265
40.7912
40.7944
40.7409
40.7696
40.7723
40.7703
40.733
40.7391
40.786
40.7593
40.8089
40.7727
40.7637
40.7379
40.749
40.7114
40.7191
40.7538
40.8112
40.7295
40.7685
40.727
40.7199
40.76
40.7482
40.7212
40.7485
40.7801
40.7329
40.7243
40.7094
40.7304
40.7654
40.7754
40.7287
40.696
40.7474
40.7246
40.7791
40.7177
40.7136
40.7435
40.7399
40.7057
40.7289
40.7436
40.7517
40.7766
40.7348
40.7338
40.7325
40.7458
40.7933
40.7873
40.8171
40.7211
40.7673
40.783
40.7221
40.7795
40.7824
40.7214
40.766
40.7938
40.7476
40.7364
40.713
40.7121
40.7178
40.7301
40.7387
40.6626
40.7436
40.6717
40.6904
40.7057
40.7671
40.6917
40.7447
40.7446
40.7373
40.7835
40.7674
40.6807
40.6987
40.7685
40.733
40.7401
40.7931
40.76
40.753
40.7474
40.7294
40.8021
40.7333
40.743
40.7465
40.7707
40.7278
40.7598
40.7148
40.6784
40.7128
40.7253
40.6922
40.7795
40.7479
40.6882
40.7463
40.7287
40.6722
40.7593
40.7425
40.742
40.7685
40.7364
40.7422
40.7368
40.717
40.7215
40.7232
40.8068
40.7556
40.7474
40.7671
40.6924
40.7471
40.735
40.738
40.7293
40.7008
40.739
40.6545
40.7847
40.6975
40.6989
40.6905
40.7046
40.744
40.6956
40.7362
40.7742
40.7273
40.7448
40.775
40.7587
40.6991
40.7321
40.7118
40.7512
40.7313
40.7198
40.7038
40.6577
40.6444
40.6868
40.6932
40.6477
40.6788
40.7032
40.689
40.7084
40.7122
40.7325
40.7016
40.6719
40.7423
40.7687
40.7253
40.7887
40.7873
40.7646
40.7903
40.7923
40.734
40.8039
40.8028
40.7342
40.7434
40.732
40.7291
40.7182
40.7217
40.7392
40.7536
40.7299
40.7293
40.7273
40.6853
40.7246
40.7372
40.7352
40.7142
40.7321
40.761
40.7795
40.7275
40.7158
40.7454
40.7112
40.7335
40.7683
40.7755
40.7376
40.7485
40.737
40.7426
40.7571
40.6896
40.7112
40.7146
40.7323
40.7052
40.6833
40.7041
40.7083
40.6765
40.7097
40.6726
40.7064
40.7537
40.7501
40.7473
40.689
40.7309
40.7197
40.7025
40.7386
40.7392
40.7563
40.7553
40.7582
40.739
40.81
40.7977
40.7496
40.7128
40.7262
40.7455
40.7164
40.766
40.6944
40.7192
40.7566
40.68
40.7352
40.7364
40.7144
40.6574
40.7168
40.7537
40.7164
40.7033
40.7766
40.7093
40.7548
40.6964
40.7177
40.6814
40.6933
40.7252
40.687
40.6991
40.6953
40.7212
40.6992
40.7093
40.709
40.688
40.7514
40.727
40.7522
40.6955
40.7009
40.7946
40.7086
40.729
40.6919
40.7443
40.6968
40.7358
40.7455
40.7099
40.618
40.693
40.7452
40.675
40.689
40.6846
40.72
40.6979
40.6753
40.7028
40.6882
40.7509
40.6965
40.6933
40.7155
40.7221
40.7055
40.7272
40.6797
40.7464
40.7384
40.7626
40.7384
40.7382
40.7044
40.759
40.7845
40.7403
40.7463
40.7149
40.7911
40.7497
40.6927
40.7299
40.7437
40.7952
40.7256
40.7026
40.7113
40.7171
40.7107
40.7308
40.7332
40.6923
40.7015
40.6884
40.7076
40.6849
40.7095
40.7766
40.7697
40.6824
40.6794
40.7602
40.7451
40.7779
40.7183
40.7378
40.7282
40.7262
40.6887
40.6957
40.7684
40.7162
40.6883
40.7152
40.6987
40.7225
40.7264
40.7054
40.7142
40.7259
40.7696
40.7689
40.6786
40.6889
40.7368
40.7456
40.7519
40.7846
40.6752
40.6808
40.6998
40.7402
40.7088
40.6504
40.6361
40.6782
40.6889
40.6669
40.6608
40.6716
40.656
40.7025
40.7115
40.6734
40.6736
40.754
40.7034
40.708
40.7035
40.6923
40.7428
40.7429
40.7564
40.7291
40.726
40.7199
40.6974
40.7428
40.7443
40.7042
40.7478
40.7483
40.7197
40.7356
40.6994
40.6861
40.7281
40.7102
40.6818
40.7221
40.6842
40.6809
40.6538
40.7028
40.687
40.6701
40.681
40.647
40.6758
40.7081
40.6745
40.7063
40.7345
40.6517
40.6847
40.6502
40.6816
40.7189
40.7171
40.7007
40.7129
40.7141
40.6968
40.7246
40.7638
40.6782
40.7429
40.678
40.7173
40.7698
40.7009
40.7026
40.6907
40.7065
40.6865
40.6518
40.7144
40.6852
40.7041
40.6587
40.6698
40.6933
40.7048
40.6815
40.6988
40.7231
40.6785
40.7028
40.6899
40.7346
40.6853
40.6884
40.7924
40.7092
40.7311
40.6879
40.7437
40.7397
40.709
40.6998
40.68
40.6836
40.6831
40.7097
40.6874
40.7074
40.6983
40.7035
40.6611
40.636
40.693
40.689
40.7171
40.6843
40.7211
40.6485
40.7061
40.6639
40.7451
40.6528
40.7311
40.6657
40.6714
40.6273
40.6607
40.6962
40.6686
40.6972
40.6977
40.696
40.724
40.6899
40.7015
40.6867
40.6933
40.6374
40.6982
40.7064
40.6659
40.6674
40.7213
40.6597
40.6451
40.7066
40.6921
40.718
40.6946
40.7532
40.6994
40.7016
40.7426
40.6844
40.6617
40.727
40.6888
40.7058
40.6824
40.6223
40.6378
40.6535
40.6555
40.6734
40.6708
40.7307
40.645
40.6846
40.6865
40.6945
40.7361
40.7345
40.7351
40.7378
40.6782
40.7424
40.7542
40.7075
40.698
40.7401
40.6844
40.7244
40.7091
40.7178
40.7396
40.7075
40.6792
40.6977
40.6408
40.6989
40.6938
40.7211
40.6827
40.7403
40.6903
40.6977
40.7001
40.6544
40.7021
40.7277
40.6682
40.7082
40.7195
40.673
40.681
40.6977
40.669
40.7121
40.7055
40.705
40.6948
40.7129
40.6873
40.6895
40.68
40.6739
40.6993
40.7015
40.6326
40.7653
40.7042
40.7641
40.7073
40.6539
40.6868
40.7184
40.6936
40.6897
40.6682
40.7509
40.6679
40.6671
40.6791
40.6966
40.6958
40.6733
40.7203
40.7426
40.7413
40.6892
40.6446
40.6723
40.7016
40.6885
40.7145
40.689
40.6873
40.6655
40.6789
40.7199
40.6778
40.7232
40.7001
40.6824
40.6733
40.6686
40.7044
40.7215
40.7175
40.7123
40.6639
40.6582
40.7117
40.7495
40.7511
40.7252
40.6862
40.7259
40.6928
40.6828
40.6943
40.6725
40.6728
40.6841
40.731
40.7378
40.7108
40.6906
40.6924
40.6736
40.6833
40.6615
40.7069
40.7057
40.6675
40.7103
40.6878
40.6704
40.7057
40.7391
40.7274
40.7122
40.7144
40.7073
40.7484
40.6924
40.7134
40.7055
40.7138
40.662
40.7478
40.6576
40.678
40.6715
40.6562
40.6541
40.7431
40.6522
40.6786
40.6367
40.6828
40.6119
40.6917
40.7211
40.7127
40.6666
40.7191
40.698
40.6916
40.6854
40.689
40.6645
40.7257
40.703
40.6929
40.7205
40.7225
40.696
40.6621
40.6987
40.6577
40.6533
40.6652
40.7148
40.5799
40.7036
40.6484
40.6819
40.6228
40.688
40.6795
40.6991
40.6638
40.7343
40.6977
40.7176
40.6848
40.6814
40.6917
40.7291
40.7429
40.7276
40.7159
40.7295
40.7592
40.6925
40.7082
40.7116
40.7443
40.7086
40.6546
40.6993
40.6566
40.6355
40.6328
40.6652
40.6683
40.6951
40.649
40.6432
40.603
40.6546
40.6996
40.6764
40.6886
40.6487
40.6663
40.6854
40.6868
40.6997
40.6887
40.6605
40.633
40.6893
40.6265
40.6817
40.6538
40.6991
40.6686
40.7006
40.6981
40.6839
40.6532
40.681
40.665
40.7338
40.6944
40.6618
40.7416
40.7198
40.7443
40.7108
40.7763
40.7551
40.7686
40.7058
40.6772
40.6696
40.7101
40.7878
40.6368
40.7023
40.6772
40.6458
40.6193
40.6406
40.5742
40.6701
40.6853
40.6685
40.6935
40.712
40.7407
40.6919
40.6735
40.6355
40.7182
40.7044
40.6753
40.6882
40.7047
40.7389
40.712
40.7175
40.6209
40.6409
40.6538
40.718
40.6633
40.6631
40.6378
40.6549
40.6227
40.6466
40.6388
40.6402
40.6288
40.6547
40.6813
40.6871
40.6609
40.6981
40.6333
40.6482
40.6742
40.7228
40.6921
40.6718
40.6648
40.6808
40.7082
40.7154
40.687
40.647
40.6419
40.6146
40.6845
40.6675
40.6257
40.6443
40.655
40.6731
40.6369
40.6245
40.6561
40.6577
40.665
40.6028
40.6488
40.6761
40.6799
40.6906
40.6938
40.6612
40.7083
40.693
40.6459
40.6863
40.698
40.6455
40.7101
40.6756
40.6834
40.6368
40.6034
40.6224
40.7252
40.5802
40.6825
40.7095
40.6235
40.6544
40.6636
40.666
40.6535
40.6652
40.6281
40.6347
40.6922
40.6526
40.6269
40.6138
40.6148
40.656
40.5858
40.5764
40.624
40.5816
40.6974
40.576
40.5822
40.6171
40.6531
40.5882
40.6156
40.6533
40.6436
40.6005
40.5975
40.634
40.718
40.6732
40.6913
40.6825
40.6707
40.6712
40.6685
40.6824
40.7044
40.7054
40.6563
40.5989
40.7019
40.6616
40.6494
40.5579
40.5882
40.6175
40.5831
40.6221
40.6244
40.6225
40.6162
40.6333
40.618
40.618
40.6707
40.6376
40.6036
40.6617
40.7251
40.6659
40.6442
40.6399
40.5996
40.6834
40.5919
40.6271
40.633
40.6892
40.6362
40.6195
40.6207
40.6708
40.6563
40.6821
40.6509
40.6728
40.6668
40.6515
40.6343
40.6333
40.6912
40.6941
40.641
40.6253
40.7015
40.6002
40.6091
40.5887
40.5989
40.6078
40.5699
40.5561
40.5942
40.6086
40.5659
40.5866
40.5668
40.6319
40.6915
40.6581
40.6187
40.632
40.677
40.6394
40.6636
40.8894
40.713
40.6288
40.7197
40.652
40.6721
40.611
40.8392
40.6266
40.6281
40.6265
40.6636
40.6676
40.6599
40.6204
40.6286
40.6473
40.6155
40.636
40.5981
40.609
40.5919
40.7049
40.5791
40.6225
40.6044
40.6628
40.6022
40.6382
40.6463
40.652
40.6108
40.6064
40.5776
40.616
40.6321
40.6245
40.6045
40.5838
40.6491
40.6314
40.6377
40.6389
40.5814
40.6376
40.6154
40.6089
40.6182
40.6496
40.6478
40.6706
40.6462
40.5821
40.7009
40.6726
40.6216
40.6622
40.6258
40.6102
40.6437
40.6815
40.6148
40.6171
40.596
40.6114
40.591
40.6136
40.5979
40.5853
40.5835
40.556
40.6213
40.6254
40.6161
40.6197
40.5954
40.63
40.6425
40.6164
40.6377
40.6274
40.5618
40.6016
40.6505
40.6472
40.6391
40.6684
40.6222
40.5946
40.5605
40.5728
40.618
40.5735
40.561
40.6133
40.5737
40.6206
40.5842
40.6604
40.6001
40.6499
40.684
40.6123
40.6601
40.6424
40.6286
40.6476
40.6312
40.6644
40.6033
40.6492
40.598
40.6255
40.6127
40.5633
40.5905
40.5615
40.5671
40.6039
40.581
40.5721
40.6004
40.5921
40.6432
40.603
40.6042
40.6163
40.6794
40.6882
40.6862
40.6035
40.7125
40.6915
40.6393
40.6449
40.6776
40.6519
40.5988
40.6526
40.6056
40.6431
40.5726
40.631
40.5722
40.5872
40.5856
40.5617
40.5718
40.5759
40.5721
40.573
40.6302
40.6198
40.6396
40.6593
40.6732
40.6243
40.6358
40.6785
40.6638
40.6481
40.6637
40.6135
40.6596
40.5935
40.6293
40.5933
40.6121
40.606
40.529
40.607
40.6247
40.5791
40.5617
40.7211
40.6026
40.6012
40.6449
40.5821
40.5902
40.6418
40.6377
40.6201
40.6378
40.658
40.6358
40.6251
40.6053
40.5684
40.5996
40.5565
40.6152
40.6338
40.6126
40.5996
40.5926
40.582
40.5325
40.5518
40.6162
40.5953
40.5753
40.6152
40.5458
40.576
40.6154
40.5931
40.6311
40.579
40.5426
40.6078
40.5911
40.5666
40.5666
40.598
40.6524
40.6056
40.5566
40.5884
40.6226
40.5988
40.5957
40.6343
40.6699
40.6569
40.6693
40.6459
40.63
40.6366
40.6468
40.6287
40.6213
40.6108
40.5884
40.5937
40.6307
40.5881
40.5858
40.6231
40.5774
40.5726
40.6171
40.6194
40.6489
40.6145
40.588
40.6682
40.6366
40.646
40.6271
40.7034
40.6263
40.5934
40.5713
40.6381
40.6254
40.6792
40.6663
40.5345
40.5908
40.6129
40.6288
40.635
40.6026
40.6415
40.5565
40.6134
40.6361
40.6375
40.6707
40.6334
40.6266
40.5907
40.6638
40.6502
40.6374
40.6436
40.634
40.609
40.5784
40.6168
40.6571
40.5945
40.6757
40.5929
40.621
40.6382
40.6629
40.6579
40.6328
40.6748
40.621
40.6565
40.6316
40.6568
40.6587
40.6124
40.6851
40.6305
40.5972
40.6399
40.628
40.6472
40.6075
40.6324
40.5881
40.5894
40.6175
40.6114
40.5901
40.5572
40.6477
40.6119
40.6244
40.6323
40.6388
40.6196
40.5721
40.6611
40.6946
40.6436
40.6406
40.635
40.7268
40.6109
40.5821
40.615
40.6904
40.6591
40.589
40.6581
40.6157
40.609
40.6178
40.5641
40.6147
40.6091
40.6145
40.6563
40.5812
40.6185
40.6093
40.6277
40.5956
40.6599
40.6603
40.6761
40.6628
40.6417
40.6706
40.6652
40.6547
40.5981
40.6476
40.6496
40.6591
40.65
40.6633
40.622
40.5744
40.6592
40.5922
40.6395
40.6768
40.5466
40.5624
40.7756
40.6701
40.6272
40.641
40.7251
40.6519
40.6757
40.6691
40.6675
40.6679
40.5812
40.6618
40.5927
40.5878
40.6091
40.587
40.5649
40.621
40.6276
40.6
40.5721
40.6465
40.5704
40.6025
40.6506
40.6097
40.6356
40.6329
40.6718
40.6396
40.6413
40.6744
40.6277
40.6377
40.5698
40.6173
40.6153
40.6404
40.6062
40.613
40.5971
40.5998
40.5559
40.5317
40.618
40.6036
40.5549
40.5629
40.6238
40.6297
40.6303
40.629
40.6126
40.583
40.5989
40.6159
40.6153
40.69
40.6651
40.6698
40.5933
40.6458
40.6602
40.629
40.6301
40.6387
40.6558
40.5966
40.5893
40.5703
40.608
40.6227
40.6106
40.61
40.5932
40.6331
40.5929
40.6188
40.6375
40.5776
40.5715
40.5616
40.6389
40.6299
40.6116
40.5684
40.6147
40.5786
40.6104
40.5748
40.6356
40.5693
40.5691
40.5872
40.5908
40.5937
40.5647
40.6911
40.6414
40.6067
40.6122
40.6003
40.5995
40.6791
40.691
40.6409
40.6326
40.6748
40.5951
40.6136
40.6663
40.5563
40.5671
40.6238
40.5842
40.6606
40.6379
40.641
40.584
40.6207
40.6504
40.6083
40.6116
40.6425
40.6062
40.6228
40.6239
40.6292
40.6125
40.6167
40.6715
40.6442
40.6055
40.6556
40.6222
40.6528
40.6082
40.6354
40.6012
40.65
40.6304
40.6252
40.6167
40.6281
40.6083
40.6489
40.6985
40.6637
40.6556
40.646
40.6387
40.6202
40.6394
40.6228
40.5936
40.6135
40.5755
40.5666
40.5633
40.6637
40.6344
40.5919
40.5707
40.5746
40.5951
40.5931
40.5629
40.5855
40.5668
40.616
40.6575
40.6071
40.6087
40.6183
40.6239
40.5838
40.6356
40.6141
40.5989
40.5993
40.6025
40.6051
40.5745
40.6325
40.6043
40.6145
40.6069
40.6941
40.5954
40.6178
40.6441
40.6275
40.6263
40.6488
40.6611
40.6581
40.6462
40.7201
40.6677
40.6427
40.6098
40.6292
40.6089
40.5761
40.6277
40.6111
40.5834
40.5552
40.5634
40.5236
40.5894
40.5986
40.6138
40.6021
40.5917
40.6241
40.6422
40.7052
40.6569
40.6332
40.6478
40.6738
40.6517
40.6371
40.6716
40.643
40.5998
40.6258
40.6501
40.5999
40.5477
40.5909
40.6099
40.6317
40.5643
40.5475
40.6192
40.5614
40.6164
40.5789
40.6035
40.5871
40.5979
40.6131
40.6077
40.6156
40.6434
40.6301
40.6332
40.5845
40.6266
40.6378
40.5984
40.6621
40.6477
40.6266
40.609
40.6363
40.6867
40.641
40.6312
40.5654
40.6541
40.6239
40.5672
40.6949
40.6147
40.5715
40.5881
40.545
40.5869
40.59
40.6099
40.5396
40.5646
40.5783
40.5644
40.5633
40.6345
40.6208
40.6505
40.649
40.6396
40.6703
40.5938
40.6265
40.6534
40.6166
40.6863
40.6522
40.7459
40.6455
40.6159
40.6613
40.6798
40.6511
40.6575
40.5812
40.5834
40.6664
40.6755
40.6485
40.6087
40.5576
40.625
40.6047
40.6018
40.5873
40.6149
40.6268
40.6356
40.606
40.6811
40.5947
40.635
40.6128
40.638
40.5489
40.5635
40.6236
40.5511
40.5816
40.5591
40.6297
40.6384
40.5882
40.62
40.5978
40.6384
40.5703
40.5727
40.6051
40.6293
40.5857
40.5998
40.6112
40.5559
40.534
40.5857
40.5663
40.5893
40.5845
40.6096
40.5543
40.5902
40.5801
40.5988
40.6822
40.5906
40.6246
40.6916
40.7014
40.7221
40.6856
40.6458
40.6618
40.6401
40.6723
40.619
40.5918
40.5795
40.5797
40.5853
40.5877
40.5751
40.5182
40.5055
40.5965
40.516
40.5394
40.6032
40.5933
40.5635
40.6274
40.615
40.6756
40.6112
40.6415
40.694
40.695
40.644
40.6203
40.6351
40.6492
40.6724
40.6748
40.5711
40.5969
40.6417
40.6023
40.5898
40.5912
40.5456
40.5704
40.5886
40.5863
40.559
40.6103
40.5611
40.5957
40.5543
40.5833
40.6767
40.6598
40.685
40.6215
40.6564
40.5689
40.6508
40.6656
40.6743
40.589
40.6317
40.5996
40.6227
40.5808
40.6042
40.6609
40.6023
40.5943
40.6264
40.5114
40.5605
40.6022
40.6508
40.6168
40.6166
40.6206
40.7032
40.619
40.6014
40.6295
40.6476
40.6524
40.6576
40.6615
40.6408
40.7009
40.6865
40.636
40.6551
40.5914
40.6033
40.6183
40.5558
40.5774
40.5744
40.5573
40.575
40.5972
40.5623
40.5701
40.5453
40.6241
40.6102
40.6445
40.6236
40.6224
40.5762
40.7016
40.6855
40.6715
40.5914
40.6367
40.6227
40.6307
40.5854
40.6002
40.5877
40.6439
40.5963
40.5627
40.5991
40.5592
40.6702
40.5877
40.6251
40.6195
40.6346
40.6919
40.6541
40.6834
40.625
40.6269
40.68
40.6905
40.6972
40.6727
40.6413
40.6501
40.6294
40.6523
40.6664
40.6535
40.6987
40.6461
40.6535
40.6172
40.6008
40.6233
40.6491
40.657
40.648
40.6138
40.6797
40.6376
40.6392
40.6795
40.6557
40.6596
40.6979
40.6674
40.6618
40.6527
40.6866
40.6709
40.6511
40.6629
40.6594
40.5783
40.594
40.6579
40.6125
40.6173
40.5902
40.6969
40.6721
40.639
40.6357
40.6703
40.6585
40.6547
40.7264
40.6517
40.6386
40.6666
40.6631
40.6748
40.6423
40.617
40.6543
40.5772
40.5829
40.5858
40.5482
40.5926
40.5783
40.6014
40.6577
40.675
40.5842
40.6518
40.6466
40.6295
40.6882
40.7021
40.6859
40.6334
40.6173
40.6526
40.5954
40.6315
40.6158
40.6608
40.6192
40.6574
40.6986
40.5908
40.6541
40.6256
40.6494
40.6047
40.5923
40.5918
40.6032
40.6917
40.6773
40.6607
40.6294
40.6097
40.621
40.5915
40.6059
40.6268
40.5768
40.5704
40.5848
40.6229
40.7897
40.5901
40.6128
40.6439
40.6788
40.715
40.6882
40.7279
40.6824
40.6564
40.6292
40.6401
40.6601
40.6329
40.6202
40.6581
40.6515
40.6219
40.6747
40.6588
40.6369
40.6412
40.6749
40.7035
40.7081
40.7348
40.6245
40.6394
40.6673
40.6683
40.6599
40.6707
40.6233
40.7036
40.6118
40.6728
40.709
40.6716
40.7001
40.6498
40.6063
40.6325
40.6313
40.6652
40.6532
40.6947
40.6669
40.6684
40.7006
40.6882
40.736
40.6475
40.6436
40.7348
40.6991
40.6612
40.6777
40.6629
40.6332
40.699
40.5834
40.617
40.6607
40.6186
40.6553
40.6516
40.6265
40.5933
40.583
40.6259
40.6277
40.6544
40.6409
40.7328
40.6998
40.7469
40.6958
40.7816
40.6858
40.6606
40.7259
40.7555
40.6815
40.6194
40.6919
40.6997
40.7224
40.6929
40.6191
40.6819
40.7308
40.6805
40.7585
40.7027
40.6971
40.6791
40.6672
40.7581
40.7634
40.6523
40.6893
40.6593
40.7562
40.6893
40.7604
40.6793
40.6755
40.7374
40.7294
40.7295
40.6681
40.6432
40.6781
40.7067
40.6949
40.6673
40.7303
40.7222
40.6699
40.6163
40.638
40.676
40.6847
40.6682
40.6514
40.676
40.6982
40.713
40.7158
40.7319
40.7248
40.7427
40.7268
40.7814
40.7379
40.7403
40.7108
40.6005
40.5992
40.663
40.6003
40.5865
40.6206
40.6304
40.6161
40.6302
40.6949
40.719
40.6999
40.719
40.7148
40.7795
40.8878
40.8245
40.8614
40.8042
40.7162
40.7277
40.6632
40.7163
40.6908
40.7156
40.7379
40.738
40.7236
40.6993
40.7167
40.7705
40.8254
40.8199
40.7037
40.846
40.8097
40.7352
40.7451
40.6987
40.8335
40.8248
40.7421
40.7402
40.7306
40.7177
40.8007
40.7941
40.7871
40.8095
40.9168
40.8367
40.936
40.8991
40.8746
40.8806
40.9027
40.7891
40.8369
40.7369
40.7943
40.7641
40.8003
40.8608
40.8099
40.8703
40.8233
40.8309
40.8766
40.8879
40.8589
40.8857
40.9369
40.786
40.8434
40.8553
40.8243
40.8692
40.8589
40.8156
40.8414
40.8147
40.9447
40.9093
40.9864
41.0094
40.9488
41.0438
40.9479
41.023
40.9769
41.0567
41.0364
41.006
41.08
40.9891
40.9475
40.8459
40.9553
40.9406
40.9285
41.0783
41.0583
41.1409
41.098
40.9854
41.0079
41.0409
41.0355
40.956
40.8904
40.9047
40.9899
40.9271
40.9248
41.014
41.0912
41.0601
41.0271
41.1688
41.1134
41.1136
40.9994
41.0519
41.0124
40.9963
40.9565
40.9514
41.0846
41.1349
41.142
41.2412
41.2381
41.2316
41.0903
40.9708
40.924
40.8772
40.8863
40.8464
40.8452
40.9231
40.9754
41.2305
41.4684
41.6613
41.4328
41.3054
41.0799
41.0046
40.8559
40.8595
40.8785
40.8297
40.9071
40.9675
41.0773
41.188
41.3936
41.7017
41.6645
41.535
41.3378
41.1791
40.9937
40.8375
40.8745
40.8061
40.8229
40.8644
40.8369
41.0602
41.1318
41.2478
41.5487
41.5884
41.5014
41.1848
41.1636
40.9835
40.8488
40.8135
40.8114
40.8601
40.875
40.8932
41.1087
41.1692
41.4116
41.4755
41.581
41.6263
41.3822
41.2027
41.0234
41.0293
40.9464
40.8668
40.8433
40.997
41.1408
41.0623
41.0958
41.4233
41.6701
41.7767
41.588
41.4169
41.2952
41.1466
40.9994
41.036
40.9994
40.9418
40.9365
40.9952
41.1358
41.2353
41.3746
41.6506
41.5643
41.5697
41.4424
41.4433
41.249
41.0399
40.9867
40.9442
40.8848
40.8363
40.8639
40.8982
40.9912
41.2039
41.2663
41.6578
41.6599
41.7087
41.6365
41.4465
41.254
41.0777
40.8725
40.8848
40.8667
40.895
40.8577
40.9676
41.0934
41.1323
41.2537
41.4677
41.557
41.6872
41.7517
41.6005
41.4565
41.3007
41.1065
41.1521
40.9714
41.0342
41.013
41.0218
41.0805
41.2809
41.4001
41.5535
41.5931
41.5279
41.4197
41.2944
41.3168
41.1632
41.1502
41.052
41.0176
40.886
40.9223
40.969
40.944
41.199
41.4251
41.4286
41.5354
41.5381
41.6312
41.3282
41.28
41.2032
41.129
40.9891
40.9576
41.0082
41.0842
41.0975
41.1685
41.3851
41.5068
41.7461
41.5706
41.6981
41.6408
41.6469
41.3279
41.1695
41.1358
41.0593
41.0589
41.071
41.0408
41.0844
41.2323
41.3741
41.7375
42.1187
42.2765
42.3113
42.1745
41.9883
41.8063
41.3865
41.1921
41.2115
41.1003
41.1631
41.1804
41.2357
41.1959
41.2943
41.3513
41.5443
41.9636
41.9049
42.0795
42.022
41.7421
41.701
41.1922
41.2488
41.1523
41.1089
41.1091
41.1887
41.2394
41.3037
41.5143
41.7453
41.8449
42.0797
42.2426
42.3577
42.0261
41.9265
41.6977
41.452
41.2923
41.2539
41.1796
41.1844
41.2136
41.3409
41.3092
41.5241
41.8189
42.1845
42.3571
42.3263
42.2583
42.0345
41.8388
41.691
41.4486
41.3154
41.2482
41.246
41.2157
41.4119
41.3806
41.4246
41.5544
41.8592
42.0737
42.1762
42.1193
42.0607
41.9682
41.8867
41.7187
41.6696
41.2733
41.2393
41.1619
41.1458
41.1721
41.3349
41.5772
41.927
42.1787
42.29
42.1925
42.3482
42.4402
42.2461
41.9873
41.6829
41.4391
41.3148
41.37
41.3979
41.2828
41.3563
41.5829
41.7
42.0251
42.397
42.3819
42.4578
42.3525
42.1233
41.9026
42.0003
41.7773
41.4265
41.4533
41.3108
41.3403
41.3407
41.4288
41.735
41.8182
42.0017
42.3567
42.7385
42.6845
42.5953
42.2809
42.3702
42.008
41.7433
41.6117
41.4393
41.4208
41.4655
41.5036
41.578
41.6353
41.7994
41.9949
42.0375
42.1302
42.4043
42.3281
42.1829
42.0673
41.6487
41.4683
41.5192
41.3887
41.2854
41.2724
41.3406
41.4109
41.6133
41.5411
41.8654
41.9407
42.0693
42.2889
42.3843
42.4352
42.1418
41.917
41.8685
41.5929
41.5499
41.512
41.6192
41.4516
41.5507
41.461
41.5039
41.7242
41.8273
41.9202
42.1209
41.9775
41.8071
41.7278
41.6311
41.5245
41.4584
41.3675
41.3445
41.3004
41.4138
41.4795
41.3939
41.6401
41.5568
41.8174
41.8634
42.1463
41.9956
41.8918
41.7164
41.7625
41.585
41.4086
41.5649
41.6583
41.5001
41.493
41.6155
41.7653
41.6566
41.6666
41.804
42.0829
42.1313
42.1769
42.2872
41.9926
41.8081
41.6837
41.5266
41.3695
41.5461
41.3865
41.4087
41.581
41.7732
41.7773
42.2142
42.3566
42.2969
42.0785
42.0601
42.038
41.8603
41.7221
41.4829
41.5103
41.4914
41.4132
41.3331
41.3611
41.5286
41.5604
41.9929
42.1758
42.3141
42.621
42.5243
42.4302
42.1476
41.751
41.6454
41.5811
41.5574
41.541
41.452
41.3777
41.4736
41.6271
41.8558
41.9493
42.2364
42.381
42.6009
42.5136
42.452
42.3892
42.087
41.898
41.6677
41.6096
41.4271
41.4872
41.5187
41.4612
41.4539
41.7316
41.7984
42.0397
42.2466
42.3999
42.5037
42.6277
42.5191
42.616
42.2936
41.8254
41.7312
41.5945
41.4562
41.328
41.3746
41.4044
41.6427
41.6402
41.7684
42.1041
42.2552
42.3589
42.5429
42.7217
42.5342
42.5919
42.2921
42.0519
41.7544
41.6476
41.5786
41.4573
41.5054
41.4983
41.425
41.5989
41.7513
42.0218
42.3366
42.879
42.9306
42.8976
42.8935
42.8007
42.6641
42.3737
41.9803
41.684
41.7689
41.5584
41.4841
41.4886
41.478
41.4202
41.5814
41.7419
42.0598
42.724
42.953
43.2096
42.99
43.1669
42.9346
43.0384
42.8363
42.4936
42.189
41.9826
41.7772
41.69
41.5278
41.4948
41.6237
41.5428
41.6542
41.9252
42.4545
42.8244
42.8538
42.832
42.9903
43.1423
42.984
43.0116
42.7038
42.2673
42.1962
41.895
41.8273
41.8311
41.7379
41.7657
41.666
41.7729
42.1321
42.4966
42.8091
43.1337
43.0757
43.2793
43.2307
42.9089
42.7203
42.5522
42.1773
42.035
41.7846
41.5814
41.5387
41.5867
41.523
41.7203
41.9459
41.9456
42.2544
42.5272
43.0012
43.2748
43.5603
43.4786
43.5601
43.4668
43.1757
42.9346
42.6628
42.5334
42.4137
42.3397
42.1467
42.2253
42.1958
42.1164
42.3237
42.3736
42.6349
42.7739
43.0734
43.1875
43.2805
43.3394
43.433
43.4308
43.178
42.6628
42.4393
42.1844
41.9852
42.0717
41.8853
41.7639
41.8615
41.747
41.9459
42.2733
42.5999
42.945
43.2532
43.2071
43.3828
43.4159
43.4158
43.433
43.1537
43.1121
42.7064
42.4526
42.4402
42.4161
42.4054
42.3739
42.5536
42.5005
42.9922
43.0265
43.459
43.6848
43.8695
43.5672
43.5775
43.2421
43.0414
42.7991
42.5847
42.2544
41.9987
41.81
41.7304
41.6361
41.5996
41.8495
42.2439
42.5618
42.9266
43.4168
43.8848
43.7994
43.8398
43.9299
43.6368
43.5675
43.4804
43.3037
43.1343
42.8134
42.5801
42.1636
42.3763
42.2173
42.2711
42.2062
42.5224
42.6628
42.6722
42.8044
43.1211
43.2282
43.7071
44.0873
43.9758
43.993
43.9224
43.7251
43.8038
43.6634
43.2135
43.058
43.031
42.9161
42.675
42.7402
42.8959
42.8478
42.8585
43.1053
43.0287
43.0738
43.3875
44.0031
43.6978
43.7538
43.6593
43.5396
43.2364
43.0819
42.8999
42.8166
42.7567
42.8089
42.9585
42.9765
43.2888
43.3773
43.3468
43.3751
43.8008
43.7693
44.0281
44.0545
44.0753
43.9951
44.1131
44.0711
43.9492
43.9756
43.9814
44.1022
43.8758
43.8706
43.7345
43.5611
43.5785
43.558
43.3582
43.2355
43.0698
43.236
42.9859
42.9761
43.006
42.9373
42.844
43.038
42.8544
42.9828
42.8589
42.7444
42.8351
42.8375
42.7956
42.9376
43.0435
43.1441
43.1806
43.2134
43.4909
43.5466
43.5922
43.8433
43.9801
44.1136
44.1181
44.1977
44.3531
44.4628
44.5273
44.5488
44.6096
44.597
44.6238
44.5234
44.4182
44.508
44.3703
44.1411
44.0704
43.9813
43.8965
43.7313
43.6548
43.5057
43.4604
43.2896
43.0995
43.0578
42.8952
43.0229
42.8356
42.7356
42.7067
42.6384
42.4666
42.4832
42.4307
42.3619
42.318
42.2096
42.3159
42.1931
42.4746
42.4435
42.5131
42.6192
42.7165
42.8168
42.9635
43.1647
43.3324
43.4808
43.7638
44.0471
44.2195
44.4259
44.8624
45.1454
45.3791
45.6016
45.8847
46.1062
46.382
46.3888
46.3788
46.4984
46.4907
46.5616
46.42
46.3144
46.2691
46.1726
46.1297
45.9004
45.728
45.6893
45.3263
45.3393
45.0415
44.905
44.6923
44.5197
44.3663
44.1818
44.0511
43.8352
43.7466
43.6265
43.4953
43.1429
43.131
42.9967
42.9315
42.7858
42.7197
42.6409
42.5448
42.4112
42.3109
42.2333
42.2298
42.1788
42.1697
42.1797
42.1538
42.082
42.0314
42.045
42.0817
42.0243
42.1132
42.197
42.2541
42.3534
42.4741
42.4487
42.5298
42.6712
42.766
42.9351
43.1481
43.2913
43.5747
43.5189
43.9556
43.9901
44.0841
44.3726
44.4207
44.5325
44.7492
44.7694
44.7827
44.9545
44.8475
44.854
44.8078
44.7551
44.5701
44.6738
44.4703
44.4046
44.3448
44.0948
43.9668
43.8781
43.8761
43.7222
43.5837
43.4216
43.3289
43.2773
43.2191
43.0354
42.9467
42.8112
42.7969
42.6886
42.6468
42.5507
42.4892
42.3159
42.2485
42.1766
42.1329
42.1124
42.0344
42.0453
41.9154
41.9115
41.8819
41.8063
41.7764
41.8198
41.825
41.9684
41.9362
41.8408
41.9466
42.0165
42.0669
42.1736
42.2194
42.3706
42.357
42.5177
42.6247
42.7786
42.9545
43.0481
43.2368
43.4504
43.571
43.7806
44.0852
44.0997
44.2558
44.4646
44.4384
44.5791
44.6829
44.6003
44.7026
44.6326
44.5992
44.3992
44.4744
44.3785
44.3285
44.1214
44.0993
44.0657
43.7871
43.7848
43.6784
43.5244
43.4871
43.4124
43.4022
43.3243
43.1741
43.041
42.9481
42.7856
42.7104
42.6789
42.5368
42.5609
42.4043
42.3957
42.3264
42.17
42.148
42.0691
42.0614
42.0047
41.8885
41.9003
41.8225
41.8224
41.7643
41.7593
41.6011
41.5999
41.5958
41.6499
41.6327
41.6243
41.6303
41.5536
41.4354
41.587
41.5691
41.6322
41.6349
41.589
41.6179
41.8139
41.8517
42.0627
42.1244
42.0153
42.1064
42.3058
42.4034
42.5072
42.6392
42.6991
42.983
43.1039
43.1847
43.3795
43.4481
43.6007
43.7309
43.8993
43.8902
44.0243
43.9709
44.1168
43.9951
44.0131
43.9272
43.9203
43.8482
43.7747
43.7562
43.7069
43.6079
43.5533
43.4608
43.351
43.2652
43.292
43.0469
42.9494
42.8703
42.8153
42.7611
42.6927
42.6104
42.5259
42.5395
42.3601
42.3573
42.2625
42.1595
42.1707
42.0914
41.993
41.9835
41.9159
41.8796
41.7355
41.7658
41.7664
41.7188
41.6106
41.676
41.5657
41.6282
41.492
41.4592
41.481
41.3049
41.4663
41.3285
41.3659
41.3289
41.247
41.2197
41.2446
41.1729
41.1272
41.2781
41.3616
41.4309
41.4296
41.5199
41.7048
41.7064
41.5989
41.7748
41.8337
41.8752
42.042
42.1715
42.154
42.1741
42.4066
42.4884
42.5719
42.7386
42.9081
43.1417
43.2416
43.355
43.3127
43.4863
43.5903
43.6337
43.575
43.6945
43.5943
43.7151
43.6175
43.6096
43.6262
43.551
43.5088
43.304
43.234
43.1895
43.1462
43.0718
43.0129
42.9532
42.8848
42.8026
42.7378
42.7262
42.5718
42.4324
42.4409
42.3274
42.2683
42.2672
42.1214
42.1266
42.0599
42.0104
41.9265
41.8952
41.7556
41.8219
41.7605
41.679
41.6175
41.51
41.5761
41.5562
41.4796
41.4684
41.5004
41.3518
41.307
41.4082
41.3876
41.4337
41.3929
41.2889
41.2657
41.3248
41.3353
41.1987
41.261
41.2934
41.3417
41.313
41.2964
41.4369
41.4124
41.4495
41.5338
41.6358
41.6236
41.7424
41.7226
41.77
41.8078
41.9428
42.029
42.2071
42.3019
42.3876
42.5519
42.6225
42.6879
42.5928
42.7757
42.8568
42.9511
42.9109
43.0365
42.9995
43.094
43.0803
42.9263
42.952
42.8874
43.0166
42.861
42.7903
42.6914
42.718
42.6207
42.56
42.3546
42.4682
42.3845
42.2996
42.1487
42.2175
42.2232
42.0792
42.0477
41.9344
41.9096
41.9048
41.8193
41.8474
41.7539
41.6855
41.6389
41.6039
41.5306
41.5759
41.4841
41.414
41.4553
41.443
41.2988
41.2611
41.3444
41.3411
41.4155
41.3416
41.4287
41.4158
41.4306
41.434
41.4448
41.3917
41.4503
41.3979
41.3341
41.3821
41.4039
41.4256
41.3988
41.4023
41.4255
41.4107
41.4597
41.6157
41.4437
41.5133
41.5454
41.5425
41.632
41.5834
41.5356
41.5153
41.4718
41.4906
41.5232
41.5434
41.4731
41.4641
41.5021
41.4474
41.4828
41.4844
41.4595
41.4597
41.3524
41.388
41.4264
41.2294
41.3318
41.3255
41.2594
41.2233
41.2225
41.196
41.1998
41.1673
41.1123
41.0846
41.1086
41.1461
41.102
41.1855
41.1164
41.0807
41.0455
41.1171
41.0322
41.1201
41.0723
41.046
41.0667
40.9931
41.0393
41.0279
41.1188
41.0761
41.2001
41.1215
41.1611
41.0867
41.1666
41.1355
41.2728
41.301
41.3583
41.3038
41.3114
41.3493
41.3553
41.3573
41.396
41.4822
41.4433
41.4473
41.4732
41.5047
41.6082
41.6143
41.5651
41.6237
41.6112
41.5655
41.5794
41.7202
41.6825
41.6133
41.5457
41.5796
41.5279
41.4576
41.5655
41.4933
41.4789
41.4631
41.3964
41.4397
41.3923
41.3994
41.3708
41.3373
41.2421
41.2456
41.2613
41.2206
41.2474
41.1755
41.2206
41.1608
41.1327
41.1307
41.1707
41.0876
41.0169
41.052
41.036
40.96
41.0382
40.9861
40.9321
40.8836
40.9016
40.9253
40.9516
41.0217
41.1085
41.099
41.1067
41.0759
41.1992
41.1393
41.1227
41.0605
41.1373
41.1677
41.2158
41.281
41.286
41.2986
41.399
41.3411
41.3691
41.4864
41.5119
41.4988
41.5223
41.5405
41.5627
41.6254
41.6052
41.5996
41.5954
41.5995
41.6483
41.545
41.6062
41.5842
41.6355
41.5715
41.462
41.5768
41.5191
41.4074
41.4119
41.3982
41.4144
41.3554
41.3084
41.3161
41.2373
41.2207
41.2052
41.2039
41.1426
41.1426
41.1093
41.1752
41.2095
41.1596
41.0859
41.0845
41.1093
41.0332
41.1408
41.0573
41.0438
41.0567
41.0309
41.0584
41.002
41.0242
41.0839
41.1088
41.1192
41.0676
41.0981
41.1149
41.1047
41.1898
41.1681
41.1129
41.1253
41.0803
41.0912
41.103
41.0774
41.129
41.1344
41.1418
41.1158
41.086
41.0148
41.0064
41.0081
41.0014
41.1682
41.0053
41.0328
41.0204
40.9689
40.9437
40.99
40.9797
40.9844
40.9519
40.9265
40.939
40.9594
40.8872
40.9014
40.8656
40.9274
40.8886
40.9636
40.892
40.9138
40.878
40.9037
40.9833
40.9768
40.877
40.8873
40.9176
40.9628
41.0308
41.0487
41.0215
41.051
41.0622
41.1374
41.1718
41.2041
41.2333
41.2414
41.1449
41.2488
41.2503
41.2401
41.2107
41.2918
41.22
41.2165
41.2533
41.3327
41.3047
41.306
41.281
41.2709
41.2324
41.2098
41.1496
41.2285
41.1595
41.1225
41.1409
41.1826
41.1122
41.0776
41.1215
41.0971
41.0857
41.0166
40.9695
40.9579
40.9045
40.9257
40.9544
40.9505
40.8762
40.887
40.8823
40.8168
40.8479
40.9157
40.8967
40.8106
40.8972
40.781
40.7931
40.7449
40.7949
40.8055
40.8599
40.8315
40.8103
40.806
40.9101
40.9471
40.8695
40.9395
41.0199
40.9882
40.9772
40.9124
41.02
41.0161
40.9719
41.0322
41.0737
40.9657
41.0533
41.1023
41.0417
41.0187
41.0176
41.0483
41.0846
41.0705
41.0425
41.0837
41.1448
41.0852
41.0908
41.0684
41.0884
41.0048
40.9657
40.961
41.0337
41.0138
40.9579
40.9594
40.9709
40.9016
40.8962
40.8899
40.8331
40.8372
40.8728
40.7955
40.8282
40.7953
40.7615
40.755
40.7399
40.7725
40.7068
40.8022
40.7153
40.8174
40.7145
40.6516
40.6969
40.6703
40.6748
40.7375
40.7817
40.7607
40.8611
40.9331
40.8932
40.9296
41.0785
41.0346
41.0496
41.014
41.0824
41.0821
41.1134
41.1178
41.0762
41.1348
41.1683
41.2585
41.2956
41.3156
41.3424
41.3705
41.385
41.4313
41.3836
41.5347
41.4903
41.4332
41.4353
41.3858
41.4065
41.396
41.3638
41.3872
41.3358
41.2608
41.3057
41.2967
41.2516
41.1992
41.1848
41.1007
41.1281
41.0638
41.0582
41.0132
40.9879
40.9386
41.0169
40.9906
40.9262
40.9139
40.9068
40.816
40.8103
40.8821
40.8159
40.829
40.7918
40.7735
40.7913
40.7654
40.7824
40.7188
40.7677
40.7149
40.7161
40.802
40.7228
40.7678
40.6744
40.7158
40.7225
40.7407
40.7766
40.8217
40.7814
40.704
40.7878
40.7393
40.7154
40.6948
40.8219
40.7536
40.7755
41.2621
40.7857
40.8136
40.7702
40.7398
40.772
40.7079
40.6689
40.6953
40.6901
40.7125
40.6805
40.7308
40.7136
40.8184
40.7121
40.7064
40.6437
40.7388
40.651
40.675
40.6704
40.6905
40.6159
40.6678
40.6621
40.6489
40.6175
40.6768
40.688
40.8037
40.688
40.7407
40.8083
40.8234
40.7769
40.7625
40.7935
40.8339
40.8149
40.7934
40.8556
40.8271
40.823
40.8172
40.8097
40.7715
40.885
40.8632
40.882
40.8207
40.8226
40.7615
40.812
40.7897
40.8646
40.8656
40.7884
40.8309
40.8341
40.7131
40.8168
40.7836
40.7547
40.819
40.7659
40.705
40.6888
40.6957
40.7885
40.7219
40.6752
40.7021
40.669
40.6928
40.7496
40.6554
40.6525
40.6507
40.6574
40.6689
40.6388
40.6518
40.6682
40.7274
40.6872
40.7491
40.7291
40.7804
40.8168
40.6927
40.6655
40.6781
40.6198
40.634
40.6062
40.6112
40.646
40.6305
40.6241
40.7377
40.679
40.6234
40.6936
40.6787
40.6776
40.6809
40.6597
40.701
40.7156
40.758
40.6797
40.7311
40.7038
40.6481
40.5788
40.5998
40.6995
40.6648
40.6441
40.6095
40.6466
40.5843
40.6686
40.6214
40.6052
40.7618
40.7509
40.6756
40.7549
40.6506
40.6712
40.6585
40.7013
40.7412
40.7723
40.6989
40.7352
40.6916
40.6733
40.7484
40.6874
40.6992
40.7113
40.665
40.7099
40.7164
40.7467
40.7142
40.6956
40.7492
40.802
40.7511
40.7325
40.6972
40.6857
41.1466
40.7495
40.6553
40.7186
40.7385
40.7053
40.7236
40.6837
40.6644
40.7477
40.6901
40.6438
40.6673
40.6584
40.648
40.6646
40.6722
40.6054
40.621
40.5811
40.6143
40.6414
40.6439
40.6459
40.6568
40.6238
40.6192
40.54
40.5895
40.584
40.5796
40.6191
40.6362
40.6485
40.6627
40.6816
40.7213
40.7935
40.8215
40.8465
40.8278
40.8899
40.8765
40.8962
40.9018
40.8478
40.9059
40.8896
40.8979
40.9555
40.8464
40.9012
40.9094
40.9589
40.9589
40.9866
40.9407
40.9974
41.0349
40.9935
40.9864
40.8854
40.9495
40.9051
40.9154
40.9501
40.8815
40.842
40.8653
40.8805
40.7904
40.843
40.8693
40.7535
40.7789
40.739
40.774
40.6969
40.7466
40.7514
40.8508
40.721
40.6608
40.6831
40.5986
40.6525
40.6268
40.5641
40.5874
40.6189
40.6519
40.6531
40.5854
40.5969
40.6135
40.5887
40.6178
40.5906
40.6094
40.7192
40.7224
40.6673
40.6738
40.6179
40.6772
40.7134
40.674
40.5454
40.6051
40.6801
40.629
40.5361
40.5897
40.6851
40.6455
40.662
40.641
40.6155
40.5769
40.6773
40.6469
40.665
40.5865
40.6377
40.6033
40.6079
40.5943
40.679
40.6347
40.6341
40.5958
40.5839
40.6832
40.5778
40.5398
40.5262
40.5797
40.6031
40.5759
40.6093
40.5924
40.5859
40.5503
40.5358
40.4948
40.549
40.5087
40.5962
40.5997
40.6023
40.5832
40.5853
40.5428
40.5501
40.5647
40.5598
40.5581
40.522
40.5538
40.6495
40.6477
40.7767
40.6213
40.704
40.6604
40.6517
40.6308
40.7166
40.6964
40.7731
40.7796
40.7411
40.7043
40.7725
40.7804
40.7843
40.8648
40.7762
40.7993
40.73
40.7703
40.7866
40.7761
40.8346
40.8322
40.762
40.7736
40.7848
40.7691
40.7953
40.7831
40.7322
40.7348
40.7877
40.7385
40.6817
40.64
40.772
40.7101
40.6728
40.731
40.6926
40.5883
40.607
40.6884
40.6148
40.5603
40.6426
40.6292
40.5897
40.6115
40.6424
40.5831
40.5625
40.5979
40.6211
40.5652
40.6937
40.6522
40.5863
40.6065
40.5621
40.5819
40.6435
40.5462
40.5535
40.4998
40.5106
40.5694
40.5131
40.5049
40.6189
40.4579
40.562
40.5665
40.5764
40.5606
40.5997
40.6736
40.6406
40.5617
40.6298
40.5722
40.585
40.7291
40.6986
40.6758
40.6002
40.5989
40.6141
40.5735
40.6605
40.5978
40.5773
40.6477
40.5785
40.6054
40.5905
40.6164
40.6066
40.5675
40.5816
40.6365
40.6075
40.613
40.6531
40.5595
40.5507
40.5913
40.5208
40.5734
40.649
40.5526
40.5827
40.5593
40.5121
40.5985
40.5489
40.6286
40.5546
40.5915
40.629
40.599
40.5655
40.573
40.6176
40.6183
40.5419
40.5269
40.5646
40.487
40.5789
40.5996
40.6043
40.5075
40.512
40.5509
40.6369
40.5674
40.6616
40.6017
40.6151
40.604
40.6433
40.631
40.5479
40.6108
40.6272
40.6057
40.586
40.5758
40.5795
40.6059
40.5993
40.5803
40.6568
40.5912
40.5152
40.542
40.5357
40.5863
40.6158
40.6543
40.5761
40.5831
40.5482
40.5964
40.5148
40.5467
40.6456
40.6347
40.5683
40.5653
40.5205
40.5653
40.5469
40.5288
40.5733
40.5735
40.5248
40.553
40.5526
40.5657
40.5404
40.545
40.5618
40.6582
40.5055
40.5865
40.5798
40.577
40.5945
40.5311
40.6447
40.578
40.5732
40.6415
40.5462
40.5984
40.7168
40.6898
40.6089
40.5692
40.6657
40.6644
40.6829
40.708
40.6491
40.7436
40.7235
40.6396
40.6372
40.5919
40.6497
40.6981
40.6643
40.6524
40.6231
40.6112
40.6573
40.608
40.6021
40.6228
40.5569
40.6153
40.5762
40.5717
40.5684
40.5615
40.6128
40.5868
40.5525
40.5684
40.5746
40.5742
40.5592
40.5574
40.4628
40.5333
40.5325
40.577
40.5257
40.5424
40.4937
40.5422
40.4794
40.5567
40.5389
40.5667
40.5527
40.4874
40.5544
40.5594
40.555
40.559
40.538
40.6033
40.6029
40.605
40.5337
40.4881
40.4803
40.4832
40.5461
40.5335
40.4975
40.5195
40.4914
40.5517
40.5105
40.5451
40.5346
40.5149
40.4799
40.5395
40.5192
40.5715
40.5691
40.5504
40.5655
40.6107
40.6377
40.5283
40.5009
40.5203
40.5217
40.5967
40.5642
40.556
40.5676
40.5763
40.4702
40.5314
40.5544
40.5193
40.5564
40.4832
40.539
40.5025
40.505
40.5223
40.5239
40.5272
40.5041
40.5402
40.5113
40.4886
40.5121
40.5046
40.5023
40.4675
40.4657
40.5027
40.5112
40.564
40.5293
40.499
40.5078
40.5413
40.5081
40.5138
40.5349
40.5564
40.4645
40.4711
40.4952
40.5037
40.4915
40.4937
40.5117
40.4705
40.4575
40.5443
40.5218
40.5197
40.5223
40.4964
40.5815
40.6584
40.6191
40.5292
40.5712
40.5375
40.4945
40.4959
40.5528
40.511
40.4885
40.5153
40.5421
40.4982
40.512
40.5186
40.5652
40.5823
40.5135
40.4678
40.4842
40.5333
40.5128
40.5139
40.5126
40.5061
40.5374
40.5403
40.5133
40.519
40.583
40.5222
40.6343
40.5487
40.5871
40.5636
40.5191
40.4753
40.5393
40.5007
40.559
40.4986
40.5339
40.4908
40.4866
40.5746
40.561
40.5088
40.5039
40.5453
40.562
40.4656
40.5385
40.5208
40.5372
40.4784
40.5018
40.4788
40.518
40.4811
40.4849
40.5463
40.5831
40.5724
40.574
40.5102
40.512
40.6165
40.5878
40.5315
40.5376
40.5636
40.539
40.5115
40.5224
40.5307
40.5821
40.5432
40.5234
40.5073
40.4992
40.5229
40.5188
40.546
40.4997
40.5317
40.5001
40.5316
40.508
40.5451
40.4899
40.5514
40.4787
40.4892
40.5068
40.5176
40.5071
40.5401
40.4593
40.5573
40.5197
40.5309
40.4888
40.4797
40.5058
40.5223
40.4948
40.4591
40.52
40.4963
40.4943
40.489
40.498
40.5086
40.5237
40.4807
40.4519
40.4938
40.4548
40.4825
40.4974
40.491
40.5047
40.5847
40.5004
40.49
40.5175
40.6935
40.4911
40.499
40.5213
40.5618
40.5857
40.4411
40.4957
40.529
40.5464
40.4653
40.4734
40.5905
40.4871
40.4983
40.4838
40.5026
40.5277
40.5121
40.4673
40.5207
40.5367
40.4965
40.5398
40.5269
40.5089
40.5238
40.4692
40.5664
40.6067
40.5836
40.5342
40.5816
40.6016
40.5067
40.4652
40.4927
40.5611
40.5669
40.5385
40.5749
40.5793
40.5342
40.5853
40.6017
40.5703
40.602
40.6378
40.6375
40.5697
40.6001
40.5678
40.5802
40.5925
40.5885
40.6146
40.5622
40.5846
40.5738
40.6225
40.5696
40.5328
40.6066
40.5762
40.566
40.611
40.526
40.562
40.5609
40.6062
40.5383
40.57
40.5205
40.5437
40.4639
40.5695
40.5261
40.5551
40.4748
40.5067
40.5584
40.4933
40.5412
40.5419
40.5119
40.5129
40.5665
40.5987
40.5522
40.5036
40.5276
40.4693
40.4732
40.5199
40.4861
40.5269
40.4739
40.5449
40.5374
40.4988
40.454
40.5825
40.4851
40.5359
40.5352
40.483
40.465
40.4793
40.5303
40.596
40.5161
40.489
40.6138
40.5759
40.5877
40.5119
40.5634
40.4925
40.5332
40.5168
40.5081
40.4817
40.4699
40.5674
40.522
40.5277
40.4181
40.5451
40.4876
40.4957
40.4849
40.5109
40.5418
40.482
40.4893
40.5268
40.5181
40.5229
40.4662
40.4976
40.5128
40.4714
40.4603
40.4627
40.4706
40.4799
40.4939
40.5154
40.4765
40.4171
40.5008
40.478
40.4171
40.5126
40.4758
40.4566
40.4529
40.4529
40.5111
40.4935
40.5478
40.5216
40.4956
40.4982
40.4852
40.558
40.4778
40.4941
40.5214
40.5358
40.5074
40.5481
40.5253
40.523
40.4461
40.4844
40.4523
40.5049
40.4639
40.5396
40.5166
40.519
40.5342
40.4826
40.5175
40.3958
40.5056
40.544
40.5924
40.4996
40.4959
40.5775
40.4957
40.4863
40.3741
40.5175
40.5067
40.4865
40.5238
40.4998
40.5216
40.488
40.4975
40.4463
40.478
40.4509
40.4572
40.467
40.5113
40.5227
40.5796
40.4742
40.4956
40.4879
40.4873
40.4689
40.4469
40.4238
40.4879
40.4895
40.4555
40.5144
40.4506
40.4917
40.4865
40.4558
40.4932
40.5238
40.5312
40.486
40.4768
40.4667
40.5286
40.4977
40.5324
40.4772
40.4907
40.4926
40.5011
40.4623
40.4895
40.5131
40.4857
40.562
40.5391
40.5661
40.5282
40.5315
40.5033
40.5516
40.478
40.4805
40.4701
40.5629
40.5617
40.53
40.545
40.5188
40.4917
40.5423
40.5099
40.5332
40.506
40.5473
40.5502
40.5263
40.5991
40.6205
40.5833
40.5297
40.5106
40.5621
40.5351
40.5956
40.5837
40.5593
40.5299
40.5754
40.5272
40.5255
40.5087
40.5631
40.5482
40.5686
40.5386
40.4896
40.5553
40.4554
40.4966
40.4857
40.5245
40.4264
40.4888
40.4804
40.5301
40.5248
40.489
40.487
40.5074
40.5003
40.4563
40.5009
40.4713
40.4459
40.477
40.4507
40.463
40.4868
40.4685
40.5103
40.555
40.5036
40.5001
40.4855
40.4494
40.5355
40.552
40.4834
40.5084
40.5904
40.5232
40.5811
40.4778
40.4859
40.4596
40.4706
40.4903
40.5104
40.4694
40.5027
40.4892
40.488
40.4866
40.4651
40.5108
40.506
40.4621
40.4665
40.5005
40.4757
40.4613
40.5298
40.4312
40.4871
40.5122
40.5591
40.5035
40.491
40.547
40.5124
40.5306
40.4339
40.5519
40.5163
40.5184
40.4617
40.5141
40.5262
40.5104
40.5834
40.551
40.5238
40.4678
40.4802
40.4612
40.475
40.539
40.5359
40.4695
40.5387
40.5341
40.5067
40.5646
40.6071
40.5409
40.4975
40.4999
40.4468
40.4471
40.5845
40.4196
40.5194
40.5143
40.4529
40.5212
40.4378
40.4477
40.5379
40.5397
40.5147
40.4543
40.4509
40.522
40.4655
40.5347
40.4683
40.5073
40.4661
40.5038
40.4691
40.4408
40.458
40.498
40.4799
40.5286
40.4417
40.4706
40.5515
40.5477
40.518
40.4392
40.5107
40.504
40.4655
40.5712
40.5153
40.5793
40.4772
40.5821
40.5006
40.5488
40.4709
40.4986
40.5169
40.4793
40.5099
40.5199
40.4751
40.4747
40.516
40.4498
40.5231
40.4697
40.5022
40.4908
40.4749
40.4924
40.4779
40.4759
40.4325
40.4553
40.4709
40.4739
40.5009
40.432
40.5148
40.5422
40.4704
40.4015
40.4721
40.4929
40.5352
40.4174
40.5541
40.4747
40.5237
40.4523
40.5257
40.4647
40.4618
40.5081
40.489
40.5488
40.5201
40.5771
40.5041
40.5593
40.411
40.4921
40.4524
40.514
40.4221
40.4012
40.485
40.4472
40.5034
40.4119
40.4802
40.5166
40.4313
40.4494
40.5013
40.4744
40.4528
40.4457
40.4925
40.4628
40.4942
40.4635
40.4957
40.5412
40.5305
40.4221
40.4569
40.7883
40.4961
40.5309
40.5244
40.4708
40.5267
40.505
40.4587
40.4703
40.4554
40.5551
40.4621
40.448
40.551
40.5069
40.5526
40.4951
40.4457
40.5088
40.4544
40.4694
40.4692
40.5041
40.3898
40.4551
40.4624
40.4784
40.4811
40.5062
40.4934
40.4741
40.4974
40.4537
40.4964
40.4785
40.4845
40.4909
40.4955
40.479
40.4805
40.4818
40.466
40.4994
40.5236
40.4076
40.4639
40.4609
40.4863
40.5251
40.4712
40.509
40.5731
40.4762
40.4967
40.5024
40.4833
40.5036
40.5288
40.4634
40.471
40.4499
40.4683
40.5164
40.4484
40.4397
40.4489
40.5163
40.5573
40.5484
40.5132
40.5973
40.463
40.5089
40.6333
40.563
40.5199
40.4326
40.4955
40.5121
40.5009
40.5085
40.4922
40.5412
40.5494
40.5226
40.4749
40.4423
40.5024
40.4685
40.4641
40.4963
40.5471
40.4868
40.5087
40.4764
40.4956
40.4822
40.4949
40.4384
40.5029
40.5436
40.5331
40.5208
40.4611
40.507
40.4494
40.4604
40.4004
40.4607
40.4969
40.4801
40.5225
40.4641
40.4715
40.4402
40.443
40.5131
40.4532
40.508
40.5249
40.5243
40.4548
40.3986
40.462
40.4642
40.4214
40.419
40.5079
40.4946
40.4526
40.4347
40.4709
40.4599
40.4688
40.4917
40.5307
40.482
40.4704
40.5053
40.5318
40.5085
40.4681
40.4653
40.432
40.4693
40.4745
40.4555
40.4443
40.4964
40.4724
40.5591
40.5214
40.4589
40.449
40.5171
40.4785
40.3879
40.4492
40.5016
40.4789
40.4572
40.5635
40.5047
40.4461
40.494
40.4647
40.4325
40.4751
40.4084
40.4801
40.5141
40.4568
40.4435
40.5046
40.4514
40.4742
40.4822
40.492
40.5157
40.5033
40.517
40.5566
40.5534
40.5941
40.5172
40.5056
40.5473
40.578
40.4449
40.4852
40.461
40.472
40.4703
40.4654
40.5341
40.5491
40.4987
40.4885
40.492
40.5221
40.508
40.4644
40.493
40.4695
40.5147
40.5156
40.4782
40.478
40.4928
40.5106
40.4962
40.4807
40.4527
40.467
40.4664
40.5244
40.473
40.4221
40.4765
40.5051
40.4813
40.4547
40.5427
40.4265
40.4933
40.4686
40.4469
40.4911
40.4295
40.4866
40.474
40.4199
40.4728
40.4747
40.513
40.4252
40.4751
40.4824
40.5178
40.4525
40.4457
40.4523
40.4822
40.5215
40.4985
40.4429
40.4921
40.5061
40.4651
40.5106
40.4658
40.4604
40.428
40.4859
40.5102
40.4529
40.4872
40.5237
40.5092
40.4867
40.4544
40.5325
40.5116
40.4556
40.4539
40.4284
40.5122
40.4541
40.521
40.4643
40.4566
40.4688
40.4531
40.4522
40.46
40.4128
40.4612
40.4309
40.4358
40.5137
40.4861
40.4925
40.5034
40.5539
40.4813
40.4617
40.4836
40.4813
40.47
40.4196
40.4931
40.4914
40.5672
40.4457
40.4282
40.5338
40.5007
40.5276
40.5143
40.553
40.5704
40.5104
40.5517
40.5081
40.4719
40.501
40.4668
40.4114
40.4365
40.4706
40.5417
40.5198
40.512
40.5658
40.5356
40.478
40.5141
40.4786
40.4113
40.4878
40.4726
40.5247
40.4143
40.4838
40.49
40.4556
40.4601
40.4797
40.4569
40.5406
40.5004
40.4808
40.432
40.4156
40.4907
40.5029
40.4372
40.456
40.4439
40.4716
40.4674
40.4664
40.422
40.4349
40.4333
40.4614
40.5168
40.4976
40.4518
40.4868
40.4875
40.5328
40.5244
40.538
40.4528
40.5351
40.5261
40.4566
40.4324
40.4764
40.4691
40.3826
40.4584
40.4979
40.4522
40.5011
40.4602
40.5027
40.4596
40.5299
40.5332
40.619
40.5104
40.5488
40.5063
40.521
40.4331
40.4746
40.485
40.4946
40.4624
40.4665
40.5408
40.5035
40.4912
40.4741
40.4956
40.4826
40.4632
40.4142
40.4696
40.4442
40.5222
40.5466
40.4664
40.4943
40.5476
40.5135
40.4507
40.5273
40.5259
40.4913
40.4158
40.5306
40.5253
40.5071
40.4193
40.4683
40.5076
40.4865
40.4857
40.4605
40.4694
40.3982
40.4429
40.5226
40.4339
40.4355
40.4712
40.482
40.4583
40.4427
40.4825
40.5283
40.5196
40.4912
40.5335
40.4635
40.4074
40.4319
40.5009
40.5049
40.4926
40.4403
40.4256
40.4267
40.5021
40.4528
40.5089
40.4055
40.4964
40.5023
40.4846
40.4224
40.4678
40.4709
40.4398
40.4397
40.4443
40.5039
40.493
40.5053
40.5056
40.4319
40.4771
40.4459
40.5232
40.4808
40.4865
40.4144
40.4406
40.4801
40.3977
40.4669
40.5288
40.5321
40.4716
40.4675
40.4677
40.4651
40.4414
40.4417
40.4573
40.4366
40.5183
40.4768
40.4351
40.4872
40.4983
40.4795
40.5053
40.5179
40.5024
40.4979
40.4733
40.5051
40.4901
40.4844
40.4976
40.4687
40.4975
40.4663
40.5119
40.4377
40.4861
40.4473
40.4706
40.4491
40.4889
40.4846
40.4363
40.4607
40.4155
40.4163
40.439
40.4357
40.5038
40.5182
40.5079
40.4877
40.509
40.4623
40.4733
40.516
40.5054
40.4447
40.4727
40.5422
40.4386
40.4602
40.4755
40.424
40.5182
40.5011
40.4398
40.4714
40.4568
40.4291
40.4835
40.4666
40.4911
40.4472
40.4732
40.4647
40.475
40.4885
40.5181
40.4404
40.4541
40.4139
40.471
40.4777
40.4167
40.4983
40.4775
40.4183
40.4079
40.4724
40.4551
40.4575
40.4759
40.4661
40.4611
40.4556
40.4125
40.4778
40.4945
40.4749
40.4551
40.4469
40.4492
40.4622
40.4603
40.434
40.469
40.512
40.4817
40.3976
40.4182
40.4713
40.4597
40.3912
40.4357
40.4137
40.4839
40.513
40.4567
40.452
40.5468
40.4865
40.4625
40.4795
40.5535
40.5142
40.5053
40.4586
40.4336
40.4589
40.5546
40.5306
40.4677
40.5222
40.4813
40.485
40.4624
40.531
40.4554
40.5108
40.4209
40.4539
40.4879
40.4793
40.5444
40.455
40.4685
40.4847
40.4811
40.4831
40.5445
40.491
40.4851
40.445
40.4912
40.4987
40.4476
40.4727
40.4877
40.528
40.4579
40.4424
40.4581
40.467
40.4346
40.5369
40.4947
40.419
40.3745
40.4278
40.5067
40.5196
40.3838
40.4512
40.4425
40.4741
40.508
40.4345
40.4292
40.4855
40.4685
40.381
40.4875
40.4405
40.4957
40.4907
40.4951
40.463
40.5068
40.4702
40.4016
40.4342
40.4454
40.4202
40.4147
40.4386
40.5011
40.4842
40.4403
40.4083
40.5161
40.486
40.4869
40.4821
40.4557
40.4505
40.4858
40.4024
40.4675
40.4436
40.4793
40.5697
40.526
40.4789
40.464
40.4501
40.4351
40.4351
40.4346
40.4457
40.4572
40.5051
40.5068
40.4051
40.4657
40.4984
40.4827
40.3829
40.4305
40.4942
40.4039
40.4619
40.4811
40.513
40.4831
40.5029
40.4712
40.4465
40.4255
40.4149
40.451
40.4901
40.4723
40.5438
40.4885
40.453
40.4178
40.5188
40.468
40.389
40.4682
40.4879
40.471
40.4731
40.4683
40.4476
40.4478
40.5012
40.457
40.4721
40.4824
40.4446
40.4959
40.4659
40.4182
40.5326
40.4688
40.4454
40.5023
40.4582
40.4566
40.4795
40.473
40.417
40.5126
40.4259
40.5287
40.4634
40.4749
40.4598
40.4707
40.4793
40.4628
40.5187
40.4985
40.4321
40.4621
40.5243
40.497
40.4852
40.4361
40.3914
40.5151
40.5119
40.4563
40.5088
40.5103
40.4775
40.432
40.4376
40.4595
40.4346
40.4561
40.4737
40.4239
40.4656
40.4537
40.5181
40.4387
40.4955
40.4344
40.5037
40.4929
40.4432
40.4296
40.4769
40.4144
40.472
40.4429
40.4994
40.4672
40.4396
40.4728
40.4821
40.4497
40.4669
40.4535
40.4111
40.4443
40.4515
40.3975
40.4759
40.4951
40.5095
40.4179
40.4511
40.491
40.4475
40.4608
40.4049
40.4769
40.4454
40.4796
40.4807
40.4943
40.4126
40.474
40.4174
40.4873
40.4897
40.4918
40.4632
40.4374
40.5012
40.5432
40.4758
40.3893
40.4818
40.418
40.4788
40.4658
40.465
40.4642
40.5172
40.471
40.4821
40.4651
40.387
40.4482
40.466
40.4627
40.4184
40.4249
40.4445
40.4421
40.4338
40.4412
40.4312
40.4371
40.4219
40.4516
40.4931
40.4507
40.4823
40.4683
40.5094
40.4827
40.4595
40.4836
40.5039
40.4875
40.4862
40.4407
40.4624
40.4865
40.5769
40.4319
40.4637
40.4355
40.5441
40.4424
40.4931
40.4954
40.463
40.4812
40.47
40.5148
40.4702
40.433
40.3858
40.4303
40.3942
40.4558
40.4613
40.4627
40.5409
40.5108
40.4682
40.5198
40.4807
40.4863
40.5101
40.4765
40.4006
40.4666
40.4443
40.4117
40.4153
40.474
40.4863
40.4457
40.4564
40.4274
40.4544
40.4326
40.4384
40.4284
40.4079
40.4419
40.4395
40.3969
40.4821
40.5486
40.4671
40.4922
40.5026
40.453
40.4607
40.4671
40.3959
40.4304
40.3931
40.4704
40.4605
40.4644
40.5284
40.431
40.4904
40.5394
40.4751
40.4607
40.453
40.4402
40.5046
40.4454
40.4317
40.4627
40.3994
40.4552
40.4925
40.4485
40.4195
40.4549
40.4193
40.4612
40.4568
40.467
40.4423
40.4534
40.504
40.4777
40.4231
40.5029
40.4021
40.442
40.5125
40.4761
40.4358
40.4322
40.4228
40.4509
40.5029
40.3971
40.4794
40.4458
40.4474
40.4563
40.4833
40.449
40.4462
40.4541
40.4626
40.5032
40.4494
40.5022
40.5068
40.4094
40.56
40.4539
40.4787
40.4651
40.4506
40.4299
40.4033
40.4377
40.4921
40.4933
40.4763
40.4664
40.4789
40.4904
40.4939
40.4892
40.4459
40.4892
40.4183
40.4936
40.4288
40.4232
40.3932
40.4384
40.4188
40.5245
40.431
40.4803
40.469
40.4683
40.4469
40.4314
40.4992
40.5032
40.4766
40.3975
40.4381
40.5007
40.4901
40.4537
40.4634
40.4787
40.429
40.4831
40.4645
40.433
40.4885
40.4435
40.618
40.4151
40.4262
40.5199
40.4451
40.4705
40.4821
40.4558
40.3961
40.5336
40.5148
40.4584
40.4656
40.3896
40.4699
40.4783
40.4429
40.4413
40.4086
40.5013
40.4933
40.4736
40.4924
40.4932
40.4418
40.4939
40.4698
40.4954
40.5141
40.4553
40.3846
40.4628
40.4343
40.4917
40.4682
40.3771
40.4029
40.4888
40.4878
40.4553
40.4718
40.4473
40.507
40.4447
40.4368
40.4548
40.388
40.4283
40.459
40.4354
40.4388
40.4485
40.4558
40.3975
40.4157
40.4746
40.459
40.4476
40.4497
40.4139
40.4658
40.4814
40.4954
40.4946
40.4648
40.4524
40.4653
40.4326
40.4941
40.4645
40.463
40.4662
40.3991
40.4152
40.5357
40.4444
40.4372
40.4534
40.4876
40.4973
40.4928
40.4353
40.4959
40.5129
40.4655
40.4357
40.4954
40.5251
40.4469
40.4445
40.4349
40.4933
40.4774
40.4995
40.49
40.5148
40.4873
40.4651
40.4631
40.4743
40.4556
40.4514
40.4733
40.4391
40.4175
40.4752
40.462
40.5026
40.5149
40.4991
40.4512
40.4539
40.462
40.4884
40.3902
40.445
40.4181
40.4557
40.3989
40.5301
40.4601
40.4495
40.4941
40.4294
40.4236
40.4701
40.453
40.4518
40.4931
40.5018
40.5076
40.5352
40.4713
40.4484
40.4647
40.4135
40.4303
40.4706
40.4626
40.4827
40.4065
40.4899
40.4959
40.4899
40.4772
40.4372
40.4672
40.3463
40.4806
40.451
40.4093
40.4412
40.426
40.4855
40.4713
40.4131
40.4189
40.4776
40.4125
40.4635
40.3955
40.4536
40.4485
40.4008
40.4199
40.4414
40.4759
40.4912
40.4339
40.4844
40.471
40.5005
40.5476
40.5047
40.4596
40.4808
40.4781
40.4615
40.438
40.4078
40.4156
40.5202
40.4357
40.435
40.3996
40.4885
40.4789
40.5126
40.5175
40.4416
40.4341
40.3973
40.5297
40.4544
40.4034
40.4688
40.4559
40.4746
40.4807
40.5145
40.4633
40.5134
40.5165
40.4396
40.3913
40.4131
40.3829
40.4545
40.4299
40.4205
40.443
40.4596
40.5173
40.4796
40.4872
40.474
40.4896
40.4305
40.4623
40.4096
40.452
40.449
40.4143
40.4221
40.4461
40.4923
40.4579
40.4598
40.4883
40.4797
40.4388
40.4686
40.4588
40.4316
40.4622
40.4863
40.4457
40.449
40.4566
40.4593
40.4867
40.4514
40.479
40.5041
40.4788
40.5167
40.4468
40.4978
40.4416
40.4574
40.5127
40.4622
40.4311
40.4781
40.4999
40.4697
40.4171
40.4973
40.4274
40.4632
40.4551
40.4576
40.4335
40.4423
40.4189
40.4286
40.4798
40.5462
40.383
40.4717
40.4109
40.4838
40.4941
40.4547
40.4248
40.4288
40.4478
40.4569
40.4749
40.415
40.4653
40.4883
40.416
40.4636
40.4378
40.434
40.4649
40.4564
40.4506
40.4991
40.4189
40.4349
40.4807
40.4429
40.4806
40.4969
40.5197
40.5023
40.4719
40.4353
40.4969
40.4493
40.5033
40.418
40.4997
40.4867
40.428
40.4836
40.4855
40.4793
40.5516
40.4524
40.4701
40.5296
40.4478
40.4557
40.4703
40.4582
40.4269
40.4304
40.4609
40.4626
40.4816
40.4209
40.4669
40.4525
40.497
40.446
40.4149
40.4056
40.4246
40.4972
40.4414
40.4633
40.5062
40.5184
40.4576
40.4201
40.4692
40.4283
40.4876
40.4328
40.4138
40.4556
40.5145
40.4624
40.4405
40.5178
40.466
40.4376
40.4249
40.4843
40.4084
40.485
40.436
40.4205
40.4909
40.4782
40.4958
40.4335
40.4449
40.4067
40.4605
40.424
40.4366
40.5133
40.4007
40.3936
40.4368
40.4883
40.4712
40.4221
40.5421
40.4496
40.4322
40.5241
40.4524
40.481
40.4695
40.4805
40.5125
40.4266
40.428
40.4195
40.4479
40.4596
40.4603
40.4587
40.517
40.4612
40.4492
40.4048
40.4958
40.4006
40.4066
40.3988
40.4461
40.4193
40.4608
40.5147
40.4742
40.406
40.5002
40.4561
40.4443
40.467
40.4054
40.4918
40.4333
40.4817
40.489
40.4251
40.4774
40.4775
40.4295
40.4797
40.4899
40.4279
40.4429
40.4156
40.4592
40.4829
40.4677
40.4292
40.4245
40.4122
40.4
40.4909
40.435
40.4701
40.4585
40.4794
40.395
40.5451
40.4795
40.5374
40.4152
40.4214
40.4303
40.5134
40.4855
40.4603
40.4625
40.427
40.5028
40.3975
40.4648
40.4253
40.412
40.4137
40.4141
40.4674
40.4689
40.4659
40.4663
40.4837
40.4147
40.4169
40.42
40.4627
40.4282
40.4853
40.4965
40.4862
40.4235
40.4562
40.4997
40.4962
40.4406
40.4843
40.4739
40.4686
40.4057
40.4389
40.4204
40.4337
40.4055
40.4703
40.4642
40.4661
40.4457
40.4795
40.4352
40.4206
40.5345
40.5405
40.4816
40.4562
40.4451
40.3983
40.434
40.4043
40.5064
40.4663
40.4508
40.4001
40.3625
40.4644
40.4714
40.433
40.483
40.4554
40.5422
40.416
40.4255
40.4567
40.4365
40.4575
40.4268
40.4638
40.4494
40.4318
40.4718
40.4297
40.4706
40.4818
40.5165
40.4491
40.4596
40.4609
40.469
40.4658
40.445
40.3859
40.4206
40.4133
40.4327
40.4335
40.5033
40.4426
40.513
40.452
40.4413
40.5027
40.4137
40.485
40.437
40.501
40.4297
40.4182
40.447
40.4727
40.4074
40.4682
40.472
40.4314
40.4454
40.4335
40.4701
40.4451
40.4242
40.4444
40.4549
40.514
40.466
40.4704
40.4602
40.4611
40.466
40.4227
40.4973
40.444
40.4428
40.5284
40.45
40.4986
40.433
40.4128
40.4271
40.4602
40.4503
40.4996
40.5231
40.4663
40.4444
40.3993
40.4157
40.47
40.4018
40.4863
40.4296
40.4625
40.4163
40.4318
40.4477
40.4406
40.4443
40.4492
40.4786
40.4939
40.4678
40.4244
40.4204
40.5018
40.4765
40.4339
40.4351
40.4808
40.4668
40.4287
40.4395
40.4207
40.4402
40.418
40.436
40.379
40.4992
40.4452
40.4183
40.4697
40.4759
40.4164
40.4246
40.4471
40.4246
40.4596
40.5098
40.5004
40.451
40.4372
40.4403
40.4608
40.4998
40.4194
40.4279
40.4744
40.4696
40.4272
40.5269
40.4503
40.4658
40.452
40.4408
40.4192
40.4019
40.4428
40.4726
40.4597
40.4471
40.3723
40.4725
40.4375
40.3983
40.4456
40.5019
40.4983
40.4503
40.5288
40.4598
40.4438
40.4548
40.4532
40.4117
40.4466
40.3719
40.432
40.4343
40.4619
40.4515
40.4913
40.5083
40.4242
40.4434
40.4278
40.4707
40.5192
40.4031
40.4084
40.4141
40.3734
40.4335
40.4318
40.4158
40.4763
40.4759
40.5099
40.4711
40.4555
40.4781
40.3961
40.465
40.4015
40.4088
40.4367
40.4343
40.4149
40.397
40.4203
40.4755
40.4138
40.4737
40.4135
40.4188
40.4837
40.4809
40.4051
40.4739
40.507
40.4719
40.4879
40.4642
40.5033
40.4832
40.4491
40.4403
40.4503
40.4298
40.4547
40.4284
40.4594
40.4455
40.3978
40.4073
40.4292
40.4546
40.4188
40.4142
40.4194
40.4663
40.4359
40.4326
40.46
40.5809
40.4394
40.431
40.3959
40.4551
40.4719
40.4565
40.4026
40.4625
40.4067
40.465
40.4802
40.4699
40.4622
40.4128
40.3946
40.4619
40.3888
40.4269
40.3525
40.447
40.5332
40.4945
40.435
40.4357
40.4712
40.4071
40.4167
40.4248
40.4617
40.5056
40.4408
40.4238
40.3876
40.4726
40.4686
40.4614
40.3563
40.4296
40.459
40.4074
40.418
40.4467
40.4527
40.4307
40.4528
40.466
40.4882
40.3838
40.4758
40.4636
40.4764
40.4923
40.4731
40.5266
40.4354
40.4679
40.5
40.3905
40.4515
40.4385
40.4895
40.4574
40.4217
40.5156
40.4506
40.4477
40.4746
40.4524
40.4729
40.4401
40.4109
40.4835
40.4802
40.474
40.4399
40.4297
40.3923
40.402
40.4345
40.466
40.415
40.4133
40.4857
40.4525
40.4188
40.4941
40.3973
40.4781
40.4636
40.3796
40.4574
40.3828
40.5157
40.4253
40.3986
40.4435
40.4343
40.4867
40.4496
40.4531
40.4526
40.4512
40.4369
40.5073
40.4718
40.3633
40.5301
40.4932
40.538
40.3936
40.423
40.5209
40.4501
40.4954
40.4459
40.4671
40.5634
40.4707
40.4782
40.4757
40.4887
40.452
40.4568
40.4023
40.4249
40.4228
40.4588
40.4838
40.4576
40.3906
40.473
40.4149
40.4836
40.4284
40.4812
40.4182
40.4467
40.418
40.4494
40.4198
40.4255
40.4088
40.4698
40.4613
40.4905
40.4683
40.516
40.4327
40.4751
40.4878
40.4399
40.3934
40.4638
40.5543
40.4248
40.4377
40.4482
40.4218
40.4387
40.4427
40.4359
40.4987
40.3952
40.4454
40.4763
40.4816
40.467
40.4275
40.4276
40.4419
40.4751
40.4576
40.4302
40.3991
40.391
40.4744
40.4483
40.4387
40.4179
40.447
40.4754
40.4423
40.4676
40.506
40.4749
40.4473
40.4579
40.42
40.4404
40.4131
40.445
40.4181
40.4501
40.4551
40.4065
40.4249
40.4468
40.4375
40.4637
40.4046
40.446
40.4084
40.4386
40.4557
40.4067
40.4147
40.4734
40.3849
40.4534
40.4783
40.5164
40.4061
40.4132
40.4611
40.4076
40.3839
40.4941
40.426
40.458
40.5045
40.4774
40.4523
40.4527
40.4624
40.4467
40.4879
40.4689
40.4268
40.4371
40.3824
40.5166
40.4157
40.4188
40.4501
40.4313
40.3877
40.3987
40.4111
40.4759
40.4443
40.4897
40.4109
40.4349
40.4563
40.421
40.4049
40.4672
40.4905
40.4243
40.4495
40.4375
40.3935
40.4366
40.4466
40.4552
40.4402
40.4399
40.4292
40.4171
40.4193
40.3795
40.4275
40.4916
40.5111
40.5113
40.4797
40.4545
40.4725
40.5021
40.4766
40.4773
40.4501
40.5069
40.5034
40.4267
40.4901
40.4395
40.5038
40.4821
40.475
40.4464
40.4808
40.4315
40.4712
40.4356
40.4486
40.4445
40.4509
40.4641
40.4478
40.4552
40.4303
40.4542
40.4226
40.4423
