-2.1879
15.2355
15.4661
16.2263
17.5422
18.7583
19.2343
19.657
19.5344
19.6261
19.6361
19.7274
19.6767
19.5674
19.3443
19.3788
19.4208
19.3689
19.3243
19.1982
19.1409
19.0295
19.0974
18.8085
18.8117
18.7912
18.8541
18.8912
18.8508
18.8161
18.7503
18.7841
18.7863
18.6781
18.6969
18.7517
18.6333
18.6219
18.5997
18.6312
18.5433
18.4954
18.3952
18.4284
18.3287
18.2587
18.1995
18.1833
18.195
18.1356
18.0305
17.7634
17.727
17.6221
17.5517
17.4967
17.4371
17.4166
17.3813
17.3022
17.253
17.1548
17.09
17.0468
16.9803
16.9169
16.8148
16.8044
16.7355
16.6621
16.6222
16.5797
16.5166
16.4944
16.4331
16.4165
16.3843
16.3344
16.2848
16.2431
16.2274
16.2008
16.1862
16.1439
16.1091
16.0764
16.0779
16.0305
16.0013
15.9895
15.982
15.9504
15.9379
15.9314
15.8947
15.8734
15.8474
15.8495
15.8474
15.8042
15.8259
15.8073
15.775
15.7779
15.7663
15.7615
15.7381
15.7257
15.7229
15.7097
15.6985
15.6976
15.6651
15.6579
15.6703
15.6532
15.6235
15.6482
15.6326
15.6168
15.6363
15.6467
15.6201
15.6492
15.6562
15.6545
15.6318
15.6319
15.6635
15.6726
15.669
15.675
15.6929
15.6946
15.7006
15.7325
15.7073
15.7141
15.7467
15.7314
15.7741
15.7663
15.7929
15.8005
15.7961
15.8208
15.8453
15.8502
15.8898
15.9049
15.9223
15.9476
15.9605
15.976
15.9741
16.0093
16.0152
16.0376
16.0606
16.0756
16.1177
16.128
16.1623
16.1881
16.2263
16.2473
16.2861
16.3023
16.2967
16.3303
16.3475
16.3776
16.4221
16.4357
16.456
16.5023
16.5264
16.6015
16.6273
16.649
16.6772
16.7065
16.7501
16.7603
16.8018
16.8447
16.8643
16.8654
16.873
16.9291
16.9881
17.0285
17.0545
17.0953
17.1349
17.1576
17.1751
17.2407
17.2806
17.3385
17.359
17.4302
17.5061
17.4926
17.5173
17.5288
17.5688
17.6171
17.6641
17.7346
17.7801
17.8133
17.837
17.911
17.9294
17.9294
17.9982
18.0496
18.073
18.1503
18.1873
18.2514
18.2927
18.3358
18.3379
18.423
18.4666
18.5491
18.6064
18.6487
18.6742
18.7528
18.7896
18.8292
18.8797
18.9246
19.0259
19.0473
19.1243
19.1103
19.1331
19.1893
19.2612
19.3198
19.3718
19.4132
19.4692
19.5553
19.6033
19.6101
19.677
19.7416
19.8053
19.8399
19.8873
19.9369
19.9549
19.9889
20.0804
20.1339
20.1692
20.2138
20.2767
20.3964
20.4255
20.46
20.5493
20.5738
20.6608
20.7343
20.789
20.8353
20.8445
20.9695
21.0205
21.0438
21.1096
21.1562
21.2353
21.2535
21.3027
21.368
21.4643
21.5425
21.6022
21.6448
21.7243
21.7623
21.8185
21.9221
21.9671
22.0544
22.0715
22.1089
22.1832
22.24
22.2555
22.3145
22.4078
22.5094
22.5938
22.6319
22.6829
22.7071
22.7525
22.8212
22.9178
22.9502
22.9978
23.077
23.1812
23.2255
23.258
23.3352
23.3986
23.4371
23.5442
23.5769
23.6096
23.7159
23.7677
23.8809
23.9334
24.0395
24.0495
24.0645
23.8691
23.9644
24.0261
24.1387
24.1812
24.2408
24.3325
24.4126
24.5259
24.5801
24.6293
24.6716
24.7333
24.8441
24.8951
24.872
24.9437
25.0565
25.1059
25.2321
25.3147
25.2943
25.3741
25.3689
25.4704
25.5529
25.651
25.714
25.8048
25.8499
25.9043
25.9852
26.0668
26.0973
26.1573
26.2431
26.2562
26.3416
26.3897
26.4313
26.5269
26.5425
26.6039
26.7059
26.702
26.7919
26.848
26.9711
27.036
27.0671
27.1455
27.1514
27.2497
27.274
27.3662
27.4386
27.4877
27.5262
27.5619
27.6218
27.6822
27.7476
27.8629
27.932
28.0407
28.1078
28.1452
28.2088
28.2237
28.2803
28.3402
28.404
28.4672
28.4738
28.5763
28.6192
28.6759
28.7043
28.8205
28.847
28.8657
28.9742
28.9724
29.0645
29.085
29.1617
29.2439
29.2989
29.381
29.4395
29.4963
29.5616
29.62
29.6723
29.7178
29.7594
29.7917
29.8916
29.9889
30.024
30.0501
30.1344
30.2206
30.2308
30.3676
30.4028
30.3993
30.4628
30.489
30.6187
30.6118
30.6658
30.76
30.797
30.8437
30.8496
30.8878
30.9792
31.0601
31.1534
31.189
31.2071
31.269
31.3492
31.4022
31.4325
31.4857
31.4982
31.4839
31.538
31.61
31.6902
31.7493
31.8207
31.8859
31.9544
31.9812
32.0432
32.0952
32.1475
32.2206
32.3029
32.3162
32.3301
32.373
32.3852
32.4653
32.55
32.5363
32.6236
32.6454
32.6574
32.7178
32.7925
32.8861
32.9117
32.975
33.012
33.0521
33.0315
33.1212
33.125
33.213
33.2627
33.3431
33.3677
33.3635
33.3848
33.4234
33.4634
33.5582
33.6323
33.6084
33.6298
33.6851
33.8326
33.8663
33.8762
33.8309
33.8674
33.973
34.0639
34.1058
34.1391
34.1214
34.1891
34.2494
34.3449
34.3674
34.4241
34.4307
34.4089
34.4897
34.5051
34.5761
34.602
34.6276
34.7001
34.654
34.7065
34.728
34.7355
34.7749
34.7699
34.8378
34.9364
34.9548
34.9127
34.916
34.9609
35.0648
35.132
35.0971
35.1562
35.2364
35.2207
35.2674
35.3168
35.3456
35.3411
35.3741
35.4357
35.4706
35.52
35.5153
35.5522
35.6123
35.6765
35.6458
35.6698
35.6588
35.7424
35.779
35.8235
35.8209
35.8299
35.8153
35.8239
35.8457
35.8944
35.9599
35.9289
35.9824
36.0664
36.0765
36.0466
36.0844
36.1736
36.1719
36.2287
36.1653
36.1689
36.2542
36.2927
36.3605
36.3999
36.3513
36.3651
36.3357
36.3999
36.3933
36.4806
36.5021
36.514
36.5409
36.5434
36.6108
36.6797
36.661
36.6502
36.6652
36.7016
36.7008
36.728
36.7752
36.7557
36.7762
36.7722
36.7516
36.7511
36.7988
36.7921
36.8487
36.895
36.9121
36.9335
36.9492
36.9542
36.9982
37.0138
37.0269
37.021
37.048
37.0727
37.1155
37.1479
37.152
37.1324
37.1815
37.2475
37.2175
37.2471
37.243
37.2414
37.2861
37.2099
37.2476
37.2694
37.262
37.3135
37.2981
37.3856
37.3362
37.3929
37.4115
37.449
37.5034
37.4685
37.4713
37.4499
37.524
37.5162
37.5368
37.5045
37.5084
37.5142
37.5113
37.503
37.5203
37.5356
37.5536
37.5288
37.6162
37.571
37.5934
37.6276
37.6675
37.6129
37.6838
37.6436
37.6439
37.6593
37.7556
37.791
37.7024
37.6731
37.716
37.7957
37.7941
37.8108
37.8387
37.8926
37.8492
37.8173
37.8364
37.831
37.8236
37.8589
37.9066
37.8229
37.8715
37.8565
37.8741
37.8856
37.8941
37.9017
37.8674
37.8674
37.885
37.9095
37.9169
37.9318
37.9364
37.9584
37.9366
37.937
37.9331
37.9516
37.9511
37.9095
37.899
37.9802
38.0103
38.0407
38.0905
38.061
38.057
38.0363
38.0858
38.0893
38.1216
38.1417
38.0909
38.1192
38.068
38.0779
38.0511
38.1149
38.1366
38.1294
38.0582
38.0625
38.0612
38.0999
38.0908
38.0876
38.1311
38.1197
38.1313
38.0788
38.1099
38.0795
38.1066
38.0629
38.1118
38.1299
38.1064
38.1795
38.2014
38.1975
38.1832
38.1913
38.2078
38.21
38.222
38.244
38.2654
38.2336
38.1568
38.1898
38.2162
38.1943
38.2302
38.2289
38.2078
38.2395
38.1647
38.1796
38.2271
38.2402
38.1784
38.2026
38.1689
38.1897
38.1559
38.1565
38.2286
38.2409
38.225
38.2489
38.2589
38.2874
38.2991
38.2169
38.2423
38.2726
38.3167
38.2579
38.3035
38.2909
38.3454
38.2964
38.279
38.2947
38.3294
38.2839
38.2789
38.2827
38.2673
38.3262
38.2924
38.2896
38.3463
38.2862
38.3977
38.3443
38.3358
38.381
38.3131
38.2813
38.3276
38.3234
38.3205
38.2869
38.3023
38.2496
38.2787
38.2642
38.2902
38.2709
38.3192
38.361
38.3226
38.3382
38.4021
38.3604
38.364
38.3452
38.3668
38.3571
38.3665
38.3505
38.2937
38.3496
38.3157
38.3246
38.276
38.2936
38.2934
38.3388
38.2725
38.2917
38.3701
38.3577
38.3882
38.4411
38.4406
38.4135
38.3422
38.3419
38.3384
38.2998
38.2854
38.3414
38.3048
38.3123
38.2875
38.3179
38.4258
38.4055
38.4134
38.384
38.3381
38.4147
38.3642
38.3905
38.3922
38.3399
38.3992
38.4272
38.385
38.4208
38.3565
38.3246
38.3657
38.3712
38.4197
38.461
38.4762
38.4857
38.4684
38.4222
38.3994
38.4334
38.473
38.3949
38.4537
38.4137
38.3837
38.3725
38.4018
38.4626
38.4092
38.3945
38.5001
38.437
38.4208
38.4342
38.4982
38.4159
38.411
38.4054
38.3634
38.3823
38.4448
38.4162
38.4616
38.4301
38.4314
38.414
38.4273
38.4351
38.4085
38.418
38.4179
38.4519
38.3985
38.4285
38.374
38.3458
38.3147
38.391
38.4221
38.3945
38.3847
38.4066
38.3804
38.3624
38.4204
38.4585
38.4971
38.4564
38.4171
38.4183
38.4361
38.434
38.3768
38.4145
38.3949
38.4056
38.4239
38.4091
38.3868
38.411
38.4413
38.432
38.3996
38.4079
38.4281
38.4071
38.3624
38.3332
38.4839
38.4537
38.4481
38.4277
38.4097
38.361
38.4058
38.3991
38.4517
38.3913
38.3934
38.4032
38.4197
38.4158
38.4769
38.3977
38.367
38.307
38.3571
38.3272
38.3448
38.3625
38.3094
38.3256
38.3326
38.4119
38.3739
38.3916
38.4487
38.4952
38.4525
38.3813
38.4094
38.4293
38.3702
38.4065
38.431
38.4167
38.4476
38.4738
38.4382
38.3996
38.3677
38.4097
38.3782
38.3381
38.4427
38.517
38.484
38.461
38.4574
38.4513
38.4767
38.4751
38.4353
38.4224
38.4075
38.4136
38.4295
38.3823
38.359
38.3662
38.3619
38.3429
38.3191
38.3487
38.3561
38.3724
38.4071
38.3465
38.3818
38.4264
38.3902
38.3748
38.3757
38.3395
38.327
38.2833
38.3054
38.373
38.3931
38.416
38.4223
38.4573
38.4343
38.4525
38.4422
38.4095
38.4514
38.4716
38.4656
38.4342
38.4363
38.4459
38.419
38.4322
38.4136
38.3953
38.4306
38.4363
38.45
38.3905
38.3096
38.3696
38.3271
38.3567
38.3845
38.3345
38.4145
38.4549
38.4328
38.4282
38.4152
38.3952
38.3869
38.3956
38.3289
38.3509
38.3651
38.4298
38.412
38.4168
38.3824
38.4328
38.4126
38.3543
38.3923
38.4197
38.4474
38.4425
38.406
38.467
38.4248
38.448
38.3654
38.3946
38.4819
38.4371
38.428
38.3956
38.3582
38.3205
38.3542
38.3714
38.3308
38.325
38.344
38.3807
38.4142
38.3735
38.3794
38.4019
38.3812
38.4224
38.3406
38.4412
38.3879
38.4082
38.4243
38.4769
38.4539
38.4306
38.453
38.457
38.4602
38.3848
38.3595
38.3956
38.4098
38.4224
38.4011
38.4139
38.4366
38.4293
38.445
38.4268
38.3891
38.4124
38.4441
38.4754
38.4605
38.4358
38.4285
38.3914
38.48
38.4338
38.4413
38.4262
38.4716
38.4829
38.4497
38.4093
38.3917
38.3864
38.3841
38.3675
38.4038
38.3932
38.3956
38.4176
38.4696
38.4187
38.3966
38.4025
38.4037
38.3702
38.4118
38.4203
38.4042
38.3637
38.3305
38.35
38.4385
38.4925
38.4372
38.4309
38.4075
38.4111
38.3985
38.4038
38.4618
38.5055
38.4986
38.5081
38.464
38.404
38.3621
38.4173
38.4018
38.3458
38.349
38.3911
38.3725
38.327
38.3586
38.3664
38.382
38.3766
38.4027
38.3999
38.3547
38.3517
38.3574
38.3833
38.4179
38.4172
38.4007
38.4135
38.3906
38.4232
38.417
38.412
38.4169
38.4044
38.4362
38.3914
38.4672
38.4186
38.4236
38.4436
38.4377
38.4223
38.4411
38.4511
38.4012
38.3802
38.3584
38.3378
38.355
38.3824
38.3371
38.3604
38.3735
38.3295
38.3767
38.4048
38.3854
38.3327
38.3266
38.377
38.412
38.4034
38.3932
38.323
38.3417
38.3371
38.3962
38.398
38.4047
38.3984
38.4067
38.4454
38.4233
38.3845
38.3899
38.3916
38.3975
38.3632
38.3866
38.3921
38.4307
38.4501
38.4172
38.4321
38.3999
38.4064
38.4471
38.3998
38.5103
38.4047
38.3811
38.4015
38.3645
38.318
38.3365
38.3522
38.3615
38.3727
38.3768
38.3606
38.4439
38.4764
38.4196
38.4453
38.4188
38.4602
38.4408
38.3521
38.4025
38.3778
38.3849
38.4189
38.3846
38.4009
38.4279
38.4761
38.4376
38.4007
38.364
38.4023
38.3625
38.3789
38.3884
38.405
38.4395
38.4135
38.3339
38.4146
38.4598
38.4384
38.4124
38.3645
38.3407
38.3408
38.3201
38.3778
38.4017
38.4538
38.4596
38.4488
38.4424
38.4715
38.3872
38.3928
38.3642
38.3888
38.3731
38.3478
38.4225
38.4212
38.415
38.4366
38.4112
38.4327
38.4073
38.3852
38.3732
38.3487
38.3372
38.3361
38.3881
38.4127
38.3988
38.3975
38.4084
38.3962
38.4665
38.4769
38.4559
38.4576
38.4059
38.3816
38.4002
38.306
38.3616
38.3565
38.3864
38.3924
38.3643
38.3659
38.3626
38.3503
38.3255
38.3767
38.3652
38.3996
38.3891
38.3849
38.3369
38.3887
38.3835
38.3787
38.4149
38.3815
38.3872
38.3303
38.3208
38.3585
38.3821
38.3895
38.3479
38.4288
38.3919
38.4486
38.4157
38.4114
38.3944
38.4218
38.4474
38.4376
38.4674
38.439
38.4159
38.3919
38.3878
38.3908
38.3975
38.4117
38.3918
38.4443
38.446
38.4706
38.4085
38.4035
38.3677
38.4037
38.4165
38.4332
38.4536
38.4455
38.4203
38.3961
38.3355
38.3921
38.3264
38.3738
38.5089
38.5136
38.3975
38.4767
38.4542
38.4479
38.4978
38.4848
38.4909
38.4207
38.458
38.4374
38.4294
38.3743
38.3983
38.3351
38.4059
38.3728
38.4255
38.4201
38.4007
38.3566
38.3017
38.332
38.3408
38.3238
38.3274
38.3516
38.3216
38.302
38.3687
38.3054
38.3326
38.2642
38.3024
38.314
38.3957
38.3427
38.3288
38.3645
38.3861
38.4362
38.4502
38.4027
38.3985
38.4058
38.378
38.3914
38.3916
38.4627
38.3937
38.375
38.377
38.3255
38.3663
38.3633
38.3212
38.3506
38.3819
38.375
38.3719
38.4491
38.3894
38.409
38.3964
38.4267
38.4888
38.4368
38.425
38.3662
38.4063
38.4241
38.4393
38.4254
38.3911
38.4282
38.3972
38.3708
38.3656
38.4525
38.4118
38.3608
38.3618
38.3928
38.4388
38.4416
38.3667
38.4101
38.3934
38.3581
38.3712
38.3404
38.3509
38.3566
38.3408
38.3427
38.3451
38.345
38.3233
38.2714
38.2603
38.3047
38.3784
38.3211
38.364
38.3952
38.3916
38.3704
38.3775
38.4391
38.4676
38.4523
38.5362
38.4376
38.424
38.4192
38.4318
38.4311
38.422
38.4051
38.3568
38.3237
38.2898
38.2791
38.3383
38.3232
38.3369
38.3712
38.3572
38.3189
38.3726
38.3499
38.351
38.3611
38.3293
38.3773
38.4004
38.416
38.4066
38.3629
38.3894
38.3939
38.3973
38.4381
38.4159
38.382
38.3638
38.3603
38.4118
38.3743
38.3695
38.2931
38.3364
38.3189
38.3311
38.3654
38.3822
38.4215
38.4117
38.3986
38.3629
38.3808
38.3626
38.413
38.3982
38.3651
38.3641
38.3616
38.3664
38.3604
38.3496
38.3328
38.3388
38.3566
38.3754
38.4078
38.4187
38.4357
38.4711
38.4298
38.4525
38.4615
38.4595
38.4405
38.4431
38.4527
38.4018
38.4171
38.3838
38.3672
38.3834
38.3581
38.3451
38.334
38.3634
38.3788
38.3948
38.3219
38.2844
38.391
38.4426
38.3569
38.3641
38.3323
38.3426
38.3604
38.3519
38.3693
38.3936
38.3605
38.3424
38.3296
38.2853
38.3265
38.3849
38.3621
38.3833
38.4339
38.3695
38.4012
38.2883
38.3077
38.38
38.4472
38.4464
38.3747
38.3613
38.3483
38.3559
38.3763
38.3758
38.3286
38.333
38.3664
38.3869
38.4744
38.5057
38.4312
38.423
38.4216
38.4198
38.5046
38.4554
38.3592
38.4661
38.4543
38.4097
38.3954
38.4164
38.4243
38.419
38.4282
38.4113
38.4023
38.3512
38.3692
38.372
38.3793
38.4049
38.3673
38.3449
38.3086
38.2925
38.3577
38.3382
38.3526
38.3883
38.3826
38.3429
38.3597
38.3651
38.3211
38.3813
38.4127
38.3485
38.3375
38.3727
38.3742
38.4011
38.3419
38.3214
38.2673
38.3473
38.351
38.3516
38.3237
38.3432
38.3889
38.3766
38.3626
38.368
38.3099
38.3146
38.3498
38.3694
38.3307
38.3561
38.3881
38.4659
38.4711
38.4554
38.4752
38.3966
38.3835
38.4345
38.4568
38.4074
38.4315
38.4075
38.3875
38.334
38.3952
38.3544
38.3678
38.3278
38.3196
38.3166
38.3067
38.2968
38.2679
38.3235
38.4048
38.3963
38.3831
38.4495
38.4476
38.43
38.4607
38.4022
38.3677
38.3629
38.3641
38.358
38.3678
38.3754
38.3556
38.386
38.3722
38.396
38.3585
38.3713
38.3919
38.3463
38.366
38.3181
38.348
38.382
38.3309
38.3408
38.3537
38.4166
38.3987
38.421
38.3748
38.3809
38.4004
38.4385
38.4586
38.4359
38.4084
38.3946
38.3537
38.3653
38.3702
38.3572
38.4128
38.3857
38.4062
38.4511
38.3926
38.3935
38.3857
38.352
38.3797
38.3289
38.2852
38.2959
38.3047
38.3031
38.4069
38.3589
38.3404
38.3743
38.4319
38.4269
38.4425
38.4009
38.3916
38.3686
38.3926
38.3509
38.323
38.3478
38.4312
38.4182
38.4014
38.3895
38.3491
38.3626
38.344
38.3878
38.3672
38.3436
38.2944
38.3284
38.3216
38.3218
38.2749
38.2714
38.2876
38.3789
38.3934
38.3898
38.4636
38.4508
38.3875
38.37
38.3702
38.3469
38.3493
38.3576
38.3727
38.3351
38.3327
38.3001
38.3697
38.3246
38.3164
38.3405
38.3096
38.2977
38.3556
38.4059
38.4231
38.4345
38.4318
38.3851
38.4294
38.427
38.4467
38.3658
38.3954
38.3715
38.3596
38.4189
38.4135
38.4579
38.3893
38.4084
38.4213
38.3868
38.3763
38.3526
38.3657
38.3118
38.3734
38.3606
38.3381
38.3563
38.4094
38.4061
38.4136
38.3638
38.4026
38.3672
38.407
38.4579
38.4629
38.461
38.4276
38.4119
38.4174
38.4114
38.3758
38.3823
38.3975
38.3959
38.3977
38.3606
38.3062
38.3375
38.3205
38.3233
38.3289
38.3084
38.315
38.3288
38.4013
38.3886
38.3573
38.3592
38.3692
38.3819
38.4046
38.4014
38.3738
38.3864
38.4098
38.3763
38.3575
38.3667
38.3912
38.4281
38.3832
38.3889
38.4365
38.4144
38.3686
38.3887
38.4226
38.4297
38.3789
38.3728
38.3559
38.3237
38.3092
38.3432
38.325
38.3981
38.4415
38.3499
38.3693
38.3577
38.3716
38.3297
38.3493
38.3773
38.4208
38.4372
38.4007
38.3851
38.3107
38.3156
38.3249
38.3314
38.3215
38.3188
38.3448
38.3114
38.3698
38.3775
38.4338
38.4333
38.413
38.3404
38.3552
38.3858
38.4007
38.3799
38.3672
38.3561
38.3707
38.3812
38.4073
38.3647
38.4248
38.4242
38.1987
38.1133
38.2216
38.2975
38.3338
38.3492
38.3009
38.3323
38.3756
38.4315
38.4807
38.4614
38.4169
38.4514
38.4688
38.4176
38.4368
38.4314
38.4624
38.434
38.4474
38.4881
38.5519
38.548
38.5923
38.6374
38.5599
38.5973
38.4921
38.4928
38.4918
38.5727
38.5445
38.4987
38.5009
38.5477
38.5752
38.5515
38.6007
38.584
38.643
38.6379
38.603
38.6057
38.6193
38.677
38.621
38.5691
38.6081
38.6137
38.5856
38.6266
38.5809
38.5894
38.6136
38.5323
38.319
38.5032
38.5831
38.5813
38.6841
38.7647
38.791
38.7673
38.7884
38.7089
38.6918
38.7719
38.8512
38.8255
38.8434
38.819
38.8059
38.8317
38.8678
38.8556
38.9325
38.8721
38.8448
38.8284
38.8419
38.8126
38.7737
38.8411
38.8551
38.8023
38.8699
38.9314
38.966
39.0266
39.015
39.0616
39.0329
39.0552
39.0195
38.9639
38.9333
39.0054
39.0211
38.9999
38.9431
38.9825
38.9674
39.0232
39.0061
38.9932
39.0066
39.0744
39.0518
39.0008
39.0742
39.06
39.0627
39.0704
39.0742
39.1317
39.1389
39.053
39.1169
39.1252
39.1142
39.1445
39.1556
39.1024
39.1193
39.1198
39.064
39.0329
39.0714
39.1579
39.1005
39.0641
39.0613
39.1187
39.1221
39.1228
39.0893
39.1227
39.0948
39.0699
39.0826
39.1327
39.0777
39.0523
39.0843
39.0866
39.0869
39.0899
39.0184
39.0578
39.0636
38.9847
38.9867
38.9716
39.0031
39.0037
39.0427
39.056
39.0885
38.7141
38.7744
38.9016
39.0391
39.079
39.1376
39.1995
39.1673
39.1689
39.197
39.1893
39.2062
39.1799
39.2088
39.1823
39.1725
39.1454
39.1653
39.1059
39.1258
39.1775
39.2018
39.2609
39.2335
39.2652
39.2464
39.2071
39.1889
39.1976
39.2425
39.1906
39.1905
39.2183
39.1994
39.1788
39.1432
39.1232
39.1605
39.2126
39.2324
39.2377
39.2165
39.2754
39.3016
39.3089
39.2612
39.2784
39.2771
39.2647
39.2193
39.2079
39.2227
39.1916
39.1495
39.2271
39.2612
39.313
39.3404
39.3687
39.3902
39.395
39.3433
39.3003
39.2951
39.3404
39.3153
39.3432
39.3352
39.3263
39.2612
39.1815
39.2664
39.2941
39.2891
39.2316
39.1599
39.1945
39.2594
39.318
39.3224
39.2824
39.2408
39.2249
39.1957
39.2771
39.3233
39.3271
39.2841
39.2996
39.2806
39.2739
39.2579
39.2511
39.2765
39.2804
39.3447
39.3316
39.3303
39.3069
39.3396
39.3104
39.298
39.3152
39.3094
39.3431
39.2684
39.2027
39.2429
39.2587
39.2896
39.3366
39.2978
39.311
39.2851
39.2143
39.2532
39.2573
39.2301
39.2616
39.2762
39.3206
39.3325
39.3201
39.3255
39.266
39.293
39.28
39.2598
39.2789
39.2832
39.2451
39.2571
39.311
39.2986
39.3148
39.3465
39.3297
39.2885
39.2942
39.2666
39.2963
39.3686
39.3645
39.318
39.3004
39.321
39.3124
39.2724
39.246
39.2371
39.2398
39.2828
39.3437
39.4111
39.4427
39.4499
39.407
39.342
39.3617
39.3634
39.3318
39.3181
39.3062
39.2811
39.2248
39.2695
39.3119
39.3012
39.3091
39.2266
39.254
39.266
39.2527
39.2981
39.3291
39.3235
39.3185
39.2888
39.259
39.3118
39.3073
39.3196
39.2985
39.28
39.2618
39.2616
39.2878
39.2861
39.3333
39.3503
39.3289
39.3305
39.3141
39.3566
39.2993
39.2965
39.3231
39.2997
39.3118
39.3467
39.3472
39.335
39.303
39.3167
39.361
39.2735
39.3034
39.3293
39.3918
39.323
39.3026
39.3542
39.317
39.308
39.3511
39.306
39.2785
39.2925
39.261
39.289
39.3003
39.2968
39.3382
39.3322
39.3457
39.3623
39.3072
39.2995
39.309
39.3383
39.3511
39.3125
39.3158
39.2241
39.2105
39.2694
39.2414
39.253
39.2528
39.2211
39.2726
39.2613
39.219
39.2427
39.2524
39.2379
39.2767
39.2279
39.2497
39.2423
39.2633
39.2458
39.3209
39.33
39.3037
39.2848
39.2344
39.2162
39.2223
39.2337
39.2181
39.2396
39.2046
39.2661
39.2432
39.3097
39.2615
39.2597
39.2994
39.3175
39.376
39.3784
39.3362
39.3043
39.3209
39.2893
39.2702
39.2749
39.2468
39.2447
39.2428
39.2819
39.2597
39.2988
39.2659
39.2499
39.3025
39.3279
39.2976
39.2691
39.2091
39.2481
39.2421
39.1981
39.22
39.3046
39.277
39.2394
39.3225
39.3593
39.3081
39.2595
39.3123
39.3202
39.3552
39.3144
39.2728
39.2364
39.2302
39.2618
39.2852
39.3062
39.2924
39.3027
39.3138
39.283
39.2726
39.3156
39.2824
39.2725
39.2751
39.3237
39.329
39.3453
39.3616
39.3289
39.3186
39.3525
39.3797
39.2844
39.306
39.2602
39.2551
39.2635
39.2838
39.2855
39.2776
39.2718
39.3
39.308
39.3161
39.3215
39.3071
39.2742
39.3042
39.2949
39.2605
39.3277
39.3168
39.3337
39.2989
39.2145
39.2544
39.2224
39.2251
39.2797
39.2406
39.3159
39.3131
39.2983
39.308
39.2998
39.2703
39.2656
39.2648
39.3153
39.3239
39.3254
39.3113
39.3042
39.2985
39.318
39.3062
39.274
39.2881
39.2983
39.3439
39.3048
39.2494
39.2152
39.2122
39.2964
39.2391
39.2306
39.2793
39.274
39.2968
39.3251
39.3839
39.312
39.313
39.2705
39.2801
39.2256
39.2845
39.2345
39.2315
39.2162
39.2491
39.2708
39.3314
39.3277
39.3446
39.3599
39.3246
39.2911
39.2778
39.2507
39.3198
39.3609
39.2885
39.321
39.3344
39.3066
39.3587
39.3574
39.3209
39.2159
39.2127
39.177
39.2498
39.2056
39.2088
39.2299
39.2161
39.2179
39.2532
39.2814
39.2877
39.2504
39.2799
39.2455
39.2408
39.2641
39.2286
39.1948
39.1584
39.2455
39.2129
39.2659
39.3853
39.326
39.2728
39.2627
39.3205
39.3317
39.3106
39.3642
39.4012
39.3819
39.3596
39.3231
39.3619
39.3994
39.3281
39.3046
39.3272
39.297
39.3012
39.2548
39.2465
39.2604
39.1905
39.1411
39.1922
39.2069
39.2395
39.2544
39.29
39.2934
39.288
39.2303
39.1924
39.1965
39.2099
39.3039
39.2867
39.2777
39.269
39.2852
39.2762
39.3052
39.2598
39.2585
39.2382
39.1895
39.2006
39.2033
39.2243
39.2598
39.2664
39.27
39.3272
39.3518
39.3203
39.2929
39.3288
39.3098
39.298
39.2557
39.2406
39.3295
39.2784
39.2196
39.2232
39.2425
39.2308
39.2419
39.3116
39.3117
39.3373
39.3012
39.2793
39.2556
39.2163
39.2523
39.2745
39.1975
39.2357
39.2764
39.2878
39.2173
39.2887
39.2577
39.2477
39.2098
39.1899
39.2248
39.2468
39.2676
39.2772
39.2236
39.2414
39.2718
39.2695
39.2915
39.2504
39.2358
39.2466
39.3022
39.2843
39.3154
39.3464
39.2925
39.2057
39.2805
39.3142
39.312
39.2971
39.2973
39.3022
39.276
39.2938
39.2737
39.2892
39.2647
39.2966
39.3686
39.2994
39.33
39.3053
39.3163
39.3289
39.2933
39.3139
39.337
39.301
39.2981
39.3211
39.2508
39.2903
39.2806
39.2368
39.2396
39.2148
39.2635
39.2045
39.1799
39.2379
39.2353
39.1771
39.1965
39.1978
39.1932
39.2245
39.2584
39.318
39.3195
39.3538
39.2589
39.2619
39.1843
39.2237
39.2137
39.2084
39.2898
39.3691
39.3076
39.2588
39.234
39.2271
39.215
39.3043
39.3248
39.2752
39.2658
39.3016
39.2697
39.2473
39.2431
39.2333
39.2714
39.2697
39.2279
39.1889
39.243
39.2623
39.279
39.3033
39.2865
39.1881
39.2252
39.2362
39.2786
39.2788
39.2671
39.2766
39.2728
39.3046
39.3556
39.3898
39.3588
39.3389
39.2729
39.2469
39.1638
39.1931
39.2609
39.2486
39.2718
39.2396
39.2579
39.2802
39.2758
39.3154
39.3239
39.2924
39.2379
39.2975
39.2339
39.2317
39.2359
39.2368
39.2293
39.2284
39.2555
39.2163
39.1972
39.2173
39.2411
39.2302
39.3092
39.3103
39.2897
39.3038
39.2557
39.2999
39.2614
39.3096
39.2888
39.2556
39.2086
39.2001
39.2437
39.2082
39.2575
39.3039
39.3267
39.2475
39.187
39.1955
39.2675
39.2571
39.2347
39.2582
39.2356
39.2184
39.1976
39.1894
39.2567
39.2338
39.2711
39.3032
39.2856
39.1624
39.2167
39.2382
39.2293
39.1914
39.1475
39.1619
39.1755
39.1667
39.2836
39.2593
39.3053
39.3087
39.2714
39.2689
39.2197
39.2222
39.2725
39.2947
39.2358
39.2529
39.2495
39.2569
39.2562
39.2448
39.2817
39.3126
39.3074
39.3357
39.3154
39.3466
39.343
39.3662
39.3537
39.3105
39.3132
39.2867
39.2273
39.2629
39.2872
39.2859
39.2743
39.2886
39.2836
39.2277
39.2286
39.2444
39.2654
39.2767
39.3316
39.3145
39.2673
39.28
39.2837
39.3224
39.196
39.2193
39.2293
39.271
39.2799
39.2458
39.2449
39.2224
39.2774
39.2838
39.2573
39.2969
39.2791
39.24
39.1681
39.2467
39.2701
39.2704
39.2468
39.2906
39.2971
39.3107
39.317
39.2945
39.2932
39.2764
39.2289
39.2699
39.2311
39.2804
39.2904
39.265
39.2569
39.2482
39.2305
39.2573
39.3034
39.2715
39.2506
39.1619
39.1885
39.2365
39.2179
39.2121
39.1951
39.153
39.2237
39.2161
39.2305
39.2323
39.2262
39.2315
39.2493
39.2432
39.2109
39.1519
39.1546
39.2387
39.2119
39.2168
39.2154
39.2046
39.1978
39.2641
39.2744
39.2529
39.2454
39.2032
39.1827
39.2398
39.2417
39.2475
39.287
39.3525
39.3477
39.2886
39.2459
39.2515
39.2137
39.2105
39.2432
39.2845
39.3105
39.3443
39.289
39.2742
39.3396
39.3113
39.2567
39.2942
39.2571
39.2446
39.2084
39.244
39.2354
39.2364
39.2594
39.2504
39.1711
39.1985
39.2081
39.2422
39.2423
39.1938
39.2137
39.2493
39.1667
39.1886
39.1033
39.1073
39.1396
39.15
39.2559
39.2416
39.182
39.1677
39.2583
39.2453
39.2329
39.2567
39.2648
39.2768
39.2554
39.2517
39.2209
39.29
39.2437
39.2222
39.201
39.2372
39.2662
39.2309
39.2283
39.2136
39.1783
39.1737
39.1717
39.1406
39.225
39.226
39.2407
39.2163
39.1878
39.2249
39.222
39.2266
39.2284
39.1812
39.2308
39.2541
39.3152
39.278
39.2272
39.2189
39.2357
39.2568
39.2078
39.2256
39.2418
39.2826
39.2655
39.2643
39.317
39.3474
39.2834
39.2652
39.2994
39.3326
39.3363
39.2841
39.2445
39.2307
39.154
39.1852
39.2265
39.2105
39.2234
39.2106
39.2295
39.1887
39.2156
39.1535
39.1341
39.2305
39.2614
39.2218
39.2006
39.2395
39.2277
39.192
39.224
39.2772
39.241
39.2429
39.2402
39.1795
39.1754
39.1924
39.1934
39.1996
39.2496
39.3011
39.2585
39.2409
39.2288
39.1979
39.2084
39.16
39.1744
39.1674
39.2016
39.2418
39.1454
39.2233
39.1714
39.2395
39.214
39.2598
39.2749
39.3167
39.2763
39.239
39.208
39.1699
39.1943
39.2429
39.2476
39.2164
39.2015
39.1857
39.2099
39.1802
39.1449
39.1118
39.1573
39.2355
39.1996
39.1869
39.1886
39.1803
39.2125
39.2427
39.2454
39.2868
39.2763
39.2149
39.2396
39.2922
39.2993
39.251
39.2793
39.3008
39.2767
39.3534
39.3236
39.3604
39.3718
39.3252
39.3573
39.3751
39.3184
39.2862
39.2441
39.2727
39.2383
39.2401
39.2761
39.2797
39.2559
39.1811
39.2274
39.1968
39.1963
39.1753
39.1219
39.1696
39.1712
39.2337
39.1339
39.11
39.1336
39.2001
39.2218
39.2066
39.2261
39.2227
39.1827
39.1748
39.2401
39.2993
39.3048
39.2545
39.2287
39.2383
39.2202
39.189
39.2205
39.1927
39.1671
39.1729
39.1976
39.1996
39.1746
39.1255
39.2064
39.2081
39.1601
39.1685
39.1361
39.1514
39.1721
39.1862
39.1962
39.1897
39.1612
39.229
39.2183
39.2141
39.2235
39.2685
39.2747
39.282
39.2709
39.301
39.256
39.2746
39.2884
39.261
39.318
39.2851
39.3018
39.2793
39.2886
39.2341
39.2056
39.2494
39.2036
39.2217
39.2023
39.1455
39.1647
39.1418
39.1644
39.2232
39.2162
39.174
39.1273
39.2054
39.206
39.1981
39.2864
39.3406
39.2651
39.2335
39.2079
39.2456
39.1965
39.208
39.1595
39.1624
39.1504
39.2185
39.236
39.2393
39.2031
39.2001
39.1426
39.1531
39.163
39.1575
39.1956
39.1969
39.1821
39.1765
39.1666
39.183
39.1857
39.178
39.2168
39.2618
39.2634
39.2332
39.2208
39.2016
39.2378
39.2071
39.2064
39.2032
39.2478
39.2105
39.1902
39.2209
39.3061
39.2182
39.2266
39.2054
39.1216
39.1359
39.1048
39.148
39.1451
39.193
39.2196
39.2374
39.2543
39.237
39.2158
39.1923
39.1874
39.2054
39.1463
39.2094
39.2211
39.2158
39.1724
39.2314
39.2285
39.2714
39.2765
39.2561
39.2187
39.2299
39.2118
39.2209
39.1964
39.1756
39.2163
39.2439
39.2357
39.2297
39.1868
39.199
39.1349
39.1734
39.1207
39.181
39.1343
39.1277
39.1975
39.2092
39.2067
39.1924
39.2073
39.2082
39.1883
39.1812
39.1981
39.2058
39.1774
39.214
39.1679
39.1812
39.1694
39.1761
39.2006
39.2149
39.2094
39.2129
39.2392
39.1525
39.1489
39.1769
39.1278
39.1288
39.1138
39.1939
39.187
39.2135
39.1905
39.1748
39.201
39.188
39.1622
39.167
39.1949
39.2165
39.2183
39.2073
39.209
39.199
39.2167
39.2565
39.2411
39.2656
39.277
39.2192
39.2327
39.1496
39.1899
39.2565
39.2626
39.2951
39.2393
39.2043
39.2394
39.2092
39.1823
39.1835
39.2246
39.2167
39.2114
39.1337
39.0798
39.0878
39.1109
39.1638
39.2077
39.1684
39.1163
39.1054
39.1032
39.1014
39.1294
39.1127
39.1199
39.1405
39.1674
39.1907
39.2324
39.1861
39.1634
39.1893
39.2418
39.2131
39.1137
39.1537
39.1073
39.1293
39.1653
39.16
39.188
39.1786
39.1577
39.1187
39.1343
39.1224
39.1508
39.2133
39.1906
39.1653
39.1617
39.1819
39.1965
39.1318
39.1835
39.3025
39.3064
39.3048
39.2682
39.2546
39.2821
39.2469
39.2916
39.3007
39.2647
39.2877
39.2509
39.194
39.1662
39.2101
39.2
39.2163
39.1849
39.2237
39.1954
39.1822
39.1547
39.1991
39.2309
39.2332
39.155
39.1734
39.2099
39.2093
39.1138
39.1204
39.1145
39.1077
39.0446
39.1418
39.1247
39.1345
39.1554
39.1391
39.2171
39.1942
39.1759
39.1347
39.154
39.1447
39.1758
39.2235
39.1477
39.092
39.1207
39.1666
39.1433
39.1288
39.1569
39.1511
39.1438
39.1295
39.0716
39.0798
39.0413
39.0472
39.1089
39.1402
39.1353
39.1247
39.0966
39.0959
39.1441
39.1784
39.2138
39.2346
39.1886
39.1566
39.1606
39.1991
39.1761
39.1732
39.1556
39.0889
39.0928
39.0986
39.0694
39.145
39.2168
39.2172
39.2522
39.2295
39.2337
39.2172
39.1727
39.1499
39.1642
39.1222
39.099
39.1522
39.1799
39.1739
39.1738
39.1691
39.2321
39.2323
39.2377
39.2194
39.1888
39.1619
39.1343
39.1215
39.118
39.0925
39.1192
39.1666
39.152
39.1333
39.0974
39.1407
39.163
39.13
39.1237
39.1161
39.171
39.2296
39.1936
39.1434
39.1349
39.1846
39.2526
39.2596
39.2094
39.192
39.1525
39.147
39.1529
39.1852
39.1882
39.1592
39.1489
39.0983
39.1098
39.0992
39.086
39.05
39.0914
39.1687
39.1302
39.0891
39.0895
39.1099
39.1689
39.189
39.1725
39.1566
39.1169
39.1904
39.1706
39.1142
39.1075
39.1376
39.1543
39.1507
39.1282
39.1447
39.1026
39.1191
39.121
39.0787
39.136
39.0853
39.0467
39.1031
39.1059
39.1472
39.2272
39.2158
39.1569
39.1417
39.1246
39.1506
39.1243
39.1828
39.1737
39.1868
39.197
39.2431
39.2163
39.1324
39.1071
39.152
39.1284
39.1366
39.1134
39.0703
39.1532
39.1408
39.1474
39.1844
39.1833
39.2064
39.1845
39.2231
39.0985
39.0833
39.0368
39.0482
39.0499
39.1365
39.1964
39.2271
39.1963
39.1775
39.1371
39.1168
39.0949
39.0998
39.0008
39.0524
39.0928
39.0409
39.1278
39.1316
39.116
39.1751
39.1205
39.1245
39.1071
39.1626
39.1381
39.12
39.0946
39.153
39.0953
39.0529
39.0888
39.1364
39.1785
39.1622
39.1604
39.1484
39.1587
39.1005
39.1293
39.1701
39.1482
39.1232
39.1245
39.1084
39.1314
39.1481
39.1282
39.1308
39.1352
39.127
39.068
39.0159
39.0288
39.102
39.119
39.1178
39.1103
39.1469
39.1647
39.1327
39.099
39.0427
39.0769
39.1439
39.08
39.064
39.0633
39.079
39.1035
39.1446
39.0873
39.1117
39.1337
39.1102
39.0885
39.0544
39.0626
39.0871
39.0889
39.1155
39.0898
39.0756
39.093
39.1414
39.1857
39.1743
39.167
39.1753
39.1692
39.0963
39.0996
39.1015
39.0421
39.0906
39.1336
39.1508
39.1376
39.1355
39.0906
39.1126
39.0696
39.1728
39.1706
39.2163
39.1749
39.1761
39.1586
39.1219
39.101
39.093
39.1096
39.1109
39.1097
39.0632
39.0794
39.0072
39.0869
39.1079
39.1396
39.1458
39.1289
39.0842
39.0799
39.1185
39.1349
39.1408
39.145
39.1449
39.1351
39.1438
39.0906
38.6275
38.7572
38.8807
38.9776
39.0345
39.0599
39.1071
39.1059
39.0467
39.0683
39.0413
39.0707
39.0746
39.0974
39.0952
39.0672
39.09
39.0115
38.9555
39.0348
39.0381
39.0752
39.1041
39.117
39.1428
39.1316
39.1686
39.1587
39.1402
39.177
39.1654
39.1739
39.2173
39.2146
39.2119
39.254
39.24
39.2718
39.1693
39.216
39.255
39.1913
39.2515
39.251
39.2441
39.2963
39.3056
39.3233
39.2912
39.2965
39.266
39.2614
39.2885
39.2833
39.341
39.3326
39.2996
39.3197
39.3406
39.3316
39.2259
39.2417
39.3394
39.2831
39.2597
39.2956
39.2811
39.2404
39.2683
39.2161
39.2531
39.2327
39.1946
39.1977
39.1648
39.2268
39.2479
39.2165
39.2676
39.2627
39.247
39.3522
39.3669
39.2846
39.3087
39.3016
39.2779
39.3365
39.3141
39.3791
39.3601
39.2239
39.2592
39.1946
39.2136
39.1729
39.1805
39.1588
39.1373
39.1915
39.2057
39.1902
39.1643
39.1828
39.2213
39.2434
39.1595
39.1689
39.2313
39.2855
39.2676
39.2369
39.2991
39.2947
39.2724
39.2149
39.2329
39.2581
39.2286
39.226
39.2401
39.235
39.2544
39.2383
39.1765
39.2266
39.295
39.2487
39.2275
39.1861
39.1726
39.1273
39.1173
39.1743
39.2046
39.237
39.2183
39.2417
39.2163
39.1746
39.1802
39.1984
39.2579
39.234
39.1819
39.2123
39.1871
39.1876
39.207
39.2861
39.2888
39.263
39.249
39.256
39.284
39.2892
39.2473
39.2141
39.1787
39.1657
39.1802
39.1978
39.1698
39.1585
39.1227
39.1213
39.092
39.1328
39.231
39.1868
39.1903
39.2053
39.2147
39.2319
39.2353
39.1809
39.225
39.2436
39.1745
39.2964
39.2335
39.1788
39.1665
39.2091
39.1476
39.1111
39.1615
39.1802
39.2409
39.2751
39.2216
39.2063
39.213
39.1777
39.2143
39.1535
39.1156
39.084
39.0746
39.0728
39.0259
39.0523
39.0342
39.1187
39.0711
39.0595
39.0725
39.0982
39.1327
39.1514
39.1945
39.18
39.2303
39.148
39.202
39.1788
39.2218
39.21
39.1974
39.1908
39.2084
39.1802
39.17
39.1339
39.1645
39.2414
39.201
39.1938
39.1794
39.2139
39.2315
39.207
39.1929
39.2264
39.2624
39.2753
39.2635
39.2315
39.1728
39.106
39.1054
39.1118
39.0853
39.0901
39.1281
39.1168
39.1579
39.091
39.0314
39.0728
39.1627
39.1124
39.1232
39.142
39.1307
39.2278
39.1209
39.1193
39.133
39.1642
39.1418
39.1573
39.1251
39.0971
39.0547
39.0681
39.0987
39.1269
39.1128
39.1472
39.1018
39.1234
39.1233
39.0954
39.0591
39.0642
39.015
38.9909
38.9937
39.0467
39.0601
39.1285
39.1298
39.1031
39.1392
39.1065
39.0869
39.1291
39.1011
39.1546
39.1531
39.1678
39.1486
39.1288
39.106
39.1111
39.0891
39.0673
39.1187
39.0989
39.1248
39.0998
39.1066
39.0933
39.0526
39.1114
39.0761
39.0985
39.1163
39.0907
39.1326
39.0981
39.0663
39.1179
39.0588
39.0872
39.0972
39.0009
39.0328
39.0638
39.1387
39.1268
39.0895
39.0808
39.0647
39.0704
39.0101
39.0129
39.0618
39.0708
39.0593
39.0139
38.9938
39.0456
39.0987
39.1232
39.0551
39.0529
39.0467
39.0498
38.9679
38.9956
38.9807
38.9863
38.9931
39.0376
39.0659
39.0833
39.1315
39.0796
39.0704
39.043
39.0624
39.0945
39.1369
39.1225
39.0635
38.9952
38.9713
39.0266
38.9762
38.949
38.9777
38.9548
38.9803
39.044
39.0667
39.053
39.0718
39.1025
39.0596
39.0642
39.0427
39.0736
39.0911
39.1052
39.1515
39.1366
39.0661
39.0783
39.0257
39.0158
39.0328
39.0624
39.0284
39.0021
38.9873
39.0191
38.9307
38.9253
38.9827
39.0407
39.0269
38.9874
38.989
38.9753
38.9712
39.0297
38.9484
38.9389
38.9305
38.9751
39.0307
39.0506
39.0322
39.0243
38.9352
38.9828
39.009
38.9718
38.9265
38.9131
38.901
38.9729
38.9837
38.9781
39.0172
38.9819
39.0017
38.9735
38.9937
38.9803
39.0008
38.9753
38.9712
38.9538
38.9485
38.9041
38.9226
38.9829
38.9896
39.0099
39.034
39.0029
38.9855
39.0008
38.9918
38.9843
38.9441
38.9647
38.9024
38.9281
38.9282
38.8998
38.8779
38.8972
38.9453
38.9348
38.901
38.9
38.9056
38.9487
38.9705
38.9765
38.9478
38.9624
38.9649
38.9828
38.9521
38.9497
38.9057
38.9616
38.9577
38.9047
38.8895
38.9464
38.9332
38.9063
38.9437
38.9163
38.9239
38.972
39.0097
38.9752
38.9711
38.9386
38.9544
38.9541
38.92
38.9127
38.9617
38.8612
38.8899
38.9054
38.9723
38.9691
38.9336
38.9487
38.9476
38.9251
38.9043
38.9836
38.99
39.0299
38.9485
38.9842
38.9415
38.9052
38.8926
38.8939
38.9201
38.9419
38.8766
38.8837
38.8627
38.857
38.823
38.8744
38.8678
38.8736
38.786
38.8459
38.8855
38.9178
38.9027
38.8914
38.8887
38.8911
38.8669
38.8915
38.8892
38.872
38.8895
38.7814
38.7572
38.7934
38.8004
38.8015
38.8315
38.8925
38.9034
38.9167
38.8945
38.8846
38.8661
38.8586
38.9134
38.897
38.9258
38.9158
38.9235
38.9497
38.9304
38.9867
38.9993
38.9445
38.8691
38.8814
38.8672
38.8547
38.8285
38.88
38.8832
38.8643
38.8206
38.7635
38.8354
38.7846
38.8009
38.8617
38.8747
38.8705
38.9053
38.869
38.8749
38.9107
38.8696
38.8593
38.8068
38.7657
38.8338
38.7927
38.7973
38.8087
38.8201
38.7646
38.7572
38.8096
38.8344
38.8497
38.8
38.8197
38.8275
38.8809
38.8817
38.8316
38.9009
38.8681
38.8213
38.8421
38.8468
38.8196
38.8126
38.7963
38.7765
38.8704
38.8602
38.7803
38.8358
38.8223
38.8676
38.8991
38.8717
38.8546
38.8539
38.8438
38.8031
38.8046
38.8166
38.8078
38.8534
38.7735
38.7716
38.756
38.772
38.7857
38.7907
38.7709
38.7118
38.7231
38.7157
38.6993
38.6959
38.7018
38.7238
38.7537
38.7341
38.7646
38.6989
38.7008
38.6946
38.7196
38.7444
38.7377
38.7088
38.72
38.7667
38.7466
38.8187
38.7813
38.7659
38.734
38.7388
38.7513
38.6864
38.6817
38.6957
38.7254
38.7565
38.7843
38.8411
38.8226
38.797
38.7743
38.7872
38.751
38.74
38.7842
38.7847
38.8094
38.7999
38.7825
38.7473
38.7514
38.6971
38.6804
38.6594
38.6954
38.7359
38.7282
38.6698
38.6742
38.6187
38.6138
38.6786
38.7133
38.7044
38.6902
38.6816
38.6547
38.6275
38.5583
38.6048
38.6458
38.5908
38.2553
38.4591
38.5153
38.6328
38.6545
38.6031
38.6785
38.7413
38.7521
38.5667
38.3221
38.4063
38.5468
38.6182
38.6061
38.6454
38.6766
38.6675
38.6921
38.6516
38.6122
38.6838
38.6733
38.641
38.6434
38.6785
38.7187
38.8075
38.8277
38.8656
38.8585
38.8676
38.8411
38.8808
38.9272
38.8992
38.8791
38.9432
38.9404
38.9622
38.983
38.9603
38.9495
38.8845
38.9205
38.9075
38.9043
38.9433
38.8941
38.8961
38.9149
38.9382
38.9453
38.9739
38.9504
38.962
39.0566
38.9478
38.9513
38.9417
38.9644
38.9358
38.955
38.9747
38.9177
38.9317
38.993
38.9776
38.9001
38.9148
38.9296
38.9345
38.9095
38.9192
38.9192
38.9482
38.8762
38.9159
38.8896
38.866
38.8831
38.8974
38.939
38.9648
38.9076
38.8277
38.8307
38.8568
38.8554
38.8112
38.7741
38.7578
38.8293
38.7898
38.8344
38.8597
38.881
38.8542
38.8764
38.8271
38.8354
38.7387
38.7739
38.8009
38.7457
38.7857
38.8876
38.8972
38.8852
38.8763
38.8229
38.8571
38.8832
38.8949
38.8819
38.881
38.8758
38.8922
38.8439
38.8087
38.7706
38.7826
38.8417
38.5175
38.4345
38.3875
38.3641
38.5479
38.6064
38.6929
38.7189
38.6822
38.6979
38.7334
38.8034
38.7874
38.8057
38.7982
38.7823
38.7782
38.7793
38.7735
38.8177
38.8825
38.8518
38.8983
38.914
38.8974
38.9319
38.9872
38.9876
38.971
38.9503
39.0679
39.0818
39.0948
39.0783
39.0532
39.0955
39.1629
39.2293
39.2902
39.2278
39.2574
39.2085
39.1806
39.2391
39.24
39.2384
39.2876
39.2925
39.3001
39.3242
39.3086
39.2677
39.2472
39.3167
39.3034
39.2891
39.33
39.3058
39.2987
39.1729
39.1827
39.163
39.1301
39.1293
39.055
39.0293
39.0669
39.0944
39.0507
39.0799
39.0702
39.0306
39.0761
39.0519
39.0687
39.1422
39.1661
39.1556
39.1645
39.1624
39.1743
39.1704
39.1279
39.0537
39.0661
39.0321
39.053
39.0944
39.0884
39.0763
39.0943
39.0577
39.0149
39.0206
38.9974
39.0129
38.9924
38.9905
39.01
39.0249
39.0043
39.0131
39.072
39.0504
39.0483
39.0767
39.1134
39.1283
39.1201
39.1203
39.1178
39.1016
39.1481
39.1436
39.1649
39.1452
39.1267
39.1299
39.0922
39.0169
39.0349
39.0797
39.075
39.0432
39.0304
39.0462
39.0448
39.0308
39.0266
39.0764
39.1089
39.1255
39.0488
39.0166
39.0335
39.0171
39.0769
39.031
38.9602
39.0287
38.9828
39.0725
39.0606
39.0694
39.0396
38.9687
38.9529
38.9713
38.9846
39.0088
39.0305
39.033
39.0687
39.0335
39.0105
39.031
39.0441
39.0637
39.0429
38.9823
39.0281
39.0028
39.0306
39.0457
39.0544
39.0619
39.0618
39.0218
39.0042
39.0073
39.0048
38.9781
39.0049
39.0182
39.01
38.9566
38.9631
38.9735
39.0218
39.0045
39.0094
38.9655
39.0061
39.0393
39.0284
38.9866
38.9289
38.896
38.9053
38.9377
38.9675
38.9881
38.9941
39.0378
38.9607
38.9729
38.8809
38.9241
38.9547
38.9403
38.9877
38.9705
39.0141
39.0088
38.99
38.9836
39.0292
39.0081
39.0131
39.0653
39.0467
39.0328
39.0519
39.1026
39.095
39.047
39.0874
39.0349
39.0195
39.0254
38.9499
38.921
38.9387
38.8994
38.9106
38.8815
38.808
38.8635
38.9027
38.8883
38.9264
38.9287
38.9182
38.8929
38.8722
38.8569
38.8708
38.8842
38.9274
38.8801
38.843
38.7861
38.7953
38.8204
38.821
38.8699
38.8938
38.833
38.8574
38.8824
38.9204
38.9473
38.983
38.9491
38.894
38.9063
38.9444
38.9485
38.9472
38.9486
38.9498
39.0002
38.9462
38.8977
38.8536
38.8125
38.8887
38.8502
38.9361
38.9785
38.9986
38.9713
38.9534
38.9399
38.9124
38.8713
38.9174
38.8638
38.8769
38.9088
38.849
38.8459
38.8688
38.8224
38.8265
38.8232
38.793
38.8833
38.8522
38.8936
38.8896
38.8938
38.836
38.8396
38.8051
38.8512
38.8204
38.8257
38.8531
38.8244
38.8249
38.765
38.7464
38.7515
38.8217
38.7365
38.774
38.7327
38.8543
38.8883
38.882
38.9086
38.8573
38.847
38.7894
38.8055
38.755
38.7898
38.8161
38.7882
38.7982
38.7659
38.7726
38.828
38.8642
38.8969
38.8356
38.8162
38.7537
38.7454
38.7478
38.755
38.7674
38.8058
38.8219
38.8598
38.8797
38.8144
38.8055
38.8379
38.8455
38.8641
38.8334
38.815
38.7572
38.7793
38.8157
38.8021
38.7664
38.7415
38.7496
38.8022
38.7807
38.7483
38.768
38.695
38.68
38.6926
38.7125
38.6976
38.7694
38.7575
38.7744
38.5333
38.3734
38.4785
38.5543
38.6476
38.715
38.6863
38.6196
38.6536
38.6561
38.6182
38.5876
38.5947
38.6706
38.6585
38.7412
38.7071
38.7577
38.765
38.759
38.766
38.8063
38.8431
38.8842
38.8578
38.8671
38.8116
38.8366
38.8447
38.8738
38.9193
38.9381
39.0016
38.9212
38.9424
39.0348
39.0586
39.0332
38.9981
39.0185
39.0124
38.9751
38.9667
38.9752
38.9368
38.9295
38.9635
38.9501
38.9321
38.9053
38.9
38.8983
38.8578
38.8705
38.8973
38.9289
38.9174
38.8462
38.9021
38.8751
38.8782
38.8799
38.7837
38.8718
38.9035
38.8783
38.8762
38.8971
38.9334
38.9293
38.8951
38.8853
38.8323
38.8511
38.8479
38.8491
38.8627
38.9259
38.9459
38.9535
38.959
38.9111
38.8679
38.8524
38.9051
38.9324
38.9299
38.8832
38.8684
38.8514
38.8319
38.8392
38.8355
38.8061
38.585
38.415
38.5715
38.6474
38.6982
38.7528
38.7966
38.7648
38.7658
38.7351
38.6985
38.6269
38.6268
38.6747
38.7344
38.7674
38.7308
38.7301
38.7695
38.8476
38.8014
38.8374
38.8595
38.8703
38.8839
38.9027
38.9321
38.7627
38.6357
38.7377
38.8225
38.9094
38.973
38.9574
39.0145
39.0013
38.9989
38.9587
38.9259
38.9834
38.9403
38.9551
39.0002
38.9867
39.0429
39.0424
39.1178
39.1083
39.1386
39.1082
39.183
39.1778
39.1786
39.244
39.2136
39.1948
39.1688
39.1847
39.2238
39.2762
39.2481
39.3205
39.3296
39.3446
39.292
39.261
39.3624
39.3541
39.373
39.3945
39.3783
39.3671
39.3347
39.3118
39.3062
39.3299
39.2512
39.2656
39.2802
39.2786
39.2173
39.2062
39.2224
39.2403
39.234
39.2302
39.2638
39.2739
39.2005
39.1305
39.0755
39.0938
39.1361
39.1469
39.1235
39.1841
39.1779
39.218
39.1919
39.1826
39.2093
39.1577
39.1382
39.17
39.2285
39.2357
39.2511
39.2071
39.21
39.2116
39.1954
39.2043
39.2452
39.2307
39.2053
39.2318
39.2091
39.2521
39.1875
39.1607
39.1633
39.1714
39.2022
39.1992
39.1161
39.0869
39.1222
39.0913
39.1416
39.1697
39.1796
39.1842
39.1861
39.1232
39.1143
39.1138
39.139
39.1419
39.1061
39.1467
39.1596
39.1625
39.1137
39.1667
39.1319
39.1235
39.0868
39.1176
39.1627
39.1252
39.1774
39.1673
39.1818
39.1173
39.058
39.0948
39.095
39.0814
39.0425
39.0697
39.0535
39.1286
39.1836
39.1627
39.1467
39.0922
39.0897
39.1115
39.1243
39.1208
39.191
39.2001
39.1813
39.1837
39.1581
39.0743
39.0534
39.1037
39.1557
39.1569
39.1105
39.1535
39.1618
39.1177
39.1423
39.1026
39.1059
39.084
39.1148
39.0584
39.0561
39.0287
39.0997
39.1148
39.0562
39.0267
39.0783
39.0844
39.0732
39.0351
39.0253
39.0189
39.0268
39.0525
39.1255
39.0794
39.1048
39.0871
39.1303
39.1269
39.1048
39.0913
39.0432
39.104
39.0758
39.0811
39.0175
38.9736
38.9489
38.9686
39.038
39.06
39.0664
39.0927
39.0955
39.0904
39.1533
39.0737
39.0784
39.1242
39.0699
39.033
39.0559
39.0785
39.0232
39.088
39.086
39.1002
39.0917
39.0247
39.0388
39.0049
39.0107
38.9814
38.9907
39.0158
38.9823
38.9745
39.0423
39.0026
38.9889
38.987
38.9648
38.9792
38.9961
39.0037
39.0517
39.0275
38.9375
38.9694
39.0006
38.9941
39.0131
39.0739
38.9549
38.9459
39.0064
38.982
39.0178
39.01
38.923
38.8759
38.8743
38.9256
38.9327
38.9326
38.9631
39.0441
39.0563
39.0699
39.041
39.0339
38.9998
38.9496
38.9563
38.907
38.9525
38.9039
38.9099
38.949
38.9221
38.8805
38.8399
38.8578
38.9045
38.9982
38.9933
38.9834
38.9987
38.9671
38.9692
38.9401
38.9247
39.0133
38.9567
38.9017
38.8625
38.95
38.9964
38.9014
38.921
38.923
38.9274
38.8788
38.9153
38.8785
38.7929
38.7767
38.8433
38.867
38.8486
38.8632
38.9192
38.9247
38.892
38.8798
38.8544
38.8454
38.851
38.9224
38.9205
38.9178
38.885
38.8961
38.9337
38.8943
38.9289
38.9424
38.9145
38.8976
38.8553
38.8254
38.8881
38.9133
38.9188
38.8926
38.8268
38.5014
38.4986
38.6451
38.7697
38.8862
38.8242
38.8431
38.8527
38.7633
38.6489
38.7438
38.8073
38.8304
38.8445
38.8516
38.8415
38.8973
38.8155
38.8255
38.7943
38.7651
38.8196
38.8994
38.9556
39.0119
39.0191
39.0403
39.0193
38.9853
39.0246
38.9827
39.0059
39.049
39.0675
39.0973
39.091
39.0589
39.072
39.096
39.089
39.1399
39.0274
39.0209
39.0071
38.9732
38.9554
38.92
38.9331
38.9452
38.9721
38.9862
39.0011
38.9631
39.0187
39.0409
39.1424
39.0615
38.9929
39.0413
39.0518
39.0292
38.9775
38.9995
38.9517
38.9692
39.0095
39.0235
39.0486
39.0023
38.9669
39.0027
39.0104
38.9732
38.8882
38.8693
38.8648
38.8831
38.8744
38.9156
38.8848
38.8984
38.9048
38.893
38.8718
38.8516
38.8777
38.8846
38.9572
39.0383
38.9655
38.9578
38.9336
38.8327
38.8391
38.8565
38.9203
38.9336
38.8565
38.8877
38.965
38.9684
38.979
38.998
38.938
38.992
38.9743
38.8887
38.8163
38.8234
38.8542
38.7893
38.8083
38.7976
38.7672
38.793
38.7973
38.7612
38.7788
38.744
38.7648
38.7683
38.7484
38.8097
38.8147
38.85
38.863
38.917
38.9939
38.9177
38.9112
38.8681
38.8305
38.8773
38.9355
38.8066
38.7255
38.7038
38.7339
38.7718
38.8105
38.8932
38.8854
38.906
38.8413
38.8143
38.7822
38.804
38.8393
38.8129
38.8303
38.7911
38.735
38.8044
38.7865
38.7425
38.7379
38.7279
38.8077
38.8039
38.7356
38.7182
38.6821
38.6994
38.6916
38.7149
38.7259
38.7721
38.7346
38.7188
38.647
38.6674
38.6612
38.7146
38.7604
38.7514
38.7273
38.7433
38.6045
38.6619
38.7037
38.6439
38.6805
38.698
38.7144
38.7238
38.6477
38.7007
38.7035
38.7061
38.6927
38.6958
38.7155
38.752
38.726
38.6753
38.7767
38.7519
38.7712
38.7712
38.7474
38.7375
38.7498
38.7085
38.6864
38.7123
38.7102
38.6959
38.6769
38.6879
38.6497
38.5833
38.5871
38.493
38.5383
38.5504
38.4993
38.5195
38.5973
38.5412
38.5547
38.589
38.565
38.5641
38.4932
38.4746
38.5966
38.6403
38.5813
38.5935
38.5893
38.5789
38.5221
38.5777
38.5986
38.5962
38.5716
38.6024
38.6304
38.6208
38.6637
38.6188
38.7178
38.7037
38.6794
38.6795
38.6261
38.6278
38.575
38.5903
38.6069
38.5856
38.5123
38.5184
38.4828
38.5042
38.5286
38.465
38.4928
38.4136
38.4396
38.4009
38.4797
38.4638
38.4816
38.4842
38.4618
38.4758
38.5195
38.5048
38.4798
38.4942
38.4245
38.4474
38.4526
38.4504
38.4642
38.4255
38.4034
38.4641
38.3021
38.2125
38.1429
38.2734
38.3396
38.3584
38.4139
38.4362
38.4144
38.3988
38.4231
38.4224
38.4058
38.4129
38.4885
38.4546
38.4921
38.4769
38.4834
38.5305
38.5844
38.5936
38.6668
38.7062
38.751
38.7231
38.8009
38.8481
38.7628
38.7129
38.8298
38.8812
38.9384
38.9438
38.9664
38.9717
38.9073
38.8895
38.8912
38.8855
38.926
38.9443
38.9616
38.9576
38.9869
38.9324
38.938
38.9343
38.8531
38.8419
38.8606
38.8601
38.8114
38.7787
38.8329
38.779
38.7749
38.7409
38.7403
38.74
38.7377
38.6844
38.5991
38.5936
38.5959
38.5465
38.6146
38.6278
38.6244
38.5949
38.6069
38.6213
38.627
38.6076
38.6283
38.6685
38.7427
38.8068
38.8189
38.811
38.8037
38.8111
38.814
38.7788
38.8292
38.8274
38.7622
38.7424
38.6779
38.6351
38.6277
38.6051
38.6566
38.6702
38.7252
38.7269
38.7701
38.7625
38.7327
38.7125
38.7403
38.703
38.7289
38.7856
38.7372
38.6685
38.4333
38.3222
38.358
38.4836
38.5411
38.5027
38.5127
38.5129
38.477
38.431
38.4473
38.3926
38.3863
38.3847
38.449
38.1824
38.1502
38.1781
38.3398
38.3886
38.3888
38.4816
38.4838
38.5202
38.5725
38.5981
38.6716
38.7228
38.6426
38.6617
38.7736
38.842
38.9313
38.9407
38.9715
39.0475
39.071
39.0702
39.1058
39.1662
39.2244
39.2807
39.3058
39.3255
39.2775
39.2765
39.2961
39.3059
39.3332
39.2745
39.2775
39.3681
39.4039
39.394
39.4484
39.3715
39.2747
39.303
39.3497
39.3462
39.3099
39.2425
39.2488
39.2377
39.2014
39.2354
39.2196
39.1944
39.1116
39.1838
39.1455
39.0844
39.0978
39.117
39.0964
39.0786
39.1388
39.0895
39.0948
39.0682
38.9969
39.0455
39.1195
39.1187
39.1167
39.1067
39.1165
39.1175
39.1542
39.1012
39.091
39.094
39.0715
39.0335
39.0085
39.0473
39.0582
39.0533
39.0728
39.0738
39.0684
39.0669
39.0281
39.0665
39.0503
39.0673
39.0545
39.0451
39.0262
39.0367
39.0729
39.0809
39.0512
39.0252
39.015
39.0412
39.0472
39.0824
39.0466
39.0317
39.0944
39.1059
39.1381
39.1256
39.1781
39.074
39.0677
39.0592
39.0214
39.0142
38.9813
38.9553
38.9343
38.9889
38.9712
39.04
38.993
38.9934
39.003
39.0255
39.0386
38.9615
38.9229
38.9701
38.9642
38.9977
38.9602
39.0162
38.9507
38.9692
38.9829
38.9611
38.9272
38.9826
39.0052
39.004
39.0025
38.9691
38.9578
38.9355
38.9968
38.9597
38.9565
38.9555
38.9364
38.9396
38.9042
38.887
38.8899
38.9415
38.9454
38.9017
38.8584
38.8702
38.8694
38.8906
38.939
38.925
38.9133
38.8544
38.8525
38.8418
38.8815
38.8821
38.9235
38.9837
38.9267
38.9466
38.9374
38.8678
38.8951
38.8475
38.907
38.9202
38.882
38.9116
38.9353
38.8683
38.9323
38.889
38.8813
38.8278
38.751
38.7863
38.7618
38.7926
38.7755
38.8105
38.7867
38.7621
38.8209
38.8316
38.7939
38.7475
38.8019
38.7578
38.8249
38.8196
38.8318
38.8262
38.8331
38.8255
38.8482
38.907
38.6225
38.5793
38.4784
38.5243
38.5939
38.6561
38.6625
38.6493
38.6145
38.5977
38.5609
38.5604
38.5075
38.5049
38.4788
38.5051
38.4643
38.4314
38.4965
38.5569
38.4878
38.5688
38.6355
38.6948
38.7447
38.7339
38.7282
38.7981
38.768
38.7532
38.7072
38.7042
38.8086
38.8799
38.9052
38.9417
38.96
38.9532
39.0262
39.0281
38.983
38.9874
38.989
38.9921
38.9386
38.6068
38.5523
38.6962
38.7936
38.7828
38.7338
38.7284
38.7899
38.7689
38.8376
38.8127
38.8119
38.8126
38.8415
38.8476
38.8452
38.7678
38.8071
38.824
38.8462
38.8547
38.8718
38.8929
38.931
39.0248
38.932
38.9959
39.022
39.0218
38.987
38.9277
38.9604
39.1044
39.1372
39.1178
39.1181
39.0772
38.9925
39.023
39.0794
39.0889
39.1164
39.1313
39.1411
39.1578
39.0988
39.1066
39.1954
39.097
39.1008
39.0892
39.0834
39.0007
39.0024
38.9817
38.9854
39.0247
39.0638
39.0469
39.0396
39.0126
38.9849
38.9848
39.0211
38.9676
39.0093
39.0027
38.7075
38.6202
38.5965
38.6723
38.6836
38.7679
38.7862
38.689
38.6042
38.6591
38.6395
38.6728
38.6998
38.7024
38.6994
38.7031
38.7361
38.7482
38.7829
38.8204
38.8496
38.9246
38.882
38.899
38.9673
38.9584
38.9108
38.9591
38.9986
39.0066
38.9658
39.04
39.068
39.0898
39.1185
39.1206
39.1184
39.1215
39.1287
39.1159
39.1307
39.15
38.8581
38.7779
38.8332
38.9232
38.9323
38.9861
38.9715
38.9569
38.9315
38.9545
38.9208
38.8969
38.8662
38.9185
38.9226
38.8986
38.8886
38.8758
38.8544
38.8422
38.8949
38.8953
38.8564
38.8627
38.9171
38.9182
38.9323
38.9244
38.9745
38.9467
39.0172
38.9975
39.0077
39.0643
39.0502
39.0908
39.0651
39.0595
39.1343
39.1681
39.1362
39.1508
39.1475
39.0809
39.1241
39.1588
39.1764
39.2285
39.2473
39.2938
39.224
39.1869
39.2757
39.2702
39.3052
39.3476
39.2524
39.1676
39.1678
39.1488
39.1373
39.0975
39.1052
39.1134
39.0996
39.0617
39.0742
39.096
39.1207
39.0143
38.9476
38.9265
38.8966
38.9567
38.9558
38.9696
38.98
38.9747
38.9306
38.9249
38.948
39.008
38.9791
38.9556
38.9439
38.9177
38.8792
38.9021
39.0571
39.0327
39.0751
39.0111
38.7338
38.5805
38.766
38.8702
38.9304
38.9511
38.9059
38.9071
38.8506
38.7828
38.7303
38.8272
38.8546
38.8717
38.8279
38.8991
38.9678
38.9678
38.9295
38.9029
38.9271
38.9786
39.0055
39.139
39.1316
39.1871
39.226
39.2366
39.2348
39.3264
39.3065
39.3263
39.3581
39.3748
39.4358
39.388
39.3502
39.3949
39.4621
39.4976
39.4851
39.4452
39.4568
39.4861
39.5162
39.5373
39.5278
39.5932
39.6009
39.5151
39.4703
39.4488
39.4213
39.4334
39.4398
39.4472
39.4538
39.4732
39.4764
39.4779
39.4577
39.3934
39.3814
39.4432
39.446
39.3844
39.3484
39.2722
39.285
39.2876
39.3156
39.3108
39.2982
39.2851
39.3023
39.3104
39.3156
39.2998
39.293
39.2861
39.2817
39.311
39.2972
39.2632
39.2491
39.2201
39.2431
39.2302
39.2347
39.2216
39.2066
39.2382
39.26
39.274
39.2628
39.3488
39.2838
39.2953
39.2653
39.2919
39.3105
39.3359
39.2519
39.2723
39.3149
39.2992
39.2985
39.256
39.2059
39.2015
39.1777
39.2329
39.2231
39.1882
39.1166
39.1879
39.2261
39.155
39.1972
39.1365
39.2035
39.275
39.2468
39.2362
39.2657
39.1973
39.1543
39.164
39.195
39.1403
39.2111
39.1357
39.115
39.172
39.1925
39.1973
39.1626
39.1538
39.1313
39.102
39.0716
39.171
39.1024
39.1386
39.1557
39.0905
39.0326
39.0766
39.0144
39.0259
39.0329
39.0465
39.1425
39.1413
39.088
39.0468
39.0341
39.0376
39.0427
39.0001
38.9349
39.0566
39.015
38.9208
38.984
38.9939
38.9868
39.0219
39.0402
39.0152
39.0974
39.0613
39
39.0292
39.0091
39.0072
38.9802
38.9583
38.9728
39.0331
39.0305
39.0122
38.7003
38.615
38.576
38.7231
38.8094
38.8894
38.8693
38.8799
38.8722
38.8486
38.849
38.8607
38.8668
38.8097
38.8682
38.9449
38.964
38.9769
39.026
39.0415
39.0413
39.1093
39.1226
39.2045
39.2181
39.1923
39.2838
39.3473
39.3969
39.4218
39.4606
39.5063
39.5597
39.6075
39.653
39.7002
39.6822
39.7176
39.7961
39.8573
39.8644
39.8649
39.8962
39.8641
39.8419
39.807
39.8415
39.873
39.821
39.8318
39.8775
39.8449
39.855
39.829
39.8382
39.8212
39.8045
39.8188
39.7982
39.7783
39.7088
39.6783
39.6349
39.6072
39.7063
39.6899
39.6637
39.6441
39.6285
39.5913
39.5882
39.6335
39.5937
39.6328
39.53
39.493
39.5045
39.4814
39.5089
39.5466
39.5564
39.539
39.5253
39.4745
39.4663
39.508
39.5174
39.5015
39.5069
39.5175
39.5735
39.5312
39.5287
39.5164
39.5954
39.5247
39.5702
39.5863
39.5729
39.5538
39.5019
39.5494
39.4747
39.5287
39.5038
39.5767
39.601
39.5879
39.5727
39.5889
39.6388
39.6043
39.5521
39.5439
39.5862
39.6902
39.619
39.6435
39.567
39.5984
39.5764
39.6282
39.6483
39.594
39.562
39.5723
39.5628
39.4516
39.4437
39.4839
39.5401
39.5168
39.5071
39.5075
39.5215
39.5006
39.5073
39.5408
39.5428
39.4561
39.3806
39.442
39.4779
39.4827
39.4563
39.4728
39.4522
39.4317
39.4274
39.3825
39.4048
39.3871
39.4172
39.4217
39.4145
39.3575
39.3363
39.3514
39.325
39.374
39.3112
39.3299
39.4394
39.3536
39.1345
39.0577
39.1915
39.2561
39.2487
39.2432
39.1997
39.2152
39.2287
39.1556
39.1118
39.1125
39.1123
39.1571
39.1043
39.124
39.1894
39.2648
39.3094
39.3868
39.4641
39.4332
39.3879
39.4723
39.5648
39.5983
39.6515
39.6956
39.7537
39.8065
39.7543
39.7774
39.8086
39.7788
39.8352
39.8645
39.8643
39.9418
40.0269
39.961
39.9402
39.9665
40.0363
40.0159
40.0174
40.0308
39.9893
39.9799
39.9757
40.0075
39.9707
40.0062
40.0281
40.0453
40.0544
40.0356
39.9846
39.905
39.8939
39.9096
39.9549
39.9019
39.9005
39.8739
39.9131
39.9183
39.9018
39.9404
39.9535
39.9561
39.9991
39.9999
40.0194
39.9949
39.7077
39.5136
39.6816
39.7286
39.7037
39.6588
39.6876
39.7415
39.7152
39.6969
39.7329
39.6776
39.6596
39.6987
39.6637
39.7276
39.7787
39.8861
39.9115
39.8945
39.8936
39.9527
39.9859
40.0279
40.0347
40.0613
40.1279
40.1859
40.1781
40.236
40.2152
40.2608
40.353
40.3855
40.4113
40.4625
40.4989
40.5056
40.5785
40.5911
40.646
40.6486
40.6539
40.6512
40.7148
40.7398
40.7335
40.6973
40.7311
40.73
40.8003
40.8297
40.8248
40.7893
40.8394
40.786
40.7377
40.7688
40.7328
40.6739
40.6922
40.6412
40.6298
40.6537
40.6503
40.6365
