       0
     529
    3838
   10731
   17917
   32433
   44442
   60426
   83173
  106220
  127247
  167038
  197447
  227602
  265584
  293524
  346259
  393180
  435128
  502964
  556015
  594563
  669395
  726680
  793557
  869261
  944633
 1011251
 1108639
 1183154
 1260786
 1344756
 1428444
 1479891
 1597147
 1700049
 1804087
 1876331
 1997408
 2090747
 2182459
 2332552
 2465294
 2564388
 2674587
 2778599
 2881487
 3034865
 3162865
 3269827
 3447805
 3559882
 3668504
 3859408
 4040955
 4135973
 4305749
 4411527
 4588168
 4752026
 4840322
 4989226
 5247872
 5359360
 5508015
 5728747
 5872106
 5989032
 6152081
 6396380
 6534077
 6697041
 6922821
 7074346
 7350954
 7466292
 7681356
 7854340
 8075034
 8303295
 8428528
 8684177
 8902814
 9148429
 9362524
 9675765
 9830220
10006023
10284158
10487754
10755043
10997145
11229477
11472372
11724289
11952342
12237953
12587209
12781772
13082022
13252142
13632126
13900473
14148863
14457742
14721550
14970711
15247570
15642192
15960388
16307208
16530480
16942395
17175342
17571249
17836224
18264459
18456101
18943052
19206929
19524184
19988140
20231546
20774208
21014869
21370585
21754683
22138137
22539369
22811429
23172406
23627191
24029765
24333593
24740380
25207338
25495702
26061344
26367389
26866269
27116069
27589064
28007523
28370718
28719676
29181689
29615278
30059250
30402439
30836724
31286247
31669026
32081217
32386076
32844036
33248921
33752741
34044683
34518191
34923213
35252501
35621555
36247454
36546665
36982151
37525825
37806735
38227986
38446863
39072599
39345043
39868087
40197721
40739994
40833145
41570011
41907750
42307195
42699561
43167840
43436526
43778804
44289912
44729596
44987906
45300556
45871747
46199915
46608946
46990107
47276251
47575911
48142456
48370681
48927968
49244749
49642719
50016241
50301662
50728532
51114714
51618183
52176345
52544057
52835046
53217871
53737952
53987009
54438445
54864322
55170544
55472869
56117528
56301338
56743304
57106967
57518812
58081575
58363710
58900281
59351483
59861023
60318750
60605263
61125173
61527133
62026354
62612225
62788706
63477617
63733221
64282482
64824687
65401612
65825301
66275635
66869863
67287010
67726348
68542008
68984131
69404101
69840268
70422480
71124727
71546269
72066739
72667303
73351197
73931366
74534476
74901770
75632823
76071183
76891538
77318423
77862363
78277598
78858449
79410221
80153779
80886796
81222388
81644704
82273686
82889484
83642487
84048298
84706446
85383916
85766887
86185111
86941619
87356271
87940637
88459834
88947576
89189271
89968685
90270101
90925907
91292600
91784171
92308433
92539339
93045732
93365328
93747613
94107722
94272256
94610384
94983188
95117771
95648367
95742888
96192403
96363055
96705747
96570525
96888726
96958785
97079409
97280821
97107232
97315534
96995313
97271517
97162122
97345862
96911897
96781116
96582109
96478836
96299504
96316303
96066720
95819241
95315960
95239999
94614011
94512443
93946942
93720340
93405820
92768295
92299293
91800565
91411216
90738639
90063193
89607623
88953746
88157423
87695247
86992675
86307530
85598225
84720754
83998269
83502750
82534771
81639939
80880196
80135039
79205332
78087829
77395682
76661740
75768726
74670854
73650610
72836510
71971424
70980832
69917942
69144773
68074419
66981092
65919536
65029088
64107191
63017351
61906371
61079036
59998541
59036507
57809005
56789432
55944639
54961844
53754882
52903224
51869201
50722203
49876774
48784494
47919182
46757998
45876551
44859637
43752036
42869247
42021218
41112604
40214584
39187282
38287002
37278987
36477981
35525367
34675933
33754929
33167768
32123992
31207295
30453617
29587462
28817614
28134512
27293442
26542336
25840036
25130005
24440505
23757940
22988459
22349117
21620138
20921336
20320276
19744460
19144808
18562016
17985053
17344057
16770318
16265066
15825518
15188887
14755028
14127045
13663841
13330707
12796149
12400572
11952492
11526894
11062634
10697720
10314433
 9971337
 9552841
 9224629
 8915490
 8513653
 8268859
 7900586
 7635613
 7318147
 7089976
 6765834
 6517579
 6281264
 6019748
 5735644
 5514961
 5309025
 5076943
 4795767
 4648241
 4485224
 4269045
 4053029
 3915980
 3729252
 3573691
 3440478
 3274970
 3178887
 2997034
 2876488
 2728461
 2577491
 2465708
 2390464
 2254661
 2159138
 2066666
 1986074
 1907465
 1807894
 1670046
 1641191
 1546809
 1462974
 1418182
 1317218
 1256999
 1200559
 1147676
 1086010
 1033163
  993781
  937904
  903975
  839240
  807250
  768662
  730559
  685747
  654992
  613414
  581109
  564232
  519102
  507718
  493269
  446655
  435368
  394493
  389310
  369701
  353046
  333670
  317264
  289331
  283083
  264429
  254657
  248662
  246090
  225170
  205725
  195854
  188051
  182364
  167519
  156626
  146621
  152092
  139626
  132033
  127878
  120124
  114645
  110556
  106133
  100233
   92244
   89847
   85358
   77319
   76900
   69738
   73961
   61364
   69369
   60730
   64050
   61538
   53722
   58913
   53994
   54412
   48018
   51075
   50909
   47945
   41164
   41639
   43785
   41881
   36892
   36990
   35810
   36216
   31380
   34898
   25466
   32936
   33530
   29218
   30492
   30174
   29582
   28560
   29601
   27893
   28155
   24686
   25008
   27602
   22522
   25709
   23382
   27291
   23928
   23491
   24931
   25260
   25156
   23233
   22447
   19977
   22024
   19357
   22920
   18827
   19947
   20093
   20687
   18772
   18770
   20374
   19058
   20572
   19682
   19376
   18171
   19416
   20481
   19837
   16933
   17080
   17632
   14559
   18148
   14460
   15406
   17701
   16839
   15037
   17010
   16495
   15898
   15332
   17564
   17330
   16005
   16189
   15174
   13293
   13376
   16098
   12969
   15459
   12962
   15019
   14921
   13254
   11613
   14584
   12660
   13808
   13881
   12794
   12626
   13307
   13825
   13363
   10038
   12726
   12598
   13292
   11787
   12477
   14748
   10510
   12177
   10669
   11743
   12774
   11241
   11872
   10075
   10391
    8472
   10686
    9612
    9927
    9346
    9305
    9467
   10841
   10749
   11811
   10170
    9013
    9880
   11408
   12514
   11743
    8865
   10717
    8784
    8247
    7991
    9797
    9773
    8818
    9566
    8138
    9308
    8902
   10306
   10700
    9608
   10748
    8442
    8359
    8806
    5715
    7102
    9987
   11016
   10222
    6775
    6435
    7812
    7849
   10244
    9411
    7530
   11863
    8277
    9811
   10413
    7436
    8704
    7793
    6637
    5500
   10540
    8768
    7025
    7274
    7691
    8698
    5677
    6166
    7764
    9669
    6071
    6617
    7272
    7100
    7577
    6585
    6149
    5957
    7605
    5659
    7017
    5768
    6889
    6189
    5493
    4378
    5606
    5081
    8028
    4925
    5703
    5827
    5920
    7214
    5341
    5274
    5490
    7506
    5390
    4782
    5824
    4689
    7499
    7723
    5170
    6364
    6116
    7177
    6803
    5244
    6306
    6673
    5334
    5514
    5996
    5888
    7073
    6101
    4287
    5908
    5754
    6315
    4595
    3997
    5211
    4096
    4377
    6536
    2645
    5347
    5205
    5195
    3568
    3915
    4605
    4174
    3795
    3727
    3728
    5014
    5304
    5726
    5263
    4047
    4526
    4297
    4001
    4366
    4885
    5811
    3463
    4865
    3656
    5041
    4375
    6911
    5388
    4696
    5361
    4254
    4987
    4342
    5225
    5153
    5242
    5068
    4102
    5329
    5817
    3978
    3717
    3800
    4976
    3600
    3157
    4940
    3996
    4507
    3635
    4243
    2627
    4537
    3822
    4211
    4185
    3640
    3950
    3314
    2455
    3836
    2456
    3269
    3956
    3386
    4900
    2955
    3394
    3463
    2692
    3019
    3181
    3554
    3578
    3050
    3000
    2184
    3095
    3680
    3698
    3147
    2839
    2315
    2805
    3386
    2610
    3704
    3839
    4359
    2752
    2028
    3119
    3738
    3657
    4452
    3308
    4021
    3217
    2866
    3997
    2912
    2751
    3723
    3806
    3488
    3960
    2942
    4675
    4101
    3989
    4249
    3052
    2574
    2851
    3052
    3302
    2655
    2502
    4040
    1786
    3645
    2696
    2499
    2468
    2794
    2092
    3580
    2647
    2287
    2429
    3374
    3216
    2825
    2732
    4074
    2411
    4621
    1988
    2224
    3024
    2123
    2811
    3678
    2206
    2582
    4162
    3923
    2925
    2828
    1365
    2471
    1973
    2552
    3051
    2077
    2570
    1493
    1700
    1322
    1720
    2372
    2083
    2270
    2658
    1757
    1668
    2574
    1739
    1706
    1999
    2286
    3187
    2034
    3116
    1996
    1874
    1956
    1959
    1959
    1449
    1436
    2913
    2078
    2472
    1456
    2955
    1448
     777
    2261
    1415
    1512
    2437
    1961
    2824
    2693
    1737
    2064
    3187
    1815
    2044
    1477
    2165
    2022
    1940
    2768
    1755
    2472
    3148
    2576
    1422
    1770
    2441
    1788
    3055
    3090
    2106
    1655
    3528
    2709
    2535
    2367
    2631
    1487
    1951
    2307
    1763
    3029
    2298
    3185
    3245
    1949
    2027
    1951
    2177
    2304
    1644
    2619
    1397
    1317
    2199
    1453
    1540
    2264
    2116
    1659
    1706
    1274
     738
    1985
    1993
    1458
    2213
    1308
    1875
    3101
    1910
    1070
    2492
    1682
    2005
    1250
    1548
    1587
    2389
    1697
    1154
    1560
    2640
    1880
    2057
    2164
     913
    2192
    1292
    2656
    1583
    2423
    1172
    1472
    2269
    1550
    2017
    1258
    1262
     920
    2296
    1137
    1117
    1131
    1667
    1975
    1250
    2043
    1349
     297
     934
    2463
    1816
    1523
    1397
     931
    1062
    1307
    2012
    2830
    2735
    1018
    2053
    1148
    2147
    1969
    1818
    1988
    1853
    2698
    2003
    1675
    1996
    1802
    1298
    3037
    1351
    1878
    1773
    2521
    1431
    1194
    2128
    1080
    1711
    2243
    1553
    2142
    2968
    1688
    1874
    1583
     987
     766
    2012
    1584
     858
     970
     403
     774
     828
    2265
    1098
    1261
    2562
     814
    1501
    1779
    1693
    1647
    1981
    1643
    1188
     664
    1409
     803
    1869
     247
    1007
     449
     816
     181
    1126
     507
     991
     905
     767
     577
     962
     932
     656
    1313
    1318
    1584
    1993
    1356
    1109
    1445
    1422
     341
    1181
     783
     695
    1462
     739
    1197
     682
    1302
     832
    1669
     562
     810
    1349
    1025
    1207
    1337
    1190
    1257
     531
     948
    1355
    1278
    1240
     988
    1103
    1813
    1104
     838
    1247
     778
    1133
    1384
    1453
    1455
    2805
    1234
     938
    1032
     814
    1308
    1444
     551
    1331
     990
     947
    1472
     376
    2487
    1102
    1516
    2410
    1571
     578
     604
    1170
     873
     311
    2059
    1021
    1256
     510
    1171
    1303
     570
      54
     463
     888
    1195
    1325
     539
     935
    1311
    1525
     579
     705
     856
     963
    1169
    1044
     845
     622
     776
     633
     508
    1574
     759
     451
     423
     232
     319
     440
    1071
     349
     691
     988
    1495
    1264
    1864
    1382
     670
     701
     535
     462
     585
     964
     739
     287
     794
     814
     874
     703
     905
    1335
    1055
     686
     233
     796
     774
     781
     552
     377
     968
     727
     465
     823
     677
     579
     221
     901
    1042
    1027
     727
    1406
     733
     829
     663
    1301
     784
    1069
    1440
    1006
    1050
     854
    1775
    1842
     944
     653
     690
     509
     606
    1105
    1206
     658
    1105
     455
    1000
     861
    1332
     699
     688
    1348
    1361
     267
     363
     702
     353
     846
     545
     793
     971
     702
     792
    1262
     443
      95
     446
     498
    1315
     736
     973
     343
     956
     139
     365
      70
     580
    1554
     449
     442
    1801
    1383
     885
     262
     370
    1300
    1191
    1502
     617
    1096
     752
     568
     576
     703
    1473
     253
     993
     899
     484
    1128
     682
     565
     290
     459
     160
     250
     788
    1567
     409
     241
    1276
     939
     352
     498
     808
     522
     662
     816
     200
     594
     449
     664
    1199
     662
     646
     752
     454
     475
     696
     301
     932
     455
    1047
     171
    1064
     160
     660
     661
     379
      82
     249
     671
    1177
     553
     229
     398
     551
     327
     244
     505
     270
    1374
     297
     502
    1410
     984
     676
     976
     667
     563
     660
     738
    1281
     821
     713
    1555
     566
     337
     858
     824
     463
     708
     157
     156
     276
     456
     958
    1030
     866
    1437
     324
     536
     580
     433
     884
     118
     470
     480
    1118
     849
     649
     479
     371
     618
      49
     231
    1418
     422
     997
     471
     677
     971
     679
    1499
     570
     536
     857
    1298
     281
     373
     713
     342
     414
       8
     610
     441
     135
     277
     612
     322
     758
     549
     287
     122
     423
     370
     409
     453
     516
     531
     799
     767
     115
    1362
     181
     318
     484
     303
     627
     249
     685
     411
     116
     390
      21
      76
     457
     384
     950
     401
     463
      91
     432
     209
     277
     518
     229
     358
     318
      64
     872
     790
     654
     552
     368
     697
     316
     544
      66
      87
     451
     401
     485
     163
     605
     416
     310
     382
     248
     200
      95
     729
     427
      59
     423
     646
     201
     581
     745
     472
     595
     351
     574
     303
     502
     327
     649
     932
     499
     941
     241
     867
     137
     444
     732
     553
     262
    1066
     421
     582
     447
     741
     935
     315
     274
     595
     811
     676
     712
     333
     615
     135
     295
     225
     128
     455
     229
     158
     570
     213
      26
     325
     503
     406
     348
     358
     217
     717
     241
     471
     136
     461
     167
      69
     258
     659
     780
     193
     678
     165
     310
     215
     846
     566
     327
     322
     291
     370
    1319
    1232
     759
     836
     925
     905
     250
     211
      74
      28
     204
     466
     662
     256
     897
     756
     389
     570
     755
     713
     388
     409
     569
     171
     323
     252
      62
     229
     637
     828
     124
     314
      79
     628
     287
     249
     620
     396
     130
     580
     490
     569
     500
     518
     221
       0
     338
     817
     430
     436
     382
     549
     158
     187
     318
     274
      11
     334
     365
      13
     535
      91
     476
     590
     287
     133
     238
     250
     131
     106
      68
     154
     231
     377
      55
     155
     353
     157
     525
       1
     846
     530
     251
     771
     434
     266
     507
     545
     358
     411
     102
      67
      84
     358
    1013
     477
     324
     877
     255
       0
     151
     327
     233
     615
     316
     364
     500
     170
     193
     202
     238
     228
      22
     601
     247
     218
      77
     469
     159
      66
      80
     282
     357
     181
     277
      77
     674
     729
     105
     324
     282
     131
       0
     185
     136
     400
     903
    1401
     647
     233
    1260
    1134
    1239
     491
     123
     223
     329
     264
     281
     110
      87
     172
      39
      89
     315
     181
     214
     333
     574
      69
     156
      79
     724
    1024
     508
     310
     749
      97
     235
     165
     455
     399
       7
     363
     196
      41
    1111
     183
      49
     107
      75
     224
     274
     513
      93
     342
      59
     339
     358
     178
      39
     413
       0
     160
     621
     412
     544
     269
     351
     135
     537
     153
     246
     370
     119
     354
     263
     436
     114
     435
     204
      94
      32
     357
     561
     375
      97
     715
     262
       0
      35
     375
      39
     554
     266
     109
      71
     331
     814
     111
     211
      47
     176
     203
      47
      34
      69
       0
     213
     364
     335
     163
       0
       0
       0
       0
      78
     113
       0
     184
     141
     360
       0
     127
      89
     114
     461
     547
     574
     689
     632
     124
     681
      51
     128
     120
     169
     189
      14
      92
     240
     257
      68
     262
      37
     244
     365
     568
     452
      49
     159
      92
       0
     389
     200
      36
       0
       0
     426
     257
     256
     261
     135
       0
     150
       0
      29
     155
      35
      14
     121
     256
     121
     127
     224
     298
     135
     748
     143
       0
       0
     255
     723
      15
       0
     141
      12
      16
       0
     135
     168
     316
     236
     406
      95
     176
       0
      53
       0
     353
       0
     831
     632
     497
     854
     408
     112
     207
      53
     528
     614
     247
     188
     370
     392
     195
     655
     298
     410
     248
     402
     479
     138
     318
     105
     181
     813
     299
     269
     208
     180
     253
     145
     166
     105
     150
     410
     190
     109
       3
      15
     226
     251
      38
     243
     167
     324
      31
     566
     316
     671
     579
     299
     193
      96
     405
      33
     113
      44
     165
     130
     428
     793
     175
     155
      61
       0
     323
     162
     128
     189
      73
      37
       0
       0
     144
     497
     239
     140
     201
      49
     216
     313
       9
     167
      55
      65
     217
     270
     129
     145
     698
      37
     296
     185
      68
     226
      46
     390
      18
      67
     114
      66
     209
     342
     115
       0
      26
     161
       0
       0
      79
     188
       0
      87
      68
       0
     132
       0
       0
      84
     112
      77
       0
     121
      24
       0
       0
      51
     288
      68
     162
     142
      65
     269
     522
      73
      31
     380
     468
     233
     352
     619
     332
     236
     142
     234
     165
     103
      56
       0
       0
       0
     421
       0
       0
      82
      29
     429
     345
     154
     363
     266
     279
     391
     103
     111
     134
      17
      41
     163
      81
     208
     487
       1
     198
       0
      48
       0
     105
       0
       0
      64
     251
     149
       0
      78
     104
     192
     245
       0
       0
     182
     486
     226
     581
     398
     609
     726
      88
     244
     408
     798
     654
     173
     201
      72
       0
       0
     239
      24
     139
       0
       0
      66
     716
     130
       0
      82
       0
      87
     529
     129
     156
     129
     349
     154
       0
      26
     173
       0
      58
      37
     114
     191
     296
     320
     191
       0
       0
      94
      12
     220
      26
     122
     736
     167
       0
       0
     159
     107
      85
     196
     110
     426
     417
       0
     189
     130
      48
      78
      43
     106
     206
     183
      88
     177
     312
     132
     294
     419
     265
      31
       0
      13
       0
       0
       2
       0
       0
       0
      46
       0
     214
     138
       0
       0
       0
       0
     122
       0
     350
      19
     290
      71
     149
      91
      12
      47
       0
       0
      16
      83
       0
       0
      42
      42
      81
      27
     434
       0
     105
       0
      67
      43
     104
     190
     117
     148
     427
     197
       0
     360
      51
      84
       0
       0
      27
     184
     762
     198
     243
      50
       0
       0
       0
      84
      55
       0
     116
     200
     106
      11
      28
     122
     326
       1
       9
       0
      24
     325
       0
       9
      51
       0
     225
     600
     348
      25
       0
      26
      37
       0
     148
     208
      11
       0
       0
     149
      77
      31
     126
     228
      47
      62
      63
      81
     257
      82
     167
      51
      98
     250
     103
      19
       0
     250
     351
     351
     203
      65
       0
       0
       0
      44
       0
     304
     616
      59
      14
     302
      85
     121
     844
     196
     208
       0
      75
      64
       4
     429
     476
     120
     149
     616
      93
     183
      18
       0
       0
     106
       0
       0
       0
       0
       0
     116
     221
     380
     502
       0
      65
      50
     326
       0
       0
       0
       0
       0
     249
      31
      94
     340
     101
     168
      10
     170
     112
     393
     395
     133
       0
       0
       0
     103
      87
     218
       0
     271
      57
     100
     445
     376
     418
     114
     124
       9
       0
       0
       0
      57
       0
       0
      86
       7
     101
       2
       0
       0
     219
     332
       8
     319
      15
      77
     148
      67
       0
       0
     130
     166
     342
     305
     128
     148
      25
      65
     404
     334
      12
      48
     151
     571
     289
      89
      41
       0
     158
     152
      12
     213
       0
     190
       0
      74
     122
       0
       0
      51
     356
     379
     185
     260
     219
      78
     170
     335
     147
     285
      28
       0
     295
      33
     142
      76
       0
       0
       0
       0
       0
       0
       0
       0
       0
      46
       0
       0
      50
     154
     123
       0
     229
     185
       0
     218
       0
      72
      28
      64
     112
      21
       0
     378
       0
      41
       0
       0
       0
       0
       0
       3
      17
       0
       0
     191
      97
     403
     128
       0
       0
       0
       0
       0
       0
       0
     141
     303
     108
       0
     303
       0
       0
       0
       0
       0
       0
      33
     672
     450
       0
       9
      15
      38
     361
     256
     183
     414
       0
       0
      95
       0
      39
      80
       0
       0
       0
       0
      13
     229
     325
      53
      59
     177
     107
      81
       0
     209
     129
     145
       0
       0
     224
     444
      75
       0
      25
      16
     245
      48
     317
     251
     263
       0
       0
       0
     141
       0
       0
       0
       0
       0
      52
       0
      99
      50
      90
       0
      96
     214
       0
       0
     210
     516
     467
     285
     173
      30
       0
       0
       0
      39
     204
     156
     310
      42
     136
      32
       0
      56
     340
     180
     363
      74
       0
     217
      44
      95
       0
     102
       0
      75
       0
      33
       0
      43
       0
       0
       5
     405
     579
       0
       0
      25
      66
      97
     294
       0
       0
      42
       0
       0
       0
       0
       0
       0
       0
     187
       0
      12
       0
      11
     253
     122
       0
      32
       0
     132
     196
     271
     172
       0
      43
     177
     201
     131
      72
       0
      37
       0
      13
      59
       0
       0
      91
       0
     105
     486
     234
     116
     335
     242
       7
       0
       0
     193
       0
       0
      10
     212
       0
       0
       0
       0
      62
      31
      32
       0
     509
      21
       0
       0
       0
     125
      12
       0
       0
      10
      61
       0
       0
       0
       0
     442
     273
     227
       0
      24
     165
     282
     250
       0
       0
       0
      47
     334
      25
      21
     337
       0
     200
       0
       0
       0
       0
       0
       0
       0
     268
       9
       6
       0
       0
       0
       0
     158
     171
       7
       0
       2
       0
       0
     113
       9
      88
      97
      92
       0
       0
       0
       0
       0
       0
       0
       0
       0
       0
      46
      98
       0
       0
       0
       0
       6
       0
       0
       0
       0
       0
       0
       0
       0
     120
       0
       0
       0
      18
       0
       0
       0
       0
      75
       0
     522
     130
      11
       0
      46
       0
       0
       0
     116
      65
     280
      40
      84
       0
      63
      62
      86
       0
     464
     352
     127
       6
     334
      99
      46
      29
       0
      16
     110
     263
      64
       0
     596
       0
       0
       5
     149
       0
       0
       6
     125
       0
      86
      36
       0
       0
       0
       0
       0
       0
       0
     182
       0
       1
       8
     160
       0
       0
       0
       0
       0
      17
     206
      49
      79
      43
      79
       0
       0
     117
       0
       0
       0
       0
       0
     273
     278
      40
       0
      35
       0
      43
       0
       0
       3
     249
     231
     394
     408
     343
      81
       0
     336
     131
       0
      54
       0
       0
       0
       0
       0
     132
     437
       0
       0
       0
       0
       0
       0
       0
       0
     324
     501
     245
     398
     271
       0
       0
       0
     110
       0
     353
       0
       5
      30
       0
       0
     424
     204
      86
       0
       0
       0
       0
       0
       0
       0
       0
       0
       0
     118
       0
       0
       0
       0
       0
       0
       0
       0
       0
      28
       0
     351
      13
     438
      87
       0
     156
     218
     175
     362
     210
      73
     603
      61
       0
     176
     235
       0
       0
     107
      70
      14
     152
     302
