0.484706
0.577796
0.596431
0.558942
0.52633
0.508582
0.494146
0.484259
0.490128
0.490864
0.495492
0.499528
0.507078
0.508658
0.511597
0.514111
0.513364
0.517471
0.518863
0.523181
0.523533
0.509827
0.51569
0.505084
0.510405
0.507262
0.498535
0.497554
0.500157
0.496821
0.490602
0.484703
0.483527
0.484736
0.482669
0.479682
0.47899
0.474389
0.474105
0.468209
0.469381
0.463592
0.463835
0.462612
0.462555
0.460306
0.457993
0.457707
0.455871
0.457233
0.456352
0.455931
0.452852
0.452961
0.452002
0.451701
0.450843
0.449167
0.450103
0.45182
0.450102
0.449117
0.449218
0.447586
0.448646
0.448366
0.446723
0.446981
0.446714
0.448395
0.447105
0.446585
0.447303
0.44595
0.445915
0.446516
0.44568
0.445188
0.445047
0.445068
0.44324
0.44466
0.445472
0.444393
0.445088
0.44483
0.444594
0.444274
0.4435
0.44358
0.44333
0.444329
0.444521
0.443984
0.443377
0.443264
0.443638
0.44309
0.442685
0.443099
0.442996
0.443448
0.442411
0.442763
0.443021
0.442488
0.442596
0.442616
0.443375
0.442649
0.442164
0.44182
0.442332
0.442004
0.44253
0.442528
0.442921
0.442386
0.441474
0.441972
0.442522
0.441802
0.441767
0.442183
0.442225
0.44161
0.441925
0.441828
0.442045
0.442063
0.441357
0.441939
0.442128
0.441915
0.44199
0.441984
0.441873
0.441637
0.441704
0.44158
0.441708
0.441792
0.442033
0.441745
0.441723
0.441577
0.441175
0.441381
0.441631
0.441993
0.442305
0.441677
0.441515
0.441561
0.441519
0.441174
0.441886
0.441263
0.441419
0.441513
0.441293
0.441646
0.441339
0.441358
0.441582
0.441618
0.441566
0.441693
0.441291
0.441522
0.441388
0.441451
0.441552
0.441543
0.441722
0.44154
0.441388
0.441437
0.44156
0.441792
0.441333
0.441295
0.441593
0.441267
0.441992
0.441369
0.440831
0.44122
0.441545
0.441572
0.441715
0.441587
0.441814
0.441158
0.441084
0.441072
0.44156
0.440774
0.441725
0.440854
0.441363
0.441764
0.441941
0.441697
0.441328
0.441407
0.441308
0.441475
0.441212
0.441078
0.441508
0.441613
0.44146
0.441262
0.441224
0.441491
0.441208
0.441553
0.44138
0.441397
0.441478
0.44145
0.44118
0.441688
0.441424
0.441041
0.441639
0.441038
0.441291
0.441492
0.441193
0.441444
0.441456
0.441138
0.441188
0.441646
0.441186
0.441353
0.441546
0.441397
0.441354
0.441353
0.441956
0.441075
0.440957
0.441825
0.440888
0.441454
0.441551
0.441082
0.441076
0.441326
0.441364
0.44131
0.441785
0.441859
0.441481
0.441392
0.44126
0.441357
0.441457
0.441222
0.441304
0.441105
0.441101
0.441019
0.441321
0.44138
0.4411
0.441261
0.441643
0.441316
0.44078
0.441534
0.441188
0.441552
0.441411
0.441685
0.440831
0.441212
0.441233
0.441709
0.441193
0.441575
0.441613
0.441188
0.441515
0.441469
0.441377
0.441098
0.441553
0.441505
0.441409
0.441115
0.440961
0.441292
0.441132
0.441373
0.440985
0.441206
0.441511
0.441347
0.441559
0.441567
0.441498
0.441395
0.441115
0.441093
0.441731
0.440968
0.44134
0.441494
0.441409
0.440762
0.441334
0.441276
0.441589
0.441409
0.441486
0.441458
0.441077
0.441548
0.441349
0.44101
0.441319
0.441006
0.441407
0.44119
0.4414
0.441121
0.441458
0.44154
0.441228
0.441599
0.441401
0.44153
0.441108
0.441628
0.441423
0.441298
0.441733
0.441237
0.441498
0.441479
0.44114
0.441541
0.441053
0.441566
0.441197
0.44137
0.441182
0.440965
0.441451
0.441832
0.441387
0.441175
0.440832
0.441434
0.441335
0.441721
0.441178
0.441248
0.440888
0.441323
0.441197
0.44174
0.441366
0.441812
0.441456
0.441218
0.441369
0.441047
0.44143
0.441269
0.441488
0.441362
0.441815
0.441201
0.44175
0.441352
0.441356
0.441505
0.441282
0.441389
0.441742
0.441344
0.441121
0.441493
0.441341
0.441052
0.441246
0.441302
0.441497
0.441543
0.441647
0.441343
0.441091
0.44156
0.441039
0.441733
0.441487
0.441015
0.441237
0.441343
0.44164
0.441245
0.441255
0.441172
0.441227
0.441491
0.441494
0.441548
0.441185
0.441555
0.441458
0.441541
0.441027
0.441054
0.441208
0.44153
0.441416
0.44135
0.441365
0.441175
0.441525
0.441374
0.441328
0.441492
0.441311
0.4417
0.44163
0.441208
0.441398
0.441255
0.441711
0.441332
0.441199
0.441802
0.441306
0.441724
0.441496
0.441551
0.441499
0.441083
0.440864
0.441121
0.441578
0.441355
0.441089
0.441304
0.441362
0.441413
0.441229
0.441551
0.441603
0.441509
0.441383
0.441514
0.441316
0.441443
0.441399
0.441344
0.441146
0.441411
0.441153
0.441501
0.441012
0.441808
0.441366
0.441321
0.441731
0.441387
0.441185
0.441335
0.441519
0.441768
0.441577
0.441461
0.441502
0.44196
0.441417
0.44152
0.441805
0.441144
0.441443
0.441349
0.441595
0.441391
0.441209
0.441227
0.441131
0.44138
0.441491
0.441612
0.441771
0.441055
0.441196
0.441144
0.441607
0.441693
0.441236
0.441385
0.441238
0.440849
0.441257
0.441267
0.441669
0.441526
0.441052
0.441309
0.441466
0.441659
0.441564
0.441365
0.441577
0.441958
0.441535
0.441437
0.441558
0.441386
0.440969
0.441287
0.441277
0.441302
0.441059
0.441546
0.44131
0.441453
0.441427
0.441377
0.441116
0.441462
0.441398
0.441526
0.441063
0.441372
0.441415
0.441619
0.441418
0.441202
0.441114
0.441016
0.441582
0.441358
0.441752
0.441145
0.441383
0.441705
0.441132
0.441398
0.441384
0.441199
0.441292
0.441476
0.441411
0.441308
0.441563
0.441604
0.441328
0.441297
0.441386
0.44182
0.441146
0.441187
0.441814
0.441559
0.441752
0.441325
0.441435
0.441323
0.441499
0.441655
0.441312
0.441202
0.441593
0.44178
0.441335
0.441437
0.441555
0.441566
0.441417
0.441336
0.441321
0.441619
0.441376
0.441171
0.44173
0.441144
0.441873
0.441394
0.44144
0.441328
0.441317
0.441405
0.441307
0.441316
0.441351
0.44117
0.441469
0.441501
0.441473
0.44114
0.44143
0.441214
0.440906
0.441386
0.44148
0.441728
0.441411
0.441562
0.441624
0.441608
0.441506
0.441368
0.441413
0.441272
0.441143
0.440996
0.441189
0.441344
0.441331
0.441411
0.44155
0.441483
0.441525
0.441477
0.441621
0.441002
0.441295
0.441516
0.440944
0.441273
0.441149
0.441242
0.441316
0.440813
0.441417
0.441632
0.441571
0.440967
0.441236
0.441085
0.44124
0.441559
0.441278
0.441493
0.441317
0.441683
0.441256
0.441375
0.44103
0.44109
0.441251
0.441494
0.441273
0.441438
0.441153
0.441391
0.441348
0.441721
0.441486
0.441364
0.441563
0.441466
0.441394
0.441649
0.441556
0.441507
0.44154
0.441017
0.441174
0.4414
0.441214
0.441316
0.441394
0.44117
0.441187
0.441593
0.441268
0.441248
0.441741
0.441314
0.441239
0.441714
0.44125
0.441733
0.441403
0.441722
0.441392
0.441488
0.441405
0.441433
0.4413
0.441513
0.441135
0.440916
0.441208
0.441119
0.441426
0.44127
0.44166
0.441347
0.441261
0.441751
0.441621
0.441455
0.441313
0.441234
0.442059
0.441015
0.440763
0.441158
0.441103
0.44108
0.441519
0.441336
0.441513
0.441075
0.441413
0.441551
0.441122
0.440976
0.44134
0.441585
0.441574
0.441954
0.441322
0.441369
0.441249
0.441326
0.441544
0.4407
0.441112
0.440867
0.441607
0.441453
0.441497
0.441413
0.441826
0.441482
0.441033
0.441375
0.441195
0.441328
0.441135
0.441383
0.441023
0.441253
0.441349
0.441371
0.441329
0.441599
0.441536
0.441739
0.441354
0.441665
0.441227
0.441754
0.441225
0.441132
0.441321
0.441484
0.441382
0.44095
0.441442
0.441118
0.441432
0.441439
0.441254
0.441477
0.441487
0.441116
0.441257
0.441335
0.441518
0.441435
0.441362
0.440923
0.441348
0.441358
0.441377
0.441159
0.441624
0.441191
0.441759
0.441487
0.441467
0.441637
0.441551
0.4413
0.441665
0.441355
0.441855
0.441327
0.441034
0.441365
0.441072
0.441072
0.441512
0.441083
0.441357
0.441255
0.441665
0.441176
0.441037
0.441776
0.440977
0.441257
0.441458
0.441456
0.441357
0.441352
0.440864
0.441226
0.441071
0.441474
0.441454
0.441612
0.441385
0.44104
0.441591
0.441058
0.441567
0.441242
0.441304
0.441237
0.441438
0.440702
0.441041
0.44139
0.441254
0.441291
0.441111
0.441458
0.441353
0.441458
0.441281
0.441312
0.441579
0.441141
0.44122
0.441476
0.441272
0.441772
0.441127
0.441339
0.441451
0.441427
0.44143
0.441419
0.44173
0.441077
0.441362
0.441527
0.441266
0.441179
0.440974
0.441153
0.441126
0.441506
0.441092
0.441329
0.441717
0.44137
0.441383
0.441123
0.441902
0.440977
0.44141
0.441025
0.441277
0.441464
0.440976
0.441327
0.44172
0.441701
0.441577
0.441196
0.441335
0.441226
0.441335
0.441285
0.441095
0.441414
0.441511
0.441161
0.441043
0.441293
0.441401
0.441038
0.441193
0.441297
0.441323
0.441206
0.441117
0.440974
0.441277
0.441304
0.441764
0.441307
0.4414
0.441523
0.441627
0.441124
0.441149
0.441335
0.441334
0.441375
0.441367
0.4412
0.441492
0.441382
0.441499
0.441447
0.441359
0.441657
0.440966
0.441183
0.44203
0.441457
0.441541
0.441055
0.441318
0.441482
0.441186
0.441412
0.440978
0.441218
0.441649
0.441324
0.441346
0.441297
0.441279
0.441373
0.441573
0.441313
0.441271
0.440781
0.441265
0.441337
0.441474
0.441226
0.440987
0.441253
0.441756
0.440898
0.441175
0.441465
0.441322
0.441337
0.441454
0.441565
0.441248
0.441192
0.441015
0.441521
0.441397
0.441234
0.44127
0.441335
0.441253
0.441135
0.441226
0.44117
0.441584
0.441525
0.441507
0.44126
0.441311
0.441224
0.441822
0.4416
0.441412
0.441594
0.440791
0.441419
0.441341
0.441418
0.441414
0.441208
0.441496
0.441192
0.441174
0.44123
0.441288
0.441343
0.441156
0.441448
0.441576
0.441341
0.441344
0.44138
0.44144
0.441338
0.441287
0.441334
0.441372
0.441288
0.441305
0.441363
