<<<<<<< HEAD
20.5609
20.5612
20.5714
20.4667
20.4143
20.3517
20.3308
20.2935
20.2797
20.2653
20.2569
20.2596
20.261
20.2467
20.2593
20.2561
20.2538
20.2578
20.2535
20.2494
20.2528
20.2467
20.2531
20.2524
20.2525
20.2448
20.2546
20.2414
20.2446
20.2464
20.2439
20.2495
20.2441
20.2502
20.2476
20.2443
20.2452
20.2442
20.2443
20.2362
20.2379
20.2344
20.2344
20.2412
20.2394
20.2366
20.241
20.2343
20.2375
20.2342
20.2308
20.2341
20.2302
20.2338
20.2378
20.2255
20.2243
20.242
20.2311
20.231
20.2306
20.2288
20.2278
20.2269
20.2231
20.2215
20.2224
20.2134
20.2305
20.2313
20.222
20.2225
20.2263
20.2136
20.2171
20.2245
20.2222
20.2181
20.2219
20.2158
20.2203
20.2211
20.2176
20.2159
20.2217
20.2176
20.2174
20.2134
20.2195
20.214
20.2205
20.2208
20.219
20.219
20.2179
20.2153
20.2149
20.2143
20.2175
20.2099
20.2109
20.2148
20.2162
20.2104
20.2124
20.2139
20.2138
20.2102
20.2148
20.212
20.2113
20.2161
20.2155
20.2105
20.2127
20.2121
20.21
20.2087
20.2086
20.2092
20.2113
20.2092
20.2136
20.2082
20.206
20.2084
20.2082
20.2023
20.2061
20.2028
20.2056
20.205
20.2067
20.205
20.2078
20.2048
20.206
20.2012
20.2031
20.2057
20.2009
20.2081
20.1989
20.2068
20.2033
20.2054
20.2029
20.2034
20.2037
20.2056
20.2027
20.2072
20.1993
20.2026
20.2024
20.1961
20.1964
20.2003
20.2005
20.2047
20.206
20.2029
20.2032
20.2047
20.1996
20.2002
20.1968
20.1999
20.2036
20.2033
20.2021
20.1962
20.1962
20.2009
20.2031
20.1975
20.1955
20.1967
20.1996
20.1966
20.2001
20.2044
20.2005
20.2
20.2023
20.1982
20.1997
20.1957
20.1984
20.197
20.2046
20.1978
20.1994
20.1944
20.2019
20.1989
20.1982
20.1947
20.1975
20.1991
20.1991
20.1978
20.1986
20.2
20.1981
20.1981
20.2015
20.2039
20.2006
20.1995
20.2012
20.1979
20.1936
20.1958
20.193
20.2028
20.1961
20.1918
20.1983
20.1957
20.1933
20.201
20.1971
20.1939
20.1994
20.1978
20.1948
20.1963
20.1978
20.1892
20.1969
20.1986
20.1931
20.195
20.1979
20.1952
20.1985
20.1953
20.191
20.1932
20.2024
20.1982
20.192
20.1935
20.1951
20.1947
20.1936
20.1925
20.1965
20.1995
20.1984
20.1983
20.197
20.1986
20.192
20.1971
20.1915
20.1915
20.1923
20.198
20.1962
20.1997
20.1956
20.2018
20.1989
20.1906
20.1918
20.196
20.1922
20.1936
20.197
20.193
20.1936
20.1901
20.19
20.1922
20.1953
=======
20.5711
>>>>>>> c38c8a150a11d5187ab8fba262387f3b6cdbe801
