0.747922
0.717931
0.702649
0.705303
0.715695
0.724252
0.725991
0.711808
0.699148
0.68256
0.676552
0.670464
0.667492
0.667924
0.66789
0.667974
0.668897
0.670519
0.670948
0.67243
0.673815
0.672227
0.67599
0.675487
0.674057
0.674502
0.673794
0.675617
0.673828
0.672407
0.672411
0.670937
0.670568
0.67018
0.669172
0.668061
0.66819
0.66836
0.667821
0.667324
0.667124
0.667103
0.667239
0.666986
0.667904
0.667644
0.667749
0.668066
0.667718
0.668188
0.668052
0.667714
0.668204
0.667634
0.667671
0.667402
0.667441
0.667272
0.667363
0.66695
0.667223
0.667025
0.66727
0.667215
0.667313
0.667135
0.667278
0.666981
0.666902
0.667277
0.667327
0.667232
0.667047
0.666808
0.667004
0.667095
0.667238
0.667242
0.667164
0.667231
0.666936
0.667406
0.667095
0.667059
0.667334
0.667136
0.667289
0.66715
0.667435
0.667026
0.666885
0.6674
0.66665
0.666843
0.667014
0.667342
0.666586
0.667032
0.667558
0.666971
0.667118
0.66701
0.666878
0.667262
0.667082
0.667477
0.666898
0.667128
0.667395
0.667316
0.667091
0.667186
0.667163
0.667281
0.667048
0.667352
0.667094
0.666981
0.667089
0.667237
0.666936
0.666844
0.666625
0.666766
0.667349
0.666758
0.667569
0.666813
0.667005
0.667157
0.667052
0.667139
0.667077
0.667146
0.667113
0.667274
0.667198
0.667239
0.667101
0.667118
0.66689
0.667235
0.667087
0.666842
0.667243
0.667615
0.666973
0.667074
0.666857
0.66685
0.66701
0.667584
0.667387
0.66686
0.667373
0.667297
0.667056
0.667352
0.667032
0.66707
0.667107
0.667199
0.667223
0.667185
0.667548
0.667165
0.66739
0.667031
0.667207
0.667183
0.667455
0.667375
0.667375
0.667131
0.667105
0.667091
0.667363
0.666973
0.66703
0.667476
0.667196
0.666852
0.667275
0.666661
0.667476
0.666882
0.667252
0.66736
0.667087
0.667383
0.667053
0.667247
0.666581
0.666929
0.666879
0.66686
0.666863
0.667191
0.667016
0.666957
0.667184
0.667021
0.667073
0.667073
0.667572
0.666972
0.667329
0.66681
0.666814
0.667444
0.666771
0.666916
0.667125
0.667237
0.667156
0.667282
0.667299
0.667089
0.666919
0.667015
0.667181
0.666679
0.66679
0.667319
0.667086
0.667333
0.667222
0.66698
0.66714
0.667316
0.666939
0.667134
0.666744
0.667351
0.666963
0.667142
0.667301
0.667312
0.667123
0.667375
0.667075
0.667323
0.666955
0.66674
0.666854
0.667121
0.667192
0.666943
0.667172
0.666872
0.667333
0.66708
0.667091
0.66731
0.667208
0.667254
0.667117
0.667134
0.667108
0.667272
0.667097
0.667066
0.667031
0.666767
0.666966
0.667115
0.667038
0.66729
0.666954
0.667247
0.667363
0.667163
0.667329
0.667044
0.66676
0.66707
0.666777
0.667124
0.666957
0.667048
0.667166
0.667395
0.667207
0.667336
0.666658
0.667515
0.667257
0.667145
0.666867
0.667105
0.667225
0.667118
0.667127
0.667052
0.667203
0.666954
0.667031
0.667439
0.666908
0.667179
0.667344
0.666661
0.667227
0.667258
0.667003
0.667081
0.667221
0.666888
0.667217
0.667192
0.666942
0.667144
0.66714
0.667113
0.6672
0.667086
0.666627
0.667305
0.667204
0.666883
0.667112
0.667251
0.667323
0.667315
0.666763
0.66728
0.667275
0.667241
0.667084
0.666853
0.667134
0.666888
0.666876
0.666934
0.666928
0.667149
0.667228
0.666887
0.666986
0.666986
0.667102
0.666939
0.667244
0.667346
0.667107
0.667006
0.667004
0.667124
0.667156
0.66716
0.667113
0.667441
0.667124
0.667055
0.667095
0.667016
0.666661
0.666994
0.667237
0.666848
0.667371
0.666982
0.667152
0.667216
0.666852
0.666988
0.666987
0.667253
0.666997
0.667207
0.666916
0.667212
0.667135
0.666962
0.667297
0.667114
0.667492
0.667197
0.66715
0.666972
0.666971
0.667093
0.666937
0.667001
0.667156
0.666881
0.666989
0.667137
0.667087
0.667134
0.666879
0.667194
0.667642
0.666849
0.667387
0.66736
0.666924
0.66706
0.667309
0.667038
0.666934
0.667405
0.667148
0.6668
0.667084
0.667204
0.667084
0.666965
0.666796
0.667099
0.666934
0.667217
0.667375
0.667184
0.666709
0.666762
0.66688
0.666632
0.667164
0.667403
0.667099
0.667108
0.667114
0.666933
0.667451
0.666791
0.667279
0.667489
0.667101
0.667026
0.667185
0.667041
0.666958
0.667357
0.667233
0.667017
0.667176
0.667014
0.667325
0.667114
0.667114
0.667056
0.66667
0.66741
0.666761
0.666939
0.667416
0.666911
0.66704
0.667085
0.667054
0.667008
0.667114
0.66743
0.66696
0.666974
0.667047
0.667153
0.666808
0.667376
0.66693
0.667423
0.66713
0.667069
0.666636
0.667085
0.667159
0.667231
0.666963
0.667016
0.666912
0.667137
0.666854
0.667103
0.667028
0.666909
0.666659
0.66722
0.66678
0.66726
0.667243
0.667101
0.667348
0.667162
0.666631
0.666993
0.666961
0.667322
0.667016
0.667151
0.667209
0.667127
0.667185
0.66701
0.666807
0.666893
0.666984
0.666999
0.666717
0.666666
0.667138
0.667011
0.667153
0.667016
0.667249
0.667469
0.667098
0.667423
0.66679
0.667146
0.667253
0.667648
0.666834
0.667375
0.667271
0.667145
0.667104
0.666594
0.667057
0.667302
0.66745
0.667096
0.667109
0.667324
0.667148
0.666968
0.666848
0.667087
0.667285
0.667244
0.666779
0.667119
0.666934
0.667184
0.666847
0.667127
0.666808
0.667065
0.667239
0.667155
0.666953
0.667264
0.667107
0.666973
0.667117
0.667025
0.667111
0.666475
0.667258
0.666905
0.667314
0.666853
0.667009
0.667101
0.667285
0.667054
0.667112
0.666791
0.667306
0.667026
0.667169
0.666943
0.66695
0.667329
0.667176
0.667047
0.667054
0.667171
0.667294
0.666928
0.667215
0.667283
0.667031
0.66699
0.666927
0.667164
0.667439
0.667356
0.667082
0.666966
0.666934
0.667166
0.66675
0.667119
0.667193
0.667029
0.667265
0.667015
0.667218
0.667436
0.667193
0.667307
0.667086
0.666822
0.667245
0.667364
0.666593
0.66719
0.667216
0.667221
0.667299
0.666773
0.667014
0.666611
0.667122
0.666887
0.667067
0.666859
0.666779
0.667174
0.66662
0.667244
0.666995
0.667396
0.66713
0.666972
0.666633
0.666955
0.667427
0.667089
0.66691
0.667142
0.667026
0.667239
0.666987
0.667138
0.667472
0.666943
0.667053
0.667127
0.666922
0.666696
0.667085
0.666807
0.667042
0.667045
0.667058
0.667055
0.667541
0.667554
0.666823
0.667439
0.667205
0.66745
0.667103
0.66695
0.667177
0.666942
0.667581
0.667449
0.666981
0.667292
0.667266
0.66758
0.667414
0.667096
0.667417
0.667252
0.667153
0.667012
0.667042
0.667129
0.667535
0.667145
0.66742
0.667365
0.667145
0.666827
0.667427
0.667184
0.667285
0.66686
0.666961
0.667049
0.667362
0.667099
0.666793
0.666799
0.667092
0.667054
0.667419
0.667167
0.666996
0.666911
0.667407
0.666834
0.667255
0.667102
0.667447
0.667025
0.666973
0.667343
0.667031
0.666939
0.666742
0.667281
0.666576
0.667107
0.66716
0.66688
0.667329
0.667148
0.667256
0.667513
0.667319
0.667329
0.667052
0.667174
0.667054
0.667328
0.666985
0.666725
0.667158
0.667205
0.667314
0.66696
0.667075
0.667135
0.667295
0.667243
0.666856
0.667288
0.666926
0.667615
0.666793
0.666981
0.667307
0.666963
0.66677
0.667277
0.666768
0.667369
0.667369
0.666975
0.66714
0.666746
0.66672
0.66739
0.667418
0.666653
0.666651
0.66696
0.666741
0.667116
0.667058
0.666946
0.667265
0.666847
0.666937
0.667276
0.667146
0.667533
0.667436
0.667035
0.667133
0.666768
0.66705
0.666941
0.666995
0.667073
0.667102
0.667214
0.667491
0.666913
0.666741
0.666605
0.666935
0.667027
0.667038
0.666862
0.666922
0.667052
0.667122
0.667333
0.666919
0.667297
0.666879
0.667183
0.667383
0.667371
0.667474
0.667144
0.667234
0.66737
0.666875
0.66691
0.667246
0.666663
0.667263
0.666969
0.666582
0.666825
0.667158
0.666913
0.666969
0.667135
0.667067
0.667089
0.667034
0.667168
0.667033
0.667177
0.666922
0.666654
0.667388
0.667325
0.667184
0.666953
0.666973
0.66743
0.667062
0.666931
0.667277
0.667003
0.667214
0.667106
0.667537
0.667322
0.667297
0.667051
0.667059
0.667195
0.667127
0.667041
0.667151
0.667161
0.66701
0.666956
0.667185
0.666892
0.66723
0.667513
0.66733
0.66676
0.6666
0.667014
0.666886
0.667045
0.666948
0.666867
0.667148
0.667239
0.667233
0.667242
0.667139
0.667079
0.666916
0.667143
0.666729
0.667424
0.667328
0.667135
0.667249
0.667038
0.667549
0.667363
0.667163
0.666822
0.667012
0.666984
0.667235
0.667095
0.667083
0.667028
0.666813
0.667227
0.667137
0.667201
0.666944
0.667267
0.66718
0.667042
0.66702
0.667359
0.667063
0.667148
0.667174
0.667016
0.667161
0.667308
0.667077
0.667147
0.667196
0.667115
0.667186
0.667005
0.667056
0.667239
0.667086
0.666865
0.667404
0.666795
0.667139
0.667251
0.666974
0.667358
0.667123
0.666882
0.667604
0.667166
0.667241
0.667054
0.667368
0.667023
0.667275
0.667043
0.66699
0.666798
0.667225
0.667316
0.667305
0.667261
0.66704
0.666995
0.6669
0.667101
0.667389
0.667132
0.666662
0.667078
0.667465
0.667572
0.667102
0.666809
0.66698
0.666864
0.666966
0.667301
0.667399
0.66707
0.667291
0.666976
0.666879
0.666854
0.66752
0.667415
0.667377
0.667069
0.667086
0.667147
0.667096
0.666931
0.66708
0.666959
0.66693
0.667192
0.666882
0.667048
0.667454
0.666888
0.667301
0.667525
0.667237
0.667008
0.66673
0.667199
0.667041
0.667382
0.666666
0.666973
0.667173
0.66716
0.667338
0.66718
0.666988
0.667117
0.667059
0.66726
0.667039
0.666861
0.666743
0.66721
0.66691
0.667097
0.667143
0.667106
0.666967
0.667057
0.666955
0.667114
0.667326
0.667365
0.667011
0.666809
0.667376
0.66703
0.667315
0.66722
0.667136
0.667088
0.667128
0.667038
0.667163
0.667123
0.667026
0.66714
0.667137
0.667038
0.66708
0.66712
