   23603
   77630
  126733
  185455
  226914
  290713
  334810
  390392
  440482
  491405
  545560
  606319
  650917
  702858
  750302
  799054
  860681
  911260
  967649
 1005626
 1071302
 1116984
 1181923
 1216095
 1272370
 1325696
 1378040
 1394248
 1487537
 1535517
 1567339
 1624729
 1684063
 1718274
 1767536
 1846266
 1909061
 1941390
 1982420
 2037259
 2085936
 2156203
 2192710
 2263728
 2303845
 2387451
 2408962
 2472953
 2518427
 2567932
 2655550
 2703634
 2770134
 2750564
 2855337
 2884544
 2948797
 3027531
 3072601
 3096478
 3174663
 3213342
 3259594
 3298588
 3376920
 3373558
 3451502
 3511084
 3543383
 3614919
 3682534
 3755421
 3769562
 3831204
 3870021
 3931566
 3984322
 4013248
 4091730
 4162826
 4191680
 4242072
 4303336
 4334966
 4365814
 4434285
 4488402
 4526942
 4584354
 4644049
 4706483
 4764567
 4792528
 4822776
 4891456
 4928880
 4968968
 5027731
 5071288
 5123927
 5134147
 5196808
 5288492
 5307482
 5394482
 5432159
 5534076
 5515937
 5607841
 5625810
 5704828
 5741022
 5829393
 5808439
 5901681
 5954475
 6038183
 6056898
 6091350
 6101837
 6228141
 6261873
 6310964
 6368030
 6481473
 6494017
 6517285
 6577664
 6560448
 6634563
 6709366
 6766915
 6847245
 6906483
 7002649
 7020192
 7055831
 7079854
 7150808
 7215224
 7256272
 7314747
 7328040
 7416891
 7441908
 7549506
 7512470
 7663211
 7656389
 7693103
 7765579
 7767777
 7792766
 7878315
 7955644
 7964337
 8047674
 8074805
 8212681
 8153763
 8195927
 8304124
 8305324
 8355461
 8414018
 8500088
 8525183
 8569185
 8601647
 8643443
 8692233
 8765201
 8847207
 8839520
 8939157
 8976973
 9015050
 9072381
 9174436
 9124751
 9168495
 9242523
 9334398
 9395497
 9475240
 9491022
 9527002
 9566403
 9642105
 9645435
 9742989
 9750760
 9845030
 9848749
 9891169
 9971085
10014349
10049550
10132618
10149937
10207053
10189802
10372464
10306264
10376633
10443158
10540029
10543940
10556565
10653529
10763874
10699101
10877426
10889199
10939545
11004951
10988585
11062595
11141999
11158474
11224744
11227438
11350115
11316115
11337528
11424181
11525780
11495456
11622389
11654948
11707838
11762861
11764106
11830033
11916351
11886967
11901425
11997990
11994844
12169913
12168128
12228292
12259764
12363052
12370044
12401203
12494977
12528000
12597362
12568864
12710880
12746121
12775590
12730716
12764002
12852238
12952001
12934612
13000522
12978285
13091840
13118244
13120515
13210793
13253877
13270416
13366995
13459495
13416836
13477119
13562889
13606971
13626496
13690415
13695566
13767338
13818148
13853183
13857921
13930516
13982874
14054186
14028233
14076706
14146033
14221090
14256150
14292305
14322906
14322875
14447057
14461860
14555094
14626543
14629143
14709214
14699237
14831000
14774772
14921215
14890118
14960944
14959804
15056198
15082497
15153627
15176020
15160303
15201491
15273960
15322967
15379537
15359174
15433849
15472967
15465726
15589421
15589634
15664491
15687406
15752768
15766156
15874085
15879170
15894734
15989664
16048984
16119168
16125844
16204052
16185793
16315251
16362825
16469681
16483183
16515670
16527283
16524948
16590404
16624735
16713951
16768974
16777896
16761485
16808551
16846816
16938263
16996151
16994015
17105203
17074884
17060418
17153305
17196354
17203039
17264595
17330124
17379904
17395436
17432119
17483760
17528481
17544840
17636541
17574896
17640795
17660476
17778536
17732824
17814089
17917249
17925112
17960143
17970951
17989960
18030290
18126658
18174910
18165726
18148999
18225667
18266946
18280850
18328960
18346184
18535492
18492570
18551912
18560055
18539364
18602175
18771357
18673295
18796421
18836033
18839862
18816380
18969290
18954797
19089839
19061900
19050545
19142979
19180934
19230605
19260759
19254034
19358909
19368064
19398802
19466531
19476090
19459660
19471468
19608220
19583065
19600821
19650213
19698729
19777509
19709207
19789210
19814096
19902092
19859229
19892324
19956645
20023182
20036605
20071262
20180426
20142035
20224536
20209697
20189320
20264265
20251284
20365999
20354206
20327083
20364344
20368817
20398308
20439100
20446974
20468748
20535672
20530751
20566174
20664439
20697319
20670295
20690313
20691778
20718729
20709779
20795258
20856095
20779979
20751830
20791682
20875170
20940838
20974318
20950520
21025243
20997892
21091998
21065200
21041120
21184221
21202407
21136553
21148274
21199946
21159492
21250390
21276776
21236694
21354365
21290189
21404600
21400935
21384059
21464720
21394718
21458208
21431404
21464862
21462289
21497716
21531684
21577287
21572881
21609357
21694965
21627459
21698754
21681686
21707112
21785876
21750097
21756893
21754164
21826979
21795501
21812865
21806969
21828148
21867848
21908676
21845383
21914591
21938837
21959584
22014095
22123825
21973539
22059817
22062626
22133107
22128137
22204886
22220430
22206021
22195386
22296761
22255071
22311344
22351904
22366467
22398952
22403080
22446921
22448284
22496752
22422717
22454413
22564571
22553834
22614832
22637115
22621342
22615067
22658553
22748363
22828280
22849336
22729373
22817953
22893816
22865112
22856325
22977713
23006944
23016125
23105248
23111262
23071994
23159709
23192806
23203373
23174118
23288612
23339794
23226380
23290840
23373426
23369027
23369971
23353797
23435316
23479452
23557854
23503500
23544676
23536651
23592843
23587664
23604122
23626391
23700241
23729192
23710853
23668794
23730145
23797477
23811315
23829229
23857444
23892679
23786488
23824098
23868298
23800910
23894667
23769375
23839071
23845869
23850053
23941262
23983813
23842803
23803022
23793502
23839112
23896564
23831210
23871505
23775804
23893477
23828029
23809927
23798475
23749126
23713308
23733318
23717469
23619812
23606621
23642549
23622978
23525901
23523044
23355413
23460036
23360839
23344731
23319344
23329637
23260892
23197563
23183306
23068087
23071400
23004393
22921677
22874233
22782445
22656867
22720503
22519250
22472504
22384765
22382657
22190930
22223569
22142656
22108840
21986939
21832582
21792037
21640088
21553940
21570440
21307234
21285550
21148681
21034247
20938309
20823539
20728640
20643944
20529310
20376924
20164288
20138033
19997531
19899403
19774751
19580902
19518503
19469554
19264756
19088860
18982930
18849940
18741284
18542070
18411913
18234258
18097321
17964102
17784892
17641257
17403497
17384359
17213190
17096965
16853422
16748876
16572581
16495739
16178567
16105687
15830185
15690521
15551242
15383423
15228054
15081390
15005824
14745436
14533120
14431629
14221530
14050065
13965258
13767840
13536984
13410390
13263644
13090447
12917834
12802443
12621137
12434660
12280920
12077373
11955929
11798519
11608160
11460294
11247047
11149818
10932247
10764027
10614632
10431149
10268335
10162957
 9983600
 9829516
 9689048
 9523961
 9370167
 9182824
 9030965
 8827430
 8745321
 8565008
 8454823
 8303906
 8106258
 7936980
 7856350
 7682466
 7538434
 7405133
 7273427
 7144208
 6949187
 6891574
 6743063
 6576120
 6513599
 6314290
 6185944
 6078451
 5938604
 5827851
 5685895
 5581692
 5439482
 5311378
 5184785
 5120852
 5003754
 4917956
 4802780
 4692700
 4586852
 4455265
 4390614
 4276695
 4138027
 4074230
 3938966
 3871416
 3743921
 3680847
 3560772
 3534824
 3418735
 3319608
 3258373
 3164368
 3056571
 3021568
 2938305
 2840983
 2785017
 2727394
 2653232
 2596542
 2488070
 2444883
 2379304
 2328284
 2220124
 2183598
 2118046
 2041921
 2023620
 1949352
 1893606
 1831063
 1788684
 1726416
 1670578
 1626784
 1597859
 1521966
 1486085
 1434738
 1376838
 1348591
 1315231
 1258697
 1207700
 1181579
 1142813
 1114643
 1078324
 1042199
 1015421
  982440
  955531
  919943
  902867
  852358
  838459
  820357
  775554
  754223
  731778
  692383
  676342
  661226
  646734
  617315
  601710
  579212
  582009
  539126
  524323
  501912
  494401
  483381
  441163
  432504
  426833
  409182
  385037
  383873
  360785
  351149
  337642
  312275
  303348
  298069
  282736
  272881
  265018
  252082
  244123
  235234
  227276
  211437
  203940
  194225
  191090
  186345
  176064
  166909
  161886
  157808
  149000
  149342
  136014
  132357
  122078
  121949
  117335
  106765
  104814
   95820
   97182
   88164
   88038
   83934
   79820
   80044
   76366
   68573
   66587
   64683
   63059
   56933
   54842
   53895
   53325
   48513
   51727
   44271
   45240
   44630
   40475
   39552
   32032
   31965
   30989
   28334
   28339
   25979
   26212
   25401
   23199
   22129
   20494
   18530
   17434
   17664
   16338
   15680
   14736
   14636
   13293
   13432
   11974
   12189
   11099
   11404
   10043
    9716
    7252
    8754
    7365
    6936
    7025
    7000
    7177
    7531
    5821
    5290
    5454
    4947
    3838
    4338
    3492
    4290
    3539
    1991
    2061
    2492
    2940
    2167
    2199
    2279
    2202
    2517
    1761
    1403
    1937
    1560
    1789
    1554
    1326
    1074
    1373
    1373
    1211
    1333
     480
     805
    1136
     686
     914
     840
     816
     586
     406
     270
     585
     199
     507
     558
     134
     614
     352
     207
     394
      39
     334
     256
     289
     207
     209
     178
     227
     218
     478
      89
      27
      14
       5
     414
     272
     159
     249
     168
      24
     140
     207
     104
      45
      28
     159
      37
       0
      19
     120
     117
     358
     220
     135
      80
       0
       0
       0
      74
       0
     286
      26
       0
       0
       0
       0
       0
       0
       0
       0
       0
       0
       0
       0
       0
       0
       0
       0
       0
       0
       0
       0
       0
       0
       0
       0
       0
       0
       0
       0
       0
       0
       0
       0
       0
       0
       0
       0
       0
       0
       0
       0
       0
       0
       0
       0
       0
       0
       0
       0
       0
       0
       0
       0
       0
       0
       0
       0
       0
       0
       0
       0
       0
       0
       0
       0
       0
       0
       0
       0
       0
       0
       0
       0
       0
       0
       0
       0
       0
       0
       0
       0
       0
       0
       0
       0
       0
       0
       0
       0
       0
       0
       0
       0
       0
       0
       0
       0
       0
       0
       0
       0
       0
       0
       0
       0
       0
       0
       0
       0
       0
       0
       0
       0
       0
       0
       0
       0
       0
       0
       0
       0
       0
       0
       0
       0
       0
       0
       0
       0
       0
       0
       0
       0
       0
       0
       0
       0
       0
       0
       0
       0
       0
       0
       0
       0
       0
       0
       0
       0
       0
       0
       0
       0
       0
       0
       0
       0
       0
       0
       0
       0
       0
       0
       0
       0
       0
       0
       0
       0
       0
       0
       0
       0
       0
       0
       0
       0
       0
       0
       0
       0
       0
       0
       0
       0
       0
       0
       0
       0
       0
       0
       0
       0
       0
       0
       0
       0
       0
       0
       0
       0
       0
       0
       0
       0
       0
       0
       0
       0
       0
       0
       0
       0
       0
       0
       0
       0
       0
       0
       0
       0
       0
       0
       0
       0
       0
       0
       0
       0
       0
       0
       0
       0
       0
       0
       0
       0
       0
       0
       0
       0
       0
       0
       0
       0
       0
       0
       0
       0
       0
       0
       0
       0
       0
       0
       0
       0
       0
       0
       0
       0
       0
       0
       0
       0
       0
       0
       0
       0
       0
       0
       0
       0
       0
       0
       0
       0
       0
       0
       0
       0
       0
       0
       0
       0
       0
       0
       0
       0
       0
       0
       0
       0
       0
       0
       0
       0
       0
       0
       0
       0
       0
       0
       0
       0
       0
       0
       0
       0
       0
       0
       0
       0
       0
       0
       0
       0
       0
       0
       0
       0
       0
       0
       0
       0
       0
       0
       0
       0
       0
       0
       0
       0
       0
       0
       0
       0
       0
       0
       0
       0
       0
       0
       0
       0
       0
       0
       0
       0
       0
       0
       0
       0
       0
       0
       0
       0
       0
       0
       0
       0
       0
       0
       0
       0
       0
       0
       0
       0
       0
       0
       0
       0
       0
       0
       0
       0
       0
       0
       0
       0
       0
       0
       0
       0
       0
       0
       0
       0
       0
       0
       0
       0
       0
       0
       0
       0
       0
       0
       0
       0
       0
       0
       0
       0
       0
       0
       0
       0
       0
       0
       0
       0
       0
       0
       0
       0
       0
       0
       0
       0
       0
       0
       0
       0
       0
       0
       0
       0
       0
       0
       0
       0
       0
       0
       0
       0
       0
       0
       0
       0
       0
       0
       0
       0
       0
       0
       0
       0
       0
       0
       0
       0
       0
       0
       0
       0
       0
       0
       0
       0
       0
       0
       0
       0
       0
       0
       0
       0
       0
       0
       0
       0
       0
       0
       0
       0
       0
       0
       0
       0
       0
       0
       0
       0
       0
       0
       0
       0
       0
       0
       0
       0
       0
       0
       0
       0
       0
       0
       0
       0
       0
       0
       0
       0
       0
       0
       0
       0
       0
       0
       0
       0
       0
       0
       0
       0
       0
       0
       0
       0
       0
       0
       0
       0
       0
       0
       0
       0
       0
       0
       0
       0
       0
       0
       0
       0
       0
       0
       0
       0
       0
       0
       0
       0
       0
       0
       0
       0
       0
       0
       0
       0
       0
       0
       0
       0
       0
       0
       0
       0
       0
       0
       0
       0
       0
       0
       0
       0
       0
       0
       0
       0
       0
       0
       0
       0
       0
       0
       0
       0
       0
       0
       0
       0
       0
       0
       0
       0
       0
       0
       0
       0
       0
       0
       0
       0
       0
       0
       0
       0
       0
       0
       0
       0
       0
       0
       0
       0
       0
       0
       0
       0
       0
       0
       0
       0
       0
       0
       0
       0
       0
       0
       0
       0
       0
       0
       0
       0
       0
       0
       0
       0
       0
       0
       0
       0
       0
       0
       0
       0
       0
       0
       0
       0
       0
       0
       0
       0
       0
       0
       0
       0
       0
       0
       0
       0
       0
       0
       0
       0
       0
       0
       0
       0
       0
       0
       0
       0
       0
       0
       0
       0
       0
       0
       0
       0
       0
       0
       0
       0
       0
       0
       0
       0
       0
       0
       0
       0
       0
       0
       0
       0
       0
       0
       0
       0
       0
       0
       0
       0
       0
       0
       0
       0
       0
       0
       0
       0
       0
       0
       0
       0
       0
       0
       0
       0
       0
       0
       0
       0
       0
       0
       0
       0
       0
       0
       0
       0
       0
       0
       0
       0
       0
       0
       0
       0
       0
       0
       0
       0
       0
       0
       0
       0
       0
       0
       0
       0
       0
       0
       0
       0
       0
       0
       0
       0
       0
       0
       0
       0
       0
       0
       0
       0
       0
       0
       0
       0
       0
       0
       0
       0
       0
       0
       0
       0
       0
       0
       0
       0
       0
       0
       0
       0
       0
       0
       0
       0
       0
       0
       0
       0
       0
       0
       0
       0
       0
       0
       0
       0
       0
       0
       0
       0
       0
       0
       0
       0
       0
       0
       0
       0
       0
       0
       0
       0
       0
       0
       0
       0
       0
       0
       0
       0
       0
       0
       0
       0
       0
       0
       0
       0
       0
       0
       0
       0
       0
       0
       0
       0
       0
       0
       0
       0
       0
       0
       0
       0
       0
       0
       0
       0
       0
       0
       0
       0
       0
       0
       0
       0
       0
       0
       0
       0
       0
       0
       0
       0
       0
       0
       0
       0
       0
       0
       0
       0
       0
       0
       0
       0
       0
       0
       0
       0
       0
       0
       0
       0
       0
       0
       0
       0
       0
       0
       0
       0
       0
       0
       0
       0
       0
       0
       0
       0
       0
       0
       0
       0
       0
       0
       0
       0
       0
       0
       0
       0
       0
       0
       0
       0
       0
       0
       0
       0
       0
       0
       0
       0
       0
       0
       0
       0
       0
       0
       0
       0
       0
       0
       0
       0
       0
       0
       0
       0
       0
       0
       0
       0
       0
       0
       0
       0
       0
       0
       0
       0
       0
       0
       0
       0
       0
       0
       0
       0
       0
       0
       0
       0
       0
       0
       0
       0
       0
       0
       0
       0
       0
       0
       0
       0
       0
       0
       0
       0
       0
       0
       0
       0
       0
       0
       0
       0
       0
       0
       0
       0
       0
       0
       0
       0
       0
       0
       0
       0
       0
       0
       0
       0
       0
       0
       0
       0
       0
       0
       0
       0
       0
       0
       0
       0
       0
       0
       0
       0
       0
       0
       0
       0
       0
       0
       0
       0
       0
       0
       0
       0
       0
       0
       0
       0
       0
       0
       0
       0
       0
       0
       0
       0
       0
       0
       0
       0
       0
       0
       0
       0
       0
       0
       0
       0
       0
       0
       0
       0
       0
       0
       0
       0
       0
       0
       0
       0
       0
       0
       0
       0
       0
       0
       0
       0
       0
       0
       0
       0
       0
       0
       0
       0
       0
       0
       0
       0
       0
       0
       0
       0
       0
       0
       0
       0
       0
       0
       0
       0
       0
       0
       0
       0
       0
       0
       0
       0
       0
       0
       0
       0
       0
       0
       0
       0
       0
       0
       0
       0
       0
       0
       0
       0
       0
       0
       0
       0
       0
       0
       0
       0
       0
       0
       0
       0
       0
       0
       0
       0
       0
       0
       0
       0
       0
       0
       0
       0
       0
       0
       0
       0
       0
       0
       0
       0
       0
       0
       0
       0
       0
       0
       0
       0
       0
       0
       0
       0
       0
       0
       0
       0
       0
       0
       0
       0
       0
       0
       0
       0
       0
       0
       0
       0
       0
       0
       0
       0
       0
       0
       0
       0
       0
       0
       0
       0
       0
       0
       0
       0
       0
       0
       0
       0
       0
       0
       0
       0
       0
       0
       0
       0
       0
       0
       0
       0
       0
       0
       0
       0
       0
       0
       0
       0
       0
       0
       0
       0
       0
       0
       0
       0
       0
       0
       0
       0
       0
       0
       0
       0
       0
       0
       0
       0
       0
       0
       0
       0
       0
       0
       0
       0
       0
       0
       0
       0
       0
       0
       0
       0
       0
       0
       0
       0
       0
       0
       0
       0
       0
       0
       0
       0
       0
       0
       0
       0
       0
       0
       0
       0
       0
       0
       0
       0
       0
       0
       0
       0
       0
       0
       0
       0
       0
       0
       0
       0
       0
       0
       0
       0
       0
       0
       0
       0
       0
       0
       0
       0
       0
       0
       0
       0
       0
       0
       0
       0
       0
       0
       0
       0
       0
       0
       0
       0
       0
       0
       0
       0
       0
       0
       0
       0
       0
       0
       0
       0
       0
       0
       0
       0
       0
       0
       0
       0
       0
       0
       0
       0
       0
       0
       0
       0
       0
       0
       0
       0
       0
       0
       0
       0
       0
       0
       0
       0
       0
       0
       0
       0
       0
       0
       0
       0
       0
       0
       0
       0
       0
       0
       0
       0
       0
       0
       0
       0
       0
       0
       0
       0
       0
       0
       0
       0
       0
       0
       0
       0
       0
       0
       0
       0
       0
       0
       0
       0
       0
       0
       0
       0
       0
       0
       0
       0
       0
       0
       0
       0
       0
       0
       0
       0
       0
       0
       0
       0
       0
       0
       0
       0
       0
       0
       0
       0
       0
       0
       0
       0
       0
       0
       0
       0
       0
       0
       0
       0
       0
       0
       0
       0
       0
       0
       0
       0
       0
       0
       0
       0
       0
       0
       0
       0
       0
       0
       0
       0
       0
       0
       0
       0
       0
       0
       0
       0
       0
       0
       0
       0
       0
       0
       0
       0
       0
       0
       0
       0
       0
       0
       0
       0
       0
       0
       0
       0
       0
       0
       0
       0
       0
       0
       0
       0
       0
       0
       0
       0
       0
       0
       0
       0
       0
       0
       0
       0
       0
       0
       0
       0
       0
       0
       0
       0
       0
       0
       0
       0
       0
       0
       0
       0
       0
       0
       0
       0
       0
       0
       0
       0
       0
       0
       0
       0
       0
       0
       0
       0
       0
       0
       0
       0
       0
       0
       0
       0
       0
       0
       0
       0
       0
       0
       0
       0
       0
       0
       0
       0
       0
       0
       0
       0
       0
       0
       0
       0
       0
       0
       0
       0
       0
       0
       0
       0
       0
       0
       0
       0
       0
       0
       0
       0
       0
       0
       0
       0
       0
       0
       0
       0
       0
       0
       0
       0
       0
       0
       0
       0
       0
       0
       0
       0
       0
       0
       0
       0
       0
       0
       0
       0
       0
       0
       0
       0
       0
       0
       0
       0
       0
       0
       0
       0
       0
       0
       0
       0
       0
       0
       0
       0
       0
       0
       0
       0
       0
       0
       0
       0
       0
       0
       0
       0
       0
       0
       0
       0
       0
       0
       0
       0
       0
       0
       0
       0
       0
       0
       0
       0
       0
       0
       0
       0
       0
       0
       0
       0
       0
       0
       0
       0
       0
       0
       0
       0
       0
       0
       0
       0
       0
       0
       0
       0
       0
       0
       0
       0
       0
       0
       0
       0
       0
       0
       0
       0
       0
       0
       0
       0
       0
       0
       0
       0
       0
       0
       0
       0
       0
       0
       0
       0
       0
       0
       0
       0
       0
       0
       0
       0
       0
       0
       0
       0
       0
       0
       0
       0
       0
       0
       0
       0
       0
       0
       0
       0
       0
       0
       0
       0
       0
       0
       0
       0
       0
       0
       0
       0
       0
       0
       0
       0
       0
       0
       0
       0
       0
       0
       0
       0
       0
       0
       0
       0
       0
       0
       0
       0
       0
       0
       0
       0
       0
       0
       0
       0
       0
       0
       0
       0
       0
       0
       0
       0
       0
       0
       0
       0
       0
       0
       0
       0
       0
       0
       0
       0
       0
       0
       0
       0
       0
       0
       0
       0
       0
       0
       0
       0
       0
       0
       0
       0
       0
       0
       0
       0
       0
       0
       0
       0
       0
       0
       0
       0
       0
       0
       0
       0
       0
       0
       0
       0
       0
       0
       0
       0
       0
       0
       0
       0
       0
       0
       0
       0
       0
       0
       0
       0
       0
       0
       0
       0
       0
       0
       0
       0
       0
       0
       0
       0
       0
       0
       0
       0
       0
       0
       0
       0
       0
       0
       0
       0
       0
       0
       0
       0
       0
       0
       0
       0
       0
       0
       0
       0
       0
       0
       0
       0
       0
       0
       0
       0
       0
       0
       0
       0
       0
       0
       0
       0
       0
       0
       0
       0
       0
       0
       0
       0
       0
       0
       0
       0
       0
       0
       0
       0
       0
       0
       0
       0
       0
       0
       0
       0
       0
       0
       0
       0
       0
       0
       0
       0
       0
       0
       0
       0
       0
       0
       0
       0
       0
       0
       0
       0
       0
       0
       0
       0
       0
       0
       0
       0
       0
       0
       0
       0
       0
       0
