       0
    4833
   18487
   27574
   38016
   45701
   65135
   70814
   82069
   89633
  103760
  115447
  136072
  142999
  151423
  160005
  170607
  186935
  194712
  202679
  216229
  228152
  232536
  244152
  260074
  270679
  279132
  301222
  295897
  309947
  327072
  336184
  350177
  358245
  384668
  381716
  400153
  411310
  425553
  429381
  436056
  453061
  464450
  468485
  490258
  501354
  519765
  524436
  533781
  550243
  552904
  573045
  598640
  581926
  603126
  625953
  616993
  635400
  654778
  649710
  681187
  692459
  703945
  715584
  734688
  745997
  762956
  773807
  778493
  785322
  802581
  807143
  826511
  823444
  848962
  859227
  884833
  868857
  906538
  909116
  923545
  936400
  949797
  950648
  987852
 1008999
 1006541
 1010538
 1035719
 1042860
 1050920
 1067923
 1089144
 1104742
 1124027
 1128982
 1140426
 1136637
 1151712
 1182086
 1204321
 1211792
 1213957
 1245090
 1249689
 1267734
 1282658
 1297295
 1314856
 1320865
 1334426
 1349863
 1373283
 1369066
 1411619
 1402358
 1432672
 1410098
 1457794
 1458004
 1495845
 1494405
 1507912
 1524824
 1544017
 1534192
 1571792
 1594545
 1597793
 1592975
 1653785
 1657067
 1658215
 1688246
 1687775
 1715807
 1708271
 1744147
 1739576
 1777804
 1802068
 1783182
 1817311
 1843946
 1849018
 1887938
 1856051
 1887450
 1894957
 1913391
 1946404
 1922962
 1941023
 1974482
 1999443
 2009583
 1995906
 2052359
 2028164
 2055038
 2072772
 2080928
 2123741
 2121670
 2137744
 2170495
 2191218
 2179735
 2212214
 2215814
 2235437
 2260189
 2286334
 2283310
 2285285
 2333851
 2343261
 2346845
 2342561
 2373696
 2372120
 2418727
 2445479
 2439772
 2445391
 2470569
 2515805
 2524846
 2526889
 2560111
 2571100
 2576388
 2591604
 2579385
 2608625
 2664559
 2669223
 2671067
 2694096
 2693159
 2700682
 2748801
 2737578
 2733995
 2768341
 2801108
 2817964
 2824673
 2836990
 2884854
 2861397
 2875895
 2908871
 2936634
 2917374
 2905945
 2958112
 2981700
 3005160
 3009049
 3044509
 3026560
 3046871
 3079091
 3076380
 3101654
 3099230
 3099639
 3139325
 3174111
 3185478
 3184151
 3202097
 3229927
 3209971
 3242245
 3233431
 3285549
 3299883
 3279871
 3346319
 3372590
 3357320
 3386585
 3375169
 3376688
 3433290
 3405261
 3449172
 3481571
 3458829
 3464883
 3525260
 3506650
 3514279
 3519511
 3539221
 3574832
 3592148
 3607680
 3577047
 3604240
 3630655
 3635804
 3660310
 3639273
 3664354
 3723475
 3709944
 3706448
 3736196
 3735643
 3770537
 3791097
 3745859
 3799512
 3829315
 3812401
 3851567
 3846480
 3859572
 3869490
 3899151
 3900348
 3908528
 3928893
 3962521
 3950029
 3978714
 3997722
 3998907
 4000263
 3994632
 4015367
 4048328
 4088195
 4033161
 4085402
 4064603
 4098635
 4064719
 4094264
 4151338
 4148557
 4133862
 4192299
 4163817
 4199825
 4174802
 4237516
 4218864
 4211639
 4227831
 4245282
 4273160
 4294823
 4287630
 4292880
 4285718
 4345657
 4332172
 4346006
 4352472
 4381410
 4405165
 4406994
 4391000
 4437863
 4439811
 4448159
 4438557
 4465689
 4485062
 4457082
 4507112
 4512196
 4488276
 4553541
 4492637
 4546360
 4523207
 4572324
 4568877
 4562596
 4571842
 4610820
 4555129
 4625210
 4632723
 4639110
 4663983
 4653021
 4640548
 4670103
 4663504
 4700739
 4715177
 4730331
 4699529
 4720371
 4758218
 4779628
 4769235
 4789182
 4767784
 4796657
 4800312
 4824346
 4827276
 4808629
 4806157
 4893145
 4832814
 4865184
 4877740
 4885734
 4899540
 4892989
 4930069
 4891548
 4910526
 4923613
 4932120
 4943050
 4944607
 4969666
 4945503
 4958678
 4983996
 4986309
 5025712
 5017950
 5021688
 5016678
 5065905
 5046679
 5054100
 5053027
 5069506
 5076375
 5086110
 5085035
 5073492
 5086533
 5129510
 5127013
 5162806
 5106704
 5151753
 5154254
 5234984
 5159540
 5174730
 5191327
 5179596
 5200035
 5261170
 5252129
 5216969
 5268725
 5223847
 5246110
 5246174
 5307738
 5281304
 5298768
 5239933
 5297095
 5286006
 5352750
 5316283
 5304291
 5351375
 5311805
 5325872
 5342438
 5360677
 5361529
 5403416
 5381510
 5356121
 5399211
 5409075
 5382631
 5459955
 5395256
 5466982
 5460294
 5460832
 5440716
 5423858
 5455480
 5516131
 5465279
 5498220
 5462866
 5490843
 5496622
 5536503
 5512071
 5516980
 5485752
 5522209
 5527325
 5573124
 5540845
 5542482
 5539366
 5554206
 5587793
 5597611
 5634947
 5630528
 5560319
 5650404
 5684810
 5611175
 5653379
 5651161
 5655566
 5680033
 5678868
 5693051
 5706932
 5737174
 5710372
 5737026
 5745795
 5717714
 5749081
 5724366
 5733750
 5749380
 5779073
 5774961
 5806326
 5821597
 5837659
 5832662
 5839547
 5863885
 5888871
 5846990
 5861679
 5837432
 5867973
 5890380
 5872000
 5905202
 5930868
 5935295
 5929839
 5939752
 5940978
 5973878
 5953501
 5924594
 5984076
 6018487
 5952542
 5947531
 6026798
 6028184
 6064177
 6042658
 6056772
 6075295
 6076706
 6046420
 6075471
 6090480
 6074453
 6149443
 6117188
 6107379
 6131185
 6122028
 6086136
 6194107
 6133933
 6178258
 6192518
 6221361
 6196738
 6208661
 6233962
 6251998
 6249073
 6253201
 6289607
 6299365
 6314889
 6310825
 6322510
 6285630
 6323060
 6374662
 6391901
 6365697
 6385426
 6403352
 6449353
 6412730
 6435726
 6436623
 6403374
 6448197
 6465770
 6491398
 6518357
 6519137
 6502223
 6481902
 6508936
 6576356
 6578578
 6543089
 6577704
 6591172
 6615862
 6596897
 6626546
 6627586
 6666758
 6626926
 6684599
 6706220
 6649445
 6690210
 6687298
 6699503
 6693889
 6755929
 6759846
 6759800
 6787392
 6785504
 6802732
 6811147
 6798814
 6809570
 6780891
 6862507
 6870268
 6893417
 6896706
 6916521
 6900563
 6879908
 6938211
 6945225
 6961821
 6963120
 6909756
 7002063
 6985302
 7020261
 7036619
 7061260
 7067604
 7064568
 7089645
 7110450
 7093020
 7138489
 7103850
 7142703
 7144267
 7167234
 7132677
 7192701
 7176965
 7193411
 7235372
 7229130
 7258646
 7308981
 7258798
 7271504
 7296195
 7322193
 7372004
 7389695
 7317419
 7369572
 7415258
 7377873
 7476617
 7430814
 7446410
 7470507
 7481745
 7502704
 7508621
 7511053
 7562947
 7551608
 7561904
 7586362
 7640204
 7653270
 7628030
 7641534
 7672689
 7670722
 7698916
 7750914
 7698801
 7757958
 7770211
 7721736
 7775183
 7807828
 7804791
 7837072
 7836763
 7900724
 7841193
 7890964
 7910543
 7903477
 7937954
 7912377
 7971364
 7927592
 8001651
 8007022
 8049906
 8045384
 8008256
 8076512
 8082375
 8075105
 8100279
 8060449
 8126654
 8160276
 8132093
 8184750
 8205299
 8250577
 8243696
 8210687
 8251804
 8278332
 8308196
 8290392
 8349899
 8345658
 8343491
 8342378
 8390291
 8333200
 8464532
 8478242
 8429251
 8465368
 8438874
 8536189
 8521501
 8511011
 8543254
 8570545
 8543807
 8556217
 8612973
 8628549
 8656840
 8610997
 8691338
 8671185
 8656723
 8726959
 8715225
 8760700
 8737985
 8822149
 8759139
 8787183
 8826042
 8871816
 8789563
 8875702
 8868743
 8841417
 8867907
 8897593
 8849785
 8901431
 8943381
 9012222
 8934924
 9035807
 9024688
 8963410
 9006511
 8995182
 9069386
 9064601
 9065612
 9123174
 9104332
 9109901
 9128578
 9138128
 9173027
 9180505
 9244566
 9221310
 9281066
 9213410
 9277070
 9244925
 9281764
 9315377
 9362128
 9324022
 9322072
 9413725
 9312315
 9428538
 9367129
 9398689
 9400554
 9438522
 9384383
 9465747
 9424570
 9485007
 9506454
 9471623
 9489533
 9507465
 9527867
 9474854
 9518443
 9551282
 9597405
 9565443
 9606334
 9588933
 9585735
 9591065
 9567854
 9612210
 9657225
 9684836
 9637480
 9660102
 9691706
 9649366
 9705910
 9686288
 9734256
 9695499
 9743829
 9785813
 9738168
 9774692
 9708452
 9757541
 9767488
 9781798
 9749867
 9797767
 9754863
 9822973
 9852706
 9771913
 9832425
 9833283
 9849228
 9854157
 9793383
 9860268
 9836933
 9893132
 9880670
 9838535
 9859193
 9896663
 9846988
 9872420
 9857290
 9838079
 9894433
 9868903
 9945392
 9927393
 9915270
 9942291
 9973214
 9915020
 9920886
 9898985
 9946802
 9912136
 9941741
 9968142
 9998637
 9918240
 9932869
 9926767
 9936207
 9949080
 9978916
 9912390
 9978968
 9968479
 9971970
 9939257
 9970021
 9946850
 9975533
 9947083
 9911263
 9960759
 9946445
 9974631
 9927760
 9937394
 9960020
 9940308
 9951524
 9961331
 9905470
 9936430
 9959051
 9961391
 9935203
 9922420
 9906346
 9886996
 9867222
 9947272
 9907866
 9862140
 9850288
 9902598
 9881022
 9911098
 9861729
 9887371
 9874103
 9891315
 9871525
 9805800
 9850242
 9877894
 9884245
 9817516
 9834597
 9831916
 9781912
 9735711
 9812299
 9840138
 9755057
 9806969
 9821744
 9808141
 9811474
 9775604
 9712316
 9738731
 9741829
 9752256
 9727403
 9771924
 9760814
 9725941
 9777030
 9726116
 9738474
 9695383
 9678878
 9716347
 9712076
 9674776
 9626526
 9683205
 9675525
 9696125
 9645275
 9645565
 9642283
 9637097
 9591979
 9594834
 9612210
 9580648
 9585553
 9590987
 9580950
 9497824
 9558486
 9531208
 9593996
 9546789
 9580116
 9541554
 9496402
 9526952
 9488881
 9508272
 9514843
 9490606
 9450501
 9456634
 9446713
 9461065
 9474951
 9461916
 9464325
 9471305
 9506045
 9456094
 9464903
 9430962
 9451723
 9389118
 9425100
 9397362
 9378511
 9366745
 9421652
 9416818
 9385783
 9349393
 9403863
 9377324
 9332685
 9343642
 9302903
 9352083
 9376312
 9388380
 9347641
 9347325
 9360957
 9309700
 9321908
 9338697
 9349072
 9330907
 9359270
 9356882
 9302924
 9274472
 9309425
 9267699
 9291973
 9342384
 9291835
 9320398
 9290494
 9282578
 9305493
 9352371
 9246584
 9288167
 9282171
 9318921
 9277772
 9293640
 9299009
 9281143
 9264473
 9292788
 9283793
 9303426
 9312964
 9264390
 9296350
 9293636
 9280152
 9306833
 9293149
 9315297
 9329789
 9320597
 9360773
 9317554
 9316456
 9372297
 9294712
 9397098
 9359585
 9380328
 9394306
 9380570
 9416009
 9417262
 9390066
 9415863
 9364687
 9420324
 9427633
 9439063
 9410531
 9433496
 9437178
 9452428
 9465174
 9476483
 9492578
 9455664
 9515331
 9517291
 9533899
 9535193
 9568977
 9495441
 9530043
 9594256
 9582033
 9623892
 9561692
 9627003
 9662701
 9687674
 9643698
 9657613
 9674595
 9661659
 9689783
 9684913
 9706734
 9745882
 9705981
 9747170
 9734670
 9766514
 9769405
 9812028
 9809617
 9801741
 9867395
 9882013
 9861709
 9855307
 9881788
 9954678
 9965054
 9999694
 9958500
 9979580
 9985006
10042362
10046539
10020089
10121527
10046533
10119383
10091933
10148777
10105665
10121817
10195590
10193844
10245353
10267024
10273128
10285024
10325350
10355684
10320233
10330947
10325779
10404883
10358326
10435967
10436361
10496084
10473866
10497726
10495978
10553958
10556639
10497333
10604325
10662925
10672421
10671069
10703355
10698372
10715577
10736792
10767341
10734745
10790043
10847298
10833809
10898730
10875382
10867537
10931965
11022089
10978219
10926476
11013600
11002917
11060478
11117213
11068691
11122586
11102130
11214409
11180680
11252675
11242734
11289035
11270224
11275233
11320580
11358819
11332421
11450264
11398374
11413836
11481437
11457063
11468460
11484817
11515965
11516633
11553352
11578317
11577488
11608128
11657299
11670490
11675095
11657237
11615291
11723260
11710198
11789356
11826506
11830867
11842930
11813510
11866883
11883965
11855605
11898098
11962470
11952287
11902531
11909454
11903380
11967783
12049407
12007054
11963486
12065122
12013183
12084534
12080029
12078267
12169872
12165654
12130489
12134764
12141798
12185372
12175850
12218796
12262011
12236453
12232474
12318930
12267153
12225955
12269901
12228297
12324546
12340963
12356245
12287523
12298155
12322688
12335627
12338308
12377491
12349479
12410928
12387135
12372359
12367234
12389943
12391677
12335097
12366844
12366362
12400025
12370456
12406674
12367490
12379734
12402874
12417949
12405863
12414689
12416597
12462662
12468530
12442260
12482862
12474147
12443344
12429575
12414875
12407745
12417394
12351177
12368591
12367244
12417375
12378663
12404749
12382265
12323740
12425724
12331046
12301378
12303673
12330273
12319862
12278959
12232655
12257538
12283070
12271742
12270998
12225551
12231452
12273573
12176352
12234799
12187004
12159204
12177084
12176003
12155402
12148842
12151718
12059524
12146475
12005486
12057061
12092461
12012843
11976622
11966975
12036708
12031909
11985253
11923197
11938716
11858139
11841726
11817903
11823361
11786180
11742557
11722636
11660398
11683755
11626797
11554707
11608795
11628448
11606571
11518751
11548601
11460995
11366581
11480560
11369293
11277945
11363223
11347098
11250335
11280236
11214081
11220123
11194698
11105751
11130183
11128728
11078284
11002159
11018924
10950426
10966383
10835237
10930159
10798128
10741223
10742259
10644759
10684652
10649278
10623990
10504270
10545497
10523760
10473144
10491906
10375555
10363083
10334367
10315469
10256143
10164996
10186733
10115751
10059253
10066899
10013718
 9945683
 9946983
 9908710
 9830493
 9810549
 9714279
 9719481
 9634274
 9664573
 9617606
 9572624
 9489784
 9441033
 9423951
 9419350
 9323479
 9263144
 9229227
 9225092
 9181295
 9130200
 9072874
 9110434
 8988524
 9020068
 8861432
 8854881
 8857159
 8780569
 8748425
 8632045
 8651163
 8648335
 8559271
 8519450
 8455351
 8421321
 8351751
 8306825
 8253663
 8275726
 8191522
 8128643
 8072493
 8033417
 8019132
 7934729
 7909527
 7869177
 7795768
 7717556
 7726497
 7685605
 7636508
 7563460
 7534452
 7476879
 7410120
 7427720
 7407654
 7307925
 7245094
 7220529
 7181327
 7110476
 7094133
 7015690
 6984855
 6921021
 6896533
 6876251
 6821308
 6738981
 6705121
 6648411
 6565832
 6597701
 6560950
 6506669
 6459414
 6420401
 6349408
 6293090
 6266226
 6193485
 6194871
 6154181
 6084652
 6071850
 6021771
 5964729
 5923391
 5867404
 5816350
 5755047
 5701932
 5663762
 5641333
 5625895
 5560491
 5523112
 5451020
 5462976
 5339287
 5338422
 5276592
 5232494
 5181524
 5170010
 5085253
 5084627
 5043751
 5028459
 4970621
 4916816
 4889534
 4811580
 4789722
 4763891
 4713483
 4669744
 4623093
 4567291
 4545498
 4505894
 4495187
 4448425
 4379030
 4329378
 4312240
 4276904
 4243867
 4187792
 4160487
 4129338
 4117995
 4031197
 4013020
 3959368
 3929708
 3909098
 3880966
 3824882
 3795930
 3774131
 3688362
 3678426
 3655071
 3626745
 3596046
 3558527
 3504771
 3485514
 3429389
 3407773
 3398825
 3322858
 3317034
 3283923
 3255803
 3227506
 3177494
 3112351
 3100936
 3097172
 3035452
 3004223
 2980169
 2985070
 2907020
 2855549
 2851052
 2829187
 2796998
 2774977
 2734516
 2724174
 2664959
 2666888
 2589779
 2571655
 2555176
 2568262
 2504435
 2477306
 2449439
 2418079
 2401007
 2368928
 2351005
 2339173
 2300892
 2274032
 2248794
 2231916
 2211877
 2183962
 2142155
 2103885
 2097709
 2066269
 2037261
 2026511
 1990671
 1981469
 1950359
 1930596
 1906550
 1881637
 1851927
 1822697
 1815881
 1795802
 1767849
 1741079
 1722714
 1689142
 1680014
 1645397
 1626144
 1612543
 1612016
 1596200
 1556440
 1525275
 1518200
 1501672
 1484516
 1457034
 1444134
 1435163
 1414079
 1398689
 1387035
 1363443
 1354111
 1336915
 1308501
 1306503
 1263243
 1241886
 1224806
 1196635
 1190150
 1184443
 1154086
 1140705
 1140712
 1134071
 1102014
 1087027
 1072692
 1082170
 1035061
 1025032
 1033820
 1021627
  984155
  973634
  980423
  961484
  925051
  934554
  912278
  910903
  894849
  875068
  859559
  849340
  829556
  818858
  819742
  794399
  784649
  768699
  762003
  759963
  742305
  718139
  716028
  703334
  677486
  688290
  674289
  677668
  651037
  647255
  644928
  613072
  624625
  620344
  592028
  594253
  585313
  567781
  565364
  545794
  554221
  536150
  526615
  523536
  515360
  509534
  501122
  490172
  489748
  475835
  465704
  463096
  456728
  449015
  442542
  434486
  419836
  418616
  396586
  407902
  404283
  397461
  376309
  381715
  365258
  365646
  355513
  364123
  354939
  342605
  340171
  324256
  331883
  331167
  322738
  309409
  294261
  298364
  297388
  289936
  277975
  286327
  280017
  260164
  270761
  260060
  256809
  257418
  248130
  240992
  243428
  231417
  225420
  227201
  222024
  217548
  216259
  211496
  208153
  201552
  193864
  198622
  191839
  188700
  185304
  182142
  173792
  172707
  173980
  168373
  162676
  167274
  163161
  154011
  150567
  150751
  149575
  149468
  138296
  140372
  134015
  137594
  132201
  128801
  128247
  121849
  112152
  123644
  113074
  117437
  110590
  111356
  110982
  111504
  100969
  103760
  105041
  104941
   92278
   92666
   89151
   93457
   92388
   87374
   83506
   81039
   81074
   83619
   86662
   76858
   74130
   79441
   71299
   72092
   72545
   67418
   66559
   66435
   66560
   64299
   63596
   55377
   56271
   58199
   58644
   52560
   55594
   54356
   55332
   53291
   50589
   48668
   50022
   49386
   46846
   40092
   44948
   43581
   43919
   39477
   39725
   41358
   39737
   37914
   40085
   35246
   33752
   37856
   32077
   33806
   31844
   31618
   31065
   30837
   32296
   30088
   31583
   29665
   27580
   29716
   24486
   26176
   23740
   22981
   21147
   24355
   23627
   20572
   20747
   19736
   21769
   17854
   19102
   19327
   21164
   19110
   17780
   19285
   17280
   16667
   16376
   17073
   14944
   12781
   16305
   15109
   13807
   14073
   13556
   13097
   13439
   12866
   13643
   13025
   10388
   12293
   11654
   11813
    9117
   11351
    8516
   11972
    9788
    9729
    9335
   11014
    9707
    8226
    9549
    9684
    8102
    8382
    8174
    7361
    7164
    7165
    7221
    7203
    7238
    8052
    5854
    7089
    6749
    6289
    5599
    5190
    4857
    6015
    4470
    5381
    5428
    5150
    6169
    4923
    5686
    5332
    5763
    5425
    5111
    4077
    3676
    5568
    5247
    4874
    3095
    2983
    4185
    4003
    4070
    3608
    4289
    4173
    4051
    3483
    3307
    3265
    2774
    2714
    2686
    3059
    3542
    3512
    3049
    2306
    3242
    2942
    2404
    1376
    2659
    1838
    2266
    1827
    1953
    2086
    1967
    1507
    1602
    1461
    1962
    1726
    1904
    1357
    1684
    1840
    1308
     866
    1578
    1783
     895
    1053
    1927
    1377
     988
    1006
    1249
    1424
     840
     943
    1137
    1170
    1173
    1153
     859
     748
    1199
     412
     558
     425
     412
     548
     846
     209
     547
     715
     352
    1116
     447
     757
     866
     666
     586
     525
     613
     353
     715
     423
     347
     644
     311
     145
      91
     396
     165
     384
     258
     407
     394
     260
     250
     262
     225
     218
     466
     364
      79
     106
      97
     353
     169
      19
     205
     136
     248
     133
     385
      58
      37
     157
      97
      38
       7
     113
     224
     112
       0
     111
     104
     305
      62
       0
       0
      53
      47
      43
      13
      39
     221
     131
      80
      38
      41
      87
      48
       0
      68
      51
      18
      16
      27
      36
     125
     189
       0
      55
       0
      94
      79
     172
     170
      70
     166
      86
      30
      85
      52
     118
      46
      71
      11
      33
      19
      31
      12
      34
       4
       0
     109
      15
      31
       0
     105
      24
      11
      31
     168
       4
      11
     152
      51
       0
      56
       6
      66
      16
       0
       8
      14
      51
      19
       2
      39
      50
       0
      29
       5
       0
       0
     135
       0
       0
      26
       0
      10
       2
       0
      86
      85
      50
      63
       0
       0
       4
       0
       0
       0
     178
      37
       0
      53
       0
      40
       0
       7
       3
       0
      35
       0
       0
       0
       0
       0
       0
      66
       0
       0
       0
       0
       0
       0
       0
       0
       0
       0
       0
       0
       0
       0
       0
       0
       0
       0
       0
       0
       0
       0
       0
       0
       0
       0
       0
       0
       0
       0
       0
       0
       0
       0
       0
       0
       0
       0
       0
       0
       0
       0
       0
       0
       0
       0
       0
       0
       0
       0
       0
       0
       0
       0
       0
       0
       0
       0
       0
       0
       0
       0
       0
       0
       0
       0
       0
       0
       0
       0
       0
       0
       0
       0
       0
       0
       0
       0
       0
       0
       0
       0
       0
       0
       0
       0
       0
       0
       0
       0
       0
       0
       0
       0
       0
       0
       0
       0
       0
       0
       0
       0
       0
       0
       0
       0
       0
       0
       0
       0
       0
       0
       0
       0
       0
       0
       0
       0
       0
       0
       0
       0
       0
       0
       0
       0
       0
       0
       0
       0
       0
       0
       0
       0
       0
       0
       0
       0
       0
       0
       0
       0
       0
       0
       0
       0
       0
       0
       0
       0
       0
       0
       0
       0
       0
       0
       0
       0
       0
       0
       0
       0
       0
       0
       0
       0
       0
       0
       0
       0
       0
       0
       0
       0
       0
       0
       0
       0
       0
       0
       0
       0
       0
       0
       0
       0
       0
       0
       0
       0
       0
       0
       0
       0
       0
       0
       0
       0
       0
       0
       0
       0
       0
       0
       0
       0
       0
       0
       0
       0
       0
       0
       0
       0
       0
       0
       0
       0
       0
       0
       0
       0
       0
       0
       0
       0
       0
       0
       0
       0
       0
       0
       0
       0
       0
       0
       0
       0
       0
       0
       0
       0
       0
       0
       0
       0
       0
       0
       0
       0
       0
       0
       0
       0
       0
       0
       0
       0
       0
       0
       0
       0
       0
       0
       0
       0
       0
       0
       0
       0
       0
       0
       0
       0
       0
       0
       0
       0
       0
       0
       0
       0
       0
       0
       0
       0
       0
       0
       0
       0
       0
       0
       0
       0
       0
       0
       0
       0
       0
       0
       0
       0
       0
       0
       0
       0
       0
       0
       0
       0
       0
       0
       0
       0
       0
       0
       0
       0
       0
       0
       0
       0
       0
       0
       0
       0
       0
       0
       0
       0
       0
       0
       0
       0
       0
       0
       0
       0
       0
       0
       0
       0
       0
       0
       0
       0
       0
       0
       0
       0
       0
       0
       0
       0
       0
       0
       0
       0
       0
       0
       0
       0
       0
       0
       0
       0
       0
       0
       0
       0
       0
       0
       0
       0
       0
       0
       0
       0
       0
       0
       0
       0
       0
       0
       0
       0
       0
       0
       0
       0
       0
       0
       0
       0
       0
       0
       0
       0
       0
       0
       0
       0
       0
       0
       0
       0
       0
       0
       0
       0
       0
       0
       0
       0
       0
       0
       0
       0
       0
       0
       0
       0
       0
       0
       0
       0
       0
       0
       0
       0
       0
       0
       0
       0
       0
       0
       0
       0
       0
       0
       0
       0
       0
       0
       0
       0
       0
       0
       0
       0
       0
       0
       0
       0
       0
       0
       0
       0
       0
       0
       0
       0
       0
       0
       0
       0
       0
       0
       0
       0
       0
       0
       0
       0
       0
       0
       0
       0
       0
       0
       0
       0
       0
       0
       0
       0
       0
       0
       0
       0
       0
       0
       0
       0
       0
       0
       0
       0
       0
       0
       0
       0
       0
       0
       0
       0
       0
       0
       0
       0
       0
       0
       0
       0
       0
       0
       0
       0
       0
       0
       0
       0
       0
       0
       0
       0
       0
       0
       0
       0
       0
       0
       0
       0
       0
       0
       0
       0
       0
       0
       0
       0
       0
       0
       0
       0
       0
       0
       0
       0
       0
       0
       0
       0
       0
       0
       0
       0
       0
       0
       0
       0
       0
       0
       0
       0
       0
       0
       0
       0
       0
       0
       0
       0
       0
       0
       0
       0
       0
       0
       0
       0
       0
       0
       0
       0
       0
       0
       0
       0
       0
       0
       0
       0
       0
       0
       0
       0
       0
       0
       0
       0
       0
       0
       0
       0
       0
       0
       0
       0
       0
       0
       0
       0
       0
       0
       0
       0
       0
       0
       0
       0
       0
       0
       0
       0
       0
       0
       0
       0
       0
       0
       0
       0
       0
       0
       0
       0
       0
       0
       0
       0
       0
       0
       0
       0
       0
       0
       0
       0
       0
       0
       0
       0
       0
       0
       0
       0
       0
       0
       0
       0
       0
       0
       0
       0
       0
       0
       0
       0
       0
       0
       0
       0
       0
       0
       0
       0
       0
       0
       0
       0
       0
       0
       0
       0
       0
       0
       0
       0
       0
       0
       0
       0
       0
       0
       0
       0
       0
       0
       0
       0
       0
       0
       0
       0
       0
       0
       0
       0
       0
       0
       0
       0
       0
       0
       0
       0
       0
       0
       0
       0
       0
       0
       0
       0
       0
       0
       0
       0
       0
       0
       0
       0
       0
       0
       0
       0
       0
       0
       0
       0
       0
       0
       0
       0
       0
       0
       0
       0
       0
       0
       0
       0
       0
       0
       0
       0
       0
       0
       0
       0
       0
       0
       0
       0
       0
       0
       0
       0
       0
       0
       0
       0
       0
       0
       0
       0
       0
       0
       0
       0
       0
       0
       0
       0
       0
       0
       0
       0
       0
       0
       0
       0
       0
       0
       0
       0
       0
       0
       0
       0
       0
       0
       0
       0
       0
       0
       0
       0
       0
       0
       0
       0
       0
       0
       0
       0
       0
       0
       0
       0
       0
       0
       0
       0
       0
       0
       0
       0
       0
       0
       0
       0
       0
       0
       0
       0
       0
