        0
     9300
    52057
   155225
   318681
   499702
   721504
  1027111
  1355040
  1764739
  2157917
  2631842
  3110247
  3695778
  4287842
  4903411
  5537000
  6259877
  7047596
  7776129
  8659692
  9481538
 10320977
 11244906
 12186289
 13234513
 14158652
 15185915
 16238628
 17493483
 18596481
 19735378
 21060293
 22259034
 23586003
 24997486
 26479766
 27816306
 29362587
 31005899
 32623840
 34326205
 36052038
 37943749
 39751770
 41681325
 43655973
 45650968
 47730314
 49968674
 52401084
 54622747
 57023667
 59597342
 61875797
 64333373
 67070935
 69596879
 72491254
 75158698
 77939837
 80827311
 83590219
 86240566
 89351071
 91973640
 95038797
 97706476
100694705
103684568
106380098
109397538
112289457
115223818
117911706
120935640
123789299
126492947
129287901
132112025
134805438
137683023
140626569
143234427
146102385
149034478
151868557
154902234
157532483
160778780
163621590
166276235
169659994
172646529
175664900
178869088
182136930
185389451
188770060
191856083
195201779
199119942
202138751
205565940
208888728
212430435
215620482
218674733
221994189
224993608
228157668
231250577
233609488
236320643
238732025
240666594
242821190
244181402
245552227
246518617
247412961
247492849
247469705
247189791
246279219
245185824
243719718
241614041
239079304
236289464
232947131
229046603
225500451
220855925
216146135
211521038
205621187
200043081
193861061
187763948
181247260
174763478
167637588
161257992
154230912
147289170
140265797
133064470
126465072
119831995
112770542
106410305
 99720273
 93227739
 87356302
 81380689
 75571671
 69921085
 64743651
 59855236
 54998648
 50392832
 46105640
 42130932
 38475956
 34966172
 31671531
 28507444
 25631534
 23121813
 20714273
 18594681
 16551502
 14747164
 13119884
 11615224
 10326395
  9032286
  7921648
  6953634
  6175113
  5366931
  4605252
  4075994
  3522604
  3012913
  2610802
  2251134
  1918191
  1655339
  1439887
  1215120
  1050584
   904118
   758980
   658320
   573876
   499950
   419040
   357024
   315117
   255695
   218981
   201046
   182032
   148812
   124183
   120679
   108445
    98487
    86527
    75536
    71237
    74331
    57858
    58971
    55234
    49054
    49101
    46344
    43155
    40806
    37095
    35164
    40353
    40884
    37333
    35837
    33333
    31832
    29786
    32679
    30215
    26845
    29652
    32318
    26612
    28668
    24046
    23846
    22970
    25212
    25853
    22332
    24018
    21143
    23792
    22617
    20060
    21302
    20590
    21664
    16968
    15530
    16937
    19787
    14075
    19235
    15851
    19995
    17729
    17733
    17529
    16471
    15822
    15415
    18108
    13413
    14417
    13597
    15590
    10127
    12930
    13650
    15774
    13152
    13362
    10165
    13052
    11941
    11241
    13340
    12097
    13507
     9479
    12710
    12877
     9004
    12859
     8102
     9997
    10701
     9321
     9188
    10596
     8303
     7796
     8516
     9311
     8232
     7654
     6322
     6875
     6716
     7528
     6928
     7662
     5253
     8859
     6751
     9058
     6584
     7166
     5185
     6041
     6657
     7626
     6662
     5886
     6466
     7942
     6408
     6523
     5745
     4850
     7032
     7019
     6485
     5879
     8967
     6729
     7433
     7183
     4389
     5489
     5610
     5261
     7350
     5008
     5039
     3867
     4824
     5477
     3614
     3120
     5257
     6193
     4562
     4742
     4681
     4477
     5634
     4916
     4337
     5435
     4385
     4347
     3305
     4403
     4407
     4372
     6391
     3425
     4598
     4265
     4944
     5094
     3816
     2611
     4115
     2494
     4654
     3422
     5539
     3532
     4114
     3567
     3130
     3758
     3247
     2239
     2776
     2208
     1414
     2724
     3512
     2956
     2328
     1454
     2241
     3413
     3600
     3628
     3377
     3760
     2836
     2570
     2409
     3649
     3427
     2794
     2358
     2660
     3759
     3588
     2532
     3158
     2946
     1476
     1722
     1625
     3116
     3476
     2407
     1682
     2153
     2057
     2849
     1793
     4949
     2232
     2645
     2048
     2883
     2508
     1873
     2104
     2370
     2338
     2623
     1066
     1733
     2851
     2994
     2489
     1192
     2774
     1739
     1674
     2380
     1102
     2692
     3080
     2231
     1328
     1878
     2224
     2800
     2232
     1264
     1527
     1719
     1146
     1835
     3458
     1534
     2090
     2242
      818
     1911
      975
     2033
     1941
     2157
     1991
     1273
     1238
      767
     2260
     1753
     1048
     1109
     2170
     1161
      836
     1406
     2144
     2243
     1752
     1317
     1503
     1792
     3017
     1731
      864
     1173
     1334
      934
      858
     1344
      977
     1078
     1491
     1623
     1305
      944
     2257
     2373
     1886
     2504
     1709
     1297
     1477
     2545
     1309
      460
      330
      602
      648
     1948
     1150
      333
     1137
      232
     1055
     1168
      753
      549
     1512
      967
      857
     1221
     1750
     1341
      884
     1703
     2027
     1355
     1920
     1015
     1511
     1387
      520
      913
      617
     1497
     1565
      974
      987
     1682
     1187
      509
     1395
     1088
      440
     1077
     1356
      548
     1168
     1107
     1510
      436
      474
     1934
      602
     1395
     1581
      448
     1384
      493
      699
      662
      903
      924
      791
      530
     1295
      269
     1610
     1210
      924
      744
      431
     1044
      381
      493
      768
      850
      869
     1237
     1511
      866
      572
      655
     1016
      353
      954
      625
     1012
      888
      946
     1330
      861
     1304
      807
      597
     1547
      671
      422
     1002
      366
      300
      351
      516
      755
      694
     1029
      635
      506
      541
      464
       51
      933
      917
     1989
      516
     1112
     1141
     1013
      227
     1136
      333
      564
     1295
     1087
     1554
      678
      528
      273
     1630
      844
      725
      449
      568
      870
      352
      748
      378
      589
     1430
      784
      847
      805
      411
     1450
      162
      303
      469
      158
     1077
     1456
      786
       25
      256
      688
      560
     1083
      352
      487
      794
      490
      659
      495
      451
      874
      869
      225
      249
      350
      504
      313
      921
      387
      703
      873
     1411
      145
      541
       86
      204
      933
      616
      502
      557
      286
      544
      216
      500
     1754
      182
       83
      469
      657
       71
      627
     1141
     1448
      711
      786
      970
      194
     1080
      576
      601
     1183
      631
      219
        0
      501
      906
        0
      411
      638
     1271
      158
       20
      211
     1007
      437
      414
      894
      723
     1083
     1280
      997
      462
      460
      129
      445
      599
      471
      319
      390
      572
      392
       79
        0
       99
      370
      594
      592
      157
      394
      508
      348
      477
     1345
      201
      235
       36
       55
      460
      805
      420
      571
     1122
     1121
       40
       89
      266
       41
      439
      437
      194
       89
      580
      393
      139
      737
      394
     1347
      379
       67
     1055
      236
      188
      105
      192
      452
      358
     1535
       42
      358
      240
       83
       67
      279
       31
        0
      124
        0
      816
     1154
      491
       45
      109
      212
      151
      361
      381
      194
      185
      268
      477
      256
      161
      763
      231
       47
      199
      411
      880
      908
      247
      631
      214
        0
      381
      569
      616
      131
      115
      272
      194
      791
      123
      409
      305
       20
       88
      988
        0
      468
       10
      117
      379
      459
      792
      181
      604
      503
      335
      140
      231
      464
      449
      341
      228
       93
       57
       25
      268
      284
        0
       37
      172
      252
      686
      124
       42
      409
      576
      263
      231
      263
      612
       26
     1033
      901
      767
      438
      462
       55
      535
      126
       48
        0
      334
      465
      322
      149
      192
      806
        0
      676
       90
      264
      193
      552
      426
      752
     1105
       28
      175
      261
      243
      287
      293
       40
       28
      489
      314
      200
      330
      524
      250
      425
       72
        0
        1
      229
        0
        0
      489
      438
      434
      623
      518
      134
       39
      306
        0
      311
        2
        0
      219
      111
       67
        0
        0
      311
      677
       31
      263
        0
      304
        0
        0
      651
        0
      304
      721
      244
      157
      210
      831
      147
      194
       49
      311
      356
      166
        0
        0
      263
      400
      505
      268
      306
       52
       58
        0
      505
      703
      329
      456
      604
      318
      467
      282
      892
      435
      528
     1123
      155
        0
      515
        0
        6
      278
      110
       82
        0
        0
       64
        0
      470
      177
      290
      345
       22
      381
      346
      542
      254
      183
        0
       72
      413
      239
