21.3094
21.3006
21.305
21.2971
21.3157
21.3016
21.3127
21.3136
21.2895
21.3202
21.304
21.3158
21.3027
21.2982
21.2929
21.2922
21.2859
21.2895
21.2734
21.2492
21.2699
21.2649
21.2748
21.2705
21.2707
21.2584
21.2611
21.2681
21.2455
21.2491
21.2339
21.2413
21.2391
21.2502
21.2395
21.2287
21.2107
21.2355
21.208
21.2152
21.1938
21.1942
21.1924
21.189
21.1887
21.1887
21.2329
21.1834
21.1832
21.1647
21.1728
21.1657
21.1694
21.1689
21.1604
21.1552
21.1523
21.119
21.1391
21.1343
21.1134
21.128
21.1239
21.1343
