21.2712
21.3046
21.3353
21.2886
21.2911
21.2316
21.2554
21.2196
21.2435
21.2062
21.2395
21.2529
21.2304
21.221
21.3091
21.1911
21.2075
21.2411
21.1704
21.2466
21.1804
21.1729
21.2537
21.1864
21.1695
21.2849
21.2093
21.3238
21.1087
21.2304
21.2608
21.1601
21.2396
21.282
21.1927
21.2912
21.112
21.2928
21.1608
21.1346
21.3201
21.1238
21.1854
21.065
21.1788
21.1226
21.1743
21.1835
21.1575
21.1883
21.0823
21.0913
21.2186
21.085
21.0972
21.226
21.2013
21.0654
21.0794
21.1007
21.0401
21.1489
21.2282
21.1233
21.1481
21.249
20.9844
21.0934
21.1134
21.0252
21.091
21.1234
21.1678
21.099
21.1211
21.0634
21.0808
21.1735
21.1302
21.0919
21.1168
21.1042
21.0844
21.1184
21.1025
21.0895
21.0491
21.0618
21.1534
21.0181
21.0733
21.2751
21.1161
21.088
21.0039
21.1559
21.04
21.0965
21.048
20.9938
21.0965
21.119
21.0601
21.0321
21.0955
21.0824
21.0987
21.1262
21.0185
20.9386
21.0759
21.1499
20.9799
21.1366
21.102
21.0715
21.0938
21.114
21.0708
21.0249
21.0989
21.0191
21.0739
21.0207
21.09
21.0692
21.1736
20.9774
21.0895
21.0869
21.0556
21.116
21.0472
21.1341
21.0564
21.1115
21.0768
21.0841
21.033
21.1408
21.0432
21.0488
21.058
21.0004
20.996
21.0261
20.9957
20.9876
21.0336
21.0722
20.9881
21.032
21.003
20.9906
21.0082
21.0646
21.0912
21.0372
21.1223
21.0684
21.1083
21.0692
21.0851
20.9978
20.9836
21.0658
20.997
21.0488
20.9682
21.051
21.0249
21.167
21.0046
21.0213
20.9525
21.0134
21.0493
21.0363
20.9515
20.9515
20.9905
21.0037
20.984
20.968
20.9714
20.9603
21.0109
20.9767
21.0994
21.0273
21.1314
21.0662
21.0259
20.9369
21.0192
20.9749
20.9401
21.0266
20.9378
21.0904
20.9188
20.9483
20.9665
21.0556
21.0347
20.9476
21.0198
20.9648
21.0208
21.0003
20.9515
20.9894
21.0667
20.9795
20.9855
21.0399
20.9441
20.9229
21.0364
21.0623
20.9208
21.029
20.9849
20.9791
21.0114
21.0693
20.9732
20.9229
20.9371
20.9157
20.9786
21.0103
21.035
20.9445
21.0696
20.9157
20.9894
20.8999
21.0178
21.0778
20.9927
20.9182
20.9817
20.9641
21.0188
21.0482
21.0693
20.9737
21.0178
20.9285
21.0052
21.0121
20.9669
20.9851
21.0071
20.9339
21.0137
20.9364
21.0265
20.937
20.968
20.9568
20.9917
20.9875
21.0096
20.9805
20.9432
20.9849
21.003
21.0393
21.0465
20.9654
20.9668
21.0275
20.9493
20.9239
21.0037
20.9872
20.9596
20.9739
20.9543
20.9538
20.9635
20.9367
20.9734
20.9887
20.9552
20.9922
20.918
20.9775
21.0097
20.9885
20.9659
21.0212
20.9671
20.9277
20.987
20.9637
20.9674
21.0591
21.0393
21.0434
20.99
20.9207
21.0401
21.0718
20.9992
20.9384
21.0912
20.9338
20.9795
20.9527
20.9387
20.9768
20.9577
20.9301
20.9444
20.9078
20.9425
20.9356
20.9207
20.9976
20.9583
21.0339
20.9845
20.9962
21.0069
20.9088
21.0344
20.9768
20.8939
20.9173
20.8912
20.8923
20.9386
21.0523
20.9851
21.0316
20.9948
21.0627
20.9488
20.8883
21.0166
20.9315
20.9537
20.991
20.9446
20.9854
20.9559
20.9139
20.9923
20.9531
20.9746
21.0571
20.9615
20.9388
20.9718
21.0373
20.9881
20.9486
21.0109
20.9122
20.9905
20.936
21.0379
20.9307
20.9596
20.9849
20.9591
20.9775
21.0096
20.9851
20.9721
21.0037
20.9347
21.0002
20.9319
20.9509
20.9766
20.9809
20.9132
20.9593
20.9861
20.9896
20.9126
21.0226
20.9733
20.9919
20.9067
20.9339
21.0329
20.9452
20.894
20.9618
20.959
21.0137
21.0641
21.0519
20.9315
20.9671
21.0858
20.9502
20.9748
21.0073
21.0104
20.934
20.9716
20.9996
20.9849
20.931
20.8785
20.9674
20.9949
20.9581
20.9518
20.9682
20.9372
20.9161
20.9131
20.9771
20.8672
21.0909
21.0578
20.981
21.0347
20.8964
20.9741
20.9278
21.0394
20.8901
20.9683
20.9942
20.9964
20.9395
20.9467
21.0669
20.9999
21.058
20.985
20.9702
20.9244
20.9524
20.8418
21.0072
21.0021
21.0109
20.8931
20.9261
21.0635
20.9321
20.9635
20.9353
20.9695
21.0167
20.9415
21.0641
21.019
20.9812
20.9522
21.0005
20.9309
20.8635
20.959
21.0221
20.9696
20.9801
20.9548
20.978
21.0381
20.8969
21.0426
21.0643
20.9271
20.9881
20.9519
20.9196
20.8892
21.0013
20.9287
20.924
21.2074
21.0005
21.0273
20.9652
20.9373
20.9702
20.91
20.9692
20.9762
21.0255
20.927
20.923
20.9376
20.8891
20.983
20.9544
20.936
20.9737
20.9631
20.9291
21.0368
21.0048
20.9615
21.0034
20.8999
21.0068
21.0338
21.0214
21.0386
20.989
20.9033
21.0161
20.9455
20.991
21.0358
20.8873
20.9702
21.0067
20.9684
20.9048
20.8953
20.9678
20.8966
20.9962
21.0689
20.9398
21.0204
20.9415
20.9986
20.9526
20.9952
20.9824
20.906
20.9146
21.027
20.9876
20.9356
20.9458
20.8933
20.8827
21.0147
21.0504
20.9391
20.9259
20.9837
21.0051
21.0304
20.9835
20.9856
21.0127
20.9437
20.9285
21.0066
20.9001
20.9647
20.9953
20.969
20.9258
20.9061
20.9056
20.939
21.0574
20.9206
20.9536
20.8492
21.0309
20.994
20.952
20.9212
20.9078
21.0536
20.9737
20.9347
21.0055
21.0075
20.9452
20.9387
20.9673
20.9331
20.9606
20.9651
21.047
21.0021
20.9081
20.9014
20.9277
20.8815
20.9018
20.9495
21.0149
20.9429
20.9586
21.015
20.9709
20.9398
20.9759
20.9769
20.8852
20.9992
21.0052
20.9074
20.9528
20.8955
20.9318
20.8846
20.8943
20.9131
21.0136
20.9656
21.1129
20.9687
20.9086
21.0192
20.9039
20.925
20.9872
20.9643
20.9762
20.9348
21.0165
20.9604
20.9731
20.9251
20.8731
20.9063
20.9475
20.9297
20.8922
20.9076
20.8199
20.9875
20.8957
20.9378
20.8766
20.9397
20.9516
20.9466
21.0323
20.9045
20.9163
21.0206
21.1343
20.8988
20.9412
20.9986
21.0098
20.917
20.9987
20.938
20.9057
20.9478
20.9585
20.9304
20.9882
20.8534
20.9452
20.9742
20.9005
20.954
20.877
21.0027
20.9402
20.876
20.8915
20.9396
21.0251
20.9943
20.9558
20.9126
20.9327
20.9214
20.9747
20.9251
20.9201
20.9523
20.8936
20.8923
20.9099
20.9832
20.9898
20.884
21.0268
20.8497
20.9798
20.8984
20.9103
20.8866
20.9644
20.9343
20.8317
20.9173
20.9421
21.0446
20.9443
20.8796
20.894
20.8886
20.9287
20.965
20.8763
20.9232
20.8761
20.9647
20.937
20.9248
20.9466
21.021
20.8721
20.9176
21.0008
20.9029
20.925
21.0312
21.016
20.8688
20.8618
20.8817
20.8738
20.9195
20.907
20.9941
20.9993
20.9822
20.8998
20.9756
20.9159
20.9138
20.9176
20.9272
20.9836
20.9983
20.8671
20.9549
20.9507
20.9633
20.8646
21.0034
21.0073
20.9057
20.9167
20.9072
20.9838
20.9191
20.9391
20.9116
20.9874
20.8901
20.954
20.9246
20.9252
20.9199
20.9314
20.8707
20.9201
20.9054
20.9731
20.9675
20.9703
20.9005
20.9609
20.9001
20.9283
20.9211
20.9117
20.9085
20.9351
20.8831
20.9552
20.9523
20.9126
20.9598
20.9579
21.01
21.0021
20.9841
20.8869
20.9709
20.8759
20.8561
20.9611
20.9037
20.9971
20.963
20.9142
20.9152
20.9053
20.8645
20.9502
21.0887
20.9611
21.0632
21.0367
20.9275
20.9102
20.9955
20.9209
20.9434
20.8936
20.9331
20.9915
20.9444
20.8828
20.8641
21.03
20.9337
20.985
20.9911
20.9646
20.9519
20.9526
20.9128
20.9425
20.9216
20.9411
20.865
20.9622
20.9853
20.8872
21.0057
20.9639
20.907
20.8477
20.9674
20.8941
20.8562
20.9953
20.9234
20.9478
20.9628
20.9882
20.8677
20.876
20.954
20.8989
20.9737
21.0034
20.9131
20.9454
20.8385
20.9056
20.892
20.8983
21.0306
21.0506
20.8693
20.9248
20.8939
20.9768
20.8776
20.9389
20.9356
20.9646
20.8849
20.9508
20.8807
20.8944
20.8615
20.8416
20.9467
21.0256
20.9728
20.9368
20.8736
20.9308
20.9242
20.9723
20.9187
20.8603
20.9098
20.9196
20.8842
20.8831
20.8742
20.9129
20.9375
20.9482
20.9064
20.9739
20.9403
21.0147
20.8976
20.9555
20.9478
20.9326
20.9202
20.9332
20.8526
20.9218
20.8871
20.9241
20.8892
21.0082
20.9446
20.8615
20.9289
21.0177
20.9694
20.8492
20.9435
20.9084
20.9938
20.902
20.9645
20.9197
20.841
20.8964
20.9177
20.9374
20.9009
21.1031
21.0269
20.8783
20.9466
20.9537
20.9663
20.911
20.882
21.0333
20.9219
20.9147
20.9705
20.8881
21.0118
20.8614
20.8843
20.9965
20.9443
20.8654
20.9533
20.9393
20.9051
20.9435
20.922
20.983
20.9284
21.0678
20.9153
20.9103
20.9731
20.9262
20.9358
20.9002
21.0056
20.9479
20.8639
20.93
20.9631
20.9544
21.0781
20.9624
20.8983
20.9158
20.9427
20.8789
20.9103
20.9679
20.8262
20.9842
21.0146
20.9021
20.8838
20.8889
20.9072
20.9489
20.92
20.9068
20.9396
20.9352
20.8986
20.9639
20.8748
20.9636
20.8936
21.0036
20.9479
21.0155
20.9122
20.8885
20.8976
20.9638
20.8941
20.9337
20.9142
20.8716
20.8596
20.9021
20.9393
20.9457
20.888
20.9157
20.9112
20.9183
