0.113496
0.105094
0.107927
0.108595
0.111517
0.111681
0.115261
0.115412
0.117306
0.114432
0.117181
0.121179
0.114871
0.117924
0.114957
0.116442
0.112901
0.114997
0.113836
0.115939
0.114829
0.11093
0.108244
0.115811
0.113344
0.113345
0.108352
0.107988
0.108556
0.107959
0.107102
0.105625
0.108104
0.109981
0.107767
0.108894
0.10485
0.110362
0.104595
0.106536
0.108461
0.10274
0.0980312
0.1042
0.0956504
0.0931245
0.0894864
0.0916612
0.0889947
0.08779
0.0874208
0.0871451
0.0879046
0.0903512
0.0926833
0.0920781
0.092078
0.091556
0.0900604
0.0919714
0.0871
0.0870075
0.0862473
0.0861139
0.086662
0.0857778
0.0880198
0.0873836
0.0886997
0.0891189
0.0892312
0.08795
0.0893643
0.0865484
0.0874711
0.0869927
0.0852269
0.0858216
0.0857364
0.085907
0.0877256
0.0868059
0.0858783
0.0873539
0.0863628
0.085315
0.0851368
0.0855166
0.0874425
0.086757
0.0867539
0.0866485
0.0858922
0.0874538
0.0884228
0.0858258
0.090083
0.0850469
0.0865096
0.0880827
0.0861194
0.086104
0.0865581
0.0865148
0.0864737
0.0867437
0.0860289
0.0865295
0.0869418
0.0874891
0.0863725
0.0876509
0.0858527
0.0858597
0.0870213
0.086296
0.0863578
0.0856677
0.0864282
0.086971
0.0870132
0.0875154
0.0857473
0.0870358
0.0867763
0.0860302
0.086266
0.0869301
0.0873026
0.0878057
0.0857064
0.0856782
0.0862177
0.0873211
0.0863043
0.0871795
0.0850251
0.0879406
0.0880526
0.0861662
0.0869842
0.0859176
0.0858155
0.0858657
0.0863948
0.0857749
0.0853861
0.0866368
0.0874501
0.0865125
0.0870336
0.0859909
0.0864226
0.0869742
0.0869253
0.086199
0.0862644
0.08751
0.0859523
0.0873067
0.0870039
0.0873766
0.0873011
0.0862738
0.0863819
0.0883412
0.0865624
0.0865481
0.0865797
0.0874338
0.0868059
0.0853651
0.0879211
0.0883037
0.0884611
0.0860172
0.0872215
0.0876181
0.0879181
0.0875142
0.0864094
0.0854826
0.0861798
0.0871316
0.085744
0.0855961
0.0892656
0.0868608
0.0888018
0.0874292
0.0870497
0.0875415
0.0867946
0.0859265
0.0861689
0.086035
0.0868383
0.0865766
0.0871024
0.0861356
0.0866436
0.0865872
0.0863038
0.0878419
0.0860386
0.0870311
0.0874829
0.0867393
0.0857537
0.0862607
0.0858414
0.0884416
0.0883091
0.0858889
0.0866827
0.085766
0.085572
0.0855924
0.0862951
0.0873448
0.0842011
0.0866506
0.0864185
0.0862919
0.0866379
0.0855813
0.087998
0.0849087
0.0866241
0.0854162
0.0878848
0.0870868
0.0857557
0.0872546
0.0879318
0.0860945
0.0856866
0.0853775
0.0873806
0.0860657
0.0858571
0.0866382
0.0876299
0.0852838
0.0850768
0.086231
0.0854661
0.0857923
0.0870951
0.085911
0.0864635
0.0869894
0.086312
0.0863773
0.0871801
0.0850481
0.0857968
0.0844841
0.0856514
0.0882978
0.0865379
0.0859704
0.0872576
0.0857558
0.0870321
0.0872164
0.0860872
0.0844108
0.0849413
0.0869249
0.0866734
0.0890977
0.086936
0.0846054
0.0872278
0.0868687
0.0859398
0.086219
0.0861443
0.0866205
0.0861788
0.0872627
0.0870255
0.0864955
0.0846806
0.0865624
0.0866883
0.0869581
0.0856596
0.0861098
0.0869435
0.0879793
0.0862884
0.0867978
0.0869268
0.0871035
0.08712
0.0883621
0.0873709
0.0876801
0.0869032
0.0865501
0.0879478
0.0874177
0.0871096
0.0878392
0.0865741
0.0871607
0.0859157
0.086903
0.0855889
0.0848642
0.0873837
0.0875933
0.0877724
0.0873026
0.085716
0.0864535
0.0868565
0.08657
0.0876731
0.0855544
0.0874949
0.0867466
0.0880383
0.0855435
0.0849949
0.0886779
0.087034
0.0872951
0.0867296
0.0867977
0.0862627
0.0860697
0.0870999
0.0870988
0.0865839
0.0882826
0.0867327
0.0899045
0.0857567
0.0854312
0.0858477
0.0868377
0.0869184
0.0873549
0.0864372
0.0865648
0.0860207
0.0859935
0.0877655
0.0859442
0.0864943
0.0892217
0.0867154
0.0859424
0.0858806
0.0869254
0.0859141
0.0880636
0.0863187
0.0872069
0.0857973
0.087624
0.0874139
0.0868242
0.0854143
0.0867089
0.0855999
0.0875183
0.0862284
0.0866713
0.0856469
0.0857322
0.0859428
0.0860573
0.0867705
0.0871995
0.087059
0.0872085
0.0864043
0.087969
0.0878689
0.0868559
0.0861275
0.0871868
0.0870639
0.0856735
0.0858915
0.0869525
0.0881873
0.0885968
0.0873115
0.0859133
0.0869915
0.087279
0.0864613
0.0863952
0.0865316
0.0861237
0.0856783
0.0873224
0.0870717
0.0870333
0.0871045
0.0862991
0.0865556
0.0865473
0.086611
0.0855115
0.0867217
0.0866216
0.0848406
0.0855454
0.0896978
0.0869767
0.0859078
0.0858526
0.0864552
0.0849317
0.0886671
0.0863337
0.0853534
0.085821
0.0890135
0.0851781
0.0867477
0.0855485
0.0855813
0.0869417
0.0852153
0.0873054
0.0872304
0.0878588
0.0869415
0.0874961
0.0858765
0.086997
0.0874039
0.085807
0.0860087
0.085591
0.0851629
0.0866825
0.0861545
0.0877686
0.0865682
0.0872725
0.0854432
0.0867614
0.0860333
0.0863646
0.0867288
0.0855318
0.0864372
0.087094
0.0861512
0.0856051
0.0881595
0.0866963
0.0871189
0.0842221
0.0858888
0.0859798
0.0858717
0.0863382
0.0868736
0.087829
0.0872142
0.0852946
0.0863797
0.0870239
0.0868842
0.0866066
0.0870916
0.086693
0.0863528
0.0881817
0.086373
0.086769
0.088917
0.0873158
0.0873424
0.0857246
0.0859957
0.0873226
0.0872057
0.0840824
0.0864174
0.085284
0.0862969
0.0867178
0.0859745
0.0867415
0.089012
0.0884042
0.0862969
0.0870569
0.0860489
0.0866386
0.0861331
0.0874574
0.0886027
0.0863454
0.0862968
0.0860191
0.0859615
0.0852443
0.0884648
0.088672
0.0872798
0.0870067
0.0874285
0.0862403
0.0871122
0.0867347
0.0860147
0.0859762
0.0879746
0.0854174
0.0860609
0.0849915
0.0863772
0.086325
0.0872313
0.0866714
0.0864022
0.0860655
0.0881661
0.085285
0.086145
0.0874511
0.0873782
0.0855585
0.0855242
0.0866729
0.0856062
0.0868073
0.0847717
0.0892369
0.0850147
0.0865446
0.0859995
0.0869616
0.0861577
0.0860108
0.0864526
0.0854317
0.0848224
0.0896061
0.0855344
0.0872502
0.0877578
0.0875091
0.0851231
0.0875648
0.0883382
0.0864085
0.088296
0.0868644
0.0873645
0.0861535
0.0869851
0.0862416
0.0870642
0.0876232
0.0849501
0.0865566
0.0861502
0.0882288
0.0869805
0.0863083
0.0875478
0.0864621
0.0861217
0.088134
0.0870296
0.0862132
0.0881621
0.08728
0.0873197
0.0884792
0.0858943
0.0869022
0.0875601
0.0874574
0.0871171
0.0887383
0.0862849
0.086561
0.085164
0.0853492
0.0864792
0.0870145
0.086241
0.0882459
0.0855219
0.0856004
0.0854036
0.086107
0.0854961
0.0862922
0.0858726
0.0845785
0.0865835
0.0867206
0.0884737
0.0888973
0.0854968
0.0867468
0.086948
0.0882939
0.0885705
0.0869012
0.0873503
0.0868666
0.0874645
0.0855831
0.0869624
0.0856794
0.0878297
0.0859426
0.0891016
0.0856416
0.087305
0.0863463
0.0863174
0.0884993
0.0869893
0.0864307
0.0860358
0.0861756
0.0859607
0.0855838
0.0855992
0.0872959
0.0866927
0.0879866
0.0868956
0.0867077
0.0868213
0.0859531
0.0872809
0.086312
0.0872775
0.086095
0.0860608
0.0868658
0.0857302
0.0864272
0.0860743
0.0869118
0.0871245
0.0890546
0.0852802
0.0853923
0.086165
0.0870708
0.0880138
0.0858717
0.0865806
0.0863203
0.0857595
0.085913
0.0857551
0.0857441
0.0884432
0.0879286
0.0851283
0.0867121
0.086735
0.087274
0.0870349
0.0853896
0.087356
0.087202
0.0863782
0.0864081
0.0880572
0.0861642
0.0850518
0.0867989
0.0864528
0.085987
0.0859516
0.0858195
0.0874464
0.0863227
0.0870603
0.0859996
0.0843762
0.0870351
0.0862309
0.0863576
0.0866764
0.0871822
0.0847548
0.0868893
0.0869921
0.0861553
0.0873522
0.0858949
0.0856189
0.0858574
0.0854005
0.0884924
0.0849188
0.0858492
0.0863772
0.086584
0.0865191
0.0869208
0.0866427
0.0867939
0.0851111
0.0859797
0.0854889
0.0883514
0.0861759
0.086053
0.0870101
0.0867994
0.0864775
0.0877875
0.0880732
0.0869574
0.0881427
0.0890855
0.0873339
0.0853649
0.0852299
0.0859711
0.0865871
0.0877977
0.0874471
0.0851202
0.0854504
0.0863409
0.0857268
0.085721
0.0857095
0.0871203
0.0868009
0.0858386
0.0859122
0.0863047
0.086739
0.0864523
0.0863887
0.0868051
0.0858988
0.0864326
0.0853412
0.086758
0.0856611
0.088676
0.0861361
0.0872245
0.0867541
0.0871458
0.0861561
0.0857694
0.0876996
0.0867998
0.0864814
0.0860674
0.085909
0.0857327
0.0868319
0.089299
0.0871349
0.0875365
0.0862923
0.0880521
0.0867266
0.0875411
0.0860994
0.0869566
0.0870013
0.0881998
0.0868525
0.0866438
0.0862946
0.0860884
0.0857319
0.0843751
0.0882414
0.0851897
0.0857405
0.0868649
0.0849072
0.0870067
0.0862632
0.086897
0.0878503
0.0862386
0.0858502
0.0876341
0.0856143
0.0863957
0.086566
0.0869991
0.0878474
0.0869574
0.0871749
0.0883244
0.0876846
0.0864347
0.0871093
0.0861963
0.0863597
0.085866
0.0872609
0.0878046
0.0861385
0.0859202
0.0857588
0.0864107
0.0859026
0.0876432
0.0853765
0.0867927
0.0868266
0.0870329
0.0858969
0.0865248
0.0869992
0.0865953
0.0854943
0.0868414
0.0861957
0.0881014
0.0865766
0.086803
0.0876209
0.0853692
0.0866651
0.0860621
0.0853648
0.0864895
0.0870291
0.085852
0.0857207
0.0874582
0.0867003
0.0857343
0.086949
0.0860488
0.0864472
0.0854932
0.0879479
0.0872048
0.0863279
0.0855942
0.0861312
0.0874181
0.0880332
0.0863703
0.0853461
0.0861638
0.0858026
0.0863532
0.0863718
0.0873096
0.087228
0.0878046
0.0870675
0.0879056
0.088492
0.087648
0.0891927
0.086457
0.085788
0.0854538
0.0881122
0.0892561
0.0891735
0.0859528
0.0864934
0.087618
0.0884713
0.0877426
0.086348
0.0865835
0.0859129
0.0863448
0.0895141
0.0873093
0.0864741
0.0852115
0.0863019
0.0871267
0.0864801
0.0863191
0.0861234
0.0850205
0.0869825
0.0873575
0.0871307
0.0860029
0.0879584
0.0865786
0.0875754
0.0869285
0.0856634
0.0858019
0.0861493
0.0870528
0.0881738
0.0874034
0.0869724
0.0855792
0.0855502
0.0876584
0.086509
0.0868951
0.0870083
0.0863698
0.0852929
0.0879549
0.0841416
0.087526
0.0860146
0.0859184
0.0868289
0.0861361
0.0853322
0.0866615
0.0863528
0.0879359
0.086431
0.0874407
0.0866062
0.0876143
0.0887416
0.0874031
0.0869904
0.0862695
0.0863402
0.0864322
0.087424
0.0879727
0.0869148
0.0872864
0.0863966
0.0853403
0.0864202
0.0853352
0.0888123
0.087475
0.0869135
0.0863614
0.0860123
0.0870247
0.0870664
0.0876299
0.0867145
0.0868221
0.0856074
0.0848804
0.0875182
0.0881359
0.0864096
0.0882529
0.0874343
0.0880108
0.086067
0.0856725
0.0854378
0.0880694
0.0865285
0.0870326
0.0852967
0.086946
0.0881483
0.0867604
0.0879321
0.0865658
0.0869012
0.0890139
0.0860685
0.0860113
0.0888015
0.0876273
0.0868461
0.0877589
0.0870479
0.0874649
0.086687
0.0872974
0.0868262
0.0849631
0.0884945
0.0872872
0.0857187
0.086873
0.0854547
0.0881342
0.0868646
0.0862602
0.0867861
0.0873868
0.0863469
0.0877309
0.0856445
0.0844839
0.087837
0.086487
0.0873724
0.0865867
0.0871482
0.0864577
0.0867469
0.087126
0.0869345
0.0867504
0.0874251
0.0893456
0.0866368
0.0870666
0.0867874
0.0883848
0.0871377
0.0855417
0.0854121
0.0844488
0.0896018
0.0889689
0.0865708
0.089063
0.0850779
0.0871724
0.0891121
0.0887954
0.0866627
0.0852199
0.0854361
0.0887381
0.0893175
0.0879385
0.087241
0.0848351
0.0876349
0.0863947
0.085797
0.0865565
0.0850632
0.083443
0.0874549
0.0878156
0.0872332
0.0859214
0.0851183
0.0878145
0.0888184
0.0876235
0.0868594
0.0864002
0.0873097
0.0856611
0.0873722
0.0865212
0.0864917
0.0873675
0.0880208
0.0861854
0.0864793
0.0870076
0.0859553
0.0862088
0.0863704
0.0870082
0.085394
0.0865333
0.0870692
0.086087
0.0867023
0.0860124
0.086658
0.0874852
0.0856183
0.0875304
0.0851451
0.0858682
0.0854363
0.0863458
0.0863867
0.0869556
0.0864403
0.0859742
0.0862076
0.0858738
0.0855845
0.0871465
0.0870356
0.0863696
0.0859014
0.0868401
0.0866876
0.0856735
0.0872589
0.086975
0.0856998
0.0871554
0.086643
0.0852685
0.0857897
0.0853276
0.0855996
0.087754
0.0868076
0.0869385
0.0873577
0.0879686
0.0868293
0.0865871
0.0858387
0.0860711
0.0873199
0.0879372
0.0873565
0.0864639
0.0860213
0.085715
0.0864485
0.0852907
0.0851977
0.0854357
0.086662
0.0849819
0.0883085
0.0854363
0.0869928
0.0859255
0.0850247
0.0862023
0.0857959
0.0892538
0.0856916
0.0850312
0.0875209
0.0862178
0.086691
0.0860227
0.0856582
0.0859573
0.0863904
0.0861453
0.0859704
0.085144
0.0865372
0.0862466
0.0861567
0.0865959
0.087014
0.086325
0.0878735
0.0868119
0.0885185
0.0862613
0.0857613
0.0846687
0.0876708
0.0853605
0.0859241
0.0857751
0.0875326
0.085163
0.0866353
0.0874691
0.0876513
0.0872473
0.0864981
0.0876953
0.0866639
0.0850044
0.0863056
0.0870387
0.0855628
0.0858562
0.087649
0.0862797
0.0855722
0.086734
0.0876181
0.0871075
0.0854163
0.0867591
0.0853675
0.0862002
0.0858731
0.0887546
0.0867443
0.085541
0.0865959
0.0855706
0.0863784
0.0860984
0.0858384
0.0878603
0.0855619
0.085507
0.0857231
0.0891478
0.0869673
0.087327
0.0873432
0.0875925
0.0868256
0.085857
0.0857577
0.0866963
0.0861518
0.0886308
0.0850859
0.0853116
0.0864575
0.0859212
0.0856833
0.0874511
0.0856284
0.0865314
0.0871625
0.087267
0.0857154
0.0868824
0.0867452
0.0859819
0.0867467
0.0864512
0.0861102
0.0872806
0.0879125
0.086433
0.0856174
0.0878199
0.0875032
0.0862165
0.0863258
0.086094
0.0857248
0.0876668
0.0861776
0.0845904
0.0866929
0.0864311
0.086231
0.0860338
0.0862896
0.0854683
0.0851497
0.0851271
0.0887147
0.0861326
0.0870186
0.0857748
0.0880012
0.0858774
0.0868241
0.0870159
0.0874744
0.0870921
0.0871211
0.0872823
0.086181
0.0867554
0.0875911
0.0865246
0.0869496
0.0870197
0.0878484
0.0867135
0.0877991
0.0875426
0.0860222
0.0867624
0.0861854
0.0876568
0.0858454
0.0854391
0.0852932
0.085757
0.0862191
0.087526
0.086476
0.0858562
0.0849029
0.0875932
0.0854122
0.0869088
0.0860767
0.0865279
0.0856989
0.0870162
0.0881706
0.0862433
0.0869814
0.0858805
0.0873402
0.087637
0.0858683
0.085424
0.0857695
0.0859065
0.0872068
0.0857976
0.0874471
0.0866985
0.0869058
0.0875619
0.0865604
0.08665
0.0860087
0.08637
0.0885212
0.0871354
0.0863733
0.0863505
0.0871538
0.0867814
0.0872343
0.0879746
0.084002
0.0878699
0.0890652
0.0874334
0.0841745
0.085371
0.0878471
0.0876468
0.0860664
0.0861016
0.0881037
0.0861759
0.0856584
0.0868373
0.0868574
0.0857424
0.0866469
0.0867791
0.0860903
0.0872908
0.0861657
0.0865832
0.0865552
0.085581
0.0854737
0.087089
0.0863202
0.0868188
0.0867992
0.0866374
0.0858845
0.086243
0.0855831
0.0860018
0.0865463
0.0864015
0.0879916
0.0872652
0.0862065
0.0867258
0.0859469
0.0863493
0.0849646
0.0874294
0.0873457
0.0859925
0.0864783
0.0850758
0.0879371
0.0866261
0.0868662
0.0873021
0.0864133
0.0863076
0.0855744
0.0852751
0.0867666
0.085933
0.0859529
0.0849882
0.0851783
0.0852984
0.0860949
0.0851858
0.085642
0.0878723
0.0846305
0.0858628
0.0866512
0.0869831
0.0873374
0.0868259
0.0867781
0.0854929
0.0861223
0.0866031
0.086538
0.08593
0.085992
0.0863705
0.0862016
0.0871112
0.0889782
0.0862802
0.0853467
0.0845089
0.0869339
0.0845326
0.0859993
0.0872196
0.0866209
0.0855331
0.0872744
0.0857428
0.0867843
0.0874033
0.0859942
0.0857925
0.0862489
0.0882181
0.0860421
0.0861224
0.0864003
0.0864426
0.0875837
0.0866363
0.0861421
0.0871423
0.0854384
0.0870362
0.0880954
0.0867045
0.0868135
0.0857357
0.0878057
0.0876781
0.0866263
0.0857834
0.085715
0.0874015
0.0869236
0.0870226
0.0876765
0.0866897
0.086726
0.0878106
0.0877233
0.08765
0.0852775
0.0852566
0.0861103
0.0880288
0.0873145
0.084833
0.0867874
0.0886076
0.0869528
0.0870243
0.0872322
0.0845181
0.0879025
0.0874751
0.0869839
0.0860386
0.086752
0.0882305
0.0872126
0.0865767
0.0875139
0.0852714
0.085882
0.0861367
0.0860939
0.0875267
0.0864461
0.086792
0.0857658
0.0878624
0.0868157
0.0859161
0.0851698
0.0878333
0.087195
0.0873342
0.0859613
0.0874023
0.0867781
0.0877625
0.086148
0.0856815
0.0866518
0.0887543
0.0871672
0.0857499
0.086306
0.085847
0.0867796
0.0848927
0.084776
0.0871848
0.0863727
0.0880367
0.0869046
0.086262
0.0865911
0.0876558
0.0860307
0.085101
0.0866024
0.0869777
0.0854036
0.0887314
0.0858436
0.0870113
0.0871553
0.0864929
0.0863289
0.0856217
0.0856531
0.0867756
0.0872886
0.0865514
0.0863971
0.0858805
0.0866188
0.0867406
0.0861796
0.0865306
0.0856785
0.0871274
0.0852572
0.0867156
0.0872281
0.0859137
0.0871017
0.0870347
0.0853645
0.0852196
0.0873956
0.087023
0.0859728
0.0863459
0.0853501
0.0856493
0.0859044
0.0860589
0.0867485
0.0849515
0.0869999
0.0851585
0.0859182
0.085871
0.0860452
0.0876274
0.0862134
0.0865703
0.0859883
0.0843942
0.0867736
0.086858
0.0862603
0.0866678
0.0855698
0.0865795
0.0859405
0.086638
0.085537
0.0865135
0.0867277
0.0866084
0.0868222
0.0875953
0.0858059
0.0855889
0.0858673
0.0867193
0.0868375
0.0866571
0.0865354
0.0856762
0.0871576
0.0858133
0.0867113
0.0856567
0.086304
0.0877545
0.0858192
0.0863808
0.0852593
0.0886991
0.0873088
0.0856116
0.0878451
0.0862962
0.0857407
0.085581
0.0855696
0.0880676
0.0862782
0.0864525
0.0875106
0.087122
0.0856244
0.0860658
0.0860441
0.0867602
0.0861178
0.0875196
0.0870424
0.0873874
0.0867405
0.0881262
0.0871809
0.0863069
0.0860703
0.0869943
0.0853374
0.0863821
0.0870965
0.0874209
0.0870429
0.0876288
0.0864702
0.086073
0.0856039
0.0861674
0.0870311
0.0858921
0.0858268
0.0860779
0.0860952
0.087521
0.0871237
0.0871267
0.0862474
0.085567
0.087555
0.0859516
0.0857099
0.0877319
0.0855362
0.0874105
0.0863256
0.0859368
0.0873408
0.0861479
0.0870165
0.0885491
0.0874778
0.0866332
0.0877625
0.0864922
0.087991
0.0858488
0.0860576
0.0872404
0.0879337
0.0863536
0.0865382
0.0867895
0.0868265
0.0859957
0.0868433
0.0851036
0.0858992
0.0853984
0.0849643
0.0878744
0.0861818
0.0868561
0.085924
0.0860876
0.085905
0.0864895
0.0861391
0.0874575
0.0866783
0.088111
0.0864758
0.0867644
0.0863913
0.0864033
0.0876783
0.0856135
0.0861804
0.0851796
0.0877602
0.0856415
0.0861042
0.0853108
0.0869649
0.0872606
0.086539
0.0862788
0.0879474
0.0874112
0.0858805
0.0872196
0.0866733
0.0861242
0.0860569
0.0865792
0.0858996
0.0870251
0.0863823
0.0864856
0.085824
0.0860975
0.0848547
0.0868358
0.0854628
0.0876338
0.086831
0.0857085
0.0853275
0.0871465
0.0853604
0.0860764
0.0863893
0.0857001
0.0851851
0.0852022
0.0842414
0.0855477
0.0853551
0.0861251
0.0863495
0.0854795
0.0854349
0.0859916
0.0855955
0.0857704
0.0841134
0.08593
0.0852859
0.0856952
0.0866519
0.0849419
0.085664
0.0863632
0.0865291
0.086358
0.0856889
0.0877711
0.0858263
0.0862922
0.0857376
0.0875768
0.0861162
0.086346
0.0852782
0.0864759
0.0864059
0.0882753
0.0874421
0.086111
0.0870053
0.0863713
0.0861419
0.0867929
0.0869355
0.0872867
0.0877369
0.0859124
0.0856749
0.0866508
0.0883871
0.0865059
0.0868646
0.0845062
0.0874925
0.0873051
0.0865374
0.0862873
0.0872294
0.0869519
0.0865745
0.0863036
0.086818
0.0855383
0.0865139
0.0859925
0.0874133
0.0860488
0.0854678
0.0869397
0.0863542
0.0871691
0.0873596
0.0856478
0.0858866
0.0854061
0.0868792
0.084486
0.0851538
0.0848173
0.0851699
0.0859513
0.0855903
0.0872994
0.085492
0.0860573
0.085617
0.0867827
0.0859614
0.0850193
0.0850876
0.0863438
0.0868871
0.0840026
0.0874063
0.0855102
0.086311
0.0849736
0.0854382
0.0857091
0.0856446
0.0863486
0.0864255
0.0857897
0.0868109
0.0855092
0.0842143
0.0887268
0.0866039
0.0849783
0.0844773
0.0878171
0.0873984
0.086618
0.0867796
0.0869556
0.086071
0.0861238
0.0863204
0.0865963
0.08823
0.0851861
0.0867297
0.0859279
0.0857555
0.0866195
0.0864245
0.0864529
0.087351
0.0859718
0.086056
0.0859804
0.0868853
0.0855444
0.0872326
0.0855331
0.0854043
0.0870621
0.0865992
0.0870764
0.0877415
0.087314
0.0862195
0.0872405
0.0848382
0.08523
0.0875436
0.0857488
0.0864604
0.0869375
0.0870021
0.0871821
0.0867805
0.086303
0.0862546
0.0854866
0.0867144
0.0862599
0.0888409
0.0868465
0.0880867
0.0879248
0.0870628
0.0864671
0.0854794
0.0879465
0.0877675
0.0875104
0.0867544
0.0870063
0.089168
0.0890634
0.0880428
0.0861793
0.0876002
0.0887974
0.0881314
0.0853263
0.0856492
0.0861785
0.0857825
0.086867
0.0861526
0.0876321
0.0853457
0.0849413
0.0884137
0.0866001
0.0860192
0.0864569
0.0888049
0.0863058
0.0856373
0.0878968
0.0851427
0.0873751
0.0859535
0.0868123
0.0861611
0.0850097
0.0867929
0.0854642
0.086674
0.0860424
0.0862999
0.0853366
0.0852727
0.088663
0.0876433
0.0874545
0.0868619
0.0861004
0.0857198
0.0851753
0.0878168
0.0858662
0.0844296
0.0856673
0.0853251
0.0862671
0.0876207
0.0848678
0.0860287
0.0862043
0.0862885
0.0862985
0.0860089
0.0862528
0.0847153
0.0859535
0.0859669
0.0866702
0.0862125
0.0855506
0.0862159
0.0873263
0.0857153
0.087682
0.0859649
0.0854792
0.0852875
0.0846419
0.0856235
0.085507
0.0869337
0.0859264
0.0856561
0.0876377
0.0874394
0.0861282
0.0872279
0.0853781
0.0869685
0.0872239
0.0866909
0.0861682
0.087144
0.0875458
0.0855137
0.0859748
0.0848872
0.0862073
0.0873401
0.0866253
0.0858424
0.0865909
0.0862956
0.0868702
0.0864441
0.0856575
0.0876256
0.0855781
0.0879957
0.0860304
0.0860727
0.0869553
0.0873207
0.0872384
0.085119
0.084975
0.0863701
0.0872841
0.0858843
0.0863945
0.0855329
0.0863146
0.0865837
0.0861734
0.0860292
0.0865032
0.0866261
0.0873149
0.0852781
0.0869314
0.0876804
0.0866979
0.0862225
0.086684
0.085266
0.0876687
0.0862854
0.0849644
0.0856922
0.0870704
0.0867098
0.0874421
0.0864804
0.0863345
0.0851062
0.0854669
0.0880818
0.0870323
0.0860227
0.0864093
0.084735
0.0845888
0.0871601
0.0848973
0.084468
0.087442
0.0849714
0.0872713
0.0851659
0.0858907
0.0867339
0.0854093
0.0870125
0.0856636
0.0857579
0.0846557
0.087051
0.0860049
0.0885505
0.0857649
0.0864918
0.0855966
0.0840346
0.0847559
0.0868492
0.0870904
0.086613
0.0860141
0.0864497
0.0874404
0.086302
0.0855578
0.0865919
0.0863681
0.0862265
0.086038
0.0863197
0.0861823
0.0875243
0.0859429
0.0863612
0.0861754
0.0857744
0.085528
0.085832
0.0868915
0.0872293
0.0855281
0.086528
0.0866342
0.0869422
0.0859453
0.0862816
0.0845334
0.0885927
0.0869975
0.0858416
0.0862843
0.0859907
0.0852298
0.086829
0.0869231
0.0869752
0.0864091
0.0867596
0.0867754
0.0865874
0.0860784
0.0864716
0.0870538
0.0869106
0.0874581
0.0873167
0.0864348
0.0873227
0.0888054
0.0856811
0.0851411
0.0852286
0.0904146
0.0863019
0.0852112
0.0877669
0.0884369
0.0879468
0.0866937
0.0859911
0.0864194
0.0863
0.0880483
0.0862585
0.0868477
0.0870254
0.0872951
0.0872984
0.0852033
0.0872101
0.0870112
0.0866263
0.0855424
0.0868832
0.0870883
0.0876212
0.0870853
0.0869627
0.0860953
0.087704
0.0875057
0.085672
0.0858445
0.0859343
0.0867351
0.0858267
0.0851554
0.0868516
0.0888644
0.0886799
0.0875552
0.0870454
0.0889788
0.0889312
0.0854448
0.0846989
0.0892857
0.0907432
0.0871596
0.0864659
0.0862073
0.0889667
0.087972
0.0865672
0.0855349
0.0867059
0.087295
0.0897856
0.0869643
0.0852313
0.0872962
0.0871917
0.0885433
0.0859684
0.0846512
0.0861942
0.0879445
0.089145
0.0853142
0.0860407
0.0888443
0.0876293
0.0855442
0.085529
0.0867139
0.0872529
0.0888423
0.0853553
0.0842785
0.0857925
0.084735
0.0863797
0.0864573
0.0854026
0.0880255
0.0859918
0.0850475
0.0857253
0.0853002
0.0873647
0.0853993
0.0841254
0.0847544
0.0864548
0.0868295
0.0856677
0.0872033
0.0866533
0.0864552
0.0864228
0.0857484
0.0857223
0.085581
0.0876492
0.0858492
0.0847545
0.0858093
0.0866184
0.0862876
0.087153
0.0856133
0.0858644
0.0852503
0.0878242
0.0865347
0.0878777
0.0865931
0.0885986
0.0889878
0.0862394
0.0855622
0.0857518
0.0869196
0.08918
0.086116
0.0879759
0.087438
0.0889933
0.0880205
0.0855048
0.0854254
0.0883028
0.0882115
0.0866389
0.0851841
0.0860845
0.0873884
0.0855384
0.0853323
0.0858051
0.0864584
0.0888561
0.0878507
0.0869197
0.0872168
0.0894892
0.0876258
0.0858993
0.0865678
0.088901
0.0878794
0.0867072
0.0862384
0.0850963
0.0881835
0.0880158
0.0853401
0.0853909
0.088699
0.0880062
0.0858158
0.0856538
0.0871129
0.0874619
0.0874342
0.0869569
0.0855786
0.086639
0.090129
0.0860254
0.0864876
0.0872915
0.0872025
0.0879365
0.085133
0.0856608
0.0871741
0.0883227
0.0893876
0.086659
0.0890085
0.0872787
0.0852314
0.0855759
0.0873465
0.0891609
0.0864406
0.0853065
0.0853009
0.0881581
0.0881731
0.0874404
0.0864755
0.08621
0.0866873
0.087908
0.0866366
0.0881904
0.0876598
0.0875813
0.0873057
0.0846642
0.0858339
0.0859761
0.0870776
0.0862289
0.0873144
0.0870758
0.0883946
0.0889487
0.0873529
0.084561
0.0863252
0.087937
0.0877804
0.0870716
0.0858559
0.0873336
0.0889414
0.0870019
0.0863244
0.084523
0.0857487
0.0884244
0.0874793
0.0879794
0.0883564
0.0900897
0.0904737
0.0871892
0.0853413
0.0863821
0.0907472
0.0896207
0.0873539
0.0864283
0.0899159
0.0884736
0.0870367
0.0861569
0.0854066
0.0890633
0.0892281
0.0872006
0.0849707
0.0869888
0.0875294
0.08773
0.0859795
0.0860429
0.0917366
0.0883955
0.0865474
0.0864216
0.0878662
0.0892769
0.0861195
0.0851911
0.0883629
0.0875182
0.0879705
0.0857982
0.0874802
0.0893105
0.0876203
0.0868837
0.0854474
0.088349
0.0917908
0.0872567
0.0858196
0.0884327
0.0890659
0.0878413
0.0866547
0.0852688
0.0876662
0.0886745
0.0856142
0.0870578
0.087366
0.0879097
0.0868099
0.0873229
0.0853339
0.0867856
0.0887295
0.0870106
0.0856926
0.0865562
0.0865595
0.0880883
0.0873361
0.0849975
0.0854003
0.0857014
0.0866051
0.0870244
0.0854156
0.0871791
0.0863093
0.0876829
0.0853407
0.0856649
0.0858706
0.0873022
0.0864547
0.0845151
0.0860763
0.0851912
0.0858139
0.0867008
0.085335
0.0846966
0.0865142
0.0866887
0.0876078
0.086004
0.0885471
0.0889113
0.0870693
0.0866408
0.0847113
0.0906202
0.0884927
0.0863166
0.0857897
0.0860378
0.0874445
0.086713
0.0861483
0.0881255
0.0873069
0.0888473
0.0879963
0.0864773
0.0878511
0.0898311
0.0865224
0.0860242
0.0858025
0.0865099
0.084755
0.0893356
0.0856715
0.0879455
0.0883667
0.0886947
0.0858144
0.0856468
0.085534
0.0865103
0.0878925
0.0864278
0.0881312
0.0867922
0.0914706
0.0897408
0.0873452
0.0854076
0.0852896
0.0884702
0.0858946
0.0881616
0.0889574
0.0868068
0.0888046
0.0921648
0.0888139
0.0858708
0.0870371
0.0895707
0.0900497
0.0880182
0.0857041
0.0863191
0.0889276
0.0873767
0.0866212
0.0873786
0.086664
0.0878067
0.0867342
0.0853762
0.0876768
0.0872171
0.0871108
0.0866539
0.0873318
0.0865429
0.0863426
0.0854173
0.08568
0.0857835
0.0849869
0.0857788
0.0870607
0.0843583
0.0846297
0.0868099
0.0854995
0.0861013
0.0849217
0.0861981
0.0862616
0.085993
0.086262
0.083967
0.0866221
0.0863823
0.0841057
0.0863701
0.0857489
0.0855099
0.0858089
0.0858719
0.0856553
0.0870988
0.0867555
0.0858852
0.0865499
0.084491
0.084658
0.086259
0.0849249
0.086913
0.0855129
0.0853346
0.0870228
0.0860041
0.0850922
0.0856015
0.0855915
0.085396
0.0870518
0.0870443
0.0866877
0.0853344
0.0869722
0.0875154
0.0859664
0.0857265
0.0862517
0.0876012
0.0848179
0.0849088
0.0868303
0.0866194
0.0862834
0.0861143
0.0860288
0.0869636
0.0871039
0.0851077
0.0844801
0.0860569
0.0857497
0.0855976
0.0863285
0.0857833
0.0848796
0.0858706
0.0855256
0.0852956
0.0868307
0.085897
0.084914
0.0864841
0.0858063
0.0870643
0.0852611
0.0851178
0.0865038
0.0848714
0.0847735
0.0856833
0.0851703
0.0855631
0.0865866
0.0866586
0.085386
0.0850343
0.0863209
0.0857521
0.0863262
0.086021
0.0850166
0.0846892
0.084314
0.0854051
0.0873384
0.0865955
0.0854647
0.0858002
0.0868329
0.0853794
0.086193
0.0875549
0.0855784
0.0869327
0.0862565
0.0859414
0.0858949
0.0850332
0.085788
0.0851864
0.086398
0.0854014
0.0855582
0.0854071
0.0853976
0.0860765
0.0850527
0.0867548
0.085513
0.0851373
0.0856888
0.086795
0.0862291
0.0867311
0.0847755
0.0862521
0.0866661
0.0861117
0.0850431
0.0864402
0.0864023
0.0851118
0.085848
0.0855635
0.084575
0.0858364
0.0863351
0.0857921
0.0858926
0.0859473
0.086927
0.0860762
0.0859972
0.0873964
0.0863224
0.0867507
0.0848154
0.0860178
0.0854641
0.0862722
0.0867213
0.0868041
0.0879002
0.0875442
0.0862135
0.0858262
0.0856095
0.0857015
0.0874852
0.0855171
0.0866393
0.0890131
0.0867883
0.0876086
0.0852221
0.0859752
0.0884898
0.0868096
0.0890552
0.085911
0.0870675
0.0895762
0.0875141
0.0852602
0.0868976
0.0897137
0.087916
0.0868868
0.0866764
0.0895231
0.0895335
0.0876447
0.0856194
0.0858309
0.089366
0.0875771
0.0892117
0.0875979
0.0874379
0.087504
0.0864698
0.0861217
0.084653
0.0850473
0.0879275
0.0872589
0.0859832
0.0854897
0.086141
0.0870028
0.0868403
0.0848079
0.0862928
0.0869429
0.0871805
0.08626
0.0865616
0.0876246
0.0859484
0.0864245
0.0849968
0.085767
0.086045
0.0861042
0.089039
0.0864394
0.0855756
0.0871141
0.0859744
0.0856089
0.08564
0.0893395
0.0857568
0.0852992
0.0856179
0.0857645
0.0864031
0.0863382
0.0846774
0.0866868
0.0862315
0.0850675
0.0871233
0.0878646
0.0872895
0.0861797
0.0856977
0.0869859
0.0871676
0.0866644
0.0867567
0.0851372
0.0861342
0.0861998
0.0848464
0.0875367
0.0860574
0.0848522
0.0853214
0.0861346
0.085805
0.0857062
0.0864881
0.0861962
0.0860293
0.0866856
0.0874069
0.085719
0.0850843
0.0850091
0.0857834
0.0859498
0.0861505
0.0854444
0.0856403
0.0863437
0.0857618
0.0865793
0.0860405
0.0865107
0.0849646
0.0859655
0.08587
0.0859457
0.0861246
0.0854613
0.0843157
0.086599
0.085995
0.0851546
0.085974
0.0852814
0.0868916
0.0867131
0.0860318
0.0869163
0.0855129
0.0864771
0.0859112
0.085937
0.0857033
0.0853634
0.0871813
0.0855408
0.0852535
0.0857563
0.0867203
0.0853522
0.0853607
0.08544
0.0843279
0.0860933
0.086471
0.0850971
0.0860021
0.0855123
0.0861982
0.0857236
0.0865423
0.0852829
0.0857521
0.0859705
0.0863466
0.0857761
0.0860714
0.0856647
0.0858094
0.0869018
0.0862136
0.0853969
0.0858352
0.085498
0.0855042
0.08538
0.0863626
0.0857618
0.0862596
0.0855341
0.0851699
0.0862351
0.0871882
0.0870985
0.0862373
0.08491
0.0854818
0.0848663
0.0873941
0.0858242
0.0858926
0.0871381
0.086643
0.0863879
0.0869422
0.0864829
0.0861171
0.0867274
0.0865502
0.086118
0.085194
0.0855554
0.0862341
0.0858717
0.085668
0.0842711
0.0853987
0.0847126
0.0856063
0.0859884
0.0865175
0.0851419
0.0861531
0.0858799
0.0865798
0.0863522
0.0849114
0.0851862
0.0866403
0.0864898
0.0851708
0.0852022
0.0846213
0.0844501
0.0857094
0.0869264
0.0855401
0.0866061
0.0846266
0.0848599
0.0855598
0.085854
0.085771
0.0856493
0.0855209
0.0872078
0.0861797
0.0855296
0.0860983
0.0851034
0.0876244
0.0851287
0.0865812
0.0852133
0.0847741
0.0856353
0.0848522
0.0860169
0.0861644
0.0852012
0.0868491
0.0861102
0.0857227
0.0857572
0.0856835
0.0851432
0.0866869
0.0873791
0.0881545
0.0859359
0.0872439
0.0877527
0.0863157
0.0874966
0.0861673
0.087347
0.0851542
0.0853622
0.0873928
0.0870726
0.0853572
0.0862804
0.0864876
0.0858123
0.0846538
0.0853617
0.0849781
0.0852387
0.0853674
0.0860789
0.0862327
0.0853798
0.0865677
0.085175
0.0850568
0.0863151
0.0870431
0.0848576
0.086076
0.085394
0.0861594
0.0870274
0.0856417
0.0864411
0.087321
0.0870454
0.0874067
0.0864472
0.085598
0.0860039
0.0861157
0.088033
0.0854665
0.0859707
0.0854929
0.0865963
0.0847232
0.0843707
0.0854587
0.0851625
0.0868124
0.0861209
0.0854642
0.087618
0.0872753
0.0850781
0.0851674
0.0867012
0.0859323
0.0873202
0.0865301
0.087193
0.0879491
0.0869906
0.0871837
0.0850787
0.0865951
0.0889573
0.0883505
0.0848676
0.0868315
0.0878916
0.0871832
0.0863604
0.0857403
0.087637
0.0872808
0.086024
0.0863836
0.0866964
0.0878402
0.0866875
0.0864046
0.0860286
0.0874749
0.0854573
0.0873841
0.086588
0.0877468
0.0870559
0.0849425
0.0876454
0.086283
0.0849562
0.0857071
0.0857207
0.0861917
0.0873335
0.0852118
0.0860608
0.08604
0.0863912
0.0850067
0.0860018
0.0865832
0.0856881
0.0857332
0.0865579
0.0861867
0.0849129
0.0849533
0.0844917
0.0853619
0.0864517
0.085122
0.0859159
0.0863252
0.0851077
0.0865925
0.0856128
0.0864403
0.0860625
0.085289
0.0867935
0.0849819
0.0853483
0.0856876
0.0850451
0.0862824
0.0858417
0.0853789
0.0846362
0.0848323
0.085056
0.0849768
0.085533
0.086272
0.085365
0.0869317
0.0868144
0.0851267
0.0866838
0.085474
0.0884942
0.0862435
0.0857531
0.0876512
0.0870829
0.0858241
0.0850905
0.086076
0.088834
0.0853982
0.0863231
0.0876492
0.0875862
0.0848264
0.0859705
0.0896507
0.0895985
0.0859729
0.0878265
0.0900089
0.0887466
0.0853738
0.0869877
0.0909993
0.0885516
0.0851808
0.087133
0.0882953
0.0876266
0.0851821
0.0878233
0.0888147
0.0881957
0.0866222
0.0875107
0.0891357
0.0875037
0.0872814
0.0870481
0.0882848
0.0866832
0.0869884
0.0880037
0.0868311
0.0861038
0.0845258
0.0865887
0.087409
0.0879604
0.085417
0.0863012
0.087373
0.0868797
0.0851599
0.0851117
0.0879852
0.0868376
0.086399
0.0860093
0.0859316
0.08671
0.0859582
0.0857401
0.0886283
0.0875735
0.0857767
0.086147
0.088699
0.0856474
0.0852556
0.0853156
0.0876024
0.0877505
0.0871218
0.0855212
0.0894082
0.087628
0.0857054
0.0849409
0.0890115
0.0870423
0.0867435
0.0853703
0.0880607
0.0894005
0.0856267
0.0862793
0.0864582
0.0863251
0.0861522
0.0865049
0.0875644
0.0875996
0.086924
0.085616
0.08561
0.0869703
0.0862985
0.0863722
0.0866918
0.0861644
0.0862426
0.0850056
0.0855999
0.0841807
0.0883134
0.0850566
0.0857873
0.0857246
0.0860443
0.0847548
0.0859598
0.0852023
0.0853179
0.0864789
0.087816
0.0861283
0.0873136
0.0874066
0.0852904
0.0847589
0.08811
0.0865911
0.0863439
0.0869897
0.085284
0.0882024
0.0875435
0.085165
0.0860072
0.0862211
0.0870148
0.0855489
0.0848092
0.0864719
0.0857608
0.0861819
0.086035
0.086093
0.0844696
0.0848096
0.0861224
0.0856396
0.0847472
0.0855864
0.0867203
0.0850233
0.0858161
0.0859106
0.0852994
0.0869734
0.0868014
0.0867785
0.0863689
0.0870652
0.0850839
0.0857479
0.0857839
0.0871069
0.0850273
0.0860764
0.0855429
0.0868166
0.0862072
0.0853589
0.0847872
0.0869325
0.0860583
0.0858281
0.0855203
0.0861692
0.0860716
0.0850455
0.087376
0.0884771
0.0864161
0.0858706
0.0873817
0.0870644
0.0861457
0.0863204
0.0867794
0.0848608
0.0857389
0.0856123
0.0868487
0.0862001
0.0851556
0.0861801
0.0859172
0.0865812
0.0857513
0.0857751
0.0868961
0.0860323
0.0860194
0.0848389
0.0862808
0.0849103
0.085622
0.086261
0.0857902
0.0877763
0.0875027
0.0870786
0.0863407
0.0857609
0.0840281
0.0861445
0.0890171
0.0857251
0.0865224
0.0871083
0.0855028
0.085169
0.0868435
0.0869222
0.0857162
0.0865552
0.0859219
0.0869983
0.0867411
0.0863973
0.0870932
0.0861995
0.0845732
0.0851847
0.0851879
0.0851237
0.0846393
0.0853275
0.0879415
0.0865021
0.0856292
0.0853448
0.085347
0.0862112
0.0876137
0.0861365
0.0864885
0.0863721
0.0862956
0.0844261
0.0867774
0.0852113
0.084878
0.0859564
0.0851383
0.0862584
0.0855091
0.0853415
0.0866121
0.0849407
0.0861151
0.0844696
0.0858827
0.0861504
0.0868408
0.0850066
0.0855405
0.0864756
0.0868913
0.0854366
0.0855126
0.0855515
0.0852284
0.0864971
0.0858928
0.0852959
0.0860651
0.085758
0.0855057
0.0856032
0.0865447
0.086373
0.0853748
0.0861555
0.0856142
0.0851583
0.0873862
0.0880585
0.0851005
0.0860587
0.0856331
0.0859449
0.085831
0.0856275
0.0841188
0.087688
0.0856771
0.0873574
0.0868781
0.0856864
0.08545
0.0875278
0.0863641
0.0849179
0.0856865
0.0859691
0.0848198
0.0850762
0.0855091
0.0852695
0.0847459
0.0846907
0.0857641
0.0867842
0.0853881
0.0861764
0.0877442
0.0861002
0.0852856
0.0858834
0.086479
0.0871807
0.0846398
0.0866705
0.0872582
0.0870074
0.0863863
0.0873552
0.0855396
0.0869485
0.0857549
0.0848727
0.0868907
0.0858636
0.0852834
0.0848231
0.0870315
0.0861833
0.0858531
0.0856615
0.0866599
0.0860789
0.0848394
0.0844829
0.0861081
0.085683
0.0858993
0.0862806
0.0862019
0.0850659
0.0846937
0.0860604
0.0875216
0.0852767
0.0851355
0.0861335
0.0860408
0.0853494
0.0847995
0.0863406
0.0846288
0.0844142
0.0856544
0.0865189
0.085217
0.0852856
0.0862589
0.0846082
0.0847257
0.0853033
0.0858708
0.0856065
0.084049
0.0856151
0.0850726
0.0845656
0.0858469
0.0852944
0.0854837
0.0848001
0.0863319
0.0858074
0.0861919
0.0864363
0.0869825
0.0849331
0.085408
0.0879756
0.0848135
0.0851695
0.0853896
0.0850323
0.0860796
0.0848812
0.0843143
0.0853593
0.0847309
0.0855928
0.0841278
0.0850726
0.0846785
0.0856825
0.0868164
0.0857154
0.0852237
0.0847216
0.0857634
0.0850696
0.0853943
0.0866384
0.0858198
0.0858743
0.0854476
0.085277
0.0861948
0.0849646
0.0860363
0.0868758
0.0867154
0.085703
0.0864084
0.0870638
0.0850393
0.0872567
0.0849554
0.085507
0.085059
0.0856053
0.0860979
0.0855671
0.0846151
0.0856993
0.0852728
0.0878662
0.0855353
0.0870337
0.086329
0.0855659
0.0868675
0.0855379
0.0871587
0.0853606
0.0864387
0.0854069
0.0855177
0.0855129
0.0855213
0.0861471
0.0861059
0.0849558
0.0847994
0.0857598
0.0861665
0.0867052
0.0855134
0.0843665
0.0863236
0.0862851
0.0852018
0.086596
0.0854838
0.0854997
0.0844909
0.0869314
0.0861541
0.0855047
0.085392
0.0860547
0.0861562
0.0858942
0.0856665
0.0855739
0.0852462
0.0851183
0.0861279
0.0865298
0.0853554
0.0873512
0.0868379
0.0876741
0.0858019
0.0855359
0.0856183
0.0864624
0.0869009
0.0857658
0.0845609
0.08624
0.0863191
0.0873488
0.0857364
0.0869523
0.0862237
0.0864757
0.0854684
0.0862266
0.085194
0.0861738
0.0855834
0.08767
0.0860622
0.0849487
0.0858792
0.0858798
0.0872081
0.0862971
0.0867216
0.0857454
0.0863077
0.0850862
0.0869245
0.0854203
0.0861245
0.0855164
0.0853514
0.0870222
0.086244
0.0854983
0.0846504
0.085781
0.0855077
0.0864277
0.0865164
0.0878201
0.0857937
0.0859958
0.0856902
0.0843316
0.0866156
0.0862397
0.0863249
0.0860976
0.085031
0.0864751
0.0860189
0.085969
0.0861351
0.0860692
0.0866066
0.0850768
0.0858758
0.0855103
0.0855329
0.0854866
0.0860132
0.0860128
0.0859922
0.0857057
0.0839486
0.0865729
0.0850604
0.0857186
0.0860728
0.0851109
0.0849772
0.0857295
0.0846083
0.0863716
0.0868785
0.0851397
0.0856309
0.085986
0.0854432
0.085535
0.0852962
0.0849436
0.0865458
0.0850518
0.0866424
0.0864302
0.0858382
0.0857504
0.0861729
0.0856675
0.0857529
0.0853431
0.0860277
0.0851808
0.0845602
0.0876458
0.0863798
0.0839116
0.0844777
0.0869486
0.0844274
0.0854684
0.0846603
0.0856552
0.0863002
0.0852985
0.085175
0.0855872
0.0865883
0.0868296
0.0851072
0.0867008
0.0850616
0.0840053
0.0862639
0.0856495
0.0872814
0.0860426
0.0863106
0.0869125
0.087012
0.0845813
0.0878127
0.0864928
0.086844
0.0852229
0.0865403
0.0875439
0.0861692
0.0856477
0.0871713
0.0860201
0.0854572
0.0853454
0.0860553
0.0858956
0.0865977
0.0857142
0.085006
0.0869736
0.0859842
0.0863114
0.0859626
0.0857392
0.0856685
0.0850889
0.0859044
0.0857724
0.0885648
0.0855202
0.0857349
0.0864946
0.0856117
0.0851746
0.0862812
0.0858104
0.0843955
0.0854182
0.0855112
0.0851023
0.0852216
0.0864872
0.0848482
0.0857783
0.0860929
0.0869199
0.0855163
0.0855811
0.0862964
0.0846998
0.0876959
0.0859308
0.0859756
0.0852486
0.0857376
0.0859465
0.085759
0.0842529
0.0854385
0.0861013
0.0863528
0.0866013
0.0848166
0.085547
0.0854611
0.0853623
0.0849364
0.0855361
0.0846389
0.0850797
0.0851992
0.0845685
0.0845231
0.0861463
0.0862108
0.0844071
0.0862965
0.0855319
0.086262
0.0856783
0.0856302
0.0850192
0.0865287
0.0852974
0.0850127
0.0859526
0.0857054
0.0858178
0.0847069
0.0861569
0.0844675
0.0864045
0.0864264
0.0844342
0.0860791
0.0866954
0.0851389
0.0863127
0.0872829
0.0858377
0.0857487
0.0862727
0.0859531
0.085101
0.0863688
0.0873172
0.0857128
0.0860676
0.0868496
0.0862591
0.0861136
0.0851653
0.0868017
0.0862115
0.0871049
0.0855653
0.0873314
0.0866381
0.0854967
0.0862048
0.0875855
0.0852055
0.0862564
0.0859891
0.0860587
0.0860949
0.0861433
0.08577
0.0876324
0.0870306
0.0850951
0.087017
0.0855341
0.0859052
0.0854582
0.0853019
0.0877941
0.0861075
0.0863988
0.0853566
0.087442
0.0855826
0.0845016
0.0874057
0.0876204
0.0862192
0.0868984
0.0864061
0.088598
0.087142
0.0861831
0.0863099
0.0851888
0.08729
0.0857926
0.086094
0.0873405
0.0860792
0.086351
0.0854499
0.0862547
0.0872215
0.0864427
0.0857441
0.0878365
0.0885764
0.0856264
0.0862383
0.0874159
0.0878986
0.0857645
0.0863129
0.0862222
0.0852648
0.0864825
0.0856147
0.0870901
0.0869256
0.0843593
0.085359
0.0864285
0.0861779
0.0847762
0.0861744
0.0865215
0.0863542
0.085239
0.0859309
0.086201
0.0858569
0.0848887
0.0862151
0.0868491
0.0862474
0.085103
0.0857829
0.0863519
0.0861352
0.0862997
0.085851
0.0855617
0.0860362
0.0852215
0.0865901
0.085705
0.0854358
0.0857289
0.0863044
0.0852623
0.0854493
0.0860268
0.0854751
0.0856271
0.0850117
0.0865352
0.0857487
0.0855043
0.085364
0.0865916
0.085208
0.0878322
0.0855713
0.0860677
0.0869045
0.0860197
0.0866575
0.0844684
0.0868022
0.0866488
0.0871755
0.0842842
0.0873385
0.085684
0.0863273
0.0863405
0.0842156
0.0859933
0.0884943
0.0853683
0.0860799
0.0869094
0.0877003
0.0860807
0.0859979
0.0859615
0.087053
0.0869425
0.0855239
0.0845852
0.0863001
0.0860908
0.0866554
0.0860421
0.0879501
0.0862107
0.0852465
0.086062
0.0868555
0.0845877
0.0859564
0.0861593
0.0850733
0.08564
0.0857925
0.0848281
0.087125
0.0864304
0.0860912
0.08501
0.0854943
0.0849524
0.0856965
0.0856356
0.0861773
0.0854598
0.087503
0.0860781
0.0854161
0.0858793
0.0864839
0.0860816
0.0852487
0.0858486
0.0856184
0.087102
0.0839206
0.0850917
0.0835547
0.0855126
0.0856501
0.0850543
0.0850985
0.085019
0.0858314
0.0868647
0.0849869
0.0874562
0.0855985
0.0867605
0.0864986
0.0859991
0.0863312
0.0860351
0.0856033
0.0862746
0.0853163
0.0862718
0.0855681
0.0843051
0.0849439
0.0847993
0.0856945
0.0855665
0.0864392
0.0857611
0.0856994
0.0851663
0.0850082
0.0861076
0.0842668
0.086562
0.0849384
0.0863316
0.0852442
0.0854798
0.0857877
0.086422
0.0855243
0.085828
0.0861325
0.0858605
0.0856358
0.0855856
0.0843299
0.0859991
0.0853657
0.0866322
0.0867628
0.0862977
0.0873386
0.0853136
0.0850612
0.0859324
0.0860921
0.0861102
0.0851161
0.0853745
0.0858791
0.0842187
0.0838518
0.0851332
0.0863128
0.0859219
0.0858205
0.0862033
0.08667
0.0862643
0.0849965
0.0868434
0.08611
0.085487
0.084627
0.0867995
0.0861618
0.0848086
0.0861066
0.0858999
0.0866809
0.0859602
0.08565
0.0882514
0.0869682
0.0854051
0.0861877
0.0878209
0.0885399
0.0861723
0.0880391
0.0877454
0.0865086
0.086287
0.0856969
0.0873837
0.0873523
0.0848968
0.0858279
0.0857257
0.0856376
0.0867701
0.0853901
0.0871839
0.0854829
0.0863324
0.085813
0.0857523
0.08511
0.0863755
0.0870552
0.0847165
0.0860907
0.0856008
0.0855373
0.0871461
0.0853739
0.0857415
0.0858443
0.0854386
0.085933
0.0857704
0.0851087
0.0849342
0.0850221
0.0854342
0.085643
0.0845626
0.0854768
0.0855956
0.0861128
0.0856014
0.0873771
0.0863457
0.0857869
0.0848888
0.0885498
0.0855593
0.0846297
0.0849839
0.0849558
0.0862759
0.0855148
0.0847079
0.0850587
0.0850824
0.0849002
0.084746
0.0857775
0.084706
0.0868148
0.0862779
0.0859555
0.0855518
0.0846691
0.0835724
0.085983
0.0864284
0.0848942
0.0870963
0.0860581
0.0842205
0.0849852
0.0858845
0.0889007
0.0857771
0.0863937
0.0882571
0.0878354
0.086695
0.0866002
0.0874775
0.0858592
0.0861592
0.085704
0.0862132
0.0862031
0.0848311
0.0867297
0.0874633
0.0877678
0.0859082
0.0890578
0.0886447
0.0857255
0.0870212
0.0890169
0.089327
0.0851148
0.0872086
0.0888971
0.0863978
0.0846532
0.0874725
0.0877172
0.087176
0.0868059
0.0880351
0.088979
0.0867682
0.0843031
0.0865708
0.0870263
0.0883936
0.0864897
0.086908
0.0889541
0.0871811
0.0855479
0.0867249
0.0869394
0.0863354
0.0859394
0.0861273
0.0872312
0.0864243
0.0862651
0.0867146
0.08523
0.0886155
0.0859403
0.0862747
0.086758
0.086988
0.085008
0.0866132
0.0882859
0.0843217
0.0856962
0.0861929
0.0863413
0.0861062
0.0854072
0.0861533
0.0856373
0.0853022
0.0847365
0.0853411
0.085671
0.0841609
0.0844895
0.0849067
0.0858495
0.0854818
0.0855781
0.0857571
0.0849868
0.0849688
0.0857063
0.0862094
0.0863086
0.0859278
0.0851473
0.0862962
0.087105
0.0852439
0.084838
0.0851545
0.0848284
0.0855438
0.084922
0.0851996
0.0859177
0.085203
0.0851264
0.0845731
0.0860383
0.0868294
0.0855671
0.0853043
0.0853669
0.0862091
0.0867483
0.0859937
0.0859116
0.0851744
0.0858998
0.0861592
0.0850953
0.0865922
0.0846755
0.0861961
0.0857452
0.0856345
0.0853724
0.0861736
0.0855871
0.0864419
0.0845208
0.0850697
0.0855971
0.0859367
0.0856135
0.0849099
0.0865467
0.085863
0.0851125
0.0842002
0.0857701
0.0868583
0.0855932
0.0865782
0.0852624
0.0839094
0.0857074
0.0848593
0.0858427
0.0857112
0.0845131
0.0858449
0.0846075
0.0860407
0.0855696
0.0847944
0.0854192
0.0858041
0.0850247
0.0850918
0.0857945
0.086376
0.0851923
0.0873186
0.0849937
0.0880673
0.0862858
0.0858634
0.084773
0.0866251
0.0854074
0.0868745
0.0849188
0.0861012
0.0868021
0.0861834
0.0856608
0.0860258
0.0858899
0.0862475
0.0858622
0.0875857
0.0865484
0.0861199
0.0852422
0.0848283
0.0870916
0.0877636
0.0860643
0.0881325
0.0897406
0.0879956
0.0854563
0.0866107
0.0884724
0.0895968
0.0860847
0.0860085
0.0888443
0.0869541
0.0851794
0.0856485
0.0878275
0.0880362
0.0849514
0.0866419
0.0883919
0.0857956
0.0855931
0.0869921
0.0857303
0.0885971
0.0852895
0.0857849
0.0867385
0.0865706
0.0848144
0.0859377
0.0853582
0.0862621
0.0867293
0.0860348
0.0862588
0.0870222
0.0855189
0.0869374
0.0857215
0.0848879
0.0855808
0.0859628
0.0859598
0.0847508
0.0866065
0.0852065
0.0851179
0.0848089
0.0846217
0.0849136
0.0858576
0.0849575
0.085117
0.0844321
0.0856445
0.0852761
0.0854999
0.0853851
0.0854172
0.0848667
0.0870787
0.0847562
0.0849731
0.0852164
0.0864568
0.085838
0.0851689
0.0868633
0.0871683
0.0857431
0.0858148
0.0842764
0.0838991
0.087897
0.0850629
0.0854657
0.0880484
0.0862478
0.085487
0.0876063
0.0849721
0.0846993
0.0859275
0.0858624
0.0850527
0.0865255
0.0853255
0.0863281
0.0859435
0.0852278
0.0848012
0.0856546
0.0851909
0.0848359
0.0852865
0.0854231
0.086317
0.0853739
0.0854026
0.0860035
0.0851719
0.0853957
0.0844087
0.0872886
0.0842106
0.0854165
0.0857362
0.0853199
0.0847686
0.0861091
0.0853143
0.0843747
0.0860377
0.0858645
0.0859429
0.0856538
0.0860973
0.0842266
0.0860037
0.0855429
0.0843195
0.0838497
0.0856866
0.0871607
0.0859309
0.0865738
0.086275
0.0862594
0.0848661
0.0856391
0.0871767
0.0855429
0.0851645
0.0857214
0.0857241
0.0858205
0.0846709
0.0850413
0.0863133
0.087307
0.0860308
0.0870457
0.0886228
0.0861186
0.0842515
0.0862952
0.0868374
0.0854771
0.0844006
0.0850786
0.0861928
0.0855278
0.0848525
0.085813
0.0844548
0.0869769
0.0856667
0.0855732
0.0872966
0.0866568
0.0863022
0.0856899
0.0854419
0.0853334
0.0861707
0.0867075
0.0858102
0.0864539
0.0847631
0.0852665
0.0857065
0.0856411
0.0855957
0.0855816
0.0863519
0.0858487
0.0860098
0.0845361
0.0847761
0.0859495
0.0867018
0.0849289
0.0859059
0.085889
0.0869659
0.0847027
0.0855691
0.0860023
0.0846485
0.086222
0.0858475
0.0845173
0.0852668
0.08411
0.0853738
0.0871623
0.0839206
0.0847043
0.0850276
0.0854535
0.0856806
0.0854616
0.0856679
0.085601
0.0852294
0.0854239
0.0847688
0.0860417
0.0851051
0.0858721
0.0854277
0.0861834
0.0849678
0.0879302
0.086498
0.0844271
0.0872319
0.0862577
0.0849666
0.0864101
0.0853258
0.0847
0.0848458
0.0867417
0.084878
0.0859943
0.0846764
0.0849225
0.0856852
0.0859365
0.0852854
0.0859977
0.0857944
0.0852139
0.084937
0.0860566
0.0844244
0.0872998
0.0858901
0.0859287
0.0862301
0.0847697
0.0856465
0.087739
0.0857627
0.0858847
0.0855556
0.0867848
0.0862768
0.0859917
0.0861209
0.0868479
0.085152
0.0867643
0.0877717
0.0859351
0.0872073
0.0839693
0.0862656
0.0867219
0.0849038
0.0870772
0.0851737
0.0844873
0.0857369
0.0876937
0.0859023
0.0862737
0.0865098
0.0858034
0.0854737
0.0841529
0.0857195
0.0882358
0.0856665
0.0867553
0.0884438
0.0862605
0.0847055
0.086147
0.0850869
0.0894019
0.0857065
0.0873422
0.0893793
0.0863076
0.084691
0.0873293
0.0884879
0.0875177
0.0862419
0.0886173
0.0871341
0.085399
0.0868158
0.0876268
0.0879129
0.0860299
0.0862652
0.0877623
0.0863776
0.0862896
0.0864922
0.0858012
0.0859724
0.0849124
0.0864345
0.085151
0.0853203
0.0854325
0.0869912
0.0854898
0.0852502
0.0874353
0.0857437
0.0856544
0.0850936
0.084787
0.0845756
0.0860993
0.0866261
0.0848743
0.084384
0.0856674
0.0846632
0.0855242
0.0855581
0.0864192
0.0854466
0.0848747
0.0856717
0.0863565
0.0854052
0.084896
0.0863624
0.0862195
0.0863068
0.0864304
0.0875336
0.0862142
0.0853103
0.0861648
0.0861061
0.0848009
0.0859418
0.0856555
0.0857339
0.0863477
0.0851721
0.0851273
0.0888661
0.0859935
0.085868
0.08845
0.0867743
0.0861418
0.0858845
0.0869048
0.0874531
0.0856354
0.0873822
0.0867272
0.0860915
0.0853056
0.09051
0.0861452
0.0852262
0.0857462
0.0860417
0.0861783
0.0852728
0.0878612
0.0902908
0.0865657
0.086697
0.089625
0.0887864
0.0865712
0.0852274
0.0889181
0.0883462
0.0846956
0.0879145
0.0879829
0.0868954
0.0844241
0.0862416
0.0868919
0.085314
0.084227
0.0856696
0.0850304
0.0852782
0.0858888
0.0865347
0.0853125
0.0849422
0.0851587
0.0849304
0.084993
0.0861167
0.085435
0.0858097
0.0847241
0.0843993
0.0864205
0.0843336
0.0851447
0.0861612
0.0846451
0.0858592
0.0853247
0.0857064
0.084957
0.0854169
0.0845853
0.0847713
0.0850749
0.0882403
0.0868059
0.0853858
0.0867849
0.0860523
0.0848735
0.0866145
0.0852819
0.0849359
0.0846799
0.0856517
0.0851469
0.0860634
0.0849517
0.0856631
0.0845232
0.0857317
0.0845844
0.0861049
0.0855931
0.0844608
0.0873418
0.0847922
0.0868436
0.0860887
0.0860811
0.0850084
0.0871796
0.0837995
0.086849
0.0854
0.0857401
0.0856321
0.0856467
0.0853825
0.0850925
0.0844999
0.0848359
0.0848664
0.0846241
0.0863573
0.0853895
0.0856756
0.084537
0.0870495
0.0867876
0.0859988
0.0874156
0.0864092
0.0861644
0.0847482
0.0852539
0.0861894
0.0859071
0.0867319
0.08569
0.0860342
0.0852774
0.0878231
0.0864593
0.0865477
0.086609
0.088183
0.0862285
0.0870421
0.0858801
0.0859695
0.0862464
0.086496
0.0854546
0.0850998
0.0855134
0.0874819
0.0864555
0.0861026
0.0862826
0.0868169
0.0857154
0.0851358
0.0856058
0.0877183
0.0881438
0.0851871
0.0896292
0.0890267
0.0854343
0.0860226
0.089968
0.0876715
0.0859923
0.0867416
0.0896424
0.0879538
0.0846305
0.0871781
0.0913337
0.0895477
0.0853228
0.0872356
0.0899383
0.0868001
0.0842319
0.0885248
0.0861908
0.0862381
0.0856349
0.0860885
0.0878535
0.0872429
0.0855785
0.0882633
0.088372
0.0850105
0.0856722
0.086887
0.0864198
0.0853497
0.0864545
0.0865923
0.084579
0.0847777
0.0858821
0.0863027
0.0859569
0.0859244
0.0866845
0.0851625
0.0848129
0.083983
0.0854161
0.0853776
0.0855483
0.0846676
0.0869296
0.0859297
0.0857186
0.0860689
0.0858942
0.0857097
0.0851013
0.0859402
0.0853112
0.0848291
0.0860649
0.0856187
0.0855453
0.0844881
0.0883698
0.0861942
0.084977
0.0869529
0.085867
0.0852157
0.0861668
0.0856709
0.085128
0.0856895
0.0852071
0.0847383
0.0853735
0.0855472
0.0856927
0.0850107
0.0852161
0.0846212
0.0854222
0.0839299
0.0865746
0.0846786
0.08484
0.0844401
0.0855385
0.0863306
0.0856852
0.0852857
0.0856641
0.085234
0.0874685
0.0847921
0.0857115
0.085406
0.0863315
0.0860414
0.0859379
0.0844414
0.0846096
0.0842681
0.0860445
0.0855813
0.0857365
0.0847676
0.0864037
0.0853318
0.084192
0.0857725
0.0882384
0.0844214
0.0858238
0.0865555
0.0859931
0.0848887
0.0860227
0.0842441
0.0862325
0.0852951
0.0866541
0.0865146
0.0869874
0.0858051
0.0835176
0.0887475
0.0868736
0.0853098
0.0857961
0.0863727
0.0854386
0.086178
0.0860112
0.0852522
0.0855335
0.0855737
0.0852969
0.0864457
0.0860227
0.0864385
0.0861456
0.0851516
0.0846417
0.0865062
0.0865066
0.0859823
0.0858616
0.0860077
0.0853606
0.0861994
0.0854574
0.085809
0.0858277
0.085915
0.0852758
0.0852164
0.0846807
0.088618
0.0857627
0.08427
0.0849904
0.0853764
0.0848596
0.0842202
0.0856396
0.0853563
0.0849971
0.0860732
0.0853434
0.0855781
0.0852876
0.085524
0.0845551
0.085102
0.0864333
0.0853245
0.0856599
0.0858993
0.08462
0.0855063
0.085819
0.0877469
0.0857195
0.0860174
0.0854006
0.085689
0.0853497
0.0857554
0.0863569
0.0865089
0.085522
0.086167
0.0855229
0.0840572
0.0855021
0.0851228
0.0868954
0.0844908
0.0861019
0.0864245
0.0854324
0.0850207
0.0873562
0.0876173
0.0848047
0.084562
0.0850409
0.0845973
0.0858729
0.0859484
0.0857732
0.0850867
0.0855299
0.084873
0.0856557
0.0848723
0.0857527
0.0872836
0.0848881
0.0855523
0.0846747
0.085284
0.0845753
0.0856113
0.0850612
0.0858178
0.0852269
0.0853768
0.0853168
0.0857775
0.0849774
0.0853959
0.0861749
0.0848243
0.085151
0.0847443
0.0849553
0.0855396
0.0850778
0.0850548
0.0861617
0.0847122
0.0856179
0.0845167
0.0847183
0.0845932
0.085306
0.0869917
0.0861712
0.0858481
0.0861843
0.0852273
0.0856949
0.0875938
0.0848751
0.085072
0.085064
0.0852527
0.0839139
0.0845905
0.0870312
0.0855252
0.0858277
0.0850297
0.0867504
0.0850311
0.0854456
0.0859957
0.0850628
0.0857894
0.084038
0.08503
0.0848772
0.0852255
0.0848294
0.0853929
0.0854152
0.0853588
0.085927
0.0859794
0.0849123
0.0854442
0.0862342
0.087838
0.0851181
0.0862254
0.0865229
0.084493
0.0843467
0.0859167
0.0864322
0.0857013
0.0851348
0.0865289
0.0853005
0.0844053
0.0837425
0.0869519
0.0877177
0.0868612
0.0879849
0.08784
0.0868796
0.0849027
0.087024
0.0872101
0.0856984
0.0858853
0.0860737
0.0875766
0.0856127
0.0853652
0.0874034
0.0862806
0.0862336
0.0868834
0.0879975
0.086332
0.0854621
0.0878977
0.0864863
0.0851869
0.0855714
0.0857068
0.0864539
0.0847788
0.0870676
0.0854766
0.0855262
0.0866178
0.0859334
0.0860405
0.0841731
0.0883098
0.0861756
0.0861296
0.0878006
0.0873939
0.0857218
0.0852759
0.0859934
0.0861539
0.0871046
0.0855997
0.086147
0.086661
0.0847855
0.0849969
0.0870734
0.0866236
0.084706
0.0858344
0.0858524
0.0867713
0.0862688
0.0854821
0.086774
0.0869707
0.0868633
0.0855913
0.0870011
0.0864377
0.0855579
0.0851093
0.0861
0.0887524
0.0866438
0.0847957
0.0877949
0.0870374
0.0865089
0.086248
0.0870133
0.0844342
0.0889091
0.084719
0.0869635
0.0870226
0.0857456
0.0858093
0.0852835
0.0862853
0.087505
0.0845217
0.085532
0.0865366
0.0866918
0.0848072
0.085398
0.0867307
0.0859718
0.0853877
0.0848149
0.0851539
0.0853859
0.0858687
0.0850789
0.0862272
0.0870112
0.0840951
0.0855463
0.0856072
0.0866746
0.0862008
0.0847578
0.0845475
0.0855148
0.0859175
0.0853649
0.0850471
0.0856105
0.0848281
0.0853619
0.085419
0.0861419
0.0850179
0.0850463
0.0850791
0.085359
0.0843263
0.0858038
0.0848634
0.0851532
0.0859351
0.0854772
0.0841292
0.0850956
0.0847677
0.0847392
0.0843852
0.0852045
0.0846919
0.0861119
0.0847112
0.0853411
0.0859956
0.0850363
0.0846697
0.0857767
0.0856994
0.0852907
0.0847523
0.0846651
0.0846017
0.0852801
0.0850726
0.0856649
0.0842838
0.085194
0.0843411
0.0851984
0.0841912
0.0856175
0.0859215
0.0854357
0.0854159
0.0863562
0.0865547
0.0853658
0.0847565
0.0866972
0.0850298
0.0865805
0.0851249
0.0863619
0.0853799
0.0862962
0.0845002
0.0857817
0.0857735
0.0862617
0.086398
0.0871628
0.085838
0.0858099
0.0856293
0.0889956
0.0854448
0.0859244
0.0859761
0.0856465
0.0853256
0.086538
0.0863395
0.0841601
0.0855415
0.085487
0.0861781
0.085994
0.0855801
0.0844621
0.0861186
0.0858729
0.0860369
0.0858737
0.0862878
0.0852244
0.0867966
0.0844937
0.0855273
0.0857562
0.0864289
0.0857652
0.0849749
0.0848068
0.0869629
0.0844135
0.084789
0.0858151
0.0856384
0.0865589
0.0861066
0.0858839
0.0849168
0.0857135
0.0847527
0.0872112
0.0848561
0.0849823
0.0863325
0.0862249
0.0853493
0.0871626
0.0865603
0.0860678
0.0855464
0.0868082
0.0860284
0.0851048
0.0859987
0.0873407
0.086442
0.0849066
0.0862974
0.0862703
0.0856809
0.0851651
0.0864043
0.0875884
0.0845535
0.0851494
0.087312
0.0852923
0.0840447
0.0876828
0.0865825
0.0852645
0.0852013
0.0854495
0.0864459
0.0848323
0.0850893
0.0868671
0.0880211
0.0841357
0.0869078
0.0866418
0.0861396
0.0846066
0.0876692
0.088698
0.0846085
0.0852346
0.0869116
0.087038
0.0858565
0.0856597
0.0875425
0.0862076
0.0861955
0.0862418
0.0856241
0.0854975
0.0857843
0.0861593
0.0851101
0.085339
0.0848953
0.0853929
0.0850376
0.0868856
0.0850245
0.0862159
0.0844201
0.0860091
0.0862957
0.0848009
0.0852616
0.0858651
0.084314
0.0846045
0.0865543
0.086115
0.0848424
0.0852954
0.0852335
0.0851965
0.0858695
0.0843391
0.0855581
0.0869476
0.0859505
0.0857074
0.0862541
0.0873751
0.0864892
0.0863873
0.0872529
0.085495
0.0858918
0.085351
0.0859019
0.0854401
0.0862528
0.0860817
0.0858285
0.0866743
0.0851863
0.0865223
0.0875005
0.0846935
0.0848661
0.0846859
0.0857003
0.0853953
0.0856907
0.086997
0.0858111
0.0865425
0.0856537
0.0846151
0.0852496
0.0852366
0.085844
0.0851392
0.0842597
0.0854442
0.086034
0.0845707
0.0867227
0.0855537
0.0871401
0.0873871
0.0867464
0.0857822
0.0844315
0.0868919
0.0856143
0.0853007
0.0849634
0.0859803
0.0850219
0.0853531
0.0854736
0.0863022
0.08606
0.0858302
0.0875589
0.0852867
0.0855371
0.0848631
0.0859961
0.0856757
0.0848703
0.0863504
0.0865352
0.085715
0.0875163
0.0849676
0.0842541
0.0850952
0.0844462
0.0853499
0.0860087
0.0860589
0.0856183
0.0855936
0.0846
0.0848453
0.0858045
0.0847556
0.085468
0.0861064
0.0867122
0.0865183
0.0855479
0.0856887
0.087317
0.0845771
0.0839198
0.0854123
0.0845491
0.0858203
0.0855571
0.0858746
0.085534
0.084873
0.0853214
0.0860748
0.0863173
0.0853232
0.0858999
0.0856879
0.0852914
0.0846371
0.0836037
0.0851146
0.0848526
0.0846489
0.0847307
0.0868888
0.0857635
0.0856299
0.0860158
0.085838
0.0845693
0.0861122
0.083759
0.0851212
0.0844156
0.0843449
0.0846969
0.0848144
0.0852457
0.0867948
0.0854768
0.0870872
0.0866007
0.0853423
0.0842577
0.085102
0.0848634
0.0862123
0.0848864
0.0868307
0.0861807
0.0847574
0.0872906
0.0852063
0.0860905
0.0839508
0.0853447
0.0848495
0.0861152
0.0849635
0.0846316
0.0875784
0.0857391
0.0864051
0.0849154
0.0858609
0.084476
0.087068
0.0862189
0.086276
0.0854089
0.0857171
0.0853222
0.0848545
0.086854
0.085803
0.0862347
0.0866688
0.0851803
0.0859293
0.0841952
0.0860381
0.0848451
0.0845192
0.0847141
0.085502
0.0851913
0.0858052
0.0845333
0.085947
0.0838765
0.0855258
0.0856466
0.0856686
0.0851479
0.0852109
0.0857366
0.0863404
0.085797
0.0850529
0.0838898
0.0850752
0.084497
0.0854032
0.0848265
0.0841494
0.0852734
0.0845216
0.0857278
0.0848982
0.0860839
0.0862365
0.0841975
0.0860153
0.0857896
0.0853508
0.0845206
0.0851902
0.0857936
0.0857278
0.0865935
0.0873784
0.0875656
0.0870774
0.0861006
0.0874399
0.087162
0.0869981
0.0855723
0.0853881
0.0867352
0.0853578
0.0858464
0.086697
0.0865914
0.085047
0.0861869
0.087052
0.0862021
0.0861407
0.0851472
0.0852301
0.0870081
0.0859291
0.0873272
0.0871976
0.0875695
0.0857308
0.086492
0.0858272
0.0861714
0.0851332
0.0848557
0.0850645
0.0853843
0.0865037
0.0858283
0.085675
0.0837255
0.0844362
0.0859751
0.0868567
0.0856926
0.0859081
0.0859305
0.0859158
0.0846301
0.0863429
0.0868462
0.0843433
0.0859899
0.0859476
0.0869597
0.0872868
0.086581
0.08592
0.0845756
0.0871729
0.0846246
0.0858728
0.0859862
0.0858811
0.0859494
0.0850518
0.0851487
0.0856693
0.0839277
0.0848045
0.0859505
0.0866902
0.0860785
0.0853248
0.085007
0.0849673
0.0866355
0.0850202
0.0841297
0.0852577
0.0870044
0.0851702
0.0853206
0.0854015
0.0848558
0.0846612
0.0851598
0.085639
0.0847299
0.0851412
0.0851155
0.0851614
0.0854659
0.0856246
0.0869501
0.0854102
0.0858466
0.0851565
0.0857136
0.0853682
0.0848712
0.085751
0.0856191
0.0850541
0.0855632
0.0852585
0.0847846
0.0851414
0.08494
0.0839506
0.0855028
0.0869871
0.0858005
0.0859075
0.0867205
0.0853611
0.0846703
0.0851036
0.0847637
0.0846968
0.0846811
0.0858477
0.0863104
0.0855096
0.0857188
0.0853893
0.0843999
0.0849999
0.0862981
0.0853274
0.0852541
0.0865049
0.0861748
0.0856249
0.0851183
0.0854213
0.0867886
0.0849925
0.0851296
0.0871423
0.0855556
0.0839518
0.0871035
0.085924
0.0851612
0.084784
0.085927
0.0844905
0.0859223
0.0858055
0.0850327
0.0876523
0.0855959
0.0860988
0.0852637
0.0848337
0.0849551
0.0853031
0.084568
0.0847012
0.0859958
0.0850725
0.086346
0.0852811
0.0857636
0.0839477
0.0852589
0.0871764
0.0860256
0.0859199
0.0859804
0.0859506
0.0857872
0.0847602
0.0853705
0.088623
0.0860905
0.0850146
0.0864047
0.0857188
0.0868874
0.0853299
0.0855305
0.0863119
0.0856886
0.0854418
0.0846557
0.0862209
0.0867447
0.0844623
0.084698
0.0872215
0.0867419
0.0870048
0.0858244
0.0872357
0.0862942
0.0852141
0.0856713
0.0860481
0.0849803
0.0868371
0.0855008
0.0852589
0.085913
0.0858094
0.087768
0.0856409
0.0857345
0.085305
0.0850458
0.0858223
0.0845454
0.0849002
0.0855069
0.0866075
0.0850419
0.0857857
0.0857468
0.0858754
0.0848494
0.0844962
0.0868503
0.0859607
0.0844598
0.0850696
0.0848697
0.0850213
0.0852657
0.0848667
0.0855035
0.0850661
0.085703
0.0860095
0.0852084
0.0858326
0.0849258
0.0851445
0.0850143
0.0854427
0.0848802
0.0856129
0.0860344
0.0845536
0.0841394
0.0856085
0.0862308
0.0843844
0.0855075
0.0848106
0.0864636
0.0848127
0.0855143
0.0864128
0.0853383
0.0849658
0.0866059
0.0854196
0.0852016
0.0857198
0.0852983
0.0860286
0.0843806
0.0854834
0.0849431
0.0860944
0.0861061
0.0859695
0.0856841
0.0852825
0.0850453
0.0851382
0.0846081
0.0860719
0.0849552
0.0865388
0.0854998
0.0852964
0.0854836
0.0855488
0.0842577
0.0852485
0.0866806
0.0852631
0.0864391
0.0858953
0.0838906
0.0859094
0.0851754
0.0862672
0.0840948
0.0857955
0.0850205
0.0856884
0.0852522
0.0860623
0.0858125
0.0848946
0.086282
0.0854068
0.0851982
0.0846526
0.0852859
0.0848952
0.0859219
0.0862599
0.0852535
0.0854303
0.0857238
0.0859774
0.0844346
0.0845418
0.0843816
0.0852303
0.0869771
0.0848203
0.0854261
0.0865284
0.0854699
0.0846217
0.0853062
0.0854945
0.0857676
0.0862967
0.0864815
0.0866984
0.085883
0.0852538
0.0859445
0.0856357
0.0854884
0.0850564
0.085278
0.0866796
0.0867408
0.0849765
0.0865788
0.0859685
0.0859067
0.0847448
0.0857163
0.0846266
0.0859949
0.0863464
0.0848764
0.0861597
0.0861794
0.0853085
0.0851627
0.0849564
0.0850757
0.0843961
0.0845332
0.0856089
0.085492
0.0856225
0.0865043
0.0867053
0.0857978
0.0848746
0.0864402
0.0852542
0.0850649
0.0858501
0.0855175
0.0861941
0.0856974
0.0848839
0.085496
0.0857128
0.0849073
0.0851376
0.0857727
0.0864381
0.0852654
0.0850623
0.0869443
0.0846664
0.0856507
0.0850279
0.0858249
0.0851567
0.0850567
0.0850615
0.0855912
0.0861731
0.0844537
0.0843251
0.0854588
0.0847516
0.0849041
0.0856734
0.0856646
0.0864393
0.0854582
0.0859622
0.0859664
0.0857225
0.0854749
0.0852844
0.0851873
0.0855515
0.0852694
0.0855274
0.0856045
0.0850558
0.0847106
0.0851935
