36.2294
36.3232
36.3219
33.1809
33.1843
33.1691
33.1641
33.1556
33.1591
33.1475
33.1311
33.1468
33.1399
33.1127
33.1181
33.1202
33.0871
33.1081
33.0776
33.0425
33.0413
33.0523
33.0774
33.0073
33.0491
33.019
33.0417
33.0013
32.9916
32.989
32.9717
32.9592
32.9773
32.9487
32.9254
32.9252
32.8992
32.9021
32.8784
32.859
32.8462
32.8301
32.8678
32.832
32.8296
32.8048
32.783
32.7898
32.7713
32.7477
32.7394
32.7367
32.7499
32.7339
32.7336
32.7247
32.7126
32.7024
32.7049
32.703
32.7055
32.7009
32.7053
32.7068
32.6973
32.6941
32.7072
32.6837
32.6976
32.6911
32.6968
32.687
32.6953
32.694
32.6956
32.6983
32.6928
32.6918
32.6906
32.6938
32.6847
32.6862
32.6889
32.6924
32.6904
32.6761
32.6833
32.6842
32.6868
32.6901
32.6902
32.6899
32.6893
32.6952
32.6874
32.6851
32.6827
32.6828
32.6837
32.6868
32.685
32.6909
32.6857
32.6846
32.688
32.6846
32.6884
32.6929
32.6902
32.687
32.6857
32.6902
32.6889
32.6883
32.686
32.6885
32.6895
32.6785
32.6841
32.6836
32.6874
32.6819
32.6901
32.6868
32.6917
32.6828
32.6858
32.6826
32.6896
32.6857
32.6895
32.6921
32.6888
32.6817
32.6873
32.6882
32.6905
32.6896
32.6852
32.6925
32.6814
32.6879
32.6866
32.6924
32.6902
32.6902
32.6767
32.6823
32.6902
32.6907
32.6796
32.6843
32.6816
32.6834
32.6846
32.6838
32.682
32.6849
32.6884
32.6842
32.6878
32.6869
32.6876
32.6911
32.6866
32.6921
32.6922
32.694
32.6859
32.6912
32.6867
32.6876
32.6789
32.6833
32.6816
32.6823
32.6822
32.6803
32.6869
32.6846
32.6826
32.6782
32.6804
32.6864
32.6827
32.6874
32.683
32.6878
32.6797
32.6853
32.6839
32.6806
32.6858
32.6855
32.6871
32.6906
32.6851
32.688
32.685
32.6893
32.6843
32.695
32.691
32.6911
32.6845
32.6909
32.6924
32.6926
32.6853
32.6835
32.6907
32.6941
32.6915
32.6932
32.6901
32.6896
32.6901
32.6954
32.6911
32.6963
32.6892
32.6907
32.6967
32.6866
32.6867
32.6857
32.6827
32.6866
32.683
32.6829
32.6788
32.6861
32.6818
32.6794
32.6862
32.6872
32.6876
32.6873
32.687
32.6929
32.6885
32.6852
32.6878
32.6917
32.6886
32.682
32.6831
32.6866
32.6804
32.6924
32.6868
32.6857
32.6836
32.6857
32.6805
32.6841
32.686
32.6918
32.686
32.6863
32.6846
32.6904
32.6883
32.6934
32.6918
32.6905
32.6858
32.6873
32.6972
32.6937
32.6881
32.6887
32.6867
32.6918
32.6853
32.6932
32.689
32.6857
32.69
32.6843
32.6835
32.6847
32.681
32.6868
32.6901
32.6842
32.6885
32.6877
32.6848
32.6818
32.6876
32.6829
32.6949
32.6849
32.6883
32.6871
32.6889
32.6839
32.6873
32.6832
32.6845
32.6799
32.6816
32.6939
32.681
32.6835
32.6836
32.6866
32.6844
32.682
32.6859
32.6843
32.6863
32.6859
32.6875
32.6921
32.6884
32.6921
32.6862
32.6866
32.6787
32.6836
32.6856
32.6762
32.6863
32.6845
32.677
32.6875
32.6811
32.6856
32.6853
32.6766
32.6836
32.6818
32.6876
32.689
32.6858
32.6884
32.6877
32.683
32.6892
32.6822
32.6812
32.6915
32.6945
32.6871
32.6919
32.6874
32.6914
32.689
32.6922
32.6863
32.6933
32.6829
32.6873
32.6909
32.6947
32.6962
32.6961
32.6878
32.6921
32.6941
32.691
32.6922
32.7005
32.6886
32.6942
32.693
32.6855
32.6906
32.6941
32.6909
32.6904
32.6862
32.6862
32.689
32.6824
32.6828
32.6851
32.6822
32.6823
32.6832
32.6818
32.6797
32.682
32.6803
32.685
32.6824
32.6933
32.6812
32.6846
32.6884
32.6881
32.6797
32.6824
32.6887
32.6894
32.685
32.6847
32.6856
32.6778
32.6821
32.6786
32.6808
32.6875
32.6856
32.6775
32.6881
32.6849
32.6816
32.6815
32.6843
32.6836
32.6803
32.6794
32.6922
32.689
32.6861
32.689
32.6926
32.6933
32.6889
32.6905
32.6878
32.6874
32.6857
32.6859
32.6909
32.6908
32.69
32.6893
32.6896
32.693
32.6934
32.6892
32.6856
32.687
32.6866
32.692
32.6855
32.6862
32.6851
32.6841
32.6846
32.6809
32.682
32.6837
32.6791
32.6742
32.6824
32.6816
32.6846
32.6779
32.6863
32.6874
32.6879
32.6864
32.6838
32.6789
32.6821
32.6819
32.6841
32.6842
32.6829
32.684
32.6837
32.6921
32.683
32.683
32.6864
32.6866
32.687
32.6947
32.6849
32.6932
32.6884
32.6869
32.6908
32.6908
32.6871
32.6885
32.6988
32.6948
32.6953
32.6903
32.6904
32.692
32.6849
32.6784
32.6844
32.6847
32.6845
32.6855
32.6844
32.6861
32.6863
32.6855
32.6845
32.6819
32.6846
