      0
   2810
   7143
  13039
  17903
  23482
  27374
  33336
  37733
  41592
  47764
  55083
  57641
  64518
  68968
  73207
  79492
  83656
  89485
  93798
  98903
 104195
 109662
 113996
 119682
 126396
 130852
 135046
 140744
 146110
 151422
 153483
 160686
 165585
 172083
 178391
 182593
 186795
 193868
 201173
 203661
 211660
 217905
 220363
 227439
 233499
 237149
 239241
 245729
 254957
 257511
 264155
 267657
 275937
 281024
 286385
 290269
 302193
 306432
 309658
 317808
 322542
 325120
 335925
 339180
 347660
 348099
 358361
 364511
 367889
 375566
 382767
 386431
 392246
 398366
 408108
 412971
 417499
 421590
 431610
 434326
 443622
 450553
 457983
 463303
 466908
 473040
 480147
 489000
 494041
 499601
 510336
 517964
 524869
 532085
 534219
 539355
 547609
 555956
 561469
 569886
 579440
 582261
 589938
 600204
 605655
 613373
 615950
 624149
 632032
 640186
 650163
 656232
 662945
 672328
 680530
 687551
 697081
 700001
 706260
 718929
 725411
 730352
 737948
 746971
 755202
 768518
 772746
 772802
 787282
 798500
 806567
 810130
 825365
 824641
 838208
 846597
 850958
 864444
 864523
 877420
 884182
 896128
 904699
 916106
 917683
 936165
 934095
 950808
 955276
 963853
 970172
 983575
 990790
1008406
1011829
1021291
1025254
1030639
1042042
1061182
1063072
1071224
1084512
1083143
1105963
1107710
1120249
1128314
1136803
1146155
1147712
1172474
1173515
1190626
1195574
1206965
1208949
1218601
1234165
1242289
1249857
1264663
1275120
1276832
1295800
1306470
1310910
1325024
1333872
1339174
1350819
1366811
1384256
1378071
1391301
1397294
1413193
1427418
1438187
1443506
1454886
1465337
1478951
1489128
1490754
1513194
1521985
1521862
1541369
1549398
1554266
1566776
1580750
1590241
1606640
1617647
1616779
1633085
1650082
1658453
1672492
1680729
1694772
1697877
1713741
1720460
1732716
1739063
1755495
1765109
1778046
1784972
1798822
1805941
1821668
1830379
1839128
1855060
1865613
1877905
1886632
1911287
1916404
1923547
1928521
1944631
1957198
1975215
1980069
1980136
2001037
2008995
2018254
2028977
2042390
2047118
2059472
2076389
2087180
2105205
2109743
2119482
2143395
2149455
2154962
2169222
2184785
2186189
2197937
2208859
2224514
2233971
2253505
2245104
2261485
2275685
2284101
2298375
2318790
2316876
2337397
2339580
2347869
2363625
2372885
2378727
2391664
2410765
2410272
2432842
2432755
2446375
2453254
2471414
2473981
2489390
2499428
2517399
2523561
2529777
2542474
2537907
2565000
2568124
2585180
2600387
2602978
2611829
2622657
2635409
2637888
2641669
2661194
2664369
2676762
2688077
2695497
2702777
2706530
2727923
2739161
2733596
2762473
2763482
2776018
2781483
2794525
2803100
2814825
2817091
2828440
2845121
2845886
2854643
2869159
2878531
2880618
2892346
2898801
2912376
2908794
2926385
2919302
2933871
2955583
2960652
2971494
2974233
2984516
2993011
3002953
3008680
3011152
3022359
3024953
3037726
3034948
3061450
3045796
3064419
3081835
3080542
3081807
3105052
3094916
3105467
3122834
3126093
3123643
3136737
3144682
3141382
3155857
3171083
3148866
3175564
3162799
3185363
3201370
3191492
3201924
3207261
3206600
3216552
3220556
3229057
3230103
3241470
3244609
3241563
3257802
3254450
3264213
3266002
3276128
3271445
3278234
3279096
3296940
3297215
3298666
3294138
3308198
3308183
3320232
3319644
3322659
3326198
3331947
3326447
3324797
3337643
3336346
3347812
3358610
3333006
3357630
3358976
3359128
3357599
3362508
3348665
3374248
3363043
3376488
3380017
3377459
3372978
3389377
3391235
3377806
3389740
3383005
3380754
3393770
3385024
3390156
3386011
3383906
3390457
3383656
3383068
3397905
3383272
3395944
3399682
3392431
3382913
3390967
3387858
3393088
3399940
3390066
3391978
3380803
3387153
3388272
3389593
3375864
3388572
3376308
3383899
3378482
3382864
3369266
3374272
3366779
3378851
3379160
3371938
3368116
3352862
3369361
3355087
3356137
3360436
3359170
3343726
3345427
3342876
3342852
3343404
3339996
3322937
3324988
3329871
3315472
3315679
3307222
3310216
3298350
3307314
3287225
3299653
3281620
3282998
3288530
3272740
3264665
3264082
3262094
3261246
3250098
3252350
3241038
3233492
3234910
3219220
3218631
3211806
3208010
3210941
3202756
3204691
3193287
3185239
3170520
3166844
3164817
3161572
3157090
3140299
3136608
3139466
3129246
3123650
3109689
3103241
3098127
3092692
3084812
3084485
3071082
3055912
3064334
3052011
3037934
3034484
3029003
3019661
3012823
3006167
2998021
2990844
2987156
2973100
2971016
2962568
2949869
2943157
2944599
2932617
2920779
2912594
2903944
2895533
2886391
2873474
2877835
2862442
2845964
2844897
2835859
2832114
2812434
2809468
2810929
2798682
2784605
2772923
2763483
2757350
2757406
2748103
2737808
2725645
2712842
2703556
2691148
2681864
2674259
2667246
2664546
2636620
2638302
2630532
2616824
2604482
2598063
2601521
2579243
2571928
2550493
2547893
2553449
2522714
2508841
2504706
2500046
2482779
2482866
2470582
2449922
2454312
2443160
2426998
2414389
2413532
2399047
2387063
2382364
2371714
2357805
2351517
2334604
2326132
2322131
2313989
2305487
2285122
2283527
2270818
2256699
2239835
2245944
2218222
2219040
2205356
2191917
2184561
2171056
2162411
2152509
2151514
2132420
2120546
2108693
2105406
2081010
2085198
2065395
2049606
2037682
2041090
2030781
2017357
2004509
1995417
1988747
1977438
1965690
1954241
1945135
1930093
1919297
1907894
1905826
1893463
1884402
1871599
1856776
1851450
1839957
1827833
1816634
1804468
1793585
1778322
1778296
1769134
1762164
1745894
1734829
1730368
1706346
1704916
1698284
1680365
1679594
1661420
1655426
1648096
1636818
1632879
1621620
1600335
1600022
1587402
1574582
1564081
1550222
1550095
1532010
1525736
1518692
1518157
1494958
1499981
1476409
1472864
1463629
1446239
1436538
1430881
1422971
1407484
1405289
1398225
1384070
1366832
1364926
1355840
1345980
1334186
1325782
1317354
1306408
1297692
1293906
1287084
1272357
1259698
1247416
1249786
1241247
1237306
1222473
1214362
1205911
1194684
1185771
1175697
1169680
1160372
1149878
1147640
1137836
1128444
1116525
1112132
1098874
1090994
1085228
1077100
1068926
1056572
1051526
1040020
1031167
1027544
1022303
1010308
1006951
 997740
 989211
 976169
 972216
 968909
 955079
 950788
 939540
 934318
 925205
 919256
 908781
 898237
 900906
 887311
 876105
 876152
 864922
 861151
 849329
 844403
 841919
 832139
 823177
 818998
 808333
 798097
 799555
 789225
 782934
 774839
 769651
 761405
 755646
 749381
 743062
 738211
 730072
 720926
 716828
 702406
 709194
 695466
 695254
 690139
 677006
 673132
 662982
 662509
 658166
 646851
 644881
 639408
 627489
 632110
 617118
 616650
 604693
 608662
 597757
 596402
 585430
 580243
 575687
 566235
 566442
 556065
 553580
 549521
 541885
 538598
 536731
 530545
 523169
 522453
 512410
 506429
 505513
 494715
 494439
 489014
 481791
 476536
 475660
 472249
 466480
 460417
 455531
 448528
 445784
 443145
 437482
 431351
 426345
 424734
 419057
 415411
 414585
 406593
 402644
 397792
 394178
 389760
 385194
 384545
 377047
 377489
 370555
 365801
 362568
 358897
 355346
 352660
 350368
 342877
 344703
 339997
 333042
 328113
 324993
 322649
 321847
 314833
 310459
 309461
 305924
 301916
 300910
 297187
 293393
 287933
 284390
 285234
 282078
 276904
 273561
 270256
 268539
 265100
 262748
 255558
 256145
 255500
 249857
 245270
 244421
 242464
 238137
 233533
 235873
 231363
 227901
 223120
 223977
 218794
 217663
 215874
 211769
 211970
 208563
 205092
 202980
 200713
 196232
 198156
 193137
 188492
 189297
 187389
 184735
 181509
 177869
 178829
 176467
 169606
 171618
 168947
 166077
 163170
 162412
 160362
 159989
 154215
 154280
 155353
 150668
 150519
 147851
 146181
 144793
 139762
 140590
 138556
 136649
 133898
 132191
 132073
 132871
 126952
 124081
 127311
 125129
 122317
 120376
 116728
 117491
 114749
 115996
 111690
 108046
 108626
 106699
 106616
 105687
 104369
 103988
 101786
 101015
  99934
  96679
  95660
  94035
  94308
  90790
  92429
  90998
  89081
  88013
  86777
  84211
  84301
  84384
  81907
  80511
  80082
  77592
  78286
  76211
  76042
  74178
  71394
  73710
  71172
  69072
  68500
  67925
  66207
  66788
  65595
  64582
  63519
  62706
  60006
  60385
  58786
  59345
  57672
  57697
  55376
  56283
  56219
  53957
  52838
  51904
  52220
  51235
  51673
  49836
  49153
  48450
  47595
  48034
  46164
  45904
  45424
  43972
  43360
  43456
  41952
  42216
  41679
  41365
  40773
  38121
  38974
  39143
  39275
  38511
  36598
  36618
  35998
  35590
  34433
  32914
  32959
  32362
  32302
  32665
  30395
  30507
  29848
  30009
  28325
  28615
  27902
  28288
  28573
  27035
  25983
  26923
  26301
  25201
  25668
  25739
  24270
  23890
  23233
  23508
  24031
  22337
  23089
  22074
  22306
  20725
  21549
  20744
  20081
  20006
  19489
  19545
  18881
  18655
  18440
  18705
  18588
  17682
  16893
  16846
  17145
  16532
  15449
  16541
  15182
  15274
  14831
  15325
  14601
  13896
  13660
  13329
  13467
  13280
  13752
  13274
  13010
  13177
  13101
  12143
  12379
  12271
  11576
  11177
  11660
  10431
  10681
  10675
  10215
  10818
   9979
   9949
   9428
   9386
   9937
   9082
   8927
   8948
   8935
   8778
   9154
   8252
   7943
   7878
   8245
   7946
   6900
   7374
   7955
   7574
   7216
   7010
   7721
   6834
   6943
   6926
   6507
   6541
   6208
   5941
   6378
   6284
   5689
   5501
   5876
   5007
   5139
   5094
   5296
   5445
   5610
   5120
   4867
   4494
   4457
   4675
   4700
   4728
   4405
   4536
   4486
   4038
   3873
   3692
   3858
   3442
   3855
   3832
   3358
   3329
   3593
   3480
   3200
   3194
   3285
   3235
   2892
   2978
   3128
   2584
   2596
   2904
   2902
   2881
   2620
   2695
   2493
   2361
   2341
   2389
   2364
   2147
   2576
   2319
   2170
   2304
   1995
   2051
   2048
   2060
   2222
   1837
   1909
   2086
   1762
   1904
   1797
   1633
   1816
   1607
   1503
   1623
   1625
   1484
   1515
   1450
   1527
   1301
   1228
   1178
   1465
   1305
   1257
   1315
   1251
   1190
   1029
   1102
   1231
   1139
   1028
   1115
   1061
   1079
   1026
   1069
   1140
    875
    832
   1113
    859
    757
    614
    961
    871
    862
    962
    634
    857
    829
    674
    717
    811
    630
    630
    638
    491
    474
    668
    498
    529
    472
    359
    582
    544
    421
    453
    539
    468
    558
    524
    345
    421
    410
    441
    392
    361
    314
    427
    344
    308
    530
    328
    328
    311
    432
    278
    428
    358
    368
    377
    269
    335
    330
    304
    330
    258
    241
    288
    281
    297
    304
    325
    162
    122
    213
    307
    302
    145
    196
    139
    217
    151
    219
    214
    146
    187
    195
    179
    220
    125
    149
    201
    213
    180
    122
     82
    165
    137
    127
    123
    116
     92
    122
     98
    139
     77
    100
     61
     77
     47
     99
     72
    124
     33
    101
    134
    111
     88
     77
     90
     81
     66
     88
    119
    106
    140
    125
     78
     42
     64
     34
     83
     77
     46
     36
     78
     34
     36
     72
     42
     33
    133
     46
     60
     55
     85
     43
     35
     42
      3
     59
     51
     72
     61
     53
     26
     26
     11
     38
     54
     45
     34
     72
     18
     20
     27
     40
      7
     43
     15
     22
     28
     24
     16
     15
     16
      8
     13
     51
     22
     24
     18
      9
     11
     20
      9
     19
     36
      5
     21
     22
     12
     19
     19
      0
     35
     19
      1
     18
     14
      0
      1
      8
     42
     19
     28
     36
     15
     43
     18
      6
     11
     19
      0
      4
     26
     34
     15
     16
     27
     27
     19
      0
      3
      9
     45
     27
      1
     23
      4
     18
     20
      0
     12
      0
      0
      0
      0
      1
      0
      0
      0
     15
      2
     11
      0
      0
      0
      0
      4
      0
     11
     11
      9
     10
      0
      0
      0
      0
      2
      0
      3
      0
      5
     16
      8
      0
      7
     19
      2
      0
      2
      0
      0
      2
      0
      0
      2
     12
      0
     26
      3
      0
      7
      0
      4
      0
      2
      4
      2
      8
     20
      1
      1
      0
      2
      0
      2
      7
      0
      3
     14
      0
     40
      0
     16
      0
     24
      0
      1
      6
      0
      0
      0
      2
      0
      0
      0
      7
      0
      3
      0
      0
      0
      0
      0
      0
      0
      0
      0
      0
      2
      0
      0
      0
      0
      0
      0
      3
      4
     18
      4
      0
      0
      0
      0
      0
      0
      0
      0
      5
      0
      0
      0
      0
      0
      0
      0
      0
      0
      0
      0
      0
      0
      0
      0
      0
      3
      0
      0
      0
      0
      0
      0
      0
      0
      0
      0
      0
      0
      0
      0
      0
      4
      0
      0
      0
      0
      0
      0
      0
      0
      0
      3
      0
      4
      0
      0
      0
      5
      0
      0
      0
      0
      0
      0
      0
      0
      0
      0
      0
      3
      0
      0
      0
      0
     14
      0
      0
      0
      0
      0
      0
      0
      0
      0
      0
      0
      0
      0
      0
      0
      0
      0
      0
      0
      0
      1
      0
      2
      0
      0
      0
      1
      2
      0
      0
      9
      0
      0
      0
      5
      0
      0
      0
      0
      0
      0
      0
      0
      0
      2
      0
      2
      0
      0
     23
      0
      0
      1
      0
      0
      0
      0
      0
      0
      0
      0
      0
      2
      0
      0
      0
      0
      0
      0
      0
      0
      0
      0
      0
      0
      0
      0
      0
      0
      0
      0
      2
      0
      0
      0
      0
      0
      0
      0
      0
      0
      0
      0
      0
      0
      0
      0
      0
      0
      0
      0
      0
      0
      0
      0
      0
      0
      0
      0
      0
      0
      0
      0
      0
      0
      0
      0
      0
      0
      0
      0
      0
      0
      0
      0
      0
      0
      0
      0
      0
      0
      0
      0
      0
      0
      0
      0
      0
      0
      0
      0
      0
      0
      0
      0
      0
      6
      0
      0
      0
      0
      0
      0
      0
      0
      0
      0
      0
      0
      0
      0
      0
      0
      0
      0
      0
      0
      0
      0
      0
      0
      0
      0
      0
      0
      0
      0
      0
      0
      0
      0
      0
      0
      0
      0
      0
      0
      0
      0
      0
      0
      0
      0
      0
      0
      0
      0
      0
      0
      0
      0
      0
      0
      0
      0
      0
      0
      0
      0
      0
      0
      0
      0
      0
      0
      0
      0
      0
      0
      0
      0
      0
      0
      0
      0
      0
      0
      0
      0
      0
      0
      0
      0
      0
      0
      0
      3
      0
      0
      0
      0
      0
      0
      0
      0
      4
      2
      0
      0
      0
      0
      0
      0
     16
      0
      0
      0
      0
      0
      0
     38
      0
      0
      0
      0
      0
      0
      0
      0
      0
      0
      6
      0
      3
      0
      0
      0
      0
      0
      0
      0
      0
     18
     10
      0
      0
      0
      0
      2
      0
      0
      0
      0
      0
      0
      0
      0
      0
      0
      0
      0
      0
      0
      0
      0
      0
      0
     19
      0
      0
      0
      0
      0
      0
      0
      0
      0
      0
      0
      0
      0
      0
      0
      0
      0
      0
      0
      0
      0
      0
      0
      0
      0
      0
      0
      0
      0
      0
      0
      0
     11
      0
      0
      0
      0
      0
      0
      0
      0
      0
      0
      0
      1
      0
      0
      2
      0
      0
      0
      0
      0
      0
      0
      0
      0
      0
      0
      0
      0
      0
      0
      0
      0
      0
      0
      0
      0
      0
      0
      0
      0
      0
      0
      0
      0
      0
      0
      0
      0
      0
      0
      0
      0
      0
      0
      0
      0
      0
      0
      0
      0
      0
      0
      0
      0
      0
      0
      0
      0
      0
      0
      0
      0
      0
      0
      0
      0
      0
      0
      0
      0
      0
      0
      0
      0
      0
      0
      0
      0
      0
      0
      0
      0
      0
      0
      0
      0
      0
      0
      0
      0
      0
      0
      0
      0
      0
      0
      0
     20
      0
      0
      0
      0
      0
      0
      0
      0
      0
      0
      0
      0
      0
      0
      0
      0
      0
      0
      0
      0
      0
      0
      0
      0
      0
      0
      0
      0
      0
      0
      0
      0
      0
      0
      0
      0
      0
      0
      0
      0
      0
      0
      0
      0
      0
      0
      0
      0
      0
      0
      0
      0
      0
      0
      0
      0
      0
      0
      0
      0
      0
      0
      0
      0
      0
      0
      0
      0
      0
      0
      0
      0
      0
      0
      0
      0
      0
      0
      0
      0
      0
      1
      0
      0
      0
      0
      0
      0
      0
      0
      0
      0
      0
      0
      0
      0
      0
      0
      0
      0
      0
      0
      0
      0
      0
      0
      0
      0
      0
      0
      0
      0
      0
      0
      0
      0
      0
      0
      0
      0
      0
      0
      0
      0
      0
      0
      0
      0
      6
     16
      0
      0
      0
      0
      3
      0
      0
      0
      0
      0
      0
      0
      0
      0
      0
      0
      0
      0
      0
      0
      0
      0
      0
      1
      0
      8
      0
      0
      0
      0
      0
      0
      0
      0
      0
      0
      0
      0
      0
      0
      0
      0
      0
      0
      0
      0
      0
      0
      0
      0
      0
      0
      0
      0
      0
      0
      0
      0
      0
      0
      0
      0
      0
      0
      0
      0
      0
      0
      0
      0
      0
      0
      0
      0
      0
      0
      0
      0
      0
      0
      0
      0
      0
      0
      0
      0
      0
      0
      0
      0
      0
      0
      0
      0
      0
      0
      0
      0
      0
      0
      0
      0
      0
      6
      0
      0
      0
      0
      0
      0
      3
      0
      0
      0
      0
      0
      0
      0
      0
      0
      0
      0
      0
      0
      0
      0
      0
      0
      0
      0
      0
      0
      0
      0
      0
      0
      0
      0
      0
      0
      0
      0
      0
      0
      0
      0
      0
      0
      0
      0
      0
      0
      0
      0
      0
      0
      0
      0
      0
      0
      0
      0
      0
      0
      0
      0
      0
      0
      0
      0
      0
      0
      0
      0
      0
      0
      0
      0
      0
      0
      0
      0
      0
      0
      0
      0
      0
      0
      0
      0
      0
      0
      0
      0
      0
      0
      0
      0
      0
      0
      0
      0
      0
      0
      0
      0
      0
      0
      0
      0
      0
      0
      0
      0
      0
      0
      0
      0
      0
      0
      0
      0
      0
      0
      0
      0
      0
      0
      7
      0
      0
      0
      0
      0
      0
      0
      0
      0
      0
      0
      0
      0
      0
      0
      0
      0
      0
      0
      0
      0
      0
      0
      0
      0
      0
      0
      0
      0
      0
      0
      0
      0
      0
      0
      0
      0
      0
      0
      0
      0
      0
      0
      0
      0
      0
      0
      0
      0
      0
      0
      0
      0
      0
      0
      0
      0
      0
      0
      0
      0
      0
      0
      0
      0
      0
      0
      0
      0
      0
      0
      0
      0
      0
      0
      0
      0
      0
      0
      0
      0
      0
      0
      0
      0
      0
      0
      0
      0
      0
      0
      0
      0
      0
      0
      0
      0
      0
      0
      0
     11
      7
      0
      0
      0
      0
      2
      0
      0
      0
      0
      0
      0
      0
      0
      0
      0
      0
      0
      0
      0
      0
      0
      0
      0
      0
      0
      0
      0
      0
      0
      0
      0
      0
      0
      0
      0
      0
      0
      0
      0
      0
      0
      0
      0
      0
      0
      0
      0
      0
      0
      0
      0
      0
      0
      0
      0
      0
      0
      0
      0
      0
      0
      0
      0
      0
      0
      0
      0
      0
      0
      0
      0
      0
      0
      0
      0
      0
      0
      0
      0
      0
      0
      0
      0
      0
      0
      0
      1
      0
      0
      0
      0
      0
      0
      0
      0
      0
      0
      0
      0
      0
      0
      0
      0
      0
      0
      0
      0
      0
      0
      0
      0
      0
      0
      0
      0
      0
      0
      0
      0
      0
      0
      0
      0
      0
      0
      0
      0
      0
      0
      0
      0
      0
      0
      0
      0
      0
      0
      0
      0
      0
      0
      0
      0
      0
      0
      0
      0
      0
      0
      0
      0
      0
      0
      0
      0
      0
      0
      0
      0
      0
      0
      0
      0
      0
      0
      0
      0
      0
      0
      0
      0
      0
      0
      0
      0
      0
      0
      0
      0
      0
      0
      0
      0
      0
      0
      0
      0
      0
      0
      0
      0
      0
      0
      0
      0
      0
      0
      0
      0
      0
      0
      0
      0
      0
      0
      0
      0
      0
      0
      0
      0
      0
      0
      0
      0
      0
      0
      0
      0
      0
      0
      0
      0
      0
      0
      0
      0
      0
      0
      0
      0
      0
      0
      0
      0
      0
      0
      0
      0
      0
      0
      0
      0
      0
      0
      0
      0
      0
      0
      0
      0
      0
      0
      0
      0
      0
      0
      0
      0
      0
      0
      0
      0
      0
      0
      0
      0
      0
      0
      0
      0
      0
      0
      0
      0
      0
      0
      0
      0
      0
      0
      0
      0
      0
      0
      0
      0
      0
      0
      0
      0
      0
      0
      0
      0
      0
      0
      0
      0
      0
      0
      0
      0
      0
      0
      0
      0
      0
      0
      0
      0
      0
      0
      0
      0
      0
      0
      0
      0
      0
      0
      0
      0
      0
      0
      0
      0
      0
      0
      0
      0
      0
      0
      0
      0
      0
      0
      0
      0
      0
      0
      0
      0
      0
      0
      0
      0
      0
      0
      0
      0
      0
      0
      0
      0
      0
      0
      0
      0
      0
      0
      0
      0
      0
      0
      0
      0
      0
      0
      0
      0
      0
      0
      0
      0
      0
      0
      0
      0
      0
      0
      0
      0
      0
      0
      0
      0
      0
      0
      0
      0
      0
      0
      0
      0
      0
      0
      0
      0
      0
      0
      0
      0
      0
      0
      0
      0
      0
      0
      0
      0
      0
      0
      0
      0
      0
      0
      0
      0
      0
      0
      0
      0
      0
      0
      0
      0
      0
      0
      0
