4.14939
4.18007
4.19776
3.70031
3.73728
3.71196
3.66363
3.67483
3.67222
3.67383
3.66427
3.65093
3.66127
3.68487
3.66727
3.64749
3.64717
3.66717
3.64825
3.65605
3.66938
3.69688
3.70883
3.6436
3.69908
3.64853
3.67057
3.64481
3.66847
3.65721
3.67489
3.6999
3.73207
3.66609
3.6758
3.66355
3.65882
3.66661
3.65793
3.6491
3.66286
3.64629
3.65945
3.64726
3.65596
3.66694
3.64793
3.64103
3.64429
3.63885
3.64581
3.63764
3.65782
3.66428
3.65385
3.62501
3.62925
3.6295
3.6477
3.73226
3.72743
3.73472
3.6656
3.71397
3.75944
3.69735
3.80624
3.69813
3.70364
3.73039
3.69091
3.6857
3.6909
3.69862
3.7075
3.6761
3.75246
3.66585
3.71855
3.81567
3.73141
3.77415
3.74374
3.69961
3.69342
3.7094
3.66444
3.6663
3.65063
3.65302
3.66714
3.65349
3.65775
3.65037
3.67811
3.65368
3.65115
3.65089
3.66775
3.64664
3.64288
3.65541
3.66712
3.68021
3.64954
3.64535
3.64336
3.65303
3.64527
3.64314
3.64618
3.64183
3.64398
3.64332
3.64159
3.6405
3.63638
3.64186
3.66383
3.64058
3.64121
3.64099
3.63207
3.64765
3.64152
3.64183
3.64287
3.63946
3.63308
3.65355
3.68228
3.65841
3.6361
3.63877
3.63173
3.65416
3.65387
3.66147
3.6375
3.67036
3.6433
3.64235
3.64076
3.64491
3.64842
3.6416
3.63395
3.6359
3.64006
3.63475
3.66467
3.62536
3.63123
3.63321
3.62691
3.62711
3.62323
3.62766
3.62025
3.63069
3.62753
3.62426
3.62799
3.62859
3.61888
3.62222
3.64324
3.62562
3.63609
3.62232
3.66023
3.62469
3.62485
3.61896
3.62608
3.62176
3.61769
3.61264
3.63793
3.62125
3.63981
3.61225
3.61212
3.61485
3.62765
3.62116
3.61365
3.61824
3.61567
3.62117
3.62133
3.66298
3.63667
3.63235
3.62432
3.60876
3.60662
3.60895
3.60982
3.60336
3.64435
3.60674
3.60648
3.61235
3.60662
3.60575
3.60429
3.60722
3.60298
3.60739
3.60377
3.60215
3.64408
3.60829
3.61834
3.61703
3.61535
3.60386
3.60713
3.59939
3.63169
3.60542
3.60253
3.6094
3.6024
3.59967
3.61115
3.65458
3.64234
3.60681
3.60261
3.59535
3.61523
3.60233
3.63098
3.59671
3.60762
3.60304
3.5972
3.59673
3.59785
3.60042
3.5951
3.59994
3.59199
3.61882
3.60193
3.60869
3.60458
3.6013
3.59397
3.60753
3.64095
3.62929
3.60125
3.62716
3.60129
3.59808
3.60287
3.63453
3.60996
3.61249
3.6126
3.59277
3.59133
3.61029
3.60116
3.59448
3.61846
3.62422
3.6
3.59872
3.61506
3.64399
3.64556
3.62473
3.59251
3.59296
3.59376
3.59332
3.61927
3.59465
3.59207
3.59468
3.60388
3.61058
3.61313
3.63952
3.58901
3.58755
3.59356
3.59185
3.58783
3.58672
3.61564
3.61112
3.59318
3.59136
3.61945
3.61618
3.63616
3.59448
3.60704
3.6163
3.58827
3.5923
3.58777
3.59035
3.58456
3.59035
3.58698
3.59627
3.58702
3.5844
3.58777
3.59242
3.61327
3.63746
3.67279
3.7094
3.62279
3.63341
3.62052
3.67229
3.67992
3.6175
3.61664
3.61847
3.59346
3.62287
3.62792
3.59814
3.61052
3.59167
3.63673
3.60194
3.60929
3.60786
3.59163
3.58973
3.58972
3.58542
3.58601
3.6108
3.60587
3.59179
3.59808
3.60383
3.59401
3.59406
3.59125
3.59892
3.58433
3.60919
3.61768
3.59505
3.618
3.61106
3.66987
3.62284
3.65355
3.67928
3.65265
3.6517
3.71428
3.60802
3.61135
3.59478
3.58781
3.60423
3.60249
3.59452
3.59677
3.58429
3.62291
3.60873
3.62434
3.5906
3.60591
3.60701
3.60067
3.59443
3.59552
3.60699
3.60212
3.58962
3.57865
3.58695
3.58054
3.5819
3.5877
3.60986
3.61053
3.58555
3.58407
3.5867
3.58855
3.60022
3.60784
3.60255
3.59177
3.60186
3.58972
3.58597
3.59551
3.58383
3.58822
3.58125
3.5808
3.58085
3.60715
3.5989
3.58618
3.58593
3.59425
3.58481
3.58749
3.58312
3.59587
3.59905
3.60353
3.59284
3.59134
3.58015
3.58104
3.58952
3.58177
3.59889
3.61384
3.58118
3.60552
3.5981
3.59626
3.59665
3.60721
3.64852
3.64114
3.61382
3.57928
3.57953
3.57766
3.58187
3.58562
3.60508
3.59658
3.60446
3.59767
3.58138
3.58182
3.58404
3.58114
3.58048
3.58173
3.59954
3.59664
3.57849
3.59808
3.59964
3.58362
3.60765
3.61047
3.59546
3.61454
3.60234
3.60749
3.61092
3.58327
3.58783
3.61062
3.60105
3.5847
3.59554
3.58058
3.59503
3.59756
3.58288
3.59395
3.59106
3.59477
3.59454
3.59542
3.59688
3.57739
3.57681
3.58223
3.591
3.59398
3.59241
3.59629
3.58824
3.58828
3.58965
3.5854
3.59006
3.58347
3.58945
3.58418
3.58571
3.58746
3.58689
