975.97
923.42
923.983
924.223
923.844
924.131
924.492
923.54
923.713
924.097
923.584
924.023
923.697
925.246
923.705
923.709
923.155
923.742
924.411
924.164
925.215
923.636
923.878
924.469
925.25
924.326
923.256
923.313
923.073
923.847
924.908
923.606
924.182
924.277
923.218
923.857
924.974
925.236
924.894
925.028
923.686
925.528
924.485
923.188
925.012
924.539
923.867
924.573
924.346
924.41
924.281
923.782
924.366
923.629
924.96
923.05
924.26
923.352
923.597
924.109
923.755
923.06
923.37
922.327
924.375
923.918
924.36
924.32
924.378
922.795
923.676
923.118
923.375
923.369
922.326
924.029
924.208
922.65
923.903
923.456
923.744
922.877
922.606
923.416
924.855
924.953
923.354
923.512
924.974
923.086
924.483
923.97
924.154
922.844
925.997
924.79
924.545
924.054
922.593
923.668
923.504
924.83
924.25
924.177
924.339
923.852
923.203
924.981
924.197
923.202
924.216
923.177
924.187
923.838
923.817
924.476
922.83
924.547
923.744
924.387
924.103
923.992
924.26
924
925.218
923.812
924.07
923.89
924.519
924.105
922.958
923.152
923.797
924.298
924.262
923.865
923.936
923.197
924.353
924.198
923.892
923.214
923.425
923.371
923.635
923.633
923.838
923.036
923.674
924.515
924.054
923.977
923.348
923.509
923.512
923.351
923.846
924.141
923.048
924.172
923.664
923.365
924.801
923.178
923.221
924.866
923.625
923.437
924.53
922.809
924.1
924.206
923.615
923.68
924.362
924.079
923.688
923.583
923.061
923.719
923.251
924.599
922.802
923.006
923.748
922.427
923.772
924.348
925.145
923.477
924.964
923.881
924.2
924.757
923.211
923.223
924.382
924.249
924.211
924.232
924.376
924.46
923.689
923.777
924.87
922.316
923.128
922.405
924.073
924.165
924.838
924.62
923.289
923.616
924.048
923.306
923.799
924.502
924.472
923.316
923.193
923.555
923.558
923.594
924.433
924.905
923.48
923.668
923.271
924.135
923.956
924.829
923.605
924.291
924.07
923.822
923.555
922.654
922.715
923.899
923.358
922.343
924.065
924.896
924.774
924.986
924.694
923.884
923.783
924.029
925.371
923.525
922.797
923.456
924.494
923.092
923.853
924.325
922.639
924.514
924.02
923.221
923.251
923.314
923.245
922.967
923.623
922.489
922.599
923.454
923.415
923.654
924.251
922.853
923.7
923.227
923.655
923.37
923.484
923.881
923.228
924.664
923.2
923.53
923.801
923.655
923.793
922.806
924.266
924.286
923.697
924.541
924.81
924.408
923.625
923.23
923.651
923.279
925.2
923.808
925.007
923.11
923.486
923.316
923.739
923.738
924.429
923.946
924.22
924.753
923.957
925.225
924.067
923.377
924.055
923.922
923.963
922.846
923.052
923.566
923.512
923.098
923.988
923.456
924.827
923.606
922.61
923.658
923.117
923.22
922.995
924.925
924.16
924.393
923.361
923.539
923.643
922.132
922.618
923.944
925.596
923.748
923.576
924.279
923.046
923.302
922.914
923.627
923.464
924.627
924.216
923.961
922.022
922.765
923.447
923.656
923.346
923.323
923.498
924.143
923.134
923.093
923.295
922.431
923.669
923.994
924.504
924.168
924.1
924.007
923.583
923.95
923.544
922.323
924.242
923.965
923.522
923.523
922.901
923.074
923.557
924.49
923.523
923.087
924.293
924.147
923.647
924.533
923.935
923.086
922.921
923.595
924.231
924.357
923.617
923.119
923.885
923.486
923.33
922.902
923.728
923.343
923.708
922.211
923.493
924.221
924.176
922.272
923.616
924.645
924.09
923.262
923.567
923.848
923.81
922.879
923.98
923.486
923.398
922.884
922.23
923.826
922.976
923.889
923.814
922.807
924.137
924.243
923.612
924.804
924.014
923.304
923.612
923.737
923.975
924.583
924.007
923.918
923.615
922.428
922.589
923.743
923.134
922.477
922.457
922.326
921.986
924.121
923.967
923.777
923.243
923.152
923.888
923.458
923.326
924.295
924.11
923.4
922.565
923.517
923.234
923.096
923.977
923.105
924.087
923.381
923.027
922.16
924.503
923.598
924.416
923.387
924.46
923.843
922.711
922.87
922.847
922.957
923.001
923.396
923.25
924.461
923.162
923.328
924.059
922.69
923.728
924.385
924.095
924.831
923.774
924.475
923.075
923.633
923.815
923.71
923.902
923.016
923.669
924.479
923.141
924.077
924.778
923.463
923.936
924.134
923.005
923.478
923.346
923.819
923.347
923.229
924.094
923.855
924.067
923.762
923.421
922.552
924.995
923.332
923.635
924.348
922.762
922.692
922.014
921.934
923.079
922.949
923.522
923.766
923.148
923.81
924.127
923.315
923.499
922.79
922.029
921.612
922.438
923.822
923.695
922.89
923.682
924.152
923.194
923.382
923.964
923.409
923.45
923.466
923.6
924.147
923.793
924.106
924.616
923.767
923.266
924.324
923.329
924.712
923.184
922.905
923.247
922.493
923.05
923.43
924.31
923.389
923.874
923.019
923.008
922.402
922.239
923.754
923.008
924.289
922.929
924.553
923.581
924.964
923.304
924.186
923.574
923.216
923.489
923.763
923.582
923.154
922.281
923.545
922.555
923.221
922.893
924.543
923.608
923.414
924.593
923.579
922.9
922.942
922.769
923.583
923.129
923.393
923.27
923.685
923.371
922.305
923.478
922.996
923.096
923.659
923.231
923.696
922.483
923.406
924.094
923.752
923.152
923.119
923.716
922.822
923.448
923.164
924.356
922.981
924.338
923.721
923.343
923.894
924.089
923.361
923.407
923.121
924.386
925.186
923.842
923.321
923.253
923.654
924.475
923.454
923.258
923.352
924.089
923.727
923.511
923.431
923.123
922.741
923.244
923.304
923.364
924.352
923.553
922.904
923.386
923.768
923.193
922.92
923.385
923.042
923.286
923.93
923.255
923.625
923.971
923.185
923.674
924.032
923.77
922.838
922.601
922.761
923.007
923.641
924.257
923.176
923.384
923.796
923.298
922.78
923.56
924.152
924.236
923.482
923.525
923.345
923.881
923.176
923.57
923.084
923.735
923.529
924.925
923.905
923.514
922.15
924.167
923.91
924.219
924.395
923.685
924.024
923.565
924.06
923.153
923.447
923.482
922.185
922.564
922.954
922.645
922.456
923.569
922.668
922.571
923.263
922.419
923.63
923.588
924.313
923.171
923.094
923.886
924.145
923.561
923.22
923.508
923.653
923.336
922.887
924.006
923.465
923.572
922.645
923.379
923.468
923.414
922.931
923.606
923.944
923.492
922.442
922.903
924.023
923.943
922.758
922.582
923.427
923.018
924.479
923.886
923.428
921.955
922.766
922.945
922.45
923.083
923.752
923.9
923.957
922.712
922.644
922.378
924.09
922.852
923.427
922.837
923.165
923.294
922.772
923.132
924.076
923.653
922.532
923.106
924.401
922.919
923.566
924.203
923.283
923.371
922.945
923.081
923.382
923.451
923.318
923.996
925
923.529
923.862
923.725
923.852
923.498
923.873
923.55
921.892
923.283
923.243
923.562
923.55
922.968
923.528
923.263
923.364
923.511
923.557
922.58
923.272
923.908
923.334
923.682
922.761
923.756
923.288
923.491
923.891
922.693
923.134
925.054
923.818
923.44
923.705
922.968
923.473
923.002
923.376
922.704
923.917
924.024
923.078
923.006
923.131
923.965
922.776
923.739
923.193
924.033
923.214
923.434
923.489
924.114
923.623
923.005
922.901
923.673
923.442
922.428
923.176
923.591
923.032
923.69
922.929
924.021
922.899
923.052
922.856
923.516
923.383
923.045
922.362
923.295
922.448
923.296
923.494
923.378
923.391
924.066
922.847
923.078
922.268
922.606
922.657
923.38
922.134
923.514
923.661
922.556
923.087
923.528
922.421
923.432
923.168
923.979
922.288
922.698
923.316
922.209
922.96
923.585
923.412
923.857
922.8
923.955
923.691
923.26
923.295
922.779
922.987
923.059
923.701
923.712
923.319
922.751
923.331
922.818
923.134
923.871
922.816
922.469
923.094
923.469
922.892
922.637
923.672
922.29
922.606
923.402
922.126
922.413
923.515
923.355
922.473
923.524
923.434
923.545
924.014
923.483
924.004
922.926
922.687
923.9
921.925
922.889
923.495
922.935
923.957
924.064
923.681
923.728
922.534
922.986
922.535
922.945
923.48
923.26
922.623
922.814
923.083
923.457
923.423
923.842
923.841
923.486
922.708
923.236
923.545
923.686
922.801
923.411
923.231
922.982
923.095
923.11
923.949
922.988
922.615
922.256
923.045
921.154
921.49
922.765
922.724
923.715
924.42
924.557
922.968
923.661
923.256
922.543
924.338
924.625
923.949
923.49
924.915
923.928
923.318
923.68
923.622
923.987
922.592
922.396
924.481
922.912
923.287
923.162
923.16
922.86
922.352
922.982
923.736
924.915
923.651
922.9
923.408
922.565
923.182
923.192
923.05
923.237
922.828
924.297
923.895
923.78
923.276
923.309
923.336
922.148
921.773
922.196
922.343
922.729
923.471
923.081
922.811
922.769
923.26
923.448
923.506
922.951
923.676
924.298
923.186
922.859
923.753
923.201
922.933
923.544
923.001
922.962
922.215
923.827
922.514
922.682
924.14
922.649
923.198
922.59
923.418
923.41
922.625
923.279
921.428
922.791
923.871
924.972
922.87
925.041
922.649
923.126
922.28
922.896
922.268
923.366
922.704
922.491
923.387
923.188
923.124
922.347
921.316
924.248
923.213
923.761
923.574
923.348
922.754
922.276
923.125
922.106
922.259
922.239
922.549
922.44
923.633
922.901
923.624
924.292
923.039
922.624
922.349
922.757
923.265
922.798
923.372
923.937
923.416
923.254
922.574
923.171
921.712
922.71
923.199
922.834
923.205
922.092
923.307
923.18
923.075
922.76
923.557
923.584
923.766
924.199
922.853
923.052
922.957
923.423
923.602
924.098
923.135
923.397
923.859
923.058
924.029
923.72
922.656
923.484
923.902
922.904
922.156
923.623
924.192
924.158
922.739
922.928
922.483
922.778
922.581
923.311
922.652
922.339
923.769
923.607
923.681
922.844
924.488
922.871
924.13
923.227
922.725
922.965
922.494
923.738
923.185
922.367
923.222
922.824
923.663
922.789
923.159
923.357
922.199
922.416
922.308
923.077
923.322
922.467
922.813
922.43
922.109
921.947
921.555
923.53
923.083
923.652
923.205
922.733
922.819
922.835
922.874
921.921
923.781
923.436
922.668
922.961
923.101
922.341
922.953
922.384
922.919
923.076
923.051
923.551
923.334
922.715
922.886
922.632
923.258
922.657
923.696
922.128
923.04
922.327
923.623
922.886
922.351
922.26
922.011
922.833
923.175
922.623
923.322
923.784
923.728
923.016
922.707
922.748
923.326
923.848
923.347
922.929
923.683
923.03
922.752
922.414
922.729
923.119
922.053
922.975
922.449
923.386
922.606
923.986
923.564
924.028
922.815
923.941
923.74
922.759
922.604
922.601
923.953
922.682
922.158
921.995
922.525
923.034
922.562
922.035
923.15
923.646
922.541
922.91
923.025
923.436
922.999
922.479
922.367
923.997
923.65
922.715
922.293
922.851
922.406
921.804
923.02
923.76
922.497
923.167
922.518
924.164
922.059
922.832
923.236
922.535
922.87
922.508
921.216
921.904
922.879
922.223
923.493
922.814
922.336
922.72
922.294
923.002
922.102
922.259
922.583
922.712
923.256
923.326
923.678
923.524
923.62
923.028
922.744
923.295
923.018
922.081
923.107
923.627
923.55
922.453
921.921
922.206
921.506
921.622
922.309
923.192
922.598
924.108
923.015
922.355
922.424
922.712
922.23
922.847
924.02
922.48
922.47
922.84
922.177
922.219
922.764
921.897
923.339
923.44
921.765
922.633
922.731
921.981
922.564
922.326
922.223
921.985
921.889
921.314
923.162
923.27
923.107
921.658
922.815
923.371
922.589
923.039
923.448
922.508
922.456
922.787
923.86
923.257
922.815
923.13
922.956
922.575
922.905
921.997
922.06
923.386
923.594
923.359
923.556
922.04
922.518
922.751
922.707
922.889
922.057
922.713
922.172
922.557
923.11
922.889
922.014
923.028
921.965
923.124
922.877
922.276
921.866
923.39
922.617
922.862
922.493
921.669
921.36
922.833
921.977
922.997
922.898
922.708
921.766
922.387
923.204
922.309
922.89
923.039
922.403
921.907
922.469
922.629
922.738
924.145
923.318
922.959
923.327
922.9
922.138
922.986
922.743
922.838
923.976
922.902
922.535
923.159
922.512
922.542
921.615
922.276
922.17
923.962
921.936
921.82
923.216
922.678
922.533
922.944
921.542
922.083
923.969
923.157
923.256
922.218
922.124
921.678
922.6
923.271
923.392
922.33
923.235
922.984
922.695
922.517
922.719
923.803
923.17
922.413
922.523
922.853
922.567
922.52
923.27
921.822
922.159
923.408
922.401
922.727
922.635
922.034
922.149
922.713
923.408
922.036
922.185
922.923
921.926
922.118
921.997
922.387
921.605
922.48
923.219
922.626
923.148
922.97
922.319
923.607
923.2
922.99
922.709
922.516
923.591
922.592
922.395
923.269
923.35
922.513
922.947
922.858
921.973
922.883
923.105
922.15
922.809
922.933
923.079
923.196
922.635
922.3
922.708
923.46
922.886
922.32
922.619
922.08
922.286
922.747
922.837
922.99
922.367
922.929
922.192
922.29
922.18
922.94
922.404
921.692
922.405
923.326
921.872
923.254
921.557
923.473
922.287
921.544
922.367
920.955
922.853
923.002
921.989
922.239
923.555
922.881
922.113
922.777
922.306
922.287
922.134
923.371
922.811
922.769
922.816
922.497
924.105
922.881
922.703
922.954
921.216
923.51
922.086
922.435
923.592
923.713
923.162
922.883
921.915
922.143
923.159
923.77
923.424
923.217
922.345
922.134
922.548
922.901
922.481
924.135
923.804
923.232
922.531
921.704
922.551
921.916
922.33
922.615
923.672
923.001
921.558
921.469
922.821
922.619
922.384
922.835
921.494
922.999
923.352
923.1
924.385
923.415
922.879
922.619
922.816
922.042
922.799
921.839
921.746
921.936
922.415
922.388
922.577
922.008
922.614
922.013
922.429
922.341
922.725
922.84
921.977
923.103
922.64
922.735
922.873
921.568
922.376
923.431
923.33
922.34
923.509
923.289
921.952
922.117
922.882
922.507
923.261
922.462
922.433
924.41
923.568
922.476
921.583
922.03
922.221
922.373
921.214
922.358
922.155
922.669
921.989
921.448
922.543
922.873
922.121
922.24
922.676
922.51
922.877
922.88
922.633
922.947
922.965
922.11
923.196
921.865
921.722
923.226
924.166
922.865
922.61
921.878
922.397
922.579
923.183
921.482
922.886
922.459
923.067
922.005
922.424
922.519
921.881
923.137
922.155
922.156
922.262
922.771
922.953
922.7
922.511
921.886
923.065
922.804
921.48
922.227
922.144
922.814
922.058
922.494
923.234
922.094
923.342
921.445
922.158
920.958
923.126
922.805
922.572
921.999
922.051
922.739
921.746
922.156
922.523
923.014
922.639
923.268
921.195
921.215
921.762
922.015
921.71
922.697
922.823
923.179
922.715
922.728
921.694
921.741
921.506
921.934
922.018
922.491
923.183
922.701
922.924
922.558
921.777
922.559
923.306
922.755
922.043
923.516
921.223
922.461
921.78
922.917
922.089
922.552
923.11
922.881
922.745
921.39
921.492
920.738
922.846
922.168
922.253
922.141
921.334
922.16
921.756
922.168
921.464
922.392
922.665
922.422
922.92
921.598
922.227
922.328
923.581
922.189
922.718
922.494
921.26
922.029
923.186
921.87
922.884
922.148
922.154
923.245
923.301
922.282
922.283
922.049
920.999
922.661
922.302
921.873
922.533
921.523
922.078
921.554
923.294
922.097
922.271
922.074
921.883
920.787
922.666
923.34
921.145
921.253
922.885
922.464
922.111
922.947
921.835
921.667
922.731
921.964
920.879
922.195
922.822
923.104
922.466
923.315
923.253
922.846
922.386
922.464
922.365
923.522
922.979
923.543
922.294
921.621
922.517
922.869
922.247
923.762
922.561
922.052
920.834
920.757
921.851
921.518
922.173
922.328
922.239
922.264
921.857
922.129
922.236
922.956
923.18
922.215
922.186
922.329
921.491
921.616
921.926
922.101
923.284
922.298
921.823
922.011
922.252
921.808
922.144
922.853
920.455
922.323
922.567
921.285
921.955
921.425
921.535
921.56
921.347
922.217
922.372
921.703
922.14
922.18
921.647
922.405
921.965
922.439
923.183
922.327
922.227
922.391
922.148
921.71
923.121
923.031
922.508
922.286
923.166
922.089
921.066
923.07
923.359
922.414
922.196
923.124
922.536
922.024
922.771
921.665
922.08
923.357
922.638
922.017
921.761
922.556
923.108
921.758
922.107
921.881
921.575
922.044
921.706
921.497
921.554
920.932
922.345
922.508
923.308
921.489
922.162
922.432
922.461
921.895
921.768
922.873
922.514
921.944
922.028
922.045
921.257
921.556
921.949
922.088
922.088
921.815
922.814
921.595
922.03
921.453
921.515
921.914
922.125
922.294
921.845
922.109
922.278
922.197
921.644
921.651
923.474
923.663
922.283
921.567
921.883
922.476
923.454
921.175
922.318
921.808
922.057
921.551
921.855
923.28
922.806
922.085
921.308
922.466
922.656
922.574
921.832
923.262
922.024
920.725
922.187
921.836
921.141
921.833
921.816
922.233
921.78
921.356
921.977
922.004
922.657
921.885
923.172
921.092
920.873
922.301
922.098
921.814
921.908
921.91
921.075
921.392
921.393
922.493
920.307
922.009
922.017
921.835
922.195
921.721
921.76
922.73
923.029
922.803
921.502
921.724
922.467
921.465
920.814
922.228
921.951
922.006
921.682
921.484
921.186
922.342
921.948
922.013
922.351
921.463
921.326
920.735
921.393
921.418
922.464
921.099
921.783
921.657
922.04
921.535
921.625
922.167
921.956
921.795
921.265
922.064
922.782
922.79
921.978
922.728
921.753
921.729
922.822
921.775
921.902
921.685
921.822
920.326
922.303
922.645
921.618
922.438
921.196
921.986
921.404
920.699
921.003
922.757
922.115
921.595
921.524
922.163
922.251
921.95
921.757
923.225
921.709
922.533
921.684
921.429
921.659
922.263
922.114
920.667
921.152
922.141
922.274
921.002
922.267
921.531
921.772
921.985
922.571
921.021
921.311
922.079
923.143
921.91
922.174
921.86
922.282
922.851
923.247
922.402
921.654
921.589
922.235
921.573
921.118
922.225
922.3
922.177
922.021
921.102
921.249
920.476
922.504
921.149
921.246
921.797
921.725
921.262
920.467
921.282
921.569
920.587
921.419
921.575
921.074
921.46
922.245
922.137
922.726
922.178
921.353
921.838
921.787
921.881
921.597
922.499
923.271
920.697
921.477
921.72
922.104
921.129
921.652
922.257
922.165
923.57
921.939
922.104
922.418
922.639
922.717
921.689
921.72
921.575
921.582
921.577
922.419
922.138
921.245
920.776
921.939
921.212
921.578
923.096
921.352
922.398
923.132
921.532
921.653
921.853
922.564
921.97
922.158
921.641
921.394
921.506
921.822
923.264
922.577
921.69
922.51
922.246
922.34
922.658
921.15
920.02
921.705
922.145
921.257
921.812
922.476
922.521
921.229
921.283
920.98
921.813
920.77
921.924
921.508
922.595
922.076
921.75
921.553
921.225
921.228
920.001
922.062
922.501
922.191
922.348
921.514
921.546
920.738
920.283
921.944
922.351
921.441
921.692
921.209
921.222
921.063
921.451
921.417
920.964
922.191
921.676
921.397
921.447
921.224
922.06
921.042
921.862
921.595
921.837
921.753
922.17
922.049
923.105
921.801
921.601
921.574
920.865
922.068
921.612
922.788
921.546
921.954
922.483
922.349
921.348
921.844
921.847
920.838
921.218
921.535
922.655
921.69
921.088
921.799
922.001
921.951
920.888
921.465
922.26
922.462
922.733
921.026
920.86
922.107
921.876
921.62
922.687
922.398
921.875
921.546
921.6
922.884
921.25
921.841
922.484
921.222
921.809
921.284
921.943
921.333
922.107
922.906
922.249
922.266
921.417
921.705
921.836
920.991
920.452
922.049
921.391
921.533
921.283
921.065
921.354
921.537
922.092
921.711
922.093
921.674
922.138
921.489
921.45
921.743
921.26
921.482
921.615
921.052
921.606
920.927
921.181
921.622
921.539
922.033
921.294
921.729
921.248
921.659
922.152
921.853
921.41
921.515
920.507
920.789
921.617
921.692
920.549
921.172
922.322
922.302
921.782
920.122
921.764
922.45
921.76
922.678
921.83
920.858
921.777
922.062
920.972
921.75
921.068
921.727
921.842
922.488
921.363
921.322
922.255
920.24
920.685
921.543
920.625
921.248
921.483
922.079
921.348
920.909
921.192
922.422
921.874
921.397
921.898
921.378
920.408
921.178
921.785
921.406
921.505
922.298
921.538
920.67
921.052
920.64
921.525
920.453
920.27
920.961
920.593
921.332
921.58
922.009
921.446
921.341
922.435
921.105
921.083
921.901
921.468
921.269
921.69
921.82
920.909
922.224
921.057
921.812
920.346
921.2
921.001
921.348
920.557
921.149
920.96
920.445
920.917
921.612
921.934
921.419
921.336
921.739
921.628
920.947
921.071
920.914
920.997
921.362
921.096
921.388
921.691
921.517
921.128
921.138
920.758
921.361
921.872
922.389
921.676
920.751
921.908
922.389
921.48
921.273
921.494
921.37
921.57
921.534
921.386
921.845
921.712
921.508
921.546
921.433
921.741
920.806
921.427
921.164
920.656
921.787
921.778
921.242
922.139
922.354
920.73
921.886
921.541
921.858
921.003
921.785
921.444
921.376
920.003
920.608
921.545
921.355
920.13
919.893
921.598
919.981
920.981
920.995
921.491
920.696
921.3
921.249
921.529
920.062
921.045
921.807
921.651
921.596
922.047
920.993
921.454
920.613
921.858
920.361
922.202
921.355
920.879
921.317
921.982
921.51
920.785
922.306
922.026
920.63
921.637
922.072
922.183
921.371
921.521
922.804
921.95
921.303
921.581
920.508
920.868
920.943
920.638
921.929
921.008
921.423
920.684
920.738
920.601
921.732
921.339
921.77
921.182
921.073
921.297
921.455
921.571
921.187
921.484
921.234
921.184
920.806
921.306
921.852
922.06
921.255
921.215
921.766
921.009
921.768
921.087
921.999
922.113
921.353
921.149
922.411
921.966
918.891
920.183
921.06
920.983
920.524
921.482
921.362
920.873
920.655
920.963
921.673
920.717
920.666
921.075
920.797
921.801
921.19
921.048
920.172
920.019
919.714
921.09
921.506
919.87
920.822
921.898
921.423
920.765
921.545
921.167
920.897
920.587
921.158
920.708
921.466
921.183
920.792
920.987
920.424
921.659
921.442
922.73
921.971
922.227
921.346
921.814
921.372
922.55
921.444
920.187
921.644
921.984
920.409
921.367
921.206
921.576
921.225
921.603
921.625
920.924
922.253
920.903
921.515
920.342
920.793
921.514
921.543
921.471
920.598
921.234
920.941
920.864
921.907
921.968
921.152
920.4
921.112
921.005
921.746
921.798
920.528
920.344
920.808
921.473
921.575
919.901
920.414
921.545
922.03
920.638
920.758
920.515
919.69
920.992
921.29
920.754
920.666
921.214
920.762
921.45
920.62
921.123
921.199
921.009
920.928
922.084
920.253
920.757
920.854
922.007
921.125
921.348
921.097
922.165
920.623
921.147
920.504
920.277
920.741
920.894
921.303
921.973
920.775
921.238
921.141
920.198
921.399
921.236
920.712
920.668
920.741
921.363
922.313
920.947
921.263
922.532
921.189
920.763
920.935
920.766
920.75
921.066
920.337
920.215
920.718
921.546
920.204
920.896
921.271
920.333
920.553
921.732
920.92
921.007
922.15
921.307
921.282
921.749
921.22
921.842
921.055
920.064
919.849
920.337
921.324
921.592
921.471
920.56
920.38
921.324
920.854
921.014
920.976
920.802
921.113
920.852
921.258
921.588
920.941
919.926
920.289
920.08
921.106
921.706
921.032
921.836
920.887
920.752
921.235
920.394
921.633
921.924
920.819
921.098
921.258
919.86
920.855
921.057
921.258
921.406
921.665
921.303
921.767
920.834
921.428
921.406
920.654
920.609
920.977
921.39
921.633
920.841
922.12
921.247
920.785
920.084
921.142
921.165
920.914
921.228
921.022
920.222
920.63
920.711
920.628
921.408
920.645
921.434
920.762
920.209
920.931
919.462
919.563
920.54
921.284
920.185
921.249
920.523
920.94
920.63
920.918
921.514
922.045
921.772
921.169
921.232
921.521
920.301
921.033
921.529
920.614
920.584
919.661
920.884
921.452
920.929
920.647
921.059
921.631
920.82
920.092
921.283
921.231
921.102
921.249
921.856
921.16
920.853
919.899
922.161
921.392
921.055
921.171
921.127
921.657
920.903
920.416
919.953
920.657
921.077
920.916
921.132
921.645
921.38
921.221
920.931
920.978
920.956
920.614
922.289
920.506
920.46
920.336
921.516
920.882
921.235
919.73
920.384
921.33
920.573
920.926
920.332
921.369
920.064
920.757
919.558
920.139
921.104
921.663
921.224
920.279
920.864
920.97
920.254
920.446
920.54
921.08
920.766
921.446
920.43
920.779
920.802
920.781
921.98
920.12
921.256
920.783
921.13
921.044
921.315
921.032
921.53
920.202
920.269
921.969
921.464
920.63
920.562
921.46
921.344
920.214
920.256
921.495
922.26
920.475
921.293
921.281
920.455
920.897
921.511
920.23
921.167
921.069
921.151
920.809
920.498
920.938
921.071
920.181
920.54
921.065
921.606
921.703
920.622
920.487
920.266
920.205
920.532
920.614
921.318
921.476
921.265
920.043
920.775
921.529
921.127
921.658
921.634
921.09
920.342
920.749
921.431
921.145
919.933
921.005
921.339
921.995
920.997
920.77
921.77
920.599
921.08
920.598
920.694
920.577
919.077
920.263
920.322
920.364
920.964
921.32
920.182
921.4
921.234
920.881
920.765
920.554
921.223
920.226
921.605
920.511
920.697
921.182
920.953
920.677
920.877
920.729
920.706
920.64
920.425
920.889
921.049
920.076
920.091
920.608
920.614
919.827
921.502
920.972
920.91
921.96
921.288
921.707
920.398
921.129
921.552
920.328
919.482
920.411
921.331
921.619
920.358
921.39
920.249
920.738
920.721
919.591
920.676
920.419
920.824
919.731
919.697
920.649
920.406
920.661
921.012
920.426
921.264
919.908
920.587
920.251
920.588
920.182
921.051
920.726
920.227
921.265
920.403
922.164
921.28
921.331
920.711
920.515
920.276
920.611
920.554
919.437
920.567
920.416
921.514
919.884
920.851
921.6
919.975
919.797
920.134
921.663
919.891
920.033
921.838
921.443
921.067
920.975
921.314
920.194
920.3
919.931
918.529
920.202
920.875
920.72
920.257
919.679
919.861
919.882
920.35
920.762
920.684
920.975
921.922
921.212
921.222
920.311
921.353
920.618
921.45
920.431
919.881
921.249
921.104
920.362
921.055
919.905
920.637
920.567
920.74
921.455
920.484
920.165
920.101
920.709
921.128
919.985
920.309
921.308
921.212
921.469
921.228
919.94
921.378
920.858
920.845
920.343
920.307
919.668
920.922
919.183
920.418
920.39
920.909
920.245
920.792
921.289
920.528
919.878
921.881
920.693
921.512
920.812
920.192
921.451
920.266
919.966
920.044
920.95
919.752
920.045
921.092
920.55
920.71
921.92
919.63
919.772
919.891
920.535
921.346
921.345
920.663
921.042
920.868
920.801
921.083
919.784
920.981
919.788
920.057
920.826
921.056
920.135
919.978
919.945
919.994
920.806
919.324
919.456
919.946
920.858
920.845
921.048
920.854
920.346
919.075
919.891
920.112
920.794
920.822
921.354
921.226
919.932
921.018
920.819
920.502
920.885
920.204
920.141
920.231
920.614
920.252
921.271
920.082
920.095
919.951
920.456
920.025
920.192
920.159
919.987
921.312
920.785
921.048
920.647
920.622
921.088
920.081
920.464
919.176
920.875
921.524
920.343
920.674
920.494
920.89
920.954
920.106
920.326
920.588
920.831
919.884
920.348
920.539
919.575
919.981
919.194
920.228
920.506
919.711
919.097
920.443
920.956
920.349
920.251
920.318
919.754
920.595
919.792
919.264
920.313
919.862
920.579
919.503
920.66
921.134
920.136
920.132
919.716
920.159
921.407
921.537
920.641
920.4
919.436
919.555
919.356
919.659
920.158
920.023
919.823
921.223
919.781
920.17
920.162
920.399
920.549
920.191
920.789
919.877
920.059
920.447
920.254
920.347
920.876
920.572
920.426
921.377
920.445
921.064
920.327
920.743
920.084
921.969
920.634
921.064
920.969
921.577
920.588
919.662
920.406
920.202
919.705
920.281
920.716
920.098
919.927
919.79
919.631
919.76
920.207
919.751
919.553
920.285
919.968
919.97
920.419
921.619
920.689
920.716
920.509
918.928
920.094
920.285
920.596
920.714
921.205
920.865
920.901
921
920.903
920.842
920.823
919.774
920.068
919.789
920.955
921.011
920.759
919.949
920.72
920.521
919.838
920.156
921.422
920.469
919.717
920.424
920.269
919.811
920.416
921.016
920.453
920.543
919.944
920.171
920.719
919.862
919.836
919.555
921.264
920.2
919.538
919.027
920.678
920.287
920.276
919.638
920.077
920.071
919.84
920.121
919.808
920.898
920.921
920.044
919.724
920.611
920.405
920.56
920.45
920.353
920.134
919.49
920.046
919.647
919.751
919.976
919.274
920.873
921.311
920.099
920.17
919.733
919.373
918.824
919.988
920.594
920.704
919.104
919.712
919.765
920.088
919.356
920.09
919.35
918.889
919.836
920.316
919.811
919.904
920.19
918.571
919.433
920.511
920.249
919.762
918.029
919.622
920.838
920.677
920.857
920.322
919.526
920.425
920.665
920.533
919.924
920.1
920.082
919.937
921.295
919.993
920.188
918.611
919.907
919.423
919.945
919.626
920.212
920.545
921.241
920.917
919.704
920.404
919.684
919.648
919.507
919.504
919.942
920.314
919.931
919.02
919.388
919.556
919.622
919.92
920.321
920.599
920.823
919.572
919.566
920.805
919.184
920.136
919.883
920.226
919.278
919.63
920.565
920.413
919.674
919.663
919.785
919.762
920.172
920.431
920.464
921.247
920.577
921.486
921.066
920.877
919.792
920.714
920.233
921.047
919.514
919.465
919.752
920.559
920.092
919.288
919.485
919.993
918.749
920.802
919.72
920.565
920.79
919.038
919.674
920.253
920.389
920.731
920.11
919.329
920.703
920.126
919.85
919.848
919.386
921.005
919.806
919.495
920.005
920.346
918.734
920.511
919.706
920.83
919.762
920.232
920.609
919.723
919.176
918.757
920.818
921.256
920.145
919.902
919.559
919.107
919.198
918.812
920.489
919.368
919.135
918.916
918.821
920.82
920.559
920.783
919.437
920.006
920.513
920.213
919.693
919.76
919.87
919.119
920.219
919.449
919.69
919.354
919.145
920.455
919.684
919.96
919.982
921.382
920.2
920.604
920.769
919.425
919.865
920.882
919.631
919.107
919.86
920.436
920.233
920.099
920.901
920.817
919.328
918.57
919.769
919.147
920.274
919.544
918.983
920.009
919.22
920.501
918.818
919.686
919.915
920.666
918.957
919.255
920.409
919.658
919.837
919.315
919.681
920.475
920.937
918.861
920.084
919.761
920.564
919.772
919.821
920.969
920.404
920.128
920.342
919.413
919.796
918.963
919.787
919.895
920.024
918.599
918.308
920.346
919.947
918.889
920.112
919.649
921.048
918.272
918.63
919.431
919.558
919.473
919.701
920.44
920.792
920.203
918.67
920.665
920.25
919.21
919.777
920.421
919.706
919.037
918.772
919.101
919.382
919.524
920.245
919.057
919.14
919.327
919.425
920.419
920.615
919.431
920.077
920.22
919.199
919.135
920.186
920.163
919.271
919.94
919.047
918.93
919.915
920.216
919.751
920.015
920.715
920.134
919.287
919.583
920.059
920.138
920.384
919.791
918.96
919.781
920.549
919.61
920.336
920.426
920.469
919.278
919.269
919.32
919.202
919.539
919.674
920.302
919.042
919.162
918.846
919.108
920.17
919.616
920.184
919.466
920.708
919.338
919.343
920.56
918.029
918.741
920.414
920.079
920.143
920.527
919.428
919.843
919.833
920.111
919.43
920.149
920.3
919.732
919.931
919.45
919.376
919.33
919.723
920.585
920.38
921.113
919.725
919.578
919.271
919.969
920.889
920.315
920.783
919.226
920.496
919.43
920.004
919.787
919.659
919.296
920.179
919.443
920.406
920.209
919.364
919.086
919.613
919.631
918.819
918.671
919.32
920.018
919.037
920.987
920.161
918.18
919.196
920.564
918.76
918.594
919.075
919.18
919.69
918.708
919.42
920.895
918.265
920.541
919.767
919.402
918.78
919.004
919.055
919.392
919.844
918.917
919.304
919.135
919.831
918.699
919.47
920.315
918.912
919.578
919.605
918.764
918.287
919.196
918.983
919.587
919.216
918.464
918.574
919.934
920.389
918.681
920.454
919.295
919.629
920.067
920.305
919.661
919.885
918.464
919.328
919.324
919.336
918.794
920.991
919.44
919.939
920.004
919.514
920.075
919.213
919.227
919.129
919.901
919.292
919.096
920.028
919.849
919.728
919.365
919.053
920.413
919.352
919.671
920.099
920.53
920.573
918.75
920.328
919.14
919.06
919.743
919.469
918.865
918.812
919.367
919.66
919.691
919.218
919.046
919.342
920.441
920.516
919.558
918.668
919.123
920.352
920.246
919.503
919.334
919.005
919.995
920.069
918.642
919.301
919.197
919.376
919.892
919.207
918.222
918.377
918.333
919.932
919.215
920.517
920.075
919.479
919.312
920.145
919.555
918.845
918.847
919.241
919.421
920.474
918.976
918.281
919.89
919.917
920.203
920.239
919.039
919.997
919.077
919.844
919.477
918.628
918.576
920.089
918.376
919.453
919.133
918.2
918.699
918.458
920.153
919.913
920.149
919.336
919.833
919.277
919.044
919.247
920.068
919.406
918.78
918.753
919.919
919.283
919.34
920.182
919.621
920.227
920.414
918.92
918.968
919.279
920.74
919.804
919.568
918.868
920.546
918.171
918.281
919.23
919.22
919.347
918.566
918.804
920.352
920.316
920.633
918.792
918.339
919.133
918.773
919.539
919.726
919.571
919.62
918.826
920.132
918.632
918.988
918.28
919.188
918.244
918.63
920.101
918.916
918.605
918.844
919.045
920.204
918.532
918.21
919.484
919.681
920.048
919.822
919.323
919.235
918.771
919.242
919.722
919.811
919.395
919.29
918.851
918.701
919.513
918.315
919.514
918.992
919.76
919.778
919.443
920.115
919.302
918.427
918.747
919.172
920.187
919.401
919.498
919.015
919.969
919.484
918.52
919.67
918.915
918.444
919.602
918.972
919.294
920.42
919.498
919.122
919.86
918.659
918.297
919.304
918.571
918.985
919.73
919.506
919.794
918.751
919.065
919.384
919.389
919.895
919.187
919.24
919.61
919.155
919.555
919.315
920.555
919.342
917.758
919.716
919.11
919.648
919.041
919.763
918.937
919.338
919.303
918.441
919.071
918.389
919.706
919.013
919.731
919.732
920.271
920.985
919.954
918.887
918.9
919.075
918.425
918.307
917.83
919.214
918.851
919.307
919.504
918.925
920.145
918.582
918.738
918.205
919.226
918.738
918.771
920.204
919.727
918.808
918.305
919.849
918.27
919.275
918.951
918.527
919.555
920.329
919.968
919.49
919.694
918.994
919.531
917.953
918.265
919.217
919.348
919.261
919.599
919.445
917.934
918.925
919.126
920.461
919.808
918.503
919.349
919.26
919.313
918.489
919.685
918.837
920.002
919.019
918.605
918.995
917.858
918.864
918.934
919.046
919.355
919.291
918.744
918.842
918.621
918.496
917.632
919.052
919.211
919.008
919.29
917.631
919.102
919.111
919.506
919.743
919.223
919.58
919.607
919.54
919.862
919.317
919.322
918.877
918.485
918.289
918.566
918.449
919.742
919.873
920.277
918.383
918.293
918.211
919.58
919.532
918.921
919.023
918.13
918.523
918.696
919.814
917.635
918.4
918.805
919.184
917.901
919.212
920.076
918.552
919.142
918.868
919.058
918.467
917.951
917.767
919.017
918.44
919.73
918.831
919.006
920.766
919.339
918.381
919.578
919.13
919.429
918.553
918.767
919.266
919.768
919.565
919.203
918.656
918.323
919.531
917.929
918.982
918.669
919.05
918.363
917.66
918.219
919.017
918.89
918.523
919.5
919.403
919.086
919.853
918.882
918.661
918.546
919.42
919.135
919.739
918.218
918.358
918.951
918.583
917.74
918.124
918.139
918.302
919.543
918.118
918.378
918.383
919.884
919.696
918.74
919.315
919.387
917.865
918.753
918.804
917.745
918.946
918.836
919.245
919.92
919.245
918.022
917.177
918.715
919.043
918.358
919.013
919.639
918.717
918.443
919.213
919.114
918.594
918.907
919.097
918.79
918.414
918.421
918.905
919.344
918.684
918.628
918.968
918.821
919.038
920.321
919.189
918.936
918.653
918.921
919.424
919.348
919.136
917.698
918.234
919.183
919.118
917.737
918.234
918.608
919.482
918.704
918.035
919.879
918.913
918.534
919.386
918.577
918.901
919.306
918.239
917.99
920.524
918.667
918.592
919.532
919.994
920.181
918.177
918.558
918.248
918.963
918.904
917.914
918.324
918.911
919.292
919.343
918.9
919.217
918.337
918.877
919.864
917.789
918.583
918.891
919.329
918.981
919.203
920.169
917.944
917.869
918.262
918.762
919.168
918.826
918.392
919.008
918.264
918.344
917.207
918.793
918.716
918.122
918.426
918.963
918.827
918.878
918.039
917.646
917.921
918.11
918.584
918.706
918.624
918.767
919.438
918.784
918.777
917.973
918.404
918.506
918.767
918.803
919.962
918.006
918.254
918.248
918.16
918.837
919.405
919.234
918.953
918.971
919.252
919.481
918.364
919.253
917.511
919.389
918.702
918.19
918.059
918.119
917.656
918.595
918.619
918.782
919.175
917.856
917.971
917.758
919.118
919.288
918.154
918.29
918.811
919.375
918.023
918.463
918.516
917.84
918.804
918.99
918.927
917.96
919.05
918.531
918.119
918.087
917.75
917.739
919.537
918.77
918.144
918.807
918.544
918.943
918.743
918.496
919.059
919.181
919.198
917.479
918.876
919.091
919.064
918.121
918.666
918.786
920.105
919.979
919.479
918.68
918.176
918.251
918.293
918.757
918.454
918.183
919.031
918.491
918.237
918.65
918.867
917.865
918.344
918.466
918.289
919.304
919.001
918.12
919.197
919.099
918.39
919.199
919.351
919.215
919.884
918.08
917.912
918.257
919.136
918.79
918.892
918.619
918.399
918.421
918.328
919.093
918.185
919.125
919.728
918.614
918.517
918.012
918.139
919.708
918.518
918.124
918.754
919.71
919.72
919.311
917.896
918.702
919.718
917.663
918.049
918.619
918.728
918.188
918.089
918.643
918.415
917.531
919.035
918.544
918.653
919.341
918.432
918.773
918.541
918.742
919.609
918.959
918.514
919.105
918.917
918.641
919.335
917.606
918.74
918.503
918.436
918.322
919.043
918.684
917.871
918.885
919.467
919.049
917.222
918.261
919.326
917.902
918.465
918.33
919.061
918.467
919.716
918.611
918.53
917.909
918.683
918.895
918.566
918.872
919.273
919.126
918.661
917.832
917.957
918.923
919.213
918.112
917.216
918.272
918.565
919.641
917.988
919.206
918.329
918.252
919.337
918.652
917.982
918.186
918.632
918.79
918.321
918.522
919.032
917.543
917.931
917.992
918.146
918.202
918.514
919.255
918.641
918.692
917.931
917.488
918.284
917.039
918.386
918.299
918.79
919.598
917.815
918.978
918.903
917.931
918.275
917.756
918.57
918.635
918.384
918.845
918.148
917.919
919.388
917.147
917.737
918.756
919.746
919.113
919.065
918.782
918.998
918.672
917.168
918.107
916.926
917.975
917.589
917.599
917.394
917.823
918.508
919.084
918.366
917.882
917.738
918.105
918.077
918.119
917.648
918.05
918.783
919.51
918.262
918.049
919.185
919.588
918.147
917.26
918.419
918.078
918.308
917.893
917.753
918.697
918.208
918.426
918.647
918.194
919.269
918.271
919.84
917.632
918.064
918.293
917.958
917.753
918.273
917.014
917.325
917.591
918.227
917.406
918.392
917.934
918.222
918.209
917.814
917.541
916.945
917.51
917.743
917.194
918.593
917.792
917.909
918.092
918.35
918.165
917.752
917.707
918.919
919.373
917.585
916.548
918.224
917.121
918.488
917.716
918.179
918.153
917.656
917.583
917.886
918.981
918.434
918.096
917.902
918.253
919.29
918.152
918.452
919.374
918.66
919.076
918.148
917.948
917.918
917.656
918.315
918.22
917.523
918.592
919.481
917.683
917.702
917.21
917.81
917.44
918.443
917.699
917.594
918.536
919.103
918.165
919.285
917.601
918.466
918.226
918.106
917.844
919.103
918.063
917.739
918.138
918.047
918.158
918.254
918.575
917.432
918.459
918.063
917.809
917.829
918.036
918.105
918.489
918.48
917.338
918.31
918.55
918.835
917.543
917.973
919.149
918.715
917.116
917.294
917.899
918.717
917.292
917.946
918.503
917.785
918.152
917.964
917.723
918.403
917.469
917.232
917.916
918.185
918.874
918.266
916.956
917.83
917.329
917.524
919.337
918.056
918.502
919.083
917.963
918.295
918.046
916.958
918.797
917.345
916.98
917.653
918.487
917.944
918.146
918.105
918.032
917.698
917.966
917.818
918.425
917.553
917.634
917.405
917.289
917.692
917.557
917.366
917.548
918.189
917.089
918.099
918.006
917.658
918.149
918.887
919.028
917.967
919.151
918.096
917.935
917.984
917.756
916.824
917.868
918.159
918.215
917.382
918.081
918.948
917.676
918.742
917.57
918.216
917.729
917.593
917.398
918.866
918.277
918.269
917.949
917.908
917.465
917.609
917.152
917.201
917.888
917.862
917.801
917.498
918.546
917.64
917.593
917.512
917.998
919.006
918.673
917.122
916.854
917.86
917.387
918.39
917.646
917.315
918.599
918.376
918.017
917.646
916.686
917.031
918.76
918.904
918.808
918.46
918.466
918.011
917.897
917.747
917.972
919.106
917.482
917.735
918.206
917.509
917.91
917.173
918.184
918.251
918.627
917.734
918.411
918.732
917.131
916.915
917.506
917.017
918.573
918.691
916.797
917.888
917.296
918.065
918.235
917.579
918.119
917.537
918.83
918.776
918.137
917.66
918.008
917.844
917.733
918.78
919.043
918.607
917.372
918.22
916.908
918.519
918.353
918.647
918.569
917.75
918.106
917.781
917.112
918.036
918.505
919.438
918.396
917.52
917.185
917.412
918.413
918.106
917.377
918.291
917.484
917.294
918.353
917.48
916.843
918.084
918.817
917.889
918.107
917.348
917.108
917.71
917.766
916.64
918.237
917.989
918.451
918.554
918.256
918.318
918.039
917.293
916.766
918.863
917.836
917.907
918.157
917.944
916.943
917.47
918.289
918.25
918.464
918.116
917.177
918.174
918.016
917.45
917.987
917.089
917.881
918.757
918.393
917.54
917.891
917.111
917.158
917.731
917.048
917.307
918.189
917.473
918.469
917.146
917.968
917.642
917.575
917.506
917.813
918.198
918.087
917.556
916.622
917.207
918.469
918.835
918.604
917.89
918.168
918.41
918.157
917.817
917.134
917.795
917.259
917.421
917.271
917.064
917.642
917.507
917.705
918.493
918.347
918.332
917.694
917.095
918.641
917.989
918.485
917.136
917.423
918.565
917.648
916.902
917.95
917.568
917.703
917.01
916.538
918.45
917.604
917.276
918.031
916.956
916.491
917.014
918.171
918.755
917.103
918.338
918.618
917.502
916.996
917.485
918.049
916.847
917.36
917.383
917.678
918.23
917.326
917.572
918.219
918.152
916.536
917.561
918.63
916.998
916.678
917.454
918.598
917.52
917.738
917.355
917.815
916.67
918.008
917.278
917.415
918.083
918.32
918.404
917.889
916.707
917.884
917.955
917.672
917.597
917.942
918.469
917.365
918.032
917.98
917.731
917.724
917.049
917.367
918.023
918.236
918.11
918.007
917.218
917.895
917.409
917.581
917.36
917.517
917.988
918.228
917.591
917.81
917.07
917.294
917.833
917.455
918.254
917.868
918.072
918.105
917.242
917.24
917.79
917.02
918.39
917.276
918.481
917.443
917.25
917.607
917.375
916.659
916.992
917.285
917.328
917.687
917.789
917.906
917.081
916.967
916.842
917.558
917.923
917.933
917.284
918.464
918.35
917.564
918.702
916.436
918.094
918.382
917.749
916.791
916.996
918.036
918.218
917.968
917.424
917.826
917.758
917.578
917.178
917.537
917.847
917.645
918.277
917.952
916.875
917.745
916.827
916.852
916.383
917.383
918.268
917.825
918.327
918.689
917.95
916.744
917.43
915.841
916.284
917.793
918.166
917.684
918.483
917.357
917.35
917.427
916.916
917.658
918.168
916.49
917.224
917.364
917.67
917.55
916.944
917.372
917.251
916.46
917.628
916.884
917.369
918.521
917.733
917.997
917.69
917.717
917.158
918.361
917.749
915.751
916.832
916.905
917.522
919.097
917.467
917.665
917.174
917.391
917.407
918.543
918.955
917.436
917.163
917.909
916.406
917.342
918.079
917.372
917.593
917.859
918.38
917.463
917.509
917.453
916.839
917.388
916.668
917.382
917.438
917.812
917.318
917.737
917.244
916.61
917.751
917.07
916.177
918.007
918.49
916.799
917.188
917.815
916.866
917.147
917.826
917.497
917.845
917.319
916.92
916.8
916.185
917.704
917.519
917.657
916.944
916.841
917.157
917.361
916.835
917.357
918.024
917.458
918.077
917.193
918.066
917.292
916.518
917.601
917.661
917.278
917.608
917.36
917.539
916.419
917.304
917.08
917.49
917.405
916.75
916.713
917.261
916.983
916.792
916.827
916.823
917.131
917.321
917.335
916.841
916.417
917.438
917.614
917.121
917.594
917.38
917.594
917.334
917.518
916.594
917.217
916.992
916.957
917.777
917.58
918.125
917.306
917.022
916.396
917.116
916.796
917.247
917.269
917.537
917.677
916.772
917.928
917.119
916.816
916.497
916.819
917.093
916.484
917.621
917.146
917.207
917.051
916.892
917.17
916.382
916.968
917.265
916.359
917.451
916.873
917.179
916.963
916.371
916.758
918.598
916.699
917.015
916.33
916.702
916.653
916.184
916.296
917.351
916.672
916.535
916.369
917.074
915.75
915.444
917.065
916.72
916.964
916.571
917.5
917.396
917.39
916.48
917.077
916.351
916.162
916.602
917.864
916.789
916.451
916.669
916.933
916.732
916.45
917.513
918.234
918.18
917.67
917.542
917.063
917.318
915.721
916.717
916.574
917.125
916.961
916.693
917.423
916.882
917.815
916.793
917.885
917.93
917.447
916.421
916.995
917.064
916.713
915.792
916.638
915.917
916.521
916.557
917.002
916.939
916.401
916.647
917.177
916.08
917.046
917.381
916.724
915.719
917.664
917.155
916.722
917.557
915.672
916.542
917.635
916.805
917.211
918.08
917.194
916.739
916.779
917.135
917.146
917.216
917.138
916.726
917.087
917.408
916.874
916.598
917.006
916.462
916.901
917.305
916.985
916.373
916.567
915.956
917.488
917.083
917.191
916.148
916.876
917.447
915.907
917.461
918.198
916.772
916.12
916.183
916.768
917.662
917.27
916.418
915.661
917.444
917.835
917.539
916.826
916.6
916.986
917.581
917.43
917.055
916.215
916.566
916.77
916.104
916.898
916.661
916.423
917.478
916.534
916.021
917.046
917.008
917.135
916.498
915.373
915.677
915.902
916.477
916.835
915.847
916.191
916.214
916.904
916.112
917.472
916.783
916.205
916.562
916.974
917.888
916.579
918.261
917.907
917.38
916.591
917.41
917.423
916.961
916.457
916.618
915.915
918.262
917.597
916.507
916.554
916.693
916.891
915.929
916.359
916.854
916.054
917.052
917.589
916.757
916.237
917.222
917.142
917.07
917.305
917.145
916.718
918.639
917.106
916.172
915.931
916.867
915.917
916.27
916.7
916.312
916.337
916.777
915.593
917.045
917.496
916.574
917.55
916.948
916.855
916.687
916.204
916.541
916.485
916.376
916.945
915.822
917.068
917.109
916.313
916.492
916.733
916.285
916.618
917.324
916.896
916.358
916.659
917.134
915.884
916.468
916.253
917.404
916.364
916.397
917.349
917.249
916.82
917.351
916.341
918.307
916.686
916.882
916.998
916.78
916.373
917.176
916.863
916.261
917.162
917.465
917.965
916.998
917.109
916.969
917.236
916.37
916.475
916.768
916.893
917.869
915.919
915.931
916.085
916.054
916.509
917.021
916.491
916.305
917.813
916.221
916.44
917.014
916.855
915.899
916.046
916.855
915.97
915.781
916.062
917.193
917.007
916.85
915.435
916.118
917.273
916.282
917.168
916.88
917.38
915.914
916.045
916.93
915.635
916.66
917.231
918.537
917.364
916.878
917.111
917.232
917.081
916.795
916.343
916.039
916.9
917.227
917.564
917.939
917.075
916.413
917.634
916.68
916.74
916.624
917.497
915.714
915.937
916.266
916.844
916.991
917.148
917.372
917.095
916.668
916.006
916.334
916.981
916.754
916.236
917.169
916.938
916.587
916.465
917.184
917.279
917.558
917.142
918.184
917.716
917.011
916.045
916.367
916.872
916.227
915.603
916.441
916.026
916.333
916.4
916.348
916.129
916.434
916.28
915.635
916.419
916.922
916.935
916.581
915.996
916.144
916.896
917.393
917.143
916.875
916.919
916.79
916.719
916.657
916.98
916.097
916.399
916.578
916.565
916.749
917.012
915.822
916.983
917.2
917.245
916.4
917.004
916.43
916.758
918.035
917.12
916.505
915.858
916.9
916.301
917.373
916.123
915.373
915.742
916.314
915.862
918.071
917.762
915.968
915.711
916.615
916.005
916.318
917.782
917.996
916.443
917.316
915.744
916.467
917.307
916.102
916.911
916.141
917.422
916.823
916.477
916.605
916.846
915.958
915.876
917.251
916.506
915.16
915.823
916.481
917.565
916.549
916.432
917.631
916.67
915.466
915.983
915.859
916.081
916.23
916.405
915.627
914.739
915.782
916.801
915.115
916.582
916.639
916.373
917.369
917.645
916.935
916.952
917.186
916.376
916.444
915.735
916.335
916.687
916.45
916.767
916.763
916.572
917.126
916.799
916.726
916.798
917.781
916.375
916.626
916.524
916.309
916.271
916.641
916.088
916.105
915.784
916.725
916.962
917.128
916.806
917.409
916.252
916.622
916.947
917.581
916.78
916.074
917.368
915.792
915.435
915.906
916.723
916.687
916.639
916.721
916.515
915.934
916.866
917.267
917.189
916.968
915.592
915.612
916.342
916.444
916.777
916.415
915.77
916.228
916.069
916.559
916.027
917.264
916.551
916.592
916.283
916.425
916.751
915.384
917.655
916.907
916.164
916.36
917.106
917.165
917.171
916.58
916.828
915.886
916.905
915.789
915.926
915.776
916.097
917.247
916.766
917.363
916.029
916.523
916.085
915.962
915.483
915.844
917.555
916.609
915.915
915.92
916.397
917.418
916.948
916.183
915.949
915.563
915.923
916.791
917.357
916.505
916.887
916.595
916.687
914.808
915.712
915.734
916.828
915.677
916.487
915.993
916.317
916.402
916.467
916.904
916.175
917.126
916.362
915.472
916.003
916.526
916.357
916.336
917.492
915.873
916.927
915.473
916.128
915.423
916.358
916.271
915.58
915.072
916.966
915.992
915.745
916.832
916.399
915.737
916.617
916.786
917.269
917.272
916.179
916.421
916.304
915.968
916.381
917.127
915.729
916.537
915.88
916.523
916.818
917.104
916.439
917.196
916.998
916.917
916.531
915.774
916.393
915.983
916.338
916.667
915.979
916.909
916.042
916.991
916.139
916.828
916.694
916.92
916.642
916.204
916.526
915.905
916.698
915.621
916.845
916.018
916.272
916.712
915.62
915.99
916.65
916.04
914.778
916.047
916.088
915.855
915.856
916.758
915.831
916.732
915.84
916.728
917.073
916.124
916.261
917.605
915.882
915.609
915.4
916.014
915.372
916.082
916.504
916.583
916.73
916.386
915.834
916.053
916.118
916.082
916.57
915.598
916.507
916.434
915.486
915.793
916.894
916.268
916.793
917.343
916.582
916.348
916.393
916.472
914.848
917.408
917.272
915.965
916.447
916.671
916.689
915.56
916.777
916.108
915.753
915.717
916.052
916.916
916.048
915.309
915.971
916.271
916.588
916.236
916.547
915.235
914.897
916.329
917.513
916.636
917.149
916.224
916.44
916.177
916.413
916.924
917.813
916.529
916.178
916.589
916.043
916.789
916.469
916.751
916.947
916.68
916.269
915.539
916.444
916.218
914.127
914.968
916.015
916.235
916.16
916.205
917.516
916.758
916.121
916.513
916.748
916.324
915.73
916.094
916.955
917.046
915.91
917.213
916.475
915.629
916.461
915.627
916.02
916.343
916.039
915.7
916.426
915.734
916.279
916.521
915.527
915.946
915.302
914.69
917.46
916.603
916.17
915.992
915.353
916.012
915.512
915.482
917.295
916.23
916.048
915.149
916.127
915.34
915.769
915.474
916.694
917.02
916.064
916.005
916.02
915.257
916.515
915.496
916.992
916.928
915.917
916.521
915.955
915.615
915.227
915.685
916.205
916.049
915.183
916.228
915.678
914.953
915.938
916.433
915.535
915.942
916.326
916.904
916.827
914.636
915.904
915.879
916.99
915.756
916.674
915.462
914.91
916.339
915.82
915.367
915.782
916.405
915.831
916.635
915.196
915.043
915.993
915.497
916.023
915.235
916.19
916.533
916.591
916.535
915.303
915.681
915.94
915.959
916.862
915.986
915.391
915.326
916.489
915.773
915.521
916.277
915.315
916.536
915.141
915.008
915.642
915.612
915.777
915.963
915.299
915.367
915.715
916.165
916.28
916.289
915.157
916.546
916.146
915.578
915.79
915.402
915.593
917.092
916.016
915.379
916.155
914.691
916.38
915.352
915.61
915.865
916.44
916.288
915.979
915.667
915.982
915.881
915.928
916.141
915.118
915.974
915.448
915.474
915.81
915.472
915.456
916.258
916.324
915.753
916.567
916.119
914.993
915.834
914.767
916.412
916.712
916.021
915.866
915.525
915.389
914.596
915.666
916.01
916.322
915.581
915.372
914.379
915.776
916.385
915.152
916.063
915.941
915.423
916.334
916.593
915.758
916.796
916.714
915.861
916.285
915.799
915.665
916.146
915.581
917.223
916.023
916.926
914.691
915.999
916.397
916.252
915.629
915.748
916.135
915.627
916.048
915.259
917.001
915.535
915.481
915.964
915.669
916.549
916.617
916.312
915.881
915.527
916.1
915.65
916.388
915.834
914.38
916.417
916.022
916.109
915.593
916.128
916.238
915.265
915.885
915.609
915.478
915.422
916.457
916.143
915.78
916.258
916.096
915.691
915.776
916.431
916.199
915.827
916.01
915.087
915.561
915.004
915.159
915.322
916.763
916.144
916.015
915.208
915.925
915.584
914.59
915.183
915.48
916.314
916.267
916.374
915.292
916.3
916.765
916.204
915.601
915.782
915.828
916.426
917.493
916.959
915.691
915.683
915.531
916.1
915.344
915.484
915.623
915.82
915.556
916.722
915.696
915.868
914.901
915.161
915.529
915.738
915.767
915.174
914.999
915.675
915.457
916.117
915.511
915.647
915.052
914.202
916.002
916.062
915.141
916.067
915.952
916.079
915.653
915.041
914.246
915.475
915.379
915.348
916.095
916.521
915.979
914.867
915.87
916.137
914.419
914.484
915.47
916.333
916.825
916.251
915.683
915.43
915.712
915.866
914.621
916.957
915.485
915.518
916.542
916.699
916.861
916.28
915.401
915.3
915.758
915.673
915.66
915.932
915.051
915.326
914.863
915.276
916.034
915.023
915.366
916.705
914.671
915.693
915.31
916.063
915.422
916.081
915.948
915.406
915.282
915.024
916.179
915.684
915.247
915.096
914.901
915.239
915.141
916.468
916.585
916.335
916.365
915.397
915.705
914.683
915.082
915.052
914.376
915.913
915.073
915.252
916.024
915.749
915.92
916.974
916.435
915.464
915.536
915.711
916.242
915.669
915.341
914.381
915.528
915.472
914.985
916.219
916.21
916.504
916.219
915.233
915.519
915.388
915.812
914.668
915.514
915.554
914.975
915.945
914.782
915.919
915.111
915.489
915.366
915.246
915.831
915.996
916.02
915.515
915.593
916.425
916.282
915.687
915.258
914.799
916.006
915.73
916.843
915.569
915.283
916.266
916.267
915.764
916.106
915.779
915.17
914.793
914.554
915.347
915.103
915.611
915.851
915.688
914.509
914.546
915.466
915.316
915.453
915.342
915.247
916.088
916.528
916.289
915.672
916.021
916.333
916.018
915.118
914.797
915.514
914.958
915.965
914.705
914.375
915.089
914.606
914.608
915.65
915.108
915.65
914.351
