33.4964
43.2528
44.4106
44.3076
44.5623
44.6747
44.4725
44.5198
44.7746
44.7609
44.4312
44.2841
44.5557
44.5683
44.5104
44.7366
44.5667
44.6103
44.615
44.4683
44.5218
44.4922
44.4544
44.2847
44.0991
44.1001
44.0514
44.0808
44.1211
43.8374
44.1632
43.9418
43.725
43.6825
43.6513
43.7409
43.637
43.532
43.3255
43.5322
43.3128
43.3967
43.3611
43.4639
43.1756
43.2208
43.204
43.2284
43.1683
43.0584
42.9134
42.9897
43.0954
42.7637
42.9976
42.9833
42.7123
42.8592
42.8058
42.7486
42.8177
42.7276
42.7033
42.879
42.5379
42.6348
42.5788
42.2857
42.4951
42.7523
42.5367
42.6938
42.6671
42.4171
42.6523
42.7979
42.7889
42.5559
42.5885
42.8508
