39.9512
38.1732
38.4923
37.9148
37.4266
37.194
37.471
37.5746
36.9945
36.3243
36.4325
35.8899
34.7905
34.3735
34.9622
34.2758
33.9218
33.1472
33.0055
32.6768
32.4146
32.5184
32.1582
31.9162
32.094
32.3144
31.8149
31.6535
31.6497
31.6504
31.5171
31.3328
31.2784
31.4365
31.0465
30.995
31.0835
31.1722
31.2298
31.032
31.0976
30.9628
31.0272
31.1503
31.0693
30.9539
31.0824
30.8995
30.6863
30.8486
30.8869
30.6619
30.9251
30.775
30.5465
30.6918
30.7176
30.8437
30.6454
30.988
30.7396
30.7109
30.6296
30.7322
30.5739
30.5884
30.5843
30.5676
30.7617
30.7958
30.5038
30.7065
30.6658
30.469
30.516
30.7155
30.5703
30.6312
30.7353
30.5244
30.6231
30.5149
30.6415
30.5487
30.7488
30.6158
30.6545
30.3763
30.5128
30.413
30.7288
30.5796
30.6195
30.6765
30.4732
30.6081
30.5453
30.6448
30.6756
30.6398
30.7027
30.5856
30.6243
30.4727
30.4564
30.3669
30.5881
30.3628
30.5752
30.5314
30.4761
30.5056
30.5749
30.4777
30.4143
30.4483
30.4839
30.5659
30.4654
30.4125
30.3472
30.4475
30.3935
30.4528
30.584
30.3972
30.4826
30.4881
30.4832
30.4313
30.3323
30.3351
30.4769
30.4298
30.3653
30.373
30.3421
30.4061
30.4193
30.4056
30.5079
30.3745
30.3449
30.4441
30.6088
30.4065
30.4489
30.3436
30.446
30.3321
30.4491
30.4762
30.4081
30.4569
30.503
30.3754
30.4675
30.4125
30.3608
30.4137
30.4709
30.3603
30.524
30.459
30.3415
30.3803
30.3982
30.3973
30.3696
30.3783
30.3678
30.3894
