13.2157
13.2208
13.2293
13.2232
13.2151
13.1875
13.2029
13.1941
13.1842
13.1625
13.1492
13.1436
13.1264
13.1371
13.1265
13.1434
13.1189
13.0721
13.0734
13.0334
13.0518
13.0366
13.0401
13.0245
13.001
13.0077
12.9891
12.9602
12.9567
12.9478
12.9528
12.9687
12.9548
12.9479
12.9355
12.9151
12.9026
12.9008
12.8875
12.8988
12.8666
12.8809
12.8665
12.8555
12.8482
12.8606
12.8401
12.8286
12.8009
12.812
12.8087
12.8204
12.7843
12.7958
12.775
12.7744
12.7673
12.7733
12.7674
12.7697
12.7615
12.7488
12.7348
12.7367
12.725
12.714
12.7047
12.7071
12.6817
12.6857
12.6691
12.6579
12.6772
12.6674
12.6582
12.6436
12.6546
12.6651
12.6528
12.6351
12.6391
12.6213
12.6164
12.6142
12.615
12.5946
12.6053
12.6068
12.5825
12.5971
12.5669
12.5789
12.5763
12.5679
12.5619
12.5561
12.5531
12.5567
12.5478
12.5417
12.5362
12.549
12.5392
12.5469
12.5234
12.5351
12.5205
12.5165
12.5187
12.5128
12.507
12.504
12.5035
12.4888
12.4918
12.4931
12.4947
12.4869
12.4811
12.4697
12.4821
12.4853
12.4827
12.4879
12.4754
12.4734
12.4602
12.4551
12.4544
12.4753
12.4531
12.4611
12.4462
12.4606
12.4497
12.4439
12.4313
12.4408
12.4447
12.4361
12.4299
12.4317
12.419
12.4282
12.4216
12.4304
12.4157
12.4116
12.4065
12.4168
12.4148
12.419
12.408
12.4182
12.3976
12.4062
12.4073
12.4011
12.3989
12.4116
12.4102
12.3963
12.4089
12.3997
12.3969
12.4048
12.3924
12.3893
12.3891
12.4076
12.3961
12.387
12.3883
12.3952
12.3922
12.3879
12.3896
12.3951
12.3772
12.3816
12.384
12.3892
12.377
12.3778
12.3807
12.3737
12.3852
12.3801
12.3778
12.3767
12.3733
12.369
12.3789
12.3749
12.3738
12.3794
12.3804
12.3831
12.3765
12.3738
12.3643
12.3736
12.3736
12.3735
12.3704
12.366
12.3717
12.3646
12.373
12.3675
12.3653
12.3567
12.3668
12.364
12.3708
12.3754
12.36
12.3644
12.3612
12.3567
12.3587
12.3639
12.3654
12.3572
12.3721
12.365
12.3651
12.3604
12.3533
12.3692
12.3613
12.3646
12.3553
12.3558
12.3516
12.3515
12.36
12.354
12.3639
12.3534
12.3498
12.3592
12.3599
12.3521
12.3501
12.3618
12.3606
12.3415
12.3512
12.3526
12.363
12.3611
12.3475
12.3519
12.3592
12.3528
12.3489
12.3515
12.3541
12.3601
12.3476
12.3539
12.3488
12.3611
12.3541
12.3564
12.3537
12.3546
12.3593
12.3478
12.3644
12.3607
12.3506
12.3473
12.3516
12.3499
12.3462
12.3527
12.3508
12.3568
12.358
12.3541
12.3548
12.3612
12.3582
12.3429
12.3605
12.3475
12.355
12.3573
12.3521
12.356
12.3538
12.3529
12.3469
12.3629
12.3443
12.3541
12.3544
12.3573
12.3544
12.3525
12.3515
12.3556
12.3561
12.3468
12.3516
12.3525
12.3366
12.3564
12.3589
12.3584
12.3521
12.3477
12.3509
12.3531
12.3451
12.3448
12.3501
12.348
12.3544
12.346
12.3611
12.3488
12.3621
12.3535
12.3645
12.351
12.3552
12.341
12.3526
12.3556
12.3542
12.3541
12.3405
12.3544
12.3487
12.3561
12.3569
12.3497
12.3539
12.3528
12.3551
12.3566
12.3552
12.3486
12.3509
12.3611
12.3519
12.3499
12.3517
12.349
12.3725
12.3516
12.3516
12.3506
12.3409
12.3546
12.3562
12.3546
12.3532
12.355
12.3553
12.3578
12.3499
12.351
12.3598
12.3559
12.3585
12.3622
12.3488
12.3439
12.3543
12.3449
12.353
12.3556
12.3604
12.3482
12.3506
12.3495
12.3516
12.3575
12.3496
12.3454
12.3564
12.351
12.3522
12.3496
12.3521
12.3488
12.342
12.3525
12.3467
12.3545
12.3511
12.3523
12.3509
12.355
12.3552
12.3537
12.3427
12.3526
12.3528
12.3603
12.3519
12.3511
12.3475
12.3447
12.3447
12.3521
12.35
12.3439
12.3486
12.3472
12.3559
12.3473
12.3531
12.3517
12.3487
12.3512
12.3496
12.3579
12.3509
12.3544
12.3513
12.3483
12.3543
12.3476
12.3552
12.3531
12.3541
12.3532
12.3541
12.3439
12.3514
12.3496
12.3581
12.3513
12.3505
12.3511
12.3532
12.3493
12.349
12.349
12.3458
12.3452
12.3622
12.3441
12.3605
12.3529
12.3524
12.3549
12.352
12.3495
12.3453
12.3544
12.3455
12.3477
12.354
12.3455
12.3586
12.3508
12.351
12.3558
12.3615
12.3506
12.3469
12.3477
12.3535
12.3472
12.349
12.35
12.354
12.3482
12.3548
12.3456
12.3571
12.3512
12.353
12.3549
12.3484
12.3506
12.3565
12.3485
12.3558
12.3504
12.3526
12.3556
12.3453
12.3556
12.3556
12.3568
12.3409
12.3541
12.3479
12.347
12.3441
12.3485
12.3574
12.3534
