21.0361
20.8623
20.7879
20.7083
20.7211
20.6788
20.7152
20.6721
20.6407
20.6268
20.5878
20.605
20.5661
20.5404
20.5419
20.5189
20.509
20.5109
20.5105
20.4842
20.4894
20.486
20.4849
20.4822
20.4853
20.4486
20.4768
20.4385
20.4203
20.4582
20.4323
20.4354
20.4179
20.4251
20.4246
20.4198
20.4149
20.4036
20.3921
20.3937
20.3848
20.3927
20.3985
20.3936
20.3901
20.376
20.3915
20.3774
20.3781
20.3799
20.3676
20.3759
20.36
20.3754
20.3803
20.3539
20.3556
20.3531
20.3641
20.3507
20.3409
20.333
20.3415
20.342
20.351
20.3438
20.3567
20.3248
20.3376
20.3378
20.3332
20.3222
20.3277
20.3326
20.338
20.3206
20.3273
20.3246
20.3216
20.3333
20.3281
20.3198
20.3185
20.3099
20.3293
20.3046
20.2971
20.2984
20.3064
20.3249
20.3018
20.298
20.2812
20.3143
20.2965
20.2985
20.2997
20.3286
20.2773
20.3184
