4.35713
4.36789
4.36565
4.26184
4.12399
4.04953
3.94004
3.89875
3.79623
3.74974
3.7192
3.71418
3.71691
3.69824
3.69976
3.7019
3.71279
3.70612
3.70028
3.69136
3.69221
3.68659
3.69026
3.69844
3.69464
3.68903
3.68401
3.6813
3.68128
3.67648
3.67433
3.68311
3.67464
3.67966
3.65751
3.66997
3.65071
3.65095
3.64908
3.64279
3.64284
3.65002
3.64531
3.63543
3.63096
3.62835
3.62719
3.62163
3.62404
3.6146
3.61466
3.60978
3.60686
3.61388
3.61918
3.60469
3.60498
3.60144
3.59911
3.59762
3.59887
3.59913
3.59886
3.61634
3.65168
4.14018
4.13969
3.97288
3.8974
3.85112
3.79294
3.79974
3.79754
3.75673
3.74524
3.74889
3.74618
3.74675
3.7429
3.75591
3.7551
3.74074
3.75745
3.73953
3.74594
3.743
3.74419
3.74164
3.74544
3.74356
3.73558
3.74156
3.74732
3.73417
3.73549
3.73879
3.72721
3.7334
3.72792
3.7193
3.73043
3.72595
3.72804
3.72591
3.72084
3.72464
3.72848
3.72539
3.72909
3.72481
3.72425
3.71721
3.71902
3.72437
3.72642
3.72204
3.72509
3.71978
3.71828
3.71462
3.70704
3.70918
3.70302
3.71414
3.70853
3.69362
3.6981
3.69613
3.69893
3.69546
3.68867
3.69107
3.69703
3.68016
3.68203
3.67595
3.67438
3.67291
3.66409
3.66974
3.66946
3.66784
3.66575
3.65703
3.65422
3.64851
3.64387
3.64289
3.64321
3.63732
3.63204
3.63162
3.63875
3.62704
3.62945
3.62101
3.62291
3.62227
3.61003
3.62036
3.61119
3.60584
3.60815
3.60584
3.60501
3.59968
3.59217
3.59349
3.59106
3.60864
3.61364
3.60942
3.61052
3.59901
3.59539
3.59903
3.59263
3.58841
3.58882
3.58698
3.58868
3.58898
3.59329
3.58669
3.58269
3.58811
3.59546
3.58175
3.58218
3.58853
3.5887
3.58711
3.58727
3.60045
3.58106
3.58025
3.58174
3.58597
3.59883
3.57709
