0.537305
0.54051
0.540204
0.539931
0.539199
0.535445
0.537839
0.538211
0.537382
0.535471
0.535279
0.536082
0.535544
0.534971
0.536779
0.535077
0.533509
0.534444
0.534259
0.531953
0.53281
0.532859
0.532335
0.529196
0.531278
0.530728
0.530009
0.531251
0.527192
0.53099
0.528244
0.530763
0.529554
0.529075
0.526626
0.528804
0.527915
0.528869
0.527484
0.527913
0.526319
0.526682
0.527694
0.528791
0.527869
0.526311
0.527229
0.527876
0.525611
0.525997
0.526787
0.525081
0.526614
0.525487
0.526155
0.52685
0.52437
0.524532
0.525944
0.525094
0.524126
0.525034
0.524263
0.526079
0.526106
0.523657
0.524808
0.524769
0.525228
0.523464
0.521752
0.524601
0.522777
0.524408
0.523972
0.524389
0.525294
0.521692
0.523505
0.524406
0.524355
0.523479
0.523031
0.522879
0.522684
0.524163
0.5218
0.524378
0.522616
0.523087
0.522474
0.523637
0.523289
0.52415
0.52345
0.523737
0.524254
0.523641
0.522551
0.522202
0.521579
0.52317
0.523238
0.522235
0.523959
0.522114
0.521584
0.523789
0.52162
0.521479
0.523967
0.524345
0.523246
0.523762
0.523208
0.524806
0.523374
0.522278
0.521969
0.52189
0.52503
0.523161
0.522825
0.524037
0.522577
0.522526
0.524918
0.523238
0.523109
0.524131
0.522243
0.521654
0.523503
0.522282
0.522922
0.522544
0.522894
0.522308
0.521617
0.52226
0.521545
0.523308
0.521597
0.522008
0.522203
0.520416
0.520495
0.522661
0.521965
0.521662
0.5228
0.522147
0.521341
0.521391
0.522386
0.523096
0.521715
0.522691
0.521405
0.523729
0.522385
0.521594
0.521779
0.523868
0.522793
0.522287
0.521743
0.521532
0.524046
0.520345
0.522716
0.523144
0.521828
0.523998
0.522617
0.522876
0.519011
0.522923
0.524017
0.520727
0.522797
0.520741
0.520965
0.521026
0.521939
0.523406
0.522653
0.522054
0.524086
0.522227
0.523429
0.521431
0.521839
0.522986
0.522153
0.522219
0.521565
0.521613
0.521432
0.522791
