3.34408
3.26402
3.20669
3.17131
3.14345
3.12168
3.1042
3.09502
3.08129
3.06935
3.05854
3.05075
3.04696
3.0405
3.03607
3.03236
3.02738
3.02373
3.02565
3.01761
3.01931
3.0172
3.01554
3.01494
3.013
3.01102
3.0094
3.00847
3.00834
3.00652
3.0063
3.00705
3.00448
3.0049
3.00381
3.00362
3.00392
3.00343
3.00302
3.00225
3.00258
3.00226
3.00238
3.00156
3.0016
3.00162
3.00128
3.00096
3.00098
3.00037
3.00069
2.99985
3.00054
3.00058
2.99989
2.99963
3.00022
2.99988
3.00051
2.99993
3.00053
3.00054
3.00012
3.00045
3.00003
2.99997
3.00006
2.99998
3.00022
3.00017
2.99936
3.00003
2.99985
2.99979
2.99962
3.00009
2.99971
2.99996
3.00002
2.99985
2.99995
3.00009
3.00003
2.99966
3.00059
2.99964
2.99997
3.0001
2.99975
2.99979
3.00012
3.00015
2.99944
3.00035
3.00011
3.00002
2.99994
3.00001
2.99975
3.00006
3.00012
3.00009
2.99955
2.99981
2.99947
2.99956
2.99964
2.99934
3.00018
2.99998
2.99973
2.99989
3.00002
2.99962
2.99963
2.99975
2.99995
3.00026
2.99988
3.00045
3.00001
2.9998
2.99968
3.00062
2.99961
2.99982
2.99952
3.00003
2.99983
2.99944
2.9999
2.99978
2.99957
2.99953
2.99921
2.99989
3.00003
2.99986
2.99982
2.99981
2.99968
2.99986
2.99973
2.99977
2.99948
2.99948
2.99951
2.99995
2.99975
2.99989
2.99971
2.99975
2.99987
2.99995
2.99968
3.00001
2.99992
2.99982
2.9996
2.99981
2.99927
2.99978
2.99973
2.99975
2.99984
2.99924
2.9996
2.9996
2.99962
2.99951
2.99938
2.99992
2.9998
2.99988
2.99967
2.99999
2.99933
3.00008
2.99951
2.99959
2.99916
3.00003
2.99997
3.00004
2.99968
2.99995
2.99935
2.99952
2.99967
2.99974
2.99991
2.99981
2.99982
2.99978
2.99986
2.99981
2.99999
2.99974
3.00001
2.99957
