3.74608
3.74663
3.74468
3.7533
3.74439
3.74766
3.74485
3.746
3.74481
3.745
3.74446
3.74447
3.74429
3.74439
3.74374
3.74401
3.74368
3.743
3.74314
3.74266
3.74213
3.74226
3.74254
3.74225
3.74167
3.74104
3.74156
3.74069
3.74039
3.73992
3.73939
3.73962
3.73945
3.73914
3.73887
3.73831
3.73841
3.73799
3.73722
3.73696
3.73674
3.7367
3.73683
3.73677
3.73595
3.73567
3.73523
3.73519
3.73491
3.73442
3.73406
3.73424
3.73399
3.73374
3.7333
3.73334
3.73295
3.7326
3.73234
3.73227
3.73218
3.73211
3.73211
3.73182
3.73176
3.73147
3.73149
3.73118
3.7312
3.73095
3.73089
3.73099
3.73088
3.73084
3.73083
3.73066
3.73059
3.73055
3.73051
3.73047
3.73046
3.73046
3.73045
3.73035
3.7304
3.7303
3.73032
3.73027
3.73026
3.73022
3.73027
3.73029
3.73027
3.7302
3.73019
3.73027
3.73016
3.73019
3.7302
3.73019
3.73019
3.73017
3.73025
3.73016
3.73017
3.73016
3.73012
3.73018
3.73016
3.73017
3.73014
3.73013
3.73015
3.73017
3.73016
3.7301
3.73012
3.73014
3.73008
3.73016
3.73012
3.73017
