1.32599
1.30416
1.31645
1.29808
1.31229
1.31698
1.30696
1.28968
1.30413
1.2975
1.3009
1.32037
1.32056
1.29693
1.27734
1.29344
1.31481
1.30263
1.30196
1.27543
1.30568
1.2926
1.31663
1.29318
1.30347
1.30008
1.30954
1.29234
1.29404
1.30547
1.29783
1.29746
1.30251
1.30772
1.2942
1.29559
1.30636
1.29345
1.29299
1.30354
1.29713
1.28891
1.29076
1.31735
1.28748
1.30163
1.29377
1.29119
1.29902
1.28837
1.28965
1.30916
1.30336
1.31209
1.29884
1.27482
1.27812
1.29835
1.27972
1.29764
1.30662
1.27034
1.33092
1.30049
1.29256
1.29512
1.28063
1.28382
1.2879
1.31223
1.32228
1.30057
1.30882
1.28527
1.29221
1.30794
1.29323
1.29464
1.2908
1.28629
1.29307
1.2859
1.29402
1.29739
1.30488
1.28424
1.29702
1.30139
1.28945
1.29328
1.29028
1.28747
1.29069
1.29424
1.30409
1.29484
1.2951
1.29825
1.27606
1.30272
